   1      0.000000E+00    0.0000000E+00    0.0000000E+00
   2      0.000000E+00    0.1260000E+00    0.0000000E+00
   3      0.000000E+00    0.2500000E+00    0.0000000E+00
   4      0.000000E+00    0.3550000E+00    0.0000000E+00
   5      0.000000E+00    0.5000000E+00    0.0000000E+00
   6      0.000000E+00    0.6050000E+00    0.0000000E+00
   7      0.000000E+00    0.7500000E+00    0.0000000E+00
   8      0.000000E+00    0.8750000E+00    0.0000000E+00
   9      0.000000E+00    0.1000000E+01    0.0000000E+00
  10      0.000000E+00    0.1125000E+01    0.0000000E+00
  11      0.000000E+00    0.1250000E+01    0.0000000E+00
  12      0.000000E+00    0.1375000E+01    0.0000000E+00
  13      0.000000E+00    0.1500000E+01    0.0000000E+00
  14      0.000000E+00    0.1625000E+01    0.0000000E+00
  15      0.000000E+00    0.1750000E+01    0.0000000E+00
  16      0.000000E+00    0.1875000E+01    0.0000000E+00
  17      0.000000E+00    0.2000000E+01    0.0000000E+00
  18      0.000000E+00    0.2125000E+01    0.0000000E+00
  19      0.000000E+00    0.2250000E+01    0.0000000E+00
  20      0.000000E+00    0.2375000E+01    0.0000000E+00
  21      0.000000E+00    0.2500000E+01    0.0000000E+00
  22      0.000000E+00    0.2625000E+01    0.0000000E+00
  23      0.000000E+00    0.2750000E+01    0.0000000E+00
  24      0.000000E+00    0.2875000E+01    0.0000000E+00
  25      0.000000E+00    0.3000000E+01    0.0000000E+00
  26      0.000000E+00    0.3125000E+01    0.0000000E+00
  27      0.000000E+00    0.3250000E+01    0.0000000E+00
  28      0.000000E+00    0.3375000E+01    0.0000000E+00
  29      0.000000E+00    0.3500000E+01    0.0000000E+00
  30      0.000000E+00    0.3625000E+01    0.0000000E+00
  31      0.000000E+00    0.3750000E+01    0.0000000E+00
  32      0.000000E+00    0.3875000E+01    0.0000000E+00
  33      0.000000E+00    0.4000000E+01    0.0000000E+00
  34      0.000000E+00    0.4125000E+01    0.0000000E+00
  35      0.000000E+00    0.4250000E+01    0.0000000E+00
  36      0.000000E+00    0.4375000E+01    0.0000000E+00
  37      0.000000E+00    0.4500000E+01    0.0000000E+00
  38      0.000000E+00    0.4625000E+01    0.0000000E+00
  39      0.000000E+00    0.4750000E+01    0.0000000E+00
  40      0.000000E+00    0.4875000E+01    0.0000000E+00
  41      0.000000E+00    0.5000000E+01    0.0000000E+00
  42      0.250000E+00    0.0000000E+00    0.1539606E-05
  43      0.250000E+00    0.1250000E+00    0.1556872E-05
  44      0.250000E+00    0.2500000E+00    0.1598162E-05
  45      0.250000E+00    0.3750000E+00    0.1648961E-05
  46      0.250000E+00    0.5000000E+00    0.1702550E-05
  47      0.250000E+00    0.6250000E+00    0.1755425E-05
  48      0.250000E+00    0.7500000E+00    0.1806122E-05
  49      0.250000E+00    0.8750000E+00    0.1853783E-05
  50      0.250000E+00    0.1000000E+01    0.1898082E-05
  51      0.250000E+00    0.1125000E+01    0.1938828E-05
  52      0.250000E+00    0.1250000E+01    0.1975972E-05
  53      0.250000E+00    0.1375000E+01    0.2009496E-05
  54      0.250000E+00    0.1500000E+01    0.2039413E-05
  55      0.250000E+00    0.1625000E+01    0.2065744E-05
  56      0.250000E+00    0.1750000E+01    0.2088511E-05
  57      0.250000E+00    0.1875000E+01    0.2107737E-05
  58      0.250000E+00    0.2000000E+01    0.2123440E-05
  59      0.250000E+00    0.2125000E+01    0.2135634E-05
  60      0.250000E+00    0.2250000E+01    0.2144333E-05
  61      0.250000E+00    0.2375000E+01    0.2149544E-05
  62      0.250000E+00    0.2500000E+01    0.2151272E-05
  63      0.250000E+00    0.2625000E+01    0.2149520E-05
  64      0.250000E+00    0.2750000E+01    0.2144284E-05
  65      0.250000E+00    0.2875000E+01    0.2135561E-05
  66      0.250000E+00    0.3000000E+01    0.2123342E-05
  67      0.250000E+00    0.3125000E+01    0.2107615E-05
  68      0.250000E+00    0.3250000E+01    0.2088365E-05
  69      0.250000E+00    0.3375000E+01    0.2065574E-05
  70      0.250000E+00    0.3500000E+01    0.2039220E-05
  71      0.250000E+00    0.3625000E+01    0.2009279E-05
  72      0.250000E+00    0.3750000E+01    0.1975733E-05
  73      0.250000E+00    0.3875000E+01    0.1938567E-05
  74      0.250000E+00    0.4000000E+01    0.1897799E-05
  75      0.250000E+00    0.4125000E+01    0.1853480E-05
  76      0.250000E+00    0.4250000E+01    0.1805798E-05
  77      0.250000E+00    0.4375000E+01    0.1755083E-05
  78      0.250000E+00    0.4500000E+01    0.1702191E-05
  79      0.250000E+00    0.4625000E+01    0.1648588E-05
  80      0.250000E+00    0.4750000E+01    0.1597776E-05
  81      0.250000E+00    0.4875000E+01    0.1556476E-05
  82      0.250000E+00    0.5000000E+01    0.1539199E-05
  83      0.500000E+00    0.0000000E+00    0.4410707E-05
  84      0.500000E+00    0.1250000E+00    0.4403113E-05
  85      0.500000E+00    0.2500000E+00    0.4403783E-05
  86      0.500000E+00    0.3750000E+00    0.4430918E-05
  87      0.500000E+00    0.5000000E+00    0.4474399E-05
  88      0.500000E+00    0.6250000E+00    0.4527429E-05
  89      0.500000E+00    0.7500000E+00    0.4585355E-05
  90      0.500000E+00    0.8750000E+00    0.4644614E-05
  91      0.500000E+00    0.1000000E+01    0.4703189E-05
  92      0.500000E+00    0.1125000E+01    0.4759508E-05
  93      0.500000E+00    0.1250000E+01    0.4812648E-05
  94      0.500000E+00    0.1375000E+01    0.4861879E-05
  95      0.500000E+00    0.1500000E+01    0.4906743E-05
  96      0.500000E+00    0.1625000E+01    0.4946874E-05
  97      0.500000E+00    0.1750000E+01    0.4982031E-05
  98      0.500000E+00    0.1875000E+01    0.5012020E-05
  99      0.500000E+00    0.2000000E+01    0.5036710E-05
 100      0.500000E+00    0.2125000E+01    0.5055998E-05
 101      0.500000E+00    0.2250000E+01    0.5069816E-05
 102      0.500000E+00    0.2375000E+01    0.5078114E-05
 103      0.500000E+00    0.2500000E+01    0.5080868E-05
 104      0.500000E+00    0.2625000E+01    0.5078067E-05
 105      0.500000E+00    0.2750000E+01    0.5069723E-05
 106      0.500000E+00    0.2875000E+01    0.5055858E-05
 107      0.500000E+00    0.3000000E+01    0.5036525E-05
 108      0.500000E+00    0.3125000E+01    0.5011788E-05
 109      0.500000E+00    0.3250000E+01    0.4981754E-05
 110      0.500000E+00    0.3375000E+01    0.4946552E-05
 111      0.500000E+00    0.3500000E+01    0.4906377E-05
 112      0.500000E+00    0.3625000E+01    0.4861468E-05
 113      0.500000E+00    0.3750000E+01    0.4812195E-05
 114      0.500000E+00    0.3875000E+01    0.4759013E-05
 115      0.500000E+00    0.4000000E+01    0.4702653E-05
 116      0.500000E+00    0.4125000E+01    0.4644039E-05
 117      0.500000E+00    0.4250000E+01    0.4584742E-05
 118      0.500000E+00    0.4375000E+01    0.4526780E-05
 119      0.500000E+00    0.4500000E+01    0.4473715E-05
 120      0.500000E+00    0.4625000E+01    0.4430201E-05
 121      0.500000E+00    0.4750000E+01    0.4403033E-05
 122      0.500000E+00    0.4875000E+01    0.4402328E-05
 123      0.500000E+00    0.5000000E+01    0.4409893E-05
 124      0.750000E+00    0.0000000E+00    0.8135676E-05
 125      0.750000E+00    0.1250000E+00    0.8139570E-05
 126      0.750000E+00    0.2500000E+00    0.8149653E-05
 127      0.750000E+00    0.3750000E+00    0.8167916E-05
 128      0.750000E+00    0.5000000E+00    0.8197687E-05
 129      0.750000E+00    0.6250000E+00    0.8237777E-05
 130      0.750000E+00    0.7500000E+00    0.8285456E-05
 131      0.750000E+00    0.8750000E+00    0.8337973E-05
 132      0.750000E+00    0.1000000E+01    0.8392940E-05
 133      0.750000E+00    0.1125000E+01    0.8448276E-05
 134      0.750000E+00    0.1250000E+01    0.8502425E-05
 135      0.750000E+00    0.1375000E+01    0.8554064E-05
 136      0.750000E+00    0.1500000E+01    0.8602236E-05
 137      0.750000E+00    0.1625000E+01    0.8646130E-05
 138      0.750000E+00    0.1750000E+01    0.8685167E-05
 139      0.750000E+00    0.1875000E+01    0.8718856E-05
 140      0.750000E+00    0.2000000E+01    0.8746854E-05
 141      0.750000E+00    0.2125000E+01    0.8768874E-05
 142      0.750000E+00    0.2250000E+01    0.8784732E-05
 143      0.750000E+00    0.2375000E+01    0.8794281E-05
 144      0.750000E+00    0.2500000E+01    0.8797454E-05
 145      0.750000E+00    0.2625000E+01    0.8794215E-05
 146      0.750000E+00    0.2750000E+01    0.8784599E-05
 147      0.750000E+00    0.2875000E+01    0.8768675E-05
 148      0.750000E+00    0.3000000E+01    0.8746588E-05
 149      0.750000E+00    0.3125000E+01    0.8718525E-05
 150      0.750000E+00    0.3250000E+01    0.8684771E-05
 151      0.750000E+00    0.3375000E+01    0.8645670E-05
 152      0.750000E+00    0.3500000E+01    0.8601713E-05
 153      0.750000E+00    0.3625000E+01    0.8553479E-05
 154      0.750000E+00    0.3750000E+01    0.8501779E-05
 155      0.750000E+00    0.3875000E+01    0.8447569E-05
 156      0.750000E+00    0.4000000E+01    0.8392175E-05
 157      0.750000E+00    0.4125000E+01    0.8337151E-05
 158      0.750000E+00    0.4250000E+01    0.8284579E-05
 159      0.750000E+00    0.4375000E+01    0.8236847E-05
 160      0.750000E+00    0.4500000E+01    0.8196705E-05
 161      0.750000E+00    0.4625000E+01    0.8166885E-05
 162      0.750000E+00    0.4750000E+01    0.8148574E-05
 163      0.750000E+00    0.4875000E+01    0.8138448E-05
 164      0.750000E+00    0.5000000E+01    0.8134517E-05
 165      0.100000E+01    0.0000000E+00    0.1274037E-04
 166      0.100000E+01    0.1250000E+00    0.1273864E-04
 167      0.100000E+01    0.2500000E+00    0.1274172E-04
 168      0.100000E+01    0.3750000E+00    0.1275450E-04
 169      0.100000E+01    0.5000000E+00    0.1277470E-04
 170      0.100000E+01    0.6250000E+00    0.1280310E-04
 171      0.100000E+01    0.7500000E+00    0.1283860E-04
 172      0.100000E+01    0.8750000E+00    0.1287980E-04
 173      0.100000E+01    0.1000000E+01    0.1292488E-04
 174      0.100000E+01    0.1125000E+01    0.1297204E-04
 175      0.100000E+01    0.1250000E+01    0.1301968E-04
 176      0.100000E+01    0.1375000E+01    0.1306634E-04
 177      0.100000E+01    0.1500000E+01    0.1311083E-04
 178      0.100000E+01    0.1625000E+01    0.1315211E-04
 179      0.100000E+01    0.1750000E+01    0.1318936E-04
 180      0.100000E+01    0.1875000E+01    0.1322189E-04
 181      0.100000E+01    0.2000000E+01    0.1324918E-04
 182      0.100000E+01    0.2125000E+01    0.1327080E-04
 183      0.100000E+01    0.2250000E+01    0.1328645E-04
 184      0.100000E+01    0.2375000E+01    0.1329590E-04
 185      0.100000E+01    0.2500000E+01    0.1329904E-04
 186      0.100000E+01    0.2625000E+01    0.1329581E-04
 187      0.100000E+01    0.2750000E+01    0.1328628E-04
 188      0.100000E+01    0.2875000E+01    0.1327055E-04
 189      0.100000E+01    0.3000000E+01    0.1324885E-04
 190      0.100000E+01    0.3125000E+01    0.1322147E-04
 191      0.100000E+01    0.3250000E+01    0.1318886E-04
 192      0.100000E+01    0.3375000E+01    0.1315152E-04
 193      0.100000E+01    0.3500000E+01    0.1311017E-04
 194      0.100000E+01    0.3625000E+01    0.1306560E-04
 195      0.100000E+01    0.3750000E+01    0.1301886E-04
 196      0.100000E+01    0.3875000E+01    0.1297114E-04
 197      0.100000E+01    0.4000000E+01    0.1292390E-04
 198      0.100000E+01    0.4125000E+01    0.1287875E-04
 199      0.100000E+01    0.4250000E+01    0.1283748E-04
 200      0.100000E+01    0.4375000E+01    0.1280190E-04
 201      0.100000E+01    0.4500000E+01    0.1277344E-04
 202      0.100000E+01    0.4625000E+01    0.1275318E-04
 203      0.100000E+01    0.4750000E+01    0.1274034E-04
 204      0.100000E+01    0.4875000E+01    0.1273719E-04
 205      0.100000E+01    0.5000000E+01    0.1273887E-04
 206      0.125000E+01    0.0000000E+00    0.1812126E-04
 207      0.125000E+01    0.1250000E+00    0.1812223E-04
 208      0.125000E+01    0.2500000E+00    0.1812555E-04
 209      0.125000E+01    0.3750000E+00    0.1813326E-04
 210      0.125000E+01    0.5000000E+00    0.1814710E-04
 211      0.125000E+01    0.6250000E+00    0.1816713E-04
 212      0.125000E+01    0.7500000E+00    0.1819299E-04
 213      0.125000E+01    0.8750000E+00    0.1822390E-04
 214      0.125000E+01    0.1000000E+01    0.1825868E-04
 215      0.125000E+01    0.1125000E+01    0.1829607E-04
 216      0.125000E+01    0.1250000E+01    0.1833475E-04
 217      0.125000E+01    0.1375000E+01    0.1837345E-04
 218      0.125000E+01    0.1500000E+01    0.1841103E-04
 219      0.125000E+01    0.1625000E+01    0.1844645E-04
 220      0.125000E+01    0.1750000E+01    0.1847885E-04
 221      0.125000E+01    0.1875000E+01    0.1850745E-04
 222      0.125000E+01    0.2000000E+01    0.1853166E-04
 223      0.125000E+01    0.2125000E+01    0.1855096E-04
 224      0.125000E+01    0.2250000E+01    0.1856500E-04
 225      0.125000E+01    0.2375000E+01    0.1857350E-04
 226      0.125000E+01    0.2500000E+01    0.1857632E-04
 227      0.125000E+01    0.2625000E+01    0.1857340E-04
 228      0.125000E+01    0.2750000E+01    0.1856480E-04
 229      0.125000E+01    0.2875000E+01    0.1855065E-04
 230      0.125000E+01    0.3000000E+01    0.1853125E-04
 231      0.125000E+01    0.3125000E+01    0.1850695E-04
 232      0.125000E+01    0.3250000E+01    0.1847825E-04
 233      0.125000E+01    0.3375000E+01    0.1844575E-04
 234      0.125000E+01    0.3500000E+01    0.1841023E-04
 235      0.125000E+01    0.3625000E+01    0.1837255E-04
 236      0.125000E+01    0.3750000E+01    0.1833375E-04
 237      0.125000E+01    0.3875000E+01    0.1829498E-04
 238      0.125000E+01    0.4000000E+01    0.1825750E-04
 239      0.125000E+01    0.4125000E+01    0.1822263E-04
 240      0.125000E+01    0.4250000E+01    0.1819164E-04
 241      0.125000E+01    0.4375000E+01    0.1816569E-04
 242      0.125000E+01    0.4500000E+01    0.1814558E-04
 243      0.125000E+01    0.4625000E+01    0.1813166E-04
 244      0.125000E+01    0.4750000E+01    0.1812387E-04
 245      0.125000E+01    0.4875000E+01    0.1812047E-04
 246      0.125000E+01    0.5000000E+01    0.1811943E-04
 247      0.150000E+01    0.0000000E+00    0.2426243E-04
 248      0.150000E+01    0.1250000E+00    0.2426217E-04
 249      0.150000E+01    0.2500000E+00    0.2426402E-04
 250      0.150000E+01    0.3750000E+00    0.2426949E-04
 251      0.150000E+01    0.5000000E+00    0.2427868E-04
 252      0.150000E+01    0.6250000E+00    0.2429254E-04
 253      0.150000E+01    0.7500000E+00    0.2431082E-04
 254      0.150000E+01    0.8750000E+00    0.2433320E-04
 255      0.150000E+01    0.1000000E+01    0.2435895E-04
 256      0.150000E+01    0.1125000E+01    0.2438721E-04
 257      0.150000E+01    0.1250000E+01    0.2441700E-04
 258      0.150000E+01    0.1375000E+01    0.2444734E-04
 259      0.150000E+01    0.1500000E+01    0.2447727E-04
 260      0.150000E+01    0.1625000E+01    0.2450585E-04
 261      0.150000E+01    0.1750000E+01    0.2453230E-04
 262      0.150000E+01    0.1875000E+01    0.2455587E-04
 263      0.150000E+01    0.2000000E+01    0.2457598E-04
 264      0.150000E+01    0.2125000E+01    0.2459210E-04
 265      0.150000E+01    0.2250000E+01    0.2460389E-04
 266      0.150000E+01    0.2375000E+01    0.2461104E-04
 267      0.150000E+01    0.2500000E+01    0.2461341E-04
 268      0.150000E+01    0.2625000E+01    0.2461092E-04
 269      0.150000E+01    0.2750000E+01    0.2460365E-04
 270      0.150000E+01    0.2875000E+01    0.2459175E-04
 271      0.150000E+01    0.3000000E+01    0.2457551E-04
 272      0.150000E+01    0.3125000E+01    0.2455528E-04
 273      0.150000E+01    0.3250000E+01    0.2453160E-04
 274      0.150000E+01    0.3375000E+01    0.2450504E-04
 275      0.150000E+01    0.3500000E+01    0.2447634E-04
 276      0.150000E+01    0.3625000E+01    0.2444630E-04
 277      0.150000E+01    0.3750000E+01    0.2441585E-04
 278      0.150000E+01    0.3875000E+01    0.2438594E-04
 279      0.150000E+01    0.4000000E+01    0.2435758E-04
 280      0.150000E+01    0.4125000E+01    0.2433173E-04
 281      0.150000E+01    0.4250000E+01    0.2430924E-04
 282      0.150000E+01    0.4375000E+01    0.2429086E-04
 283      0.150000E+01    0.4500000E+01    0.2427690E-04
 284      0.150000E+01    0.4625000E+01    0.2426761E-04
 285      0.150000E+01    0.4750000E+01    0.2426205E-04
 286      0.150000E+01    0.4875000E+01    0.2426011E-04
 287      0.150000E+01    0.5000000E+01    0.2426029E-04
 288      0.175000E+01    0.0000000E+00    0.3112720E-04
 289      0.175000E+01    0.1250000E+00    0.3112746E-04
 290      0.175000E+01    0.2500000E+00    0.3112878E-04
 291      0.175000E+01    0.3750000E+00    0.3113222E-04
 292      0.175000E+01    0.5000000E+00    0.3113855E-04
 293      0.175000E+01    0.6250000E+00    0.3114808E-04
 294      0.175000E+01    0.7500000E+00    0.3116090E-04
 295      0.175000E+01    0.8750000E+00    0.3117685E-04
 296      0.175000E+01    0.1000000E+01    0.3119549E-04
 297      0.175000E+01    0.1125000E+01    0.3121626E-04
 298      0.175000E+01    0.1250000E+01    0.3123848E-04
 299      0.175000E+01    0.1375000E+01    0.3126140E-04
 300      0.175000E+01    0.1500000E+01    0.3128427E-04
 301      0.175000E+01    0.1625000E+01    0.3130635E-04
 302      0.175000E+01    0.1750000E+01    0.3132697E-04
 303      0.175000E+01    0.1875000E+01    0.3134550E-04
 304      0.175000E+01    0.2000000E+01    0.3136140E-04
 305      0.175000E+01    0.2125000E+01    0.3137422E-04
 306      0.175000E+01    0.2250000E+01    0.3138362E-04
 307      0.175000E+01    0.2375000E+01    0.3138933E-04
 308      0.175000E+01    0.2500000E+01    0.3139121E-04
 309      0.175000E+01    0.2625000E+01    0.3138920E-04
 310      0.175000E+01    0.2750000E+01    0.3138336E-04
 311      0.175000E+01    0.2875000E+01    0.3137382E-04
 312      0.175000E+01    0.3000000E+01    0.3136087E-04
 313      0.175000E+01    0.3125000E+01    0.3134483E-04
 314      0.175000E+01    0.3250000E+01    0.3132618E-04
 315      0.175000E+01    0.3375000E+01    0.3130543E-04
 316      0.175000E+01    0.3500000E+01    0.3128322E-04
 317      0.175000E+01    0.3625000E+01    0.3126022E-04
 318      0.175000E+01    0.3750000E+01    0.3123717E-04
 319      0.175000E+01    0.3875000E+01    0.3121483E-04
 320      0.175000E+01    0.4000000E+01    0.3119393E-04
 321      0.175000E+01    0.4125000E+01    0.3117517E-04
 322      0.175000E+01    0.4250000E+01    0.3115910E-04
 323      0.175000E+01    0.4375000E+01    0.3114616E-04
 324      0.175000E+01    0.4500000E+01    0.3113652E-04
 325      0.175000E+01    0.4625000E+01    0.3113008E-04
 326      0.175000E+01    0.4750000E+01    0.3112653E-04
 327      0.175000E+01    0.4875000E+01    0.3112510E-04
 328      0.175000E+01    0.5000000E+01    0.3112473E-04
 329      0.200000E+01    0.0000000E+00    0.3869537E-04
 330      0.200000E+01    0.1250000E+00    0.3869533E-04
 331      0.200000E+01    0.2500000E+00    0.3869617E-04
 332      0.200000E+01    0.3750000E+00    0.3869851E-04
 333      0.200000E+01    0.5000000E+00    0.3870270E-04
 334      0.200000E+01    0.6250000E+00    0.3870921E-04
 335      0.200000E+01    0.7500000E+00    0.3871803E-04
 336      0.200000E+01    0.8750000E+00    0.3872916E-04
 337      0.200000E+01    0.1000000E+01    0.3874233E-04
 338      0.200000E+01    0.1125000E+01    0.3875720E-04
 339      0.200000E+01    0.1250000E+01    0.3877327E-04
 340      0.200000E+01    0.1375000E+01    0.3879004E-04
 341      0.200000E+01    0.1500000E+01    0.3880694E-04
 342      0.200000E+01    0.1625000E+01    0.3882340E-04
 343      0.200000E+01    0.1750000E+01    0.3883889E-04
 344      0.200000E+01    0.1875000E+01    0.3885290E-04
 345      0.200000E+01    0.2000000E+01    0.3886499E-04
 346      0.200000E+01    0.2125000E+01    0.3887477E-04
 347      0.200000E+01    0.2250000E+01    0.3888197E-04
 348      0.200000E+01    0.2375000E+01    0.3888634E-04
 349      0.200000E+01    0.2500000E+01    0.3888777E-04
 350      0.200000E+01    0.2625000E+01    0.3888619E-04
 351      0.200000E+01    0.2750000E+01    0.3888167E-04
 352      0.200000E+01    0.2875000E+01    0.3887433E-04
 353      0.200000E+01    0.3000000E+01    0.3886440E-04
 354      0.200000E+01    0.3125000E+01    0.3885216E-04
 355      0.200000E+01    0.3250000E+01    0.3883801E-04
 356      0.200000E+01    0.3375000E+01    0.3882237E-04
 357      0.200000E+01    0.3500000E+01    0.3880576E-04
 358      0.200000E+01    0.3625000E+01    0.3878872E-04
 359      0.200000E+01    0.3750000E+01    0.3877181E-04
 360      0.200000E+01    0.3875000E+01    0.3875559E-04
 361      0.200000E+01    0.4000000E+01    0.3874059E-04
 362      0.200000E+01    0.4125000E+01    0.3872728E-04
 363      0.200000E+01    0.4250000E+01    0.3871601E-04
 364      0.200000E+01    0.4375000E+01    0.3870705E-04
 365      0.200000E+01    0.4500000E+01    0.3870041E-04
 366      0.200000E+01    0.4625000E+01    0.3869609E-04
 367      0.200000E+01    0.4750000E+01    0.3869362E-04
 368      0.200000E+01    0.4875000E+01    0.3869265E-04
 369      0.200000E+01    0.5000000E+01    0.3869257E-04
 370      0.225000E+01    0.0000000E+00    0.4694320E-04
 371      0.225000E+01    0.1250000E+00    0.4694324E-04
 372      0.225000E+01    0.2500000E+00    0.4694376E-04
 373      0.225000E+01    0.3750000E+00    0.4694524E-04
 374      0.225000E+01    0.5000000E+00    0.4694805E-04
 375      0.225000E+01    0.6250000E+00    0.4695240E-04
 376      0.225000E+01    0.7500000E+00    0.4695841E-04
 377      0.225000E+01    0.8750000E+00    0.4696607E-04
 378      0.225000E+01    0.1000000E+01    0.4697523E-04
 379      0.225000E+01    0.1125000E+01    0.4698567E-04
 380      0.225000E+01    0.1250000E+01    0.4699707E-04
 381      0.225000E+01    0.1375000E+01    0.4700905E-04
 382      0.225000E+01    0.1500000E+01    0.4702122E-04
 383      0.225000E+01    0.1625000E+01    0.4703316E-04
 384      0.225000E+01    0.1750000E+01    0.4704447E-04
 385      0.225000E+01    0.1875000E+01    0.4705474E-04
 386      0.225000E+01    0.2000000E+01    0.4706365E-04
 387      0.225000E+01    0.2125000E+01    0.4707088E-04
 388      0.225000E+01    0.2250000E+01    0.4707621E-04
 389      0.225000E+01    0.2375000E+01    0.4707944E-04
 390      0.225000E+01    0.2500000E+01    0.4708047E-04
 391      0.225000E+01    0.2625000E+01    0.4707927E-04
 392      0.225000E+01    0.2750000E+01    0.4707588E-04
 393      0.225000E+01    0.2875000E+01    0.4707039E-04
 394      0.225000E+01    0.3000000E+01    0.4706300E-04
 395      0.225000E+01    0.3125000E+01    0.4705393E-04
 396      0.225000E+01    0.3250000E+01    0.4704349E-04
 397      0.225000E+01    0.3375000E+01    0.4703203E-04
 398      0.225000E+01    0.3500000E+01    0.4701992E-04
 399      0.225000E+01    0.3625000E+01    0.4700759E-04
 400      0.225000E+01    0.3750000E+01    0.4699545E-04
 401      0.225000E+01    0.3875000E+01    0.4698390E-04
 402      0.225000E+01    0.4000000E+01    0.4697330E-04
 403      0.225000E+01    0.4125000E+01    0.4696398E-04
 404      0.225000E+01    0.4250000E+01    0.4695617E-04
 405      0.225000E+01    0.4375000E+01    0.4695000E-04
 406      0.225000E+01    0.4500000E+01    0.4694550E-04
 407      0.225000E+01    0.4625000E+01    0.4694254E-04
 408      0.225000E+01    0.4750000E+01    0.4694091E-04
 409      0.225000E+01    0.4875000E+01    0.4694024E-04
 410      0.225000E+01    0.5000000E+01    0.4694005E-04
 411      0.250000E+01    0.0000000E+00    0.5585046E-04
 412      0.250000E+01    0.1250000E+00    0.5585041E-04
 413      0.250000E+01    0.2500000E+00    0.5585072E-04
 414      0.250000E+01    0.3750000E+00    0.5585167E-04
 415      0.250000E+01    0.5000000E+00    0.5585348E-04
 416      0.250000E+01    0.6250000E+00    0.5585637E-04
 417      0.250000E+01    0.7500000E+00    0.5586038E-04
 418      0.250000E+01    0.8750000E+00    0.5586555E-04
 419      0.250000E+01    0.1000000E+01    0.5587178E-04
 420      0.250000E+01    0.1125000E+01    0.5587895E-04
 421      0.250000E+01    0.1250000E+01    0.5588683E-04
 422      0.250000E+01    0.1375000E+01    0.5589519E-04
 423      0.250000E+01    0.1500000E+01    0.5590373E-04
 424      0.250000E+01    0.1625000E+01    0.5591216E-04
 425      0.250000E+01    0.1750000E+01    0.5592019E-04
 426      0.250000E+01    0.1875000E+01    0.5592751E-04
 427      0.250000E+01    0.2000000E+01    0.5593388E-04
 428      0.250000E+01    0.2125000E+01    0.5593906E-04
 429      0.250000E+01    0.2250000E+01    0.5594288E-04
 430      0.250000E+01    0.2375000E+01    0.5594519E-04
 431      0.250000E+01    0.2500000E+01    0.5594591E-04
 432      0.250000E+01    0.2625000E+01    0.5594501E-04
 433      0.250000E+01    0.2750000E+01    0.5594252E-04
 434      0.250000E+01    0.2875000E+01    0.5593853E-04
 435      0.250000E+01    0.3000000E+01    0.5593317E-04
 436      0.250000E+01    0.3125000E+01    0.5592662E-04
 437      0.250000E+01    0.3250000E+01    0.5591912E-04
 438      0.250000E+01    0.3375000E+01    0.5591092E-04
 439      0.250000E+01    0.3500000E+01    0.5590231E-04
 440      0.250000E+01    0.3625000E+01    0.5589359E-04
 441      0.250000E+01    0.3750000E+01    0.5588506E-04
 442      0.250000E+01    0.3875000E+01    0.5587700E-04
 443      0.250000E+01    0.4000000E+01    0.5586966E-04
 444      0.250000E+01    0.4125000E+01    0.5586325E-04
 445      0.250000E+01    0.4250000E+01    0.5585791E-04
 446      0.250000E+01    0.4375000E+01    0.5585372E-04
 447      0.250000E+01    0.4500000E+01    0.5585067E-04
 448      0.250000E+01    0.4625000E+01    0.5584868E-04
 449      0.250000E+01    0.4750000E+01    0.5584756E-04
 450      0.250000E+01    0.4875000E+01    0.5584708E-04
 451      0.250000E+01    0.5000000E+01    0.5584696E-04
 452      0.275000E+01    0.0000000E+00    0.6539606E-04
 453      0.275000E+01    0.1250000E+00    0.6539600E-04
 454      0.275000E+01    0.2500000E+00    0.6539615E-04
 455      0.275000E+01    0.3750000E+00    0.6539672E-04
 456      0.275000E+01    0.5000000E+00    0.6539787E-04
 457      0.275000E+01    0.6250000E+00    0.6539972E-04
 458      0.275000E+01    0.7500000E+00    0.6540234E-04
 459      0.275000E+01    0.8750000E+00    0.6540576E-04
 460      0.275000E+01    0.1000000E+01    0.6540992E-04
 461      0.275000E+01    0.1125000E+01    0.6541475E-04
 462      0.275000E+01    0.1250000E+01    0.6542010E-04
 463      0.275000E+01    0.1375000E+01    0.6542581E-04
 464      0.275000E+01    0.1500000E+01    0.6543168E-04
 465      0.275000E+01    0.1625000E+01    0.6543751E-04
 466      0.275000E+01    0.1750000E+01    0.6544307E-04
 467      0.275000E+01    0.1875000E+01    0.6544817E-04
 468      0.275000E+01    0.2000000E+01    0.6545261E-04
 469      0.275000E+01    0.2125000E+01    0.6545623E-04
 470      0.275000E+01    0.2250000E+01    0.6545889E-04
 471      0.275000E+01    0.2375000E+01    0.6546049E-04
 472      0.275000E+01    0.2500000E+01    0.6546096E-04
 473      0.275000E+01    0.2625000E+01    0.6546029E-04
 474      0.275000E+01    0.2750000E+01    0.6545850E-04
 475      0.275000E+01    0.2875000E+01    0.6545565E-04
 476      0.275000E+01    0.3000000E+01    0.6545183E-04
 477      0.275000E+01    0.3125000E+01    0.6544720E-04
 478      0.275000E+01    0.3250000E+01    0.6544191E-04
 479      0.275000E+01    0.3375000E+01    0.6543615E-04
 480      0.275000E+01    0.3500000E+01    0.6543013E-04
 481      0.275000E+01    0.3625000E+01    0.6542407E-04
 482      0.275000E+01    0.3750000E+01    0.6541817E-04
 483      0.275000E+01    0.3875000E+01    0.6541263E-04
 484      0.275000E+01    0.4000000E+01    0.6540760E-04
 485      0.275000E+01    0.4125000E+01    0.6540325E-04
 486      0.275000E+01    0.4250000E+01    0.6539964E-04
 487      0.275000E+01    0.4375000E+01    0.6539682E-04
 488      0.275000E+01    0.4500000E+01    0.6539478E-04
 489      0.275000E+01    0.4625000E+01    0.6539344E-04
 490      0.275000E+01    0.4750000E+01    0.6539268E-04
 491      0.275000E+01    0.4875000E+01    0.6539233E-04
 492      0.275000E+01    0.5000000E+01    0.6539220E-04
 493      0.300000E+01    0.0000000E+00    0.7555958E-04
 494      0.300000E+01    0.1250000E+00    0.7555949E-04
 495      0.300000E+01    0.2500000E+00    0.7555954E-04
 496      0.300000E+01    0.3750000E+00    0.7555986E-04
 497      0.300000E+01    0.5000000E+00    0.7556055E-04
 498      0.300000E+01    0.6250000E+00    0.7556171E-04
 499      0.300000E+01    0.7500000E+00    0.7556337E-04
 500      0.300000E+01    0.8750000E+00    0.7556558E-04
 501      0.300000E+01    0.1000000E+01    0.7556829E-04
 502      0.300000E+01    0.1125000E+01    0.7557146E-04
 503      0.300000E+01    0.1250000E+01    0.7557500E-04
 504      0.300000E+01    0.1375000E+01    0.7557881E-04
 505      0.300000E+01    0.1500000E+01    0.7558274E-04
 506      0.300000E+01    0.1625000E+01    0.7558666E-04
 507      0.300000E+01    0.1750000E+01    0.7559042E-04
 508      0.300000E+01    0.1875000E+01    0.7559388E-04
 509      0.300000E+01    0.2000000E+01    0.7559690E-04
 510      0.300000E+01    0.2125000E+01    0.7559935E-04
 511      0.300000E+01    0.2250000E+01    0.7560115E-04
 512      0.300000E+01    0.2375000E+01    0.7560222E-04
 513      0.300000E+01    0.2500000E+01    0.7560251E-04
 514      0.300000E+01    0.2625000E+01    0.7560201E-04
 515      0.300000E+01    0.2750000E+01    0.7560073E-04
 516      0.300000E+01    0.2875000E+01    0.7559872E-04
 517      0.300000E+01    0.3000000E+01    0.7559606E-04
 518      0.300000E+01    0.3125000E+01    0.7559283E-04
 519      0.300000E+01    0.3250000E+01    0.7558917E-04
 520      0.300000E+01    0.3375000E+01    0.7558519E-04
 521      0.300000E+01    0.3500000E+01    0.7558106E-04
 522      0.300000E+01    0.3625000E+01    0.7557692E-04
 523      0.300000E+01    0.3750000E+01    0.7557290E-04
 524      0.300000E+01    0.3875000E+01    0.7556915E-04
 525      0.300000E+01    0.4000000E+01    0.7556577E-04
 526      0.300000E+01    0.4125000E+01    0.7556285E-04
 527      0.300000E+01    0.4250000E+01    0.7556043E-04
 528      0.300000E+01    0.4375000E+01    0.7555855E-04
 529      0.300000E+01    0.4500000E+01    0.7555718E-04
 530      0.300000E+01    0.4625000E+01    0.7555628E-04
 531      0.300000E+01    0.4750000E+01    0.7555574E-04
 532      0.300000E+01    0.4875000E+01    0.7555547E-04
 533      0.300000E+01    0.5000000E+01    0.7555535E-04
 534      0.325000E+01    0.0000000E+00    0.8632028E-04
 535      0.325000E+01    0.1250000E+00    0.8632017E-04
 536      0.325000E+01    0.2500000E+00    0.8632014E-04
 537      0.325000E+01    0.3750000E+00    0.8632029E-04
 538      0.325000E+01    0.5000000E+00    0.8632067E-04
 539      0.325000E+01    0.6250000E+00    0.8632135E-04
 540      0.325000E+01    0.7500000E+00    0.8632237E-04
 541      0.325000E+01    0.8750000E+00    0.8632374E-04
 542      0.325000E+01    0.1000000E+01    0.8632546E-04
 543      0.325000E+01    0.1125000E+01    0.8632750E-04
 544      0.325000E+01    0.1250000E+01    0.8632979E-04
 545      0.325000E+01    0.1375000E+01    0.8633227E-04
 546      0.325000E+01    0.1500000E+01    0.8633485E-04
 547      0.325000E+01    0.1625000E+01    0.8633743E-04
 548      0.325000E+01    0.1750000E+01    0.8633992E-04
 549      0.325000E+01    0.1875000E+01    0.8634221E-04
 550      0.325000E+01    0.2000000E+01    0.8634422E-04
 551      0.325000E+01    0.2125000E+01    0.8634584E-04
 552      0.325000E+01    0.2250000E+01    0.8634702E-04
 553      0.325000E+01    0.2375000E+01    0.8634771E-04
 554      0.325000E+01    0.2500000E+01    0.8634787E-04
 555      0.325000E+01    0.2625000E+01    0.8634748E-04
 556      0.325000E+01    0.2750000E+01    0.8634657E-04
 557      0.325000E+01    0.2875000E+01    0.8634516E-04
 558      0.325000E+01    0.3000000E+01    0.8634331E-04
 559      0.325000E+01    0.3125000E+01    0.8634109E-04
 560      0.325000E+01    0.3250000E+01    0.8633857E-04
 561      0.325000E+01    0.3375000E+01    0.8633585E-04
 562      0.325000E+01    0.3500000E+01    0.8633304E-04
 563      0.325000E+01    0.3625000E+01    0.8633023E-04
 564      0.325000E+01    0.3750000E+01    0.8632752E-04
 565      0.325000E+01    0.3875000E+01    0.8632500E-04
 566      0.325000E+01    0.4000000E+01    0.8632274E-04
 567      0.325000E+01    0.4125000E+01    0.8632079E-04
 568      0.325000E+01    0.4250000E+01    0.8631918E-04
 569      0.325000E+01    0.4375000E+01    0.8631793E-04
 570      0.325000E+01    0.4500000E+01    0.8631701E-04
 571      0.325000E+01    0.4625000E+01    0.8631639E-04
 572      0.325000E+01    0.4750000E+01    0.8631601E-04
 573      0.325000E+01    0.4875000E+01    0.8631580E-04
 574      0.325000E+01    0.5000000E+01    0.8631566E-04
 575      0.350000E+01    0.0000000E+00    0.9765739E-04
 576      0.350000E+01    0.1250000E+00    0.9765726E-04
 577      0.350000E+01    0.2500000E+00    0.9765719E-04
 578      0.350000E+01    0.3750000E+00    0.9765722E-04
 579      0.350000E+01    0.5000000E+00    0.9765740E-04
 580      0.350000E+01    0.6250000E+00    0.9765777E-04
 581      0.350000E+01    0.7500000E+00    0.9765836E-04
 582      0.350000E+01    0.8750000E+00    0.9765918E-04
 583      0.350000E+01    0.1000000E+01    0.9766024E-04
 584      0.350000E+01    0.1125000E+01    0.9766151E-04
 585      0.350000E+01    0.1250000E+01    0.9766295E-04
 586      0.350000E+01    0.1375000E+01    0.9766453E-04
 587      0.350000E+01    0.1500000E+01    0.9766619E-04
 588      0.350000E+01    0.1625000E+01    0.9766786E-04
 589      0.350000E+01    0.1750000E+01    0.9766947E-04
 590      0.350000E+01    0.1875000E+01    0.9767096E-04
 591      0.350000E+01    0.2000000E+01    0.9767226E-04
 592      0.350000E+01    0.2125000E+01    0.9767330E-04
 593      0.350000E+01    0.2250000E+01    0.9767406E-04
 594      0.350000E+01    0.2375000E+01    0.9767447E-04
 595      0.350000E+01    0.2500000E+01    0.9767454E-04
 596      0.350000E+01    0.2625000E+01    0.9767423E-04
 597      0.350000E+01    0.2750000E+01    0.9767357E-04
 598      0.350000E+01    0.2875000E+01    0.9767258E-04
 599      0.350000E+01    0.3000000E+01    0.9767129E-04
 600      0.350000E+01    0.3125000E+01    0.9766975E-04
 601      0.350000E+01    0.3250000E+01    0.9766802E-04
 602      0.350000E+01    0.3375000E+01    0.9766616E-04
 603      0.350000E+01    0.3500000E+01    0.9766425E-04
 604      0.350000E+01    0.3625000E+01    0.9766235E-04
 605      0.350000E+01    0.3750000E+01    0.9766052E-04
 606      0.350000E+01    0.3875000E+01    0.9765882E-04
 607      0.350000E+01    0.4000000E+01    0.9765731E-04
 608      0.350000E+01    0.4125000E+01    0.9765600E-04
 609      0.350000E+01    0.4250000E+01    0.9765492E-04
 610      0.350000E+01    0.4375000E+01    0.9765408E-04
 611      0.350000E+01    0.4500000E+01    0.9765345E-04
 612      0.350000E+01    0.4625000E+01    0.9765301E-04
 613      0.350000E+01    0.4750000E+01    0.9765272E-04
 614      0.350000E+01    0.4875000E+01    0.9765253E-04
 615      0.350000E+01    0.5000000E+01    0.9765239E-04
 616      0.375000E+01    0.0000000E+00    0.1095500E-03
 617      0.375000E+01    0.1250000E+00    0.1095498E-03
 618      0.375000E+01    0.2500000E+00    0.1095497E-03
 619      0.375000E+01    0.3750000E+00    0.1095497E-03
 620      0.375000E+01    0.5000000E+00    0.1095497E-03
 621      0.375000E+01    0.6250000E+00    0.1095499E-03
 622      0.375000E+01    0.7500000E+00    0.1095502E-03
 623      0.375000E+01    0.8750000E+00    0.1095507E-03
 624      0.375000E+01    0.1000000E+01    0.1095513E-03
 625      0.375000E+01    0.1125000E+01    0.1095521E-03
 626      0.375000E+01    0.1250000E+01    0.1095530E-03
 627      0.375000E+01    0.1375000E+01    0.1095540E-03
 628      0.375000E+01    0.1500000E+01    0.1095551E-03
 629      0.375000E+01    0.1625000E+01    0.1095561E-03
 630      0.375000E+01    0.1750000E+01    0.1095572E-03
 631      0.375000E+01    0.1875000E+01    0.1095582E-03
 632      0.375000E+01    0.2000000E+01    0.1095590E-03
 633      0.375000E+01    0.2125000E+01    0.1095597E-03
 634      0.375000E+01    0.2250000E+01    0.1095601E-03
 635      0.375000E+01    0.2375000E+01    0.1095604E-03
 636      0.375000E+01    0.2500000E+01    0.1095604E-03
 637      0.375000E+01    0.2625000E+01    0.1095601E-03
 638      0.375000E+01    0.2750000E+01    0.1095596E-03
 639      0.375000E+01    0.2875000E+01    0.1095589E-03
 640      0.375000E+01    0.3000000E+01    0.1095580E-03
 641      0.375000E+01    0.3125000E+01    0.1095569E-03
 642      0.375000E+01    0.3250000E+01    0.1095556E-03
 643      0.375000E+01    0.3375000E+01    0.1095543E-03
 644      0.375000E+01    0.3500000E+01    0.1095530E-03
 645      0.375000E+01    0.3625000E+01    0.1095517E-03
 646      0.375000E+01    0.3750000E+01    0.1095504E-03
 647      0.375000E+01    0.3875000E+01    0.1095492E-03
 648      0.375000E+01    0.4000000E+01    0.1095482E-03
 649      0.375000E+01    0.4125000E+01    0.1095473E-03
 650      0.375000E+01    0.4250000E+01    0.1095465E-03
 651      0.375000E+01    0.4375000E+01    0.1095459E-03
 652      0.375000E+01    0.4500000E+01    0.1095455E-03
 653      0.375000E+01    0.4625000E+01    0.1095452E-03
 654      0.375000E+01    0.4750000E+01    0.1095449E-03
 655      0.375000E+01    0.4875000E+01    0.1095447E-03
 656      0.375000E+01    0.5000000E+01    0.1095446E-03
 657      0.400000E+01    0.0000000E+00    0.1219770E-03
 658      0.400000E+01    0.1250000E+00    0.1219768E-03
 659      0.400000E+01    0.2500000E+00    0.1219767E-03
 660      0.400000E+01    0.3750000E+00    0.1219766E-03
 661      0.400000E+01    0.5000000E+00    0.1219765E-03
 662      0.400000E+01    0.6250000E+00    0.1219766E-03
 663      0.400000E+01    0.7500000E+00    0.1219768E-03
 664      0.400000E+01    0.8750000E+00    0.1219770E-03
 665      0.400000E+01    0.1000000E+01    0.1219774E-03
 666      0.400000E+01    0.1125000E+01    0.1219779E-03
 667      0.400000E+01    0.1250000E+01    0.1219785E-03
 668      0.400000E+01    0.1375000E+01    0.1219792E-03
 669      0.400000E+01    0.1500000E+01    0.1219799E-03
 670      0.400000E+01    0.1625000E+01    0.1219806E-03
 671      0.400000E+01    0.1750000E+01    0.1219813E-03
 672      0.400000E+01    0.1875000E+01    0.1219820E-03
 673      0.400000E+01    0.2000000E+01    0.1219826E-03
 674      0.400000E+01    0.2125000E+01    0.1219830E-03
 675      0.400000E+01    0.2250000E+01    0.1219833E-03
 676      0.400000E+01    0.2375000E+01    0.1219835E-03
 677      0.400000E+01    0.2500000E+01    0.1219834E-03
 678      0.400000E+01    0.2625000E+01    0.1219832E-03
 679      0.400000E+01    0.2750000E+01    0.1219828E-03
 680      0.400000E+01    0.2875000E+01    0.1219822E-03
 681      0.400000E+01    0.3000000E+01    0.1219815E-03
 682      0.400000E+01    0.3125000E+01    0.1219806E-03
 683      0.400000E+01    0.3250000E+01    0.1219797E-03
 684      0.400000E+01    0.3375000E+01    0.1219787E-03
 685      0.400000E+01    0.3500000E+01    0.1219777E-03
 686      0.400000E+01    0.3625000E+01    0.1219767E-03
 687      0.400000E+01    0.3750000E+01    0.1219757E-03
 688      0.400000E+01    0.3875000E+01    0.1219749E-03
 689      0.400000E+01    0.4000000E+01    0.1219741E-03
 690      0.400000E+01    0.4125000E+01    0.1219734E-03
 691      0.400000E+01    0.4250000E+01    0.1219728E-03
 692      0.400000E+01    0.4375000E+01    0.1219724E-03
 693      0.400000E+01    0.4500000E+01    0.1219720E-03
 694      0.400000E+01    0.4625000E+01    0.1219717E-03
 695      0.400000E+01    0.4750000E+01    0.1219715E-03
 696      0.400000E+01    0.4875000E+01    0.1219713E-03
 697      0.400000E+01    0.5000000E+01    0.1219712E-03
 698      0.425000E+01    0.0000000E+00    0.1349171E-03
 699      0.425000E+01    0.1250000E+00    0.1349170E-03
 700      0.425000E+01    0.2500000E+00    0.1349168E-03
 701      0.425000E+01    0.3750000E+00    0.1349167E-03
 702      0.425000E+01    0.5000000E+00    0.1349166E-03
 703      0.425000E+01    0.6250000E+00    0.1349166E-03
 704      0.425000E+01    0.7500000E+00    0.1349167E-03
 705      0.425000E+01    0.8750000E+00    0.1349169E-03
 706      0.425000E+01    0.1000000E+01    0.1349172E-03
 707      0.425000E+01    0.1125000E+01    0.1349176E-03
 708      0.425000E+01    0.1250000E+01    0.1349180E-03
 709      0.425000E+01    0.1375000E+01    0.1349186E-03
 710      0.425000E+01    0.1500000E+01    0.1349192E-03
 711      0.425000E+01    0.1625000E+01    0.1349198E-03
 712      0.425000E+01    0.1750000E+01    0.1349203E-03
 713      0.425000E+01    0.1875000E+01    0.1349209E-03
 714      0.425000E+01    0.2000000E+01    0.1349213E-03
 715      0.425000E+01    0.2125000E+01    0.1349217E-03
 716      0.425000E+01    0.2250000E+01    0.1349219E-03
 717      0.425000E+01    0.2375000E+01    0.1349220E-03
 718      0.425000E+01    0.2500000E+01    0.1349220E-03
 719      0.425000E+01    0.2625000E+01    0.1349217E-03
 720      0.425000E+01    0.2750000E+01    0.1349214E-03
 721      0.425000E+01    0.2875000E+01    0.1349208E-03
 722      0.425000E+01    0.3000000E+01    0.1349202E-03
 723      0.425000E+01    0.3125000E+01    0.1349194E-03
 724      0.425000E+01    0.3250000E+01    0.1349186E-03
 725      0.425000E+01    0.3375000E+01    0.1349177E-03
 726      0.425000E+01    0.3500000E+01    0.1349168E-03
 727      0.425000E+01    0.3625000E+01    0.1349159E-03
 728      0.425000E+01    0.3750000E+01    0.1349151E-03
 729      0.425000E+01    0.3875000E+01    0.1349143E-03
 730      0.425000E+01    0.4000000E+01    0.1349136E-03
 731      0.425000E+01    0.4125000E+01    0.1349130E-03
 732      0.425000E+01    0.4250000E+01    0.1349125E-03
 733      0.425000E+01    0.4375000E+01    0.1349121E-03
 734      0.425000E+01    0.4500000E+01    0.1349118E-03
 735      0.425000E+01    0.4625000E+01    0.1349115E-03
 736      0.425000E+01    0.4750000E+01    0.1349113E-03
 737      0.425000E+01    0.4875000E+01    0.1349111E-03
 738      0.425000E+01    0.5000000E+01    0.1349110E-03
 739      0.450000E+01    0.0000000E+00    0.1483492E-03
 740      0.450000E+01    0.1250000E+00    0.1483490E-03
 741      0.450000E+01    0.2500000E+00    0.1483488E-03
 742      0.450000E+01    0.3750000E+00    0.1483487E-03
 743      0.450000E+01    0.5000000E+00    0.1483486E-03
 744      0.450000E+01    0.6250000E+00    0.1483486E-03
 745      0.450000E+01    0.7500000E+00    0.1483487E-03
 746      0.450000E+01    0.8750000E+00    0.1483489E-03
 747      0.450000E+01    0.1000000E+01    0.1483493E-03
 748      0.450000E+01    0.1125000E+01    0.1483497E-03
 749      0.450000E+01    0.1250000E+01    0.1483502E-03
 750      0.450000E+01    0.1375000E+01    0.1483508E-03
 751      0.450000E+01    0.1500000E+01    0.1483514E-03
 752      0.450000E+01    0.1625000E+01    0.1483520E-03
 753      0.450000E+01    0.1750000E+01    0.1483527E-03
 754      0.450000E+01    0.1875000E+01    0.1483533E-03
 755      0.450000E+01    0.2000000E+01    0.1483538E-03
 756      0.450000E+01    0.2125000E+01    0.1483541E-03
 757      0.450000E+01    0.2250000E+01    0.1483544E-03
 758      0.450000E+01    0.2375000E+01    0.1483545E-03
 759      0.450000E+01    0.2500000E+01    0.1483544E-03
 760      0.450000E+01    0.2625000E+01    0.1483542E-03
 761      0.450000E+01    0.2750000E+01    0.1483538E-03
 762      0.450000E+01    0.2875000E+01    0.1483532E-03
 763      0.450000E+01    0.3000000E+01    0.1483525E-03
 764      0.450000E+01    0.3125000E+01    0.1483517E-03
 765      0.450000E+01    0.3250000E+01    0.1483508E-03
 766      0.450000E+01    0.3375000E+01    0.1483499E-03
 767      0.450000E+01    0.3500000E+01    0.1483489E-03
 768      0.450000E+01    0.3625000E+01    0.1483480E-03
 769      0.450000E+01    0.3750000E+01    0.1483471E-03
 770      0.450000E+01    0.3875000E+01    0.1483462E-03
 771      0.450000E+01    0.4000000E+01    0.1483455E-03
 772      0.450000E+01    0.4125000E+01    0.1483448E-03
 773      0.450000E+01    0.4250000E+01    0.1483443E-03
 774      0.450000E+01    0.4375000E+01    0.1483438E-03
 775      0.450000E+01    0.4500000E+01    0.1483435E-03
 776      0.450000E+01    0.4625000E+01    0.1483432E-03
 777      0.450000E+01    0.4750000E+01    0.1483430E-03
 778      0.450000E+01    0.4875000E+01    0.1483428E-03
 779      0.450000E+01    0.5000000E+01    0.1483426E-03
 780      0.475000E+01    0.0000000E+00    0.1622516E-03
 781      0.475000E+01    0.1250000E+00    0.1622514E-03
 782      0.475000E+01    0.2500000E+00    0.1622512E-03
 783      0.475000E+01    0.3750000E+00    0.1622511E-03
 784      0.475000E+01    0.5000000E+00    0.1622510E-03
 785      0.475000E+01    0.6250000E+00    0.1622511E-03
 786      0.475000E+01    0.7500000E+00    0.1622513E-03
 787      0.475000E+01    0.8750000E+00    0.1622517E-03
 788      0.475000E+01    0.1000000E+01    0.1622521E-03
 789      0.475000E+01    0.1125000E+01    0.1622528E-03
 790      0.475000E+01    0.1250000E+01    0.1622535E-03
 791      0.475000E+01    0.1375000E+01    0.1622543E-03
 792      0.475000E+01    0.1500000E+01    0.1622552E-03
 793      0.475000E+01    0.1625000E+01    0.1622561E-03
 794      0.475000E+01    0.1750000E+01    0.1622570E-03
 795      0.475000E+01    0.1875000E+01    0.1622578E-03
 796      0.475000E+01    0.2000000E+01    0.1622584E-03
 797      0.475000E+01    0.2125000E+01    0.1622590E-03
 798      0.475000E+01    0.2250000E+01    0.1622594E-03
 799      0.475000E+01    0.2375000E+01    0.1622595E-03
 800      0.475000E+01    0.2500000E+01    0.1622595E-03
 801      0.475000E+01    0.2625000E+01    0.1622592E-03
 802      0.475000E+01    0.2750000E+01    0.1622587E-03
 803      0.475000E+01    0.2875000E+01    0.1622580E-03
 804      0.475000E+01    0.3000000E+01    0.1622571E-03
 805      0.475000E+01    0.3125000E+01    0.1622561E-03
 806      0.475000E+01    0.3250000E+01    0.1622550E-03
 807      0.475000E+01    0.3375000E+01    0.1622538E-03
 808      0.475000E+01    0.3500000E+01    0.1622526E-03
 809      0.475000E+01    0.3625000E+01    0.1622514E-03
 810      0.475000E+01    0.3750000E+01    0.1622502E-03
 811      0.475000E+01    0.3875000E+01    0.1622491E-03
 812      0.475000E+01    0.4000000E+01    0.1622482E-03
 813      0.475000E+01    0.4125000E+01    0.1622473E-03
 814      0.475000E+01    0.4250000E+01    0.1622466E-03
 815      0.475000E+01    0.4375000E+01    0.1622461E-03
 816      0.475000E+01    0.4500000E+01    0.1622456E-03
 817      0.475000E+01    0.4625000E+01    0.1622453E-03
 818      0.475000E+01    0.4750000E+01    0.1622450E-03
 819      0.475000E+01    0.4875000E+01    0.1622448E-03
 820      0.475000E+01    0.5000000E+01    0.1622446E-03
 821      0.500000E+01    0.0000000E+00    0.1766027E-03
 822      0.500000E+01    0.1250000E+00    0.1766025E-03
 823      0.500000E+01    0.2500000E+00    0.1766023E-03
 824      0.500000E+01    0.3750000E+00    0.1766023E-03
 825      0.500000E+01    0.5000000E+00    0.1766023E-03
 826      0.500000E+01    0.6250000E+00    0.1766025E-03
 827      0.500000E+01    0.7500000E+00    0.1766030E-03
 828      0.500000E+01    0.8750000E+00    0.1766036E-03
 829      0.500000E+01    0.1000000E+01    0.1766044E-03
 830      0.500000E+01    0.1125000E+01    0.1766054E-03
 831      0.500000E+01    0.1250000E+01    0.1766065E-03
 832      0.500000E+01    0.1375000E+01    0.1766078E-03
 833      0.500000E+01    0.1500000E+01    0.1766092E-03
 834      0.500000E+01    0.1625000E+01    0.1766105E-03
 835      0.500000E+01    0.1750000E+01    0.1766119E-03
 836      0.500000E+01    0.1875000E+01    0.1766131E-03
 837      0.500000E+01    0.2000000E+01    0.1766142E-03
 838      0.500000E+01    0.2125000E+01    0.1766150E-03
 839      0.500000E+01    0.2250000E+01    0.1766156E-03
 840      0.500000E+01    0.2375000E+01    0.1766159E-03
 841      0.500000E+01    0.2500000E+01    0.1766159E-03
 842      0.500000E+01    0.2625000E+01    0.1766156E-03
 843      0.500000E+01    0.2750000E+01    0.1766149E-03
 844      0.500000E+01    0.2875000E+01    0.1766140E-03
 845      0.500000E+01    0.3000000E+01    0.1766128E-03
 846      0.500000E+01    0.3125000E+01    0.1766114E-03
 847      0.500000E+01    0.3250000E+01    0.1766098E-03
 848      0.500000E+01    0.3375000E+01    0.1766081E-03
 849      0.500000E+01    0.3500000E+01    0.1766064E-03
 850      0.500000E+01    0.3625000E+01    0.1766047E-03
 851      0.500000E+01    0.3750000E+01    0.1766031E-03
 852      0.500000E+01    0.3875000E+01    0.1766015E-03
 853      0.500000E+01    0.4000000E+01    0.1766002E-03
 854      0.500000E+01    0.4125000E+01    0.1765990E-03
 855      0.500000E+01    0.4250000E+01    0.1765980E-03
 856      0.500000E+01    0.4375000E+01    0.1765972E-03
 857      0.500000E+01    0.4500000E+01    0.1765966E-03
 858      0.500000E+01    0.4625000E+01    0.1765961E-03
 859      0.500000E+01    0.4750000E+01    0.1765958E-03
 860      0.500000E+01    0.4875000E+01    0.1765956E-03
 861      0.500000E+01    0.5000000E+01    0.1765953E-03
 862      0.525000E+01    0.0000000E+00    0.1913809E-03
 863      0.525000E+01    0.1250000E+00    0.1913807E-03
 864      0.525000E+01    0.2500000E+00    0.1913805E-03
 865      0.525000E+01    0.3750000E+00    0.1913805E-03
 866      0.525000E+01    0.5000000E+00    0.1913807E-03
 867      0.525000E+01    0.6250000E+00    0.1913812E-03
 868      0.525000E+01    0.7500000E+00    0.1913819E-03
 869      0.525000E+01    0.8750000E+00    0.1913830E-03
 870      0.525000E+01    0.1000000E+01    0.1913844E-03
 871      0.525000E+01    0.1125000E+01    0.1913860E-03
 872      0.525000E+01    0.1250000E+01    0.1913879E-03
 873      0.525000E+01    0.1375000E+01    0.1913899E-03
 874      0.525000E+01    0.1500000E+01    0.1913920E-03
 875      0.525000E+01    0.1625000E+01    0.1913942E-03
 876      0.525000E+01    0.1750000E+01    0.1913963E-03
 877      0.525000E+01    0.1875000E+01    0.1913982E-03
 878      0.525000E+01    0.2000000E+01    0.1913999E-03
 879      0.525000E+01    0.2125000E+01    0.1914012E-03
 880      0.525000E+01    0.2250000E+01    0.1914022E-03
 881      0.525000E+01    0.2375000E+01    0.1914027E-03
 882      0.525000E+01    0.2500000E+01    0.1914027E-03
 883      0.525000E+01    0.2625000E+01    0.1914023E-03
 884      0.525000E+01    0.2750000E+01    0.1914014E-03
 885      0.525000E+01    0.2875000E+01    0.1914001E-03
 886      0.525000E+01    0.3000000E+01    0.1913984E-03
 887      0.525000E+01    0.3125000E+01    0.1913964E-03
 888      0.525000E+01    0.3250000E+01    0.1913941E-03
 889      0.525000E+01    0.3375000E+01    0.1913917E-03
 890      0.525000E+01    0.3500000E+01    0.1913892E-03
 891      0.525000E+01    0.3625000E+01    0.1913866E-03
 892      0.525000E+01    0.3750000E+01    0.1913842E-03
 893      0.525000E+01    0.3875000E+01    0.1913820E-03
 894      0.525000E+01    0.4000000E+01    0.1913800E-03
 895      0.525000E+01    0.4125000E+01    0.1913782E-03
 896      0.525000E+01    0.4250000E+01    0.1913768E-03
 897      0.525000E+01    0.4375000E+01    0.1913756E-03
 898      0.525000E+01    0.4500000E+01    0.1913747E-03
 899      0.525000E+01    0.4625000E+01    0.1913741E-03
 900      0.525000E+01    0.4750000E+01    0.1913737E-03
 901      0.525000E+01    0.4875000E+01    0.1913734E-03
 902      0.525000E+01    0.5000000E+01    0.1913732E-03
 903      0.550000E+01    0.0000000E+00    0.2065642E-03
 904      0.550000E+01    0.1250000E+00    0.2065640E-03
 905      0.550000E+01    0.2500000E+00    0.2065639E-03
 906      0.550000E+01    0.3750000E+00    0.2065640E-03
 907      0.550000E+01    0.5000000E+00    0.2065645E-03
 908      0.550000E+01    0.6250000E+00    0.2065653E-03
 909      0.550000E+01    0.7500000E+00    0.2065666E-03
 910      0.550000E+01    0.8750000E+00    0.2065683E-03
 911      0.550000E+01    0.1000000E+01    0.2065705E-03
 912      0.550000E+01    0.1125000E+01    0.2065731E-03
 913      0.550000E+01    0.1250000E+01    0.2065761E-03
 914      0.550000E+01    0.1375000E+01    0.2065793E-03
 915      0.550000E+01    0.1500000E+01    0.2065826E-03
 916      0.550000E+01    0.1625000E+01    0.2065859E-03
 917      0.550000E+01    0.1750000E+01    0.2065891E-03
 918      0.550000E+01    0.1875000E+01    0.2065920E-03
 919      0.550000E+01    0.2000000E+01    0.2065946E-03
 920      0.550000E+01    0.2125000E+01    0.2065967E-03
 921      0.550000E+01    0.2250000E+01    0.2065982E-03
 922      0.550000E+01    0.2375000E+01    0.2065990E-03
 923      0.550000E+01    0.2500000E+01    0.2065992E-03
 924      0.550000E+01    0.2625000E+01    0.2065987E-03
 925      0.550000E+01    0.2750000E+01    0.2065974E-03
 926      0.550000E+01    0.2875000E+01    0.2065956E-03
 927      0.550000E+01    0.3000000E+01    0.2065931E-03
 928      0.550000E+01    0.3125000E+01    0.2065902E-03
 929      0.550000E+01    0.3250000E+01    0.2065869E-03
 930      0.550000E+01    0.3375000E+01    0.2065833E-03
 931      0.550000E+01    0.3500000E+01    0.2065796E-03
 932      0.550000E+01    0.3625000E+01    0.2065759E-03
 933      0.550000E+01    0.3750000E+01    0.2065723E-03
 934      0.550000E+01    0.3875000E+01    0.2065689E-03
 935      0.550000E+01    0.4000000E+01    0.2065659E-03
 936      0.550000E+01    0.4125000E+01    0.2065633E-03
 937      0.550000E+01    0.4250000E+01    0.2065612E-03
 938      0.550000E+01    0.4375000E+01    0.2065595E-03
 939      0.550000E+01    0.4500000E+01    0.2065582E-03
 940      0.550000E+01    0.4625000E+01    0.2065573E-03
 941      0.550000E+01    0.4750000E+01    0.2065567E-03
 942      0.550000E+01    0.4875000E+01    0.2065564E-03
 943      0.550000E+01    0.5000000E+01    0.2065561E-03
 944      0.575000E+01    0.0000000E+00    0.2221307E-03
 945      0.575000E+01    0.1250000E+00    0.2221305E-03
 946      0.575000E+01    0.2500000E+00    0.2221304E-03
 947      0.575000E+01    0.3750000E+00    0.2221307E-03
 948      0.575000E+01    0.5000000E+00    0.2221315E-03
 949      0.575000E+01    0.6250000E+00    0.2221330E-03
 950      0.575000E+01    0.7500000E+00    0.2221350E-03
 951      0.575000E+01    0.8750000E+00    0.2221378E-03
 952      0.575000E+01    0.1000000E+01    0.2221412E-03
 953      0.575000E+01    0.1125000E+01    0.2221453E-03
 954      0.575000E+01    0.1250000E+01    0.2221498E-03
 955      0.575000E+01    0.1375000E+01    0.2221546E-03
 956      0.575000E+01    0.1500000E+01    0.2221597E-03
 957      0.575000E+01    0.1625000E+01    0.2221647E-03
 958      0.575000E+01    0.1750000E+01    0.2221695E-03
 959      0.575000E+01    0.1875000E+01    0.2221739E-03
 960      0.575000E+01    0.2000000E+01    0.2221778E-03
 961      0.575000E+01    0.2125000E+01    0.2221809E-03
 962      0.575000E+01    0.2250000E+01    0.2221832E-03
 963      0.575000E+01    0.2375000E+01    0.2221846E-03
 964      0.575000E+01    0.2500000E+01    0.2221849E-03
 965      0.575000E+01    0.2625000E+01    0.2221842E-03
 966      0.575000E+01    0.2750000E+01    0.2221825E-03
 967      0.575000E+01    0.2875000E+01    0.2221798E-03
 968      0.575000E+01    0.3000000E+01    0.2221763E-03
 969      0.575000E+01    0.3125000E+01    0.2221720E-03
 970      0.575000E+01    0.3250000E+01    0.2221672E-03
 971      0.575000E+01    0.3375000E+01    0.2221620E-03
 972      0.575000E+01    0.3500000E+01    0.2221565E-03
 973      0.575000E+01    0.3625000E+01    0.2221511E-03
 974      0.575000E+01    0.3750000E+01    0.2221458E-03
 975      0.575000E+01    0.3875000E+01    0.2221409E-03
 976      0.575000E+01    0.4000000E+01    0.2221364E-03
 977      0.575000E+01    0.4125000E+01    0.2221326E-03
 978      0.575000E+01    0.4250000E+01    0.2221294E-03
 979      0.575000E+01    0.4375000E+01    0.2221269E-03
 980      0.575000E+01    0.4500000E+01    0.2221250E-03
 981      0.575000E+01    0.4625000E+01    0.2221237E-03
 982      0.575000E+01    0.4750000E+01    0.2221229E-03
 983      0.575000E+01    0.4875000E+01    0.2221225E-03
 984      0.575000E+01    0.5000000E+01    0.2221222E-03
 985      0.600000E+01    0.0000000E+00    0.2380580E-03
 986      0.600000E+01    0.1250000E+00    0.2380579E-03
 987      0.600000E+01    0.2500000E+00    0.2380580E-03
 988      0.600000E+01    0.3750000E+00    0.2380586E-03
 989      0.600000E+01    0.5000000E+00    0.2380599E-03
 990      0.600000E+01    0.6250000E+00    0.2380622E-03
 991      0.600000E+01    0.7500000E+00    0.2380654E-03
 992      0.600000E+01    0.8750000E+00    0.2380697E-03
 993      0.600000E+01    0.1000000E+01    0.2380749E-03
 994      0.600000E+01    0.1125000E+01    0.2380810E-03
 995      0.600000E+01    0.1250000E+01    0.2380877E-03
 996      0.600000E+01    0.1375000E+01    0.2380950E-03
 997      0.600000E+01    0.1500000E+01    0.2381024E-03
 998      0.600000E+01    0.1625000E+01    0.2381098E-03
 999      0.600000E+01    0.1750000E+01    0.2381169E-03
1000      0.600000E+01    0.1875000E+01    0.2381234E-03
1001      0.600000E+01    0.2000000E+01    0.2381290E-03
1002      0.600000E+01    0.2125000E+01    0.2381336E-03
1003      0.600000E+01    0.2250000E+01    0.2381370E-03
1004      0.600000E+01    0.2375000E+01    0.2381390E-03
1005      0.600000E+01    0.2500000E+01    0.2381396E-03
1006      0.600000E+01    0.2625000E+01    0.2381386E-03
1007      0.600000E+01    0.2750000E+01    0.2381362E-03
1008      0.600000E+01    0.2875000E+01    0.2381325E-03
1009      0.600000E+01    0.3000000E+01    0.2381274E-03
1010      0.600000E+01    0.3125000E+01    0.2381214E-03
1011      0.600000E+01    0.3250000E+01    0.2381145E-03
1012      0.600000E+01    0.3375000E+01    0.2381070E-03
1013      0.600000E+01    0.3500000E+01    0.2380992E-03
1014      0.600000E+01    0.3625000E+01    0.2380913E-03
1015      0.600000E+01    0.3750000E+01    0.2380836E-03
1016      0.600000E+01    0.3875000E+01    0.2380764E-03
1017      0.600000E+01    0.4000000E+01    0.2380699E-03
1018      0.600000E+01    0.4125000E+01    0.2380643E-03
1019      0.600000E+01    0.4250000E+01    0.2380596E-03
1020      0.600000E+01    0.4375000E+01    0.2380558E-03
1021      0.600000E+01    0.4500000E+01    0.2380531E-03
1022      0.600000E+01    0.4625000E+01    0.2380513E-03
1023      0.600000E+01    0.4750000E+01    0.2380502E-03
1024      0.600000E+01    0.4875000E+01    0.2380496E-03
1025      0.600000E+01    0.5000000E+01    0.2380492E-03
1026      0.625000E+01    0.0000000E+00    0.2543242E-03
1027      0.625000E+01    0.1250000E+00    0.2543240E-03
1028      0.625000E+01    0.2500000E+00    0.2543242E-03
1029      0.625000E+01    0.3750000E+00    0.2543253E-03
1030      0.625000E+01    0.5000000E+00    0.2543274E-03
1031      0.625000E+01    0.6250000E+00    0.2543309E-03
1032      0.625000E+01    0.7500000E+00    0.2543358E-03
1033      0.625000E+01    0.8750000E+00    0.2543422E-03
1034      0.625000E+01    0.1000000E+01    0.2543499E-03
1035      0.625000E+01    0.1125000E+01    0.2543589E-03
1036      0.625000E+01    0.1250000E+01    0.2543687E-03
1037      0.625000E+01    0.1375000E+01    0.2543793E-03
1038      0.625000E+01    0.1500000E+01    0.2543900E-03
1039      0.625000E+01    0.1625000E+01    0.2544007E-03
1040      0.625000E+01    0.1750000E+01    0.2544109E-03
1041      0.625000E+01    0.1875000E+01    0.2544202E-03
1042      0.625000E+01    0.2000000E+01    0.2544284E-03
1043      0.625000E+01    0.2125000E+01    0.2544350E-03
1044      0.625000E+01    0.2250000E+01    0.2544398E-03
1045      0.625000E+01    0.2375000E+01    0.2544427E-03
1046      0.625000E+01    0.2500000E+01    0.2544435E-03
1047      0.625000E+01    0.2625000E+01    0.2544423E-03
1048      0.625000E+01    0.2750000E+01    0.2544390E-03
1049      0.625000E+01    0.2875000E+01    0.2544337E-03
1050      0.625000E+01    0.3000000E+01    0.2544267E-03
1051      0.625000E+01    0.3125000E+01    0.2544182E-03
1052      0.625000E+01    0.3250000E+01    0.2544084E-03
1053      0.625000E+01    0.3375000E+01    0.2543978E-03
1054      0.625000E+01    0.3500000E+01    0.2543867E-03
1055      0.625000E+01    0.3625000E+01    0.2543755E-03
1056      0.625000E+01    0.3750000E+01    0.2543645E-03
1057      0.625000E+01    0.3875000E+01    0.2543542E-03
1058      0.625000E+01    0.4000000E+01    0.2543448E-03
1059      0.625000E+01    0.4125000E+01    0.2543366E-03
1060      0.625000E+01    0.4250000E+01    0.2543297E-03
1061      0.625000E+01    0.4375000E+01    0.2543243E-03
1062      0.625000E+01    0.4500000E+01    0.2543203E-03
1063      0.625000E+01    0.4625000E+01    0.2543177E-03
1064      0.625000E+01    0.4750000E+01    0.2543162E-03
1065      0.625000E+01    0.4875000E+01    0.2543154E-03
1066      0.625000E+01    0.5000000E+01    0.2543151E-03
1067      0.650000E+01    0.0000000E+00    0.2709067E-03
1068      0.650000E+01    0.1250000E+00    0.2709067E-03
1069      0.650000E+01    0.2500000E+00    0.2709072E-03
1070      0.650000E+01    0.3750000E+00    0.2709088E-03
1071      0.650000E+01    0.5000000E+00    0.2709121E-03
1072      0.650000E+01    0.6250000E+00    0.2709173E-03
1073      0.650000E+01    0.7500000E+00    0.2709246E-03
1074      0.650000E+01    0.8750000E+00    0.2709339E-03
1075      0.650000E+01    0.1000000E+01    0.2709451E-03
1076      0.650000E+01    0.1125000E+01    0.2709580E-03
1077      0.650000E+01    0.1250000E+01    0.2709721E-03
1078      0.650000E+01    0.1375000E+01    0.2709870E-03
1079      0.650000E+01    0.1500000E+01    0.2710023E-03
1080      0.650000E+01    0.1625000E+01    0.2710173E-03
1081      0.650000E+01    0.1750000E+01    0.2710316E-03
1082      0.650000E+01    0.1875000E+01    0.2710447E-03
1083      0.650000E+01    0.2000000E+01    0.2710560E-03
1084      0.650000E+01    0.2125000E+01    0.2710652E-03
1085      0.650000E+01    0.2250000E+01    0.2710719E-03
1086      0.650000E+01    0.2375000E+01    0.2710760E-03
1087      0.650000E+01    0.2500000E+01    0.2710772E-03
1088      0.650000E+01    0.2625000E+01    0.2710756E-03
1089      0.650000E+01    0.2750000E+01    0.2710711E-03
1090      0.650000E+01    0.2875000E+01    0.2710639E-03
1091      0.650000E+01    0.3000000E+01    0.2710543E-03
1092      0.650000E+01    0.3125000E+01    0.2710425E-03
1093      0.650000E+01    0.3250000E+01    0.2710291E-03
1094      0.650000E+01    0.3375000E+01    0.2710143E-03
1095      0.650000E+01    0.3500000E+01    0.2709989E-03
1096      0.650000E+01    0.3625000E+01    0.2709831E-03
1097      0.650000E+01    0.3750000E+01    0.2709677E-03
1098      0.650000E+01    0.3875000E+01    0.2709531E-03
1099      0.650000E+01    0.4000000E+01    0.2709398E-03
1100      0.650000E+01    0.4125000E+01    0.2709281E-03
1101      0.650000E+01    0.4250000E+01    0.2709183E-03
1102      0.650000E+01    0.4375000E+01    0.2709105E-03
1103      0.650000E+01    0.4500000E+01    0.2709049E-03
1104      0.650000E+01    0.4625000E+01    0.2709010E-03
1105      0.650000E+01    0.4750000E+01    0.2708988E-03
1106      0.650000E+01    0.4875000E+01    0.2708978E-03
1107      0.650000E+01    0.5000000E+01    0.2708973E-03
1108      0.675000E+01    0.0000000E+00    0.2877841E-03
1109      0.675000E+01    0.1250000E+00    0.2877838E-03
1110      0.675000E+01    0.2500000E+00    0.2877846E-03
1111      0.675000E+01    0.3750000E+00    0.2877871E-03
1112      0.675000E+01    0.5000000E+00    0.2877920E-03
1113      0.675000E+01    0.6250000E+00    0.2877996E-03
1114      0.675000E+01    0.7500000E+00    0.2878101E-03
1115      0.675000E+01    0.8750000E+00    0.2878235E-03
1116      0.675000E+01    0.1000000E+01    0.2878394E-03
1117      0.675000E+01    0.1125000E+01    0.2878576E-03
1118      0.675000E+01    0.1250000E+01    0.2878774E-03
1119      0.675000E+01    0.1375000E+01    0.2878982E-03
1120      0.675000E+01    0.1500000E+01    0.2879193E-03
1121      0.675000E+01    0.1625000E+01    0.2879400E-03
1122      0.675000E+01    0.1750000E+01    0.2879595E-03
1123      0.675000E+01    0.1875000E+01    0.2879773E-03
1124      0.675000E+01    0.2000000E+01    0.2879927E-03
1125      0.675000E+01    0.2125000E+01    0.2880052E-03
1126      0.675000E+01    0.2250000E+01    0.2880143E-03
1127      0.675000E+01    0.2375000E+01    0.2880198E-03
1128      0.675000E+01    0.2500000E+01    0.2880216E-03
1129      0.675000E+01    0.2625000E+01    0.2880194E-03
1130      0.675000E+01    0.2750000E+01    0.2880134E-03
1131      0.675000E+01    0.2875000E+01    0.2880038E-03
1132      0.675000E+01    0.3000000E+01    0.2879909E-03
1133      0.675000E+01    0.3125000E+01    0.2879751E-03
1134      0.675000E+01    0.3250000E+01    0.2879569E-03
1135      0.675000E+01    0.3375000E+01    0.2879369E-03
1136      0.675000E+01    0.3500000E+01    0.2879157E-03
1137      0.675000E+01    0.3625000E+01    0.2878942E-03
1138      0.675000E+01    0.3750000E+01    0.2878729E-03
1139      0.675000E+01    0.3875000E+01    0.2878526E-03
1140      0.675000E+01    0.4000000E+01    0.2878340E-03
1141      0.675000E+01    0.4125000E+01    0.2878175E-03
1142      0.675000E+01    0.4250000E+01    0.2878036E-03
1143      0.675000E+01    0.4375000E+01    0.2877926E-03
1144      0.675000E+01    0.4500000E+01    0.2877845E-03
1145      0.675000E+01    0.4625000E+01    0.2877791E-03
1146      0.675000E+01    0.4750000E+01    0.2877760E-03
1147      0.675000E+01    0.4875000E+01    0.2877747E-03
1148      0.675000E+01    0.5000000E+01    0.2877743E-03
1149      0.700000E+01    0.0000000E+00    0.3049337E-03
1150      0.700000E+01    0.1250000E+00    0.3049342E-03
1151      0.700000E+01    0.2500000E+00    0.3049357E-03
1152      0.700000E+01    0.3750000E+00    0.3049393E-03
1153      0.700000E+01    0.5000000E+00    0.3049466E-03
1154      0.700000E+01    0.6250000E+00    0.3049573E-03
1155      0.700000E+01    0.7500000E+00    0.3049723E-03
1156      0.700000E+01    0.8750000E+00    0.3049910E-03
1157      0.700000E+01    0.1000000E+01    0.3050131E-03
1158      0.700000E+01    0.1125000E+01    0.3050381E-03
1159      0.700000E+01    0.1250000E+01    0.3050652E-03
1160      0.700000E+01    0.1375000E+01    0.3050934E-03
1161      0.700000E+01    0.1500000E+01    0.3051218E-03
1162      0.700000E+01    0.1625000E+01    0.3051494E-03
1163      0.700000E+01    0.1750000E+01    0.3051754E-03
1164      0.700000E+01    0.1875000E+01    0.3051989E-03
1165      0.700000E+01    0.2000000E+01    0.3052191E-03
1166      0.700000E+01    0.2125000E+01    0.3052355E-03
1167      0.700000E+01    0.2250000E+01    0.3052474E-03
1168      0.700000E+01    0.2375000E+01    0.3052547E-03
1169      0.700000E+01    0.2500000E+01    0.3052570E-03
1170      0.700000E+01    0.2625000E+01    0.3052543E-03
1171      0.700000E+01    0.2750000E+01    0.3052466E-03
1172      0.700000E+01    0.2875000E+01    0.3052341E-03
1173      0.700000E+01    0.3000000E+01    0.3052173E-03
1174      0.700000E+01    0.3125000E+01    0.3051966E-03
1175      0.700000E+01    0.3250000E+01    0.3051727E-03
1176      0.700000E+01    0.3375000E+01    0.3051462E-03
1177      0.700000E+01    0.3500000E+01    0.3051181E-03
1178      0.700000E+01    0.3625000E+01    0.3050893E-03
1179      0.700000E+01    0.3750000E+01    0.3050606E-03
1180      0.700000E+01    0.3875000E+01    0.3050331E-03
1181      0.700000E+01    0.4000000E+01    0.3050076E-03
1182      0.700000E+01    0.4125000E+01    0.3049849E-03
1183      0.700000E+01    0.4250000E+01    0.3049657E-03
1184      0.700000E+01    0.4375000E+01    0.3049502E-03
1185      0.700000E+01    0.4500000E+01    0.3049389E-03
1186      0.700000E+01    0.4625000E+01    0.3049310E-03
1187      0.700000E+01    0.4750000E+01    0.3049268E-03
1188      0.700000E+01    0.4875000E+01    0.3049248E-03
1189      0.700000E+01    0.5000000E+01    0.3049237E-03
1190      0.725000E+01    0.0000000E+00    0.3223381E-03
1191      0.725000E+01    0.1250000E+00    0.3223377E-03
1192      0.725000E+01    0.2500000E+00    0.3223396E-03
1193      0.725000E+01    0.3750000E+00    0.3223452E-03
1194      0.725000E+01    0.5000000E+00    0.3223552E-03
1195      0.725000E+01    0.6250000E+00    0.3223707E-03
1196      0.725000E+01    0.7500000E+00    0.3223914E-03
1197      0.725000E+01    0.8750000E+00    0.3224172E-03
1198      0.725000E+01    0.1000000E+01    0.3224474E-03
1199      0.725000E+01    0.1125000E+01    0.3224811E-03
1200      0.725000E+01    0.1250000E+01    0.3225172E-03
1201      0.725000E+01    0.1375000E+01    0.3225543E-03
1202      0.725000E+01    0.1500000E+01    0.3225914E-03
1203      0.725000E+01    0.1625000E+01    0.3226272E-03
1204      0.725000E+01    0.1750000E+01    0.3226606E-03
1205      0.725000E+01    0.1875000E+01    0.3226905E-03
1206      0.725000E+01    0.2000000E+01    0.3227162E-03
1207      0.725000E+01    0.2125000E+01    0.3227368E-03
1208      0.725000E+01    0.2250000E+01    0.3227519E-03
1209      0.725000E+01    0.2375000E+01    0.3227610E-03
1210      0.725000E+01    0.2500000E+01    0.3227639E-03
1211      0.725000E+01    0.2625000E+01    0.3227606E-03
1212      0.725000E+01    0.2750000E+01    0.3227510E-03
1213      0.725000E+01    0.2875000E+01    0.3227355E-03
1214      0.725000E+01    0.3000000E+01    0.3227144E-03
1215      0.725000E+01    0.3125000E+01    0.3226882E-03
1216      0.725000E+01    0.3250000E+01    0.3226578E-03
1217      0.725000E+01    0.3375000E+01    0.3226240E-03
1218      0.725000E+01    0.3500000E+01    0.3225877E-03
1219      0.725000E+01    0.3625000E+01    0.3225502E-03
1220      0.725000E+01    0.3750000E+01    0.3225125E-03
1221      0.725000E+01    0.3875000E+01    0.3224759E-03
1222      0.725000E+01    0.4000000E+01    0.3224417E-03
1223      0.725000E+01    0.4125000E+01    0.3224110E-03
1224      0.725000E+01    0.4250000E+01    0.3223846E-03
1225      0.725000E+01    0.4375000E+01    0.3223634E-03
1226      0.725000E+01    0.4500000E+01    0.3223473E-03
1227      0.725000E+01    0.4625000E+01    0.3223368E-03
1228      0.725000E+01    0.4750000E+01    0.3223305E-03
1229      0.725000E+01    0.4875000E+01    0.3223281E-03
1230      0.725000E+01    0.5000000E+01    0.3223279E-03
1231      0.750000E+01    0.0000000E+00    0.3399751E-03
1232      0.750000E+01    0.1250000E+00    0.3399771E-03
1233      0.750000E+01    0.2500000E+00    0.3399810E-03
1234      0.750000E+01    0.3750000E+00    0.3399881E-03
1235      0.750000E+01    0.5000000E+00    0.3400030E-03
1236      0.750000E+01    0.6250000E+00    0.3400239E-03
1237      0.750000E+01    0.7500000E+00    0.3400522E-03
1238      0.750000E+01    0.8750000E+00    0.3400869E-03
1239      0.750000E+01    0.1000000E+01    0.3401269E-03
1240      0.750000E+01    0.1125000E+01    0.3401708E-03
1241      0.750000E+01    0.1250000E+01    0.3402172E-03
1242      0.750000E+01    0.1375000E+01    0.3402645E-03
1243      0.750000E+01    0.1500000E+01    0.3403110E-03
1244      0.750000E+01    0.1625000E+01    0.3403553E-03
1245      0.750000E+01    0.1750000E+01    0.3403962E-03
1246      0.750000E+01    0.1875000E+01    0.3404325E-03
1247      0.750000E+01    0.2000000E+01    0.3404634E-03
1248      0.750000E+01    0.2125000E+01    0.3404880E-03
1249      0.750000E+01    0.2250000E+01    0.3405060E-03
1250      0.750000E+01    0.2375000E+01    0.3405168E-03
1251      0.750000E+01    0.2500000E+01    0.3405203E-03
1252      0.750000E+01    0.2625000E+01    0.3405163E-03
1253      0.750000E+01    0.2750000E+01    0.3405051E-03
1254      0.750000E+01    0.2875000E+01    0.3404867E-03
1255      0.750000E+01    0.3000000E+01    0.3404615E-03
1256      0.750000E+01    0.3125000E+01    0.3404302E-03
1257      0.750000E+01    0.3250000E+01    0.3403934E-03
1258      0.750000E+01    0.3375000E+01    0.3403520E-03
1259      0.750000E+01    0.3500000E+01    0.3403072E-03
1260      0.750000E+01    0.3625000E+01    0.3402602E-03
1261      0.750000E+01    0.3750000E+01    0.3402125E-03
1262      0.750000E+01    0.3875000E+01    0.3401656E-03
1263      0.750000E+01    0.4000000E+01    0.3401211E-03
1264      0.750000E+01    0.4125000E+01    0.3400805E-03
1265      0.750000E+01    0.4250000E+01    0.3400453E-03
1266      0.750000E+01    0.4375000E+01    0.3400164E-03
1267      0.750000E+01    0.4500000E+01    0.3399949E-03
1268      0.750000E+01    0.4625000E+01    0.3399795E-03
1269      0.750000E+01    0.4750000E+01    0.3399718E-03
1270      0.750000E+01    0.4875000E+01    0.3399672E-03
1271      0.750000E+01    0.5000000E+01    0.3399646E-03
1272      0.775000E+01    0.0000000E+00    0.3578412E-03
1273      0.775000E+01    0.1250000E+00    0.3578402E-03
1274      0.775000E+01    0.2500000E+00    0.3578436E-03
1275      0.775000E+01    0.3750000E+00    0.3578556E-03
1276      0.775000E+01    0.5000000E+00    0.3578748E-03
1277      0.775000E+01    0.6250000E+00    0.3579042E-03
1278      0.775000E+01    0.7500000E+00    0.3579420E-03
1279      0.775000E+01    0.8750000E+00    0.3579876E-03
1280      0.775000E+01    0.1000000E+01    0.3580392E-03
1281      0.775000E+01    0.1125000E+01    0.3580947E-03
1282      0.775000E+01    0.1250000E+01    0.3581520E-03
1283      0.775000E+01    0.1375000E+01    0.3582093E-03
1284      0.775000E+01    0.1500000E+01    0.3582646E-03
1285      0.775000E+01    0.1625000E+01    0.3583163E-03
1286      0.775000E+01    0.1750000E+01    0.3583633E-03
1287      0.775000E+01    0.1875000E+01    0.3584044E-03
1288      0.775000E+01    0.2000000E+01    0.3584389E-03
1289      0.775000E+01    0.2125000E+01    0.3584661E-03
1290      0.775000E+01    0.2250000E+01    0.3584858E-03
1291      0.775000E+01    0.2375000E+01    0.3584976E-03
1292      0.775000E+01    0.2500000E+01    0.3585014E-03
1293      0.775000E+01    0.2625000E+01    0.3584971E-03
1294      0.775000E+01    0.2750000E+01    0.3584849E-03
1295      0.775000E+01    0.2875000E+01    0.3584647E-03
1296      0.775000E+01    0.3000000E+01    0.3584370E-03
1297      0.775000E+01    0.3125000E+01    0.3584020E-03
1298      0.775000E+01    0.3250000E+01    0.3583605E-03
1299      0.775000E+01    0.3375000E+01    0.3583130E-03
1300      0.775000E+01    0.3500000E+01    0.3582607E-03
1301      0.775000E+01    0.3625000E+01    0.3582049E-03
1302      0.775000E+01    0.3750000E+01    0.3581472E-03
1303      0.775000E+01    0.3875000E+01    0.3580893E-03
1304      0.775000E+01    0.4000000E+01    0.3580333E-03
1305      0.775000E+01    0.4125000E+01    0.3579812E-03
1306      0.775000E+01    0.4250000E+01    0.3579350E-03
1307      0.775000E+01    0.4375000E+01    0.3578966E-03
1308      0.775000E+01    0.4500000E+01    0.3578666E-03
1309      0.775000E+01    0.4625000E+01    0.3578468E-03
1310      0.775000E+01    0.4750000E+01    0.3578341E-03
1311      0.775000E+01    0.4875000E+01    0.3578301E-03
1312      0.775000E+01    0.5000000E+01    0.3578305E-03
1313      0.800000E+01    0.0000000E+00    0.3759142E-03
1314      0.800000E+01    0.1250000E+00    0.3759194E-03
1315      0.800000E+01    0.2500000E+00    0.3759311E-03
1316      0.800000E+01    0.3750000E+00    0.3759434E-03
1317      0.800000E+01    0.5000000E+00    0.3759718E-03
1318      0.800000E+01    0.6250000E+00    0.3760101E-03
1319      0.800000E+01    0.7500000E+00    0.3760592E-03
1320      0.800000E+01    0.8750000E+00    0.3761166E-03
1321      0.800000E+01    0.1000000E+01    0.3761798E-03
1322      0.800000E+01    0.1125000E+01    0.3762459E-03
1323      0.800000E+01    0.1250000E+01    0.3763123E-03
1324      0.800000E+01    0.1375000E+01    0.3763765E-03
1325      0.800000E+01    0.1500000E+01    0.3764368E-03
1326      0.800000E+01    0.1625000E+01    0.3764916E-03
1327      0.800000E+01    0.1750000E+01    0.3765400E-03
1328      0.800000E+01    0.1875000E+01    0.3765814E-03
1329      0.800000E+01    0.2000000E+01    0.3766154E-03
1330      0.800000E+01    0.2125000E+01    0.3766417E-03
1331      0.800000E+01    0.2250000E+01    0.3766605E-03
1332      0.800000E+01    0.2375000E+01    0.3766716E-03
1333      0.800000E+01    0.2500000E+01    0.3766752E-03
1334      0.800000E+01    0.2625000E+01    0.3766712E-03
1335      0.800000E+01    0.2750000E+01    0.3766595E-03
1336      0.800000E+01    0.2875000E+01    0.3766403E-03
1337      0.800000E+01    0.3000000E+01    0.3766135E-03
1338      0.800000E+01    0.3125000E+01    0.3765790E-03
1339      0.800000E+01    0.3250000E+01    0.3765372E-03
1340      0.800000E+01    0.3375000E+01    0.3764882E-03
1341      0.800000E+01    0.3500000E+01    0.3764329E-03
1342      0.800000E+01    0.3625000E+01    0.3763721E-03
1343      0.800000E+01    0.3750000E+01    0.3763073E-03
1344      0.800000E+01    0.3875000E+01    0.3762405E-03
1345      0.800000E+01    0.4000000E+01    0.3761738E-03
1346      0.800000E+01    0.4125000E+01    0.3761101E-03
1347      0.800000E+01    0.4250000E+01    0.3760520E-03
1348      0.800000E+01    0.4375000E+01    0.3760023E-03
1349      0.800000E+01    0.4500000E+01    0.3759635E-03
1350      0.800000E+01    0.4625000E+01    0.3759344E-03
1351      0.800000E+01    0.4750000E+01    0.3759215E-03
1352      0.800000E+01    0.4875000E+01    0.3759091E-03
1353      0.800000E+01    0.5000000E+01    0.3759032E-03
1354      0.825000E+01    0.0000000E+00    0.3942363E-03
1355      0.825000E+01    0.1250000E+00    0.3942338E-03
1356      0.825000E+01    0.2500000E+00    0.3942375E-03
1357      0.825000E+01    0.3750000E+00    0.3942629E-03
1358      0.825000E+01    0.5000000E+00    0.3942988E-03
1359      0.825000E+01    0.6250000E+00    0.3943498E-03
1360      0.825000E+01    0.7500000E+00    0.3944118E-03
1361      0.825000E+01    0.8750000E+00    0.3944812E-03
1362      0.825000E+01    0.1000000E+01    0.3945538E-03
1363      0.825000E+01    0.1125000E+01    0.3946260E-03
1364      0.825000E+01    0.1250000E+01    0.3946947E-03
1365      0.825000E+01    0.1375000E+01    0.3947576E-03
1366      0.825000E+01    0.1500000E+01    0.3948134E-03
1367      0.825000E+01    0.1625000E+01    0.3948613E-03
1368      0.825000E+01    0.1750000E+01    0.3949013E-03
1369      0.825000E+01    0.1875000E+01    0.3949337E-03
1370      0.825000E+01    0.2000000E+01    0.3949589E-03
1371      0.825000E+01    0.2125000E+01    0.3949776E-03
1372      0.825000E+01    0.2250000E+01    0.3949904E-03
1373      0.825000E+01    0.2375000E+01    0.3949978E-03
1374      0.825000E+01    0.2500000E+01    0.3950001E-03
1375      0.825000E+01    0.2625000E+01    0.3949973E-03
1376      0.825000E+01    0.2750000E+01    0.3949895E-03
1377      0.825000E+01    0.2875000E+01    0.3949762E-03
1378      0.825000E+01    0.3000000E+01    0.3949569E-03
1379      0.825000E+01    0.3125000E+01    0.3949312E-03
1380      0.825000E+01    0.3250000E+01    0.3948984E-03
1381      0.825000E+01    0.3375000E+01    0.3948579E-03
1382      0.825000E+01    0.3500000E+01    0.3948094E-03
1383      0.825000E+01    0.3625000E+01    0.3947531E-03
1384      0.825000E+01    0.3750000E+01    0.3946897E-03
1385      0.825000E+01    0.3875000E+01    0.3946204E-03
1386      0.825000E+01    0.4000000E+01    0.3945477E-03
1387      0.825000E+01    0.4125000E+01    0.3944745E-03
1388      0.825000E+01    0.4250000E+01    0.3944045E-03
1389      0.825000E+01    0.4375000E+01    0.3943419E-03
1390      0.825000E+01    0.4500000E+01    0.3942902E-03
1391      0.825000E+01    0.4625000E+01    0.3942537E-03
1392      0.825000E+01    0.4750000E+01    0.3942277E-03
1393      0.825000E+01    0.4875000E+01    0.3942233E-03
1394      0.825000E+01    0.5000000E+01    0.3942251E-03
1395      0.850000E+01    0.0000000E+00    0.4127881E-03
1396      0.850000E+01    0.1250000E+00    0.4127891E-03
1397      0.850000E+01    0.2500000E+00    0.4128298E-03
1398      0.850000E+01    0.3750000E+00    0.4128507E-03
1399      0.850000E+01    0.5000000E+00    0.4128987E-03
1400      0.850000E+01    0.6250000E+00    0.4129617E-03
1401      0.850000E+01    0.7500000E+00    0.4130337E-03
1402      0.850000E+01    0.8750000E+00    0.4131083E-03
1403      0.850000E+01    0.1000000E+01    0.4131801E-03
1404      0.850000E+01    0.1125000E+01    0.4132445E-03
1405      0.850000E+01    0.1250000E+01    0.4132991E-03
1406      0.850000E+01    0.1375000E+01    0.4133423E-03
1407      0.850000E+01    0.1500000E+01    0.4133744E-03
1408      0.850000E+01    0.1625000E+01    0.4133966E-03
1409      0.850000E+01    0.1750000E+01    0.4134103E-03
1410      0.850000E+01    0.1875000E+01    0.4134176E-03
1411      0.850000E+01    0.2000000E+01    0.4134204E-03
1412      0.850000E+01    0.2125000E+01    0.4134205E-03
1413      0.850000E+01    0.2250000E+01    0.4134194E-03
1414      0.850000E+01    0.2375000E+01    0.4134181E-03
1415      0.850000E+01    0.2500000E+01    0.4134175E-03
1416      0.850000E+01    0.2625000E+01    0.4134177E-03
1417      0.850000E+01    0.2750000E+01    0.4134184E-03
1418      0.850000E+01    0.2875000E+01    0.4134190E-03
1419      0.850000E+01    0.3000000E+01    0.4134184E-03
1420      0.850000E+01    0.3125000E+01    0.4134151E-03
1421      0.850000E+01    0.3250000E+01    0.4134073E-03
1422      0.850000E+01    0.3375000E+01    0.4133930E-03
1423      0.850000E+01    0.3500000E+01    0.4133704E-03
1424      0.850000E+01    0.3625000E+01    0.4133377E-03
1425      0.850000E+01    0.3750000E+01    0.4132939E-03
1426      0.850000E+01    0.3875000E+01    0.4132389E-03
1427      0.850000E+01    0.4000000E+01    0.4131738E-03
1428      0.850000E+01    0.4125000E+01    0.4131015E-03
1429      0.850000E+01    0.4250000E+01    0.4130262E-03
1430      0.850000E+01    0.4375000E+01    0.4129536E-03
1431      0.850000E+01    0.4500000E+01    0.4128899E-03
1432      0.850000E+01    0.4625000E+01    0.4128413E-03
1433      0.850000E+01    0.4750000E+01    0.4128198E-03
1434      0.850000E+01    0.4875000E+01    0.4127783E-03
1435      0.850000E+01    0.5000000E+01    0.4127765E-03
1436      0.875000E+01    0.0000000E+00    0.4317343E-03
1437      0.875000E+01    0.1250000E+00    0.4317379E-03
1438      0.875000E+01    0.2500000E+00    0.4317294E-03
1439      0.875000E+01    0.3750000E+00    0.4317801E-03
1440      0.875000E+01    0.5000000E+00    0.4318451E-03
1441      0.875000E+01    0.6250000E+00    0.4319180E-03
1442      0.875000E+01    0.7500000E+00    0.4319905E-03
1443      0.875000E+01    0.8750000E+00    0.4320530E-03
1444      0.875000E+01    0.1000000E+01    0.4320991E-03
1445      0.875000E+01    0.1125000E+01    0.4321250E-03
1446      0.875000E+01    0.1250000E+01    0.4321308E-03
1447      0.875000E+01    0.1375000E+01    0.4321185E-03
1448      0.875000E+01    0.1500000E+01    0.4320920E-03
1449      0.875000E+01    0.1625000E+01    0.4320557E-03
1450      0.875000E+01    0.1750000E+01    0.4320139E-03
1451      0.875000E+01    0.1875000E+01    0.4319710E-03
1452      0.875000E+01    0.2000000E+01    0.4319306E-03
1453      0.875000E+01    0.2125000E+01    0.4318959E-03
1454      0.875000E+01    0.2250000E+01    0.4318692E-03
1455      0.875000E+01    0.2375000E+01    0.4318525E-03
1456      0.875000E+01    0.2500000E+01    0.4318466E-03
1457      0.875000E+01    0.2625000E+01    0.4318520E-03
1458      0.875000E+01    0.2750000E+01    0.4318682E-03
1459      0.875000E+01    0.2875000E+01    0.4318944E-03
1460      0.875000E+01    0.3000000E+01    0.4319285E-03
1461      0.875000E+01    0.3125000E+01    0.4319684E-03
1462      0.875000E+01    0.3250000E+01    0.4320108E-03
1463      0.875000E+01    0.3375000E+01    0.4320521E-03
1464      0.875000E+01    0.3500000E+01    0.4320879E-03
1465      0.875000E+01    0.3625000E+01    0.4321138E-03
1466      0.875000E+01    0.3750000E+01    0.4321255E-03
1467      0.875000E+01    0.3875000E+01    0.4321191E-03
1468      0.875000E+01    0.4000000E+01    0.4320927E-03
1469      0.875000E+01    0.4125000E+01    0.4320460E-03
1470      0.875000E+01    0.4250000E+01    0.4319829E-03
1471      0.875000E+01    0.4375000E+01    0.4319097E-03
1472      0.875000E+01    0.4500000E+01    0.4318361E-03
1473      0.875000E+01    0.4625000E+01    0.4317705E-03
1474      0.875000E+01    0.4750000E+01    0.4317190E-03
1475      0.875000E+01    0.4875000E+01    0.4317267E-03
1476      0.875000E+01    0.5000000E+01    0.4317224E-03
1477      0.900000E+01    0.0000000E+00    0.4511933E-03
1478      0.900000E+01    0.1250000E+00    0.4510603E-03
1479      0.900000E+01    0.2500000E+00    0.4511854E-03
1480      0.900000E+01    0.3750000E+00    0.4512439E-03
1481      0.900000E+01    0.5000000E+00    0.4512992E-03
1482      0.900000E+01    0.6250000E+00    0.4513570E-03
1483      0.900000E+01    0.7500000E+00    0.4513940E-03
1484      0.900000E+01    0.8750000E+00    0.4513954E-03
1485      0.900000E+01    0.1000000E+01    0.4513568E-03
1486      0.900000E+01    0.1125000E+01    0.4512801E-03
1487      0.900000E+01    0.1250000E+01    0.4511731E-03
1488      0.900000E+01    0.1375000E+01    0.4510450E-03
1489      0.900000E+01    0.1500000E+01    0.4509052E-03
1490      0.900000E+01    0.1625000E+01    0.4507626E-03
1491      0.900000E+01    0.1750000E+01    0.4506248E-03
1492      0.900000E+01    0.1875000E+01    0.4504983E-03
1493      0.900000E+01    0.2000000E+01    0.4503881E-03
1494      0.900000E+01    0.2125000E+01    0.4502985E-03
1495      0.900000E+01    0.2250000E+01    0.4502323E-03
1496      0.900000E+01    0.2375000E+01    0.4501917E-03
1497      0.900000E+01    0.2500000E+01    0.4501778E-03
1498      0.900000E+01    0.2625000E+01    0.4501911E-03
1499      0.900000E+01    0.2750000E+01    0.4502312E-03
1500      0.900000E+01    0.2875000E+01    0.4502969E-03
1501      0.900000E+01    0.3000000E+01    0.4503860E-03
1502      0.900000E+01    0.3125000E+01    0.4504957E-03
1503      0.900000E+01    0.3250000E+01    0.4506216E-03
1504      0.900000E+01    0.3375000E+01    0.4507589E-03
1505      0.900000E+01    0.3500000E+01    0.4509009E-03
1506      0.900000E+01    0.3625000E+01    0.4510401E-03
1507      0.900000E+01    0.3750000E+01    0.4511677E-03
1508      0.900000E+01    0.3875000E+01    0.4512741E-03
1509      0.900000E+01    0.4000000E+01    0.4513502E-03
1510      0.900000E+01    0.4125000E+01    0.4513882E-03
1511      0.900000E+01    0.4250000E+01    0.4513861E-03
1512      0.900000E+01    0.4375000E+01    0.4513485E-03
1513      0.900000E+01    0.4500000E+01    0.4512900E-03
1514      0.900000E+01    0.4625000E+01    0.4512339E-03
1515      0.900000E+01    0.4750000E+01    0.4511746E-03
1516      0.900000E+01    0.4875000E+01    0.4510488E-03
1517      0.900000E+01    0.5000000E+01    0.4511809E-03
1518      0.925000E+01    0.0000000E+00    0.4714107E-03
1519      0.925000E+01    0.1250000E+00    0.4715363E-03
1520      0.925000E+01    0.2500000E+00    0.4714643E-03
1521      0.925000E+01    0.3750000E+00    0.4714981E-03
1522      0.925000E+01    0.5000000E+00    0.4715545E-03
1523      0.925000E+01    0.6250000E+00    0.4715439E-03
1524      0.925000E+01    0.7500000E+00    0.4714446E-03
1525      0.925000E+01    0.8750000E+00    0.4712554E-03
1526      0.925000E+01    0.1000000E+01    0.4709974E-03
1527      0.925000E+01    0.1125000E+01    0.4706929E-03
1528      0.925000E+01    0.1250000E+01    0.4703633E-03
1529      0.925000E+01    0.1375000E+01    0.4700271E-03
1530      0.925000E+01    0.1500000E+01    0.4696983E-03
1531      0.925000E+01    0.1625000E+01    0.4693887E-03
1532      0.925000E+01    0.1750000E+01    0.4691067E-03
1533      0.925000E+01    0.1875000E+01    0.4688592E-03
1534      0.925000E+01    0.2000000E+01    0.4686507E-03
1535      0.925000E+01    0.2125000E+01    0.4684853E-03
1536      0.925000E+01    0.2250000E+01    0.4683653E-03
1537      0.925000E+01    0.2375000E+01    0.4682925E-03
1538      0.925000E+01    0.2500000E+01    0.4682680E-03
1539      0.925000E+01    0.2625000E+01    0.4682920E-03
1540      0.925000E+01    0.2750000E+01    0.4683642E-03
1541      0.925000E+01    0.2875000E+01    0.4684836E-03
1542      0.925000E+01    0.3000000E+01    0.4686485E-03
1543      0.925000E+01    0.3125000E+01    0.4688564E-03
1544      0.925000E+01    0.3250000E+01    0.4691034E-03
1545      0.925000E+01    0.3375000E+01    0.4693848E-03
1546      0.925000E+01    0.3500000E+01    0.4696938E-03
1547      0.925000E+01    0.3625000E+01    0.4700220E-03
1548      0.925000E+01    0.3750000E+01    0.4703576E-03
1549      0.925000E+01    0.3875000E+01    0.4706866E-03
1550      0.925000E+01    0.4000000E+01    0.4709904E-03
1551      0.925000E+01    0.4125000E+01    0.4712478E-03
1552      0.925000E+01    0.4250000E+01    0.4714363E-03
1553      0.925000E+01    0.4375000E+01    0.4715349E-03
1554      0.925000E+01    0.4500000E+01    0.4715448E-03
1555      0.925000E+01    0.4625000E+01    0.4714877E-03
1556      0.925000E+01    0.4750000E+01    0.4714529E-03
1557      0.925000E+01    0.4875000E+01    0.4715241E-03
1558      0.925000E+01    0.5000000E+01    0.4713976E-03
1559      0.950000E+01    0.0000000E+00    0.4946785E-03
1560      0.950000E+01    0.1250000E+00    0.4931646E-03
1561      0.950000E+01    0.2500000E+00    0.4930711E-03
1562      0.950000E+01    0.3750000E+00    0.4932317E-03
1563      0.950000E+01    0.5000000E+00    0.4931602E-03
1564      0.950000E+01    0.6250000E+00    0.4928084E-03
1565      0.950000E+01    0.7500000E+00    0.4922612E-03
1566      0.950000E+01    0.8750000E+00    0.4916042E-03
1567      0.950000E+01    0.1000000E+01    0.4908974E-03
1568      0.950000E+01    0.1125000E+01    0.4901873E-03
1569      0.950000E+01    0.1250000E+01    0.4894998E-03
1570      0.950000E+01    0.1375000E+01    0.4888543E-03
1571      0.950000E+01    0.1500000E+01    0.4882615E-03
1572      0.950000E+01    0.1625000E+01    0.4877292E-03
1573      0.950000E+01    0.1750000E+01    0.4872618E-03
1574      0.950000E+01    0.1875000E+01    0.4868629E-03
1575      0.950000E+01    0.2000000E+01    0.4865343E-03
1576      0.950000E+01    0.2125000E+01    0.4862775E-03
1577      0.950000E+01    0.2250000E+01    0.4860935E-03
1578      0.950000E+01    0.2375000E+01    0.4859827E-03
1579      0.950000E+01    0.2500000E+01    0.4859455E-03
1580      0.950000E+01    0.2625000E+01    0.4859821E-03
1581      0.950000E+01    0.2750000E+01    0.4860923E-03
1582      0.950000E+01    0.2875000E+01    0.4862758E-03
1583      0.950000E+01    0.3000000E+01    0.4865320E-03
1584      0.950000E+01    0.3125000E+01    0.4868600E-03
1585      0.950000E+01    0.3250000E+01    0.4872584E-03
1586      0.950000E+01    0.3375000E+01    0.4877251E-03
1587      0.950000E+01    0.3500000E+01    0.4882568E-03
1588      0.950000E+01    0.3625000E+01    0.4888490E-03
1589      0.950000E+01    0.3750000E+01    0.4894938E-03
1590      0.950000E+01    0.3875000E+01    0.4901806E-03
1591      0.950000E+01    0.4000000E+01    0.4908900E-03
1592      0.950000E+01    0.4125000E+01    0.4915961E-03
1593      0.950000E+01    0.4250000E+01    0.4922524E-03
1594      0.950000E+01    0.4375000E+01    0.4927989E-03
1595      0.950000E+01    0.4500000E+01    0.4931499E-03
1596      0.950000E+01    0.4625000E+01    0.4932205E-03
1597      0.950000E+01    0.4750000E+01    0.4930590E-03
1598      0.950000E+01    0.4875000E+01    0.4931511E-03
1599      0.950000E+01    0.5000000E+01    0.4946634E-03
1600      0.975000E+01    0.0000000E+00    0.5185880E-03
1601      0.975000E+01    0.1250000E+00    0.5199428E-03
1602      0.975000E+01    0.2500000E+00    0.5197141E-03
1603      0.975000E+01    0.3750000E+00    0.5184489E-03
1604      0.975000E+01    0.5000000E+00    0.5168094E-03
1605      0.975000E+01    0.6250000E+00    0.5151129E-03
1606      0.975000E+01    0.7500000E+00    0.5134726E-03
1607      0.975000E+01    0.8750000E+00    0.5119496E-03
1608      0.975000E+01    0.1000000E+01    0.5105561E-03
1609      0.975000E+01    0.1125000E+01    0.5092961E-03
1610      0.975000E+01    0.1250000E+01    0.5081651E-03
1611      0.975000E+01    0.1375000E+01    0.5071579E-03
1612      0.975000E+01    0.1500000E+01    0.5062694E-03
1613      0.975000E+01    0.1625000E+01    0.5054946E-03
1614      0.975000E+01    0.1750000E+01    0.5048299E-03
1615      0.975000E+01    0.1875000E+01    0.5042719E-03
1616      0.975000E+01    0.2000000E+01    0.5038184E-03
1617      0.975000E+01    0.2125000E+01    0.5034673E-03
1618      0.975000E+01    0.2250000E+01    0.5032174E-03
1619      0.975000E+01    0.2375000E+01    0.5030677E-03
1620      0.975000E+01    0.2500000E+01    0.5030177E-03
1621      0.975000E+01    0.2625000E+01    0.5030671E-03
1622      0.975000E+01    0.2750000E+01    0.5032162E-03
1623      0.975000E+01    0.2875000E+01    0.5034655E-03
1624      0.975000E+01    0.3000000E+01    0.5038160E-03
1625      0.975000E+01    0.3125000E+01    0.5042689E-03
1626      0.975000E+01    0.3250000E+01    0.5048263E-03
1627      0.975000E+01    0.3375000E+01    0.5054903E-03
1628      0.975000E+01    0.3500000E+01    0.5062644E-03
1629      0.975000E+01    0.3625000E+01    0.5071523E-03
1630      0.975000E+01    0.3750000E+01    0.5081587E-03
1631      0.975000E+01    0.3875000E+01    0.5092890E-03
1632      0.975000E+01    0.4000000E+01    0.5105482E-03
1633      0.975000E+01    0.4125000E+01    0.5119408E-03
1634      0.975000E+01    0.4250000E+01    0.5134630E-03
1635      0.975000E+01    0.4375000E+01    0.5151023E-03
1636      0.975000E+01    0.4500000E+01    0.5167978E-03
1637      0.975000E+01    0.4625000E+01    0.5184360E-03
1638      0.975000E+01    0.4750000E+01    0.5197001E-03
1639      0.975000E+01    0.4875000E+01    0.5199274E-03
1640      0.975000E+01    0.5000000E+01    0.5185704E-03
1641      0.100000E+02    0.0000000E+00    0.5739819E-03
1642      0.100000E+02    0.1250000E+00    0.5606144E-03
1643      0.100000E+02    0.2500000E+00    0.5509857E-03
1644      0.100000E+02    0.3750000E+00    0.5444982E-03
1645      0.100000E+02    0.5000000E+00    0.5398345E-03
1646      0.100000E+02    0.6250000E+00    0.5362615E-03
1647      0.100000E+02    0.7500000E+00    0.5334140E-03
1648      0.100000E+02    0.8750000E+00    0.5310452E-03
1649      0.100000E+02    0.1000000E+01    0.5290366E-03
1650      0.100000E+02    0.1125000E+01    0.5273023E-03
1651      0.100000E+02    0.1250000E+01    0.5257969E-03
1652      0.100000E+02    0.1375000E+01    0.5244856E-03
1653      0.100000E+02    0.1500000E+01    0.5233479E-03
1654      0.100000E+02    0.1625000E+01    0.5223675E-03
1655      0.100000E+02    0.1750000E+01    0.5215340E-03
1656      0.100000E+02    0.1875000E+01    0.5208391E-03
1657      0.100000E+02    0.2000000E+01    0.5202771E-03
1658      0.100000E+02    0.2125000E+01    0.5198437E-03
1659      0.100000E+02    0.2250000E+01    0.5195361E-03
1660      0.100000E+02    0.2375000E+01    0.5193521E-03
1661      0.100000E+02    0.2500000E+01    0.5192907E-03
1662      0.100000E+02    0.2625000E+01    0.5193515E-03
1663      0.100000E+02    0.2750000E+01    0.5195349E-03
1664      0.100000E+02    0.2875000E+01    0.5198419E-03
1665      0.100000E+02    0.3000000E+01    0.5202747E-03
1666      0.100000E+02    0.3125000E+01    0.5208360E-03
1667      0.100000E+02    0.3250000E+01    0.5215303E-03
1668      0.100000E+02    0.3375000E+01    0.5223631E-03
1669      0.100000E+02    0.3500000E+01    0.5233428E-03
1670      0.100000E+02    0.3625000E+01    0.5244798E-03
1671      0.100000E+02    0.3750000E+01    0.5257904E-03
1672      0.100000E+02    0.3875000E+01    0.5272950E-03
1673      0.100000E+02    0.4000000E+01    0.5290284E-03
1674      0.100000E+02    0.4125000E+01    0.5310360E-03
1675      0.100000E+02    0.4250000E+01    0.5334037E-03
1676      0.100000E+02    0.4375000E+01    0.5362499E-03
1677      0.100000E+02    0.4500000E+01    0.5398213E-03
1678      0.100000E+02    0.4625000E+01    0.5444830E-03
1679      0.100000E+02    0.4750000E+01    0.5509673E-03
1680      0.100000E+02    0.4875000E+01    0.5605903E-03
1681      0.100000E+02    0.5000000E+01    0.5739481E-03
