1 401
70000672597.984512
70000315980.348587
70000411841.368622
70000041464.581482
70000475025.827148
70000945199.991959
70000843414.715179
70000241202.480576
70000516371.236221
70000188762.332993
70000544410.303177
70000281839.662964
70000433592.758636
70000017358.939972
70000788262.692337
70000426398.444534
70000067366.932693
70000975357.280350
70000931682.468552
70000268711.237900
70000167899.313629
70000261591.165985
70000203500.895599
70000075182.529541
70000815124.694016
70000234137.563202
70000845522.843506
70000743861.862000
70000916761.545517
70000685964.375259
1.000000
70000371096.206421
70000566863.825043
70000313502.545502
70000230928.156967
70000875892.185318
70000522722.264145
70000670946.899277
70000687656.291763
70000194816.224136
70000026225.278656
70000426014.645828
70000349555.732254
70000165999.762894
70000136394.481018
70000798761.643143
70000076373.415207
70000271555.030350
70000350655.234177
70000603821.487488
70000770171.297165
70000018838.516663
70000322594.730316
70000458420.660355
70000157156.024277
70000347515.258606
70000804357.469864
70000460879.894714
70000024667.123856
70000335738.073608
70000459669.102051
70000628717.826477
1.000000
70000568228.531662
70000842929.879730
70000484747.432312
70000820017.195786
70000072927.425934
70000144450.222595
70000973845.102814
70000795267.823059
70000523513.055557
70000385257.332672
70000926587.224655
70000433538.490067
70000045905.671310
70000272408.391174
70000945050.725357
70000225359.311356
70000143528.560150
70000646572.702606
70000515309.869766
70000970797.526566
70000330361.084198
70000893509.527740
70000259273.172791
70000094243.658142
1.000000
70000831914.489700
70000566812.703690
70000452983.927078
1.000000
70000317663.375305
70000626927.889938
70000643284.502838
70000746017.286835
70000875894.534821
1.000000
70000605458.241592
70000299423.092438
70000453563.260330
70000799928.493790
70000298270.296600
70000799210.139069
70000330487.482254
70000638782.424606
70000715357.009949
70000568719.911697
70000350383.222229
70000321310.628159
70000790152.216370
70000947375.265152
70000195659.360657
70000458147.581436
70000893025.387222
70000211385.935913
70000982892.878769
70000391678.621826
70000909645.687836
70000467221.170624
70000249662.925491
70000048399.085068
70000022661.483704
70000752699.228348
70000008006.220612
70000536569.789032
70000549218.238831
70000688327.001114
70000431758.162430
70000236945.642624
70000594710.497116
70000891578.346115
70000302484.498367
70000045518.380386
70000811205.069870
70000320747.370941
70000525322.713745
70000927612.409561
70000189561.871780
70000801832.711060
70000788261.958374
70000015961.779266
70000035379.642944
70000778594.159271
70000014509.559921
1.000000
70000448792.110535
70000470311.883926
70000780939.197876
70000586691.689255
70000811860.929230
70000583759.490356
70000360125.556595
70000402415.510010
70000081196.481674
70000139640.834824
70000976966.913345
70000135680.148819
70000224121.958282
70000540293.089645
1.000000
70000781904.661102
70000084495.375336
70000513539.275208
70000699007.985107
70000316977.769424
1.000000
70000408388.398834
70000071217.026779
70000643085.881424
70000503418.192947
70000649333.283234
70000613805.212387
70000075585.286850
70000539578.509720
70000830919.500061
70000974527.367538
70000569155.398590
70000653243.207352
70000591826.304688
70000429613.640686
70000260191.591934
70000761936.584717
70000262448.296661
70000018977.065048
70000096954.921738
70000521317.456406
70000561170.646408
70000413313.863800
70000643427.580215
70000555385.266296
70000896324.571945
70000167096.336319
70000544350.685669
70000072876.806503
70000255737.778229
70000305536.658569
70000660688.912430
70000776296.649185
70000831838.918152
70000908740.593140
70000682158.208054
70000298258.046127
70000014773.428299
70000166693.520630
70000556965.874008
70000465344.288895
70000254532.638947
70000737578.661240
70000023114.626465
70000337689.466202
70000647250.324539
70000921403.273682
70000160426.253510
70000489547.846710
70000771384.017166
70000859829.179108
70000414837.259430
70000985649.255417
1.000000
70000720747.401321
70000672194.329330
70000245844.207001
70000119827.927216
70000759573.412018
70000615471.303299
70000795264.300919
70000477881.181351
70000392671.765823
70000950631.661713
1.000000
70000561690.824142
1.000000
70000903185.559708
70000405894.387772
70000760267.579956
70000624765.970551
70000273234.169983
70000186326.900040
70000255880.544785
70000577872.820648
70000020306.530487
70000493758.911163
70000220339.101440
70000406150.095764
70000275290.533646
70000533680.962128
70000379003.314926
70000060740.238846
70000383794.076370
70000381750.185181
70000533584.577744
1.000000
70000610943.543655
70000503098.135712
70000476310.631256
70000054727.002426
70000119980.342346
1.000000
70000094882.323059
70000203740.963501
70000997576.970337
70000932531.527374
70000235042.453079
1.000000
70000906342.005997
70000268867.755157
70000191474.988129
70000146471.462723
70000784918.754166
70000130685.360962
70000926741.967239
70000937725.790848
70000395682.927383
70000643603.271942
70000769239.780289
70000163150.792877
70000678617.916580
70000241767.321152
70000767172.262695
70000302331.851074
70000070471.644211
70000997500.558441
70000836382.199280
70000634539.495956
70000609955.090164
70000810778.383392
70000660829.734055
70000253406.952423
70000503348.832489
70000545684.003006
70000857909.597656
70000210800.363785
1.000000
70000868107.818466
70000039968.984512
70000122119.006226
70000783532.407425
70000161838.354309
70000697990.637634
70000026148.054825
70000002293.815567
70000127266.320312
70000698673.397339
70000183924.234314
70000558349.486755
70000945768.933014
70000759870.724792
70000653159.539993
70000945232.406006
70000221262.790878
70000042624.000961
70000808160.955078
70000265851.197144
1.000000
70000358423.571594
70000017843.091278
70000924214.076126
70000334212.305817
70000911758.605194
70000935848.568008
70000585590.556381
70000369134.549484
1.000000
70000644967.910339
70000435934.678055
70000861300.592941
70000858394.243500
70000622924.145111
70000857900.480713
70000719776.012878
70000733151.299179
70000640419.247772
70000194078.011490
70000271680.438675
1.000000
70000361781.115723
70000635658.945328
70000456362.618057
1.000000
70000205116.791565
70000317517.166199
70000214935.150360
70000284768.026810
1.000000
70000077484.481857
70000738484.419418
70000600700.737320
70000438286.572800
70000642933.461746
70000781868.976517
70000515580.386230
70000271019.065567
70000776400.865784
70000312503.872147
1.000000
70000806904.302917
70000029144.406998
70000564363.488373
70000890361.584152
70000802352.188034
70000978891.278992
70000558229.046417
70000526830.259277
70000734296.763214
70000721169.169739
70000111352.407516
70000933459.029556
70000523761.210785
70000953285.322662
70000007389.681992
70000786324.296219
70000282402.569412
1.000000
70000394027.630768
70000406093.000595
70000601916.898422
70000342377.045349
70000555592.393555
70000923761.401138
70000653950.149475
70000094431.760666
70000411567.472916
70000774460.083588
70000198829.555298
70000672628.654892
70000272678.806351
70000566061.188507
70000201022.757401
70000779482.358765
70000964846.342606
70000402759.018372
70000065412.601685
70000080960.819061
70000583956.491623
70000231062.465668
70000020874.099747
70000069785.285690
70000606600.217606
70000117779.483459
0.33
 0 0 0 0 0 0 0 0 0 0 0 0 0
