1 401
1.000000
70000173503.213669
70000443029.265488
70000088208.262100
70000172746.062958
70000338503.198273
70000857573.542740
70000328604.235504
70000785756.338638
70000887555.271301
70000734697.832962
70000364671.521606
70000246316.145508
70000655196.666931
70000146234.171021
70000173740.788361
70000173052.076736
70000623945.605881
70000756387.443649
70000743835.475693
1.000000
1.000000
1.000000
70000102654.860703
70000304153.458038
1.000000
1.000000
70000501180.469437
70000979066.248383
70000723263.336273
70000358623.540451
70000430138.255661
70000288712.160492
70000048586.216293
70000541526.591446
70000969740.536819
70000608172.941223
70000905757.854111
70000811737.861237
70000484955.857574
70000536622.457153
70000808039.607071
70000029505.466949
70000123454.533279
70000913711.419495
1.000000
70000115249.921722
70000066949.317429
70000953372.683258
70000140539.146851
70000653802.176880
70000289493.757202
70000139712.374588
70000882155.548065
70000980084.838791
70000426538.296570
70000535021.539001
70000338255.958435
70000188954.049377
70000210866.005402
70000683769.424149
70000786018.979904
70000901598.397644
70000396266.263947
70000241635.017471
1.000000
1.000000
70000703310.399384
1.000000
70000169967.099731
70000563700.934998
70000964765.317123
70000959429.897018
1.000000
70000598345.847534
70000038103.645935
70000154983.109024
70000020608.646271
70000558695.698273
70000411116.209137
70000264260.057434
70000746049.898514
70000935540.467361
70000704570.341385
70000740958.679855
70000291877.547211
70000441479.076096
70000659721.467926
70000642113.886993
70000050611.574829
70000758033.788620
70000892053.568787
70000263687.666931
70000267063.427155
70000380299.246490
70000449214.338760
70000989338.374069
70000931582.437271
70000684980.879196
70000628506.339966
70000949137.962006
70000001758.820068
70000466279.890991
70000393427.296326
70000383494.610580
70000183936.690781
70000886258.295502
70000540913.102386
70000650789.463577
70000801316.233215
70000314220.919083
70000440559.536209
70000129573.945541
70000347798.600082
70000692803.176712
1.000000
70000949839.564804
70000958878.062515
70000400143.254822
70000479686.676804
70000811614.675461
70000895595.651001
70000312504.804535
70000321989.514771
70000289360.831284
70000257596.306549
70000256706.911652
70000143707.143387
70000331626.621231
70000612629.092010
70000793909.122864
70000263294.579254
70000044885.019928
70000846039.850708
70000029013.981262
70000401371.041138
70000050970.222870
70000911771.223557
70000244017.227783
70000414771.115173
70000047040.610977
70000845716.554291
70000216334.536240
70000912566.344299
70000579065.037399
70000604877.047836
70000501006.834549
70000904315.892731
70000092724.305939
70000476553.216156
70000752257.116547
70000360395.304733
70000190507.886887
70000542215.548843
70000272925.119843
70000169906.969559
70000650886.933487
70000101849.920776
1.000000
70000991359.592804
70000987091.986374
70000922665.229187
70000947563.761932
70000427711.181564
70000065296.074402
70000032291.677170
70000430032.571106
70000088785.211792
70000586256.630142
70000474391.807755
70000884757.514175
70000668510.822708
70000171712.489990
70000781813.626511
70000379658.291000
70000135468.898605
70000589694.796265
70000427004.042862
70000342680.401154
70000487428.755478
70000281350.009323
70000954107.752930
1.000000
70000089610.378265
70000306704.249451
70000255128.588684
70000530346.506393
70000312685.403076
70000744844.031281
70000920185.067261
70000953523.685303
70000613189.624405
70000888220.739899
1.000000
1.000000
70000800095.505096
70000070760.736816
70000696412.566696
70000909038.642715
70000083870.489563
70000129937.112564
70000223825.590607
70000976904.849213
1.000000
70000997987.044662
70000878803.137878
70000240034.168182
70000162650.401352
70000096542.619720
70000899647.367126
70000436854.623138
70000887818.317001
70000115551.030380
70000018325.370804
70000503059.342010
70000473371.149048
70000674247.435349
70000634388.067047
70000596816.046997
70000619724.255386
70000222831.065262
70000441785.624817
70000963082.502136
70000657802.712830
70000982279.875244
70000451183.575500
70000933885.257050
70000084513.658905
70000808572.786057
70000059822.369202
70000345192.788330
70000215415.245316
70000670239.478333
70000365150.004532
70000612920.751511
70000398811.309402
70000105672.447266
70000810417.432480
70000105311.154037
70000880396.388306
70000566165.525558
70000230481.019928
70000206158.578873
70000864589.790268
1.000000
1.000000
70000193956.066498
70000631112.485947
70000549116.594376
70000405948.850113
70000326294.868118
70000694173.766739
70000508946.780685
70000163205.988846
70000471435.401154
70000213774.291321
70000894306.837402
70000390527.669662
70000311054.302444
70000541438.163803
70000832910.557861
1.000000
1.000000
70000563870.476639
70000656382.988083
70000293584.590042
70000086425.743347
70000619085.829803
70000185071.389694
70000493631.301865
70000818189.395920
70000346498.676651
70000246864.715363
70000809471.210434
70000164689.867477
70000886784.395569
70000815049.323975
1.000000
1.000000
70000229058.621994
70000170305.839569
70000296584.118973
70000082875.484344
70000105430.659958
70000800528.268250
70000630068.686325
70000587091.304825
70000818467.169083
70000630280.569382
70000755165.914673
70000846921.649963
1.000000
1.000000
70000263326.392273
70000672201.595490
70000030598.066925
70000999342.213837
70000764561.485657
70000893459.827606
70000566204.360275
70000224191.344208
1.000000
70000363825.938385
70000301250.162537
70000050163.157806
70000912998.114151
70000633916.029434
70000227477.135742
70000202805.164215
70000604756.320297
70000263962.054321
70000650731.654495
70000755946.000031
70000164432.435287
70000105439.512390
70000718890.097366
70000770346.409256
70000083846.926971
70000731730.746353
70000916524.259796
70000896740.179016
70000706986.322205
70000113518.057877
70000082765.915054
70000717363.922623
70000115370.549271
70000476288.561554
70000187796.718765
1.000000
1.000000
70000616714.612534
70000242258.170715
70000648450.716888
1.000000
70000552309.583008
70000623193.248016
70000868032.577698
70000495941.043472
70000350626.197845
70000331082.725616
70000830404.307846
70000043583.304993
70000113444.591064
70000795289.912537
70000890327.607224
70000201016.580750
70000205073.864502
70000591007.965164
70000499839.684967
70000689490.713608
70000910927.854782
70000036962.622253
70000323070.738434
70000195024.030792
70000141225.343079
70000015235.213852
70000502694.532562
70000064597.523331
70000499636.217682
70000390377.107880
70000556371.190735
70000160192.172729
70000729268.608063
70000776892.245438
70000213506.871597
70000743117.976959
70000402931.440125
70000576003.882568
70000975028.025833
70000077539.659042
70000675405.998016
70000341801.307999
70000619726.959015
70000302904.847214
70000428419.550552
70000877916.241302
70000839065.413849
70000734897.252274
70000117326.039795
70000840200.512680
70000890519.694565
70000504755.256851
70000902589.121964
70000711545.777863
70000244657.566086
70000609352.845230
70000926085.092224
70000693136.032547
70000814368.046295
70000097038.983337
70000781844.832062
1.000000
70000251859.243530
70000570483.520874
70000369306.357529
70000138744.018555
70000003779.134796
70000622800.539597
70000722751.370667
70000915990.496552
0.33
 0 0 0 0 0 0 0 0 0 0 0 0 0
