1 401
70000123940.273087
70000267879.373001
70000446771.296066
70000465385.231476
70000528032.686615
70000067701.901291
70000546751.050568
70000796050.381454
70000169595.362411
70000614856.183395
70000359302.941895
70000057482.073090
70000463256.656158
70000516324.033905
70000108431.250717
70000174379.007172
70000460624.426285
70000095853.493668
70000331391.179031
70000930084.132278
70000703529.178040
70000599561.364166
70000635003.559448
70000462051.020203
70000474656.442123
70000652376.177689
70000942855.950531
70000759855.215958
70000930875.277573
70000834251.413773
70000675473.665634
70000074791.696579
70000348941.395126
70000858790.129211
70000644667.003494
70000055430.804199
70000903686.407394
70000343068.948776
70000045783.021133
70000356210.083771
70000398915.658340
70000261896.471848
70000711155.283005
1.000000
70000030421.598526
70000443659.123306
70000322917.820663
70000055159.198990
70000151671.437836
70000122140.522369
70000333711.609833
70000183277.419189
70000514168.593826
70000452711.467438
70000542719.109344
70000181677.978210
70000274497.157120
1.000000
70000160722.589676
70000460209.549805
70000546198.419067
1.000000
70000881019.994141
70000616905.455597
70000827566.867981
70000210962.850815
70000905387.348190
70000874841.534180
70000058723.189102
70000598759.793243
70000585161.536163
70000632971.981842
70000153320.463333
70000967966.353897
70000402483.129425
70000859945.654602
70000798077.147339
70000757953.198456
70000572260.172623
70000433091.986298
70000235403.683167
70000793811.873550
70000359890.472382
70000653631.753159
70000355127.541382
70000499639.296280
70000539578.814453
70000254398.014084
70000786375.919876
1.000000
70000742269.020691
70000010626.491943
70000136022.626801
70000528110.750504
70000882510.402039
70000325959.296661
70000360553.714462
70000533694.268143
70000195428.527649
70000597143.773956
70000012301.526978
70000655580.084503
70000425101.560028
70000381837.485687
70000318048.956970
70000278917.449341
70000471191.135452
70000041438.861862
70000540840.636688
70000530647.907837
70000683697.091827
70000281259.954117
70000150445.578949
70000155869.357925
70000703181.358917
70000946036.052078
70000497777.412491
70000461153.261078
70000353650.531235
1.000000
70000428078.978012
70000153476.738037
70000594985.850906
1.000000
70000421895.976151
70000367598.421829
70000335814.885010
70000914428.287369
70000008249.481064
70000102102.463486
70000889652.064026
70000634591.067139
70000277472.743896
70000503398.812958
70000399228.413986
1.000000
70000259125.720673
70000323848.699341
70000980727.806198
70000300801.210739
70000023918.332825
70000740710.958527
1.000000
70000891717.362961
70000527708.454498
70000165384.115799
70000758825.534592
70000136722.735809
70000559093.989044
70000785445.166656
70000623523.653397
70000236708.490814
70000719951.317719
70000893097.751938
70000247561.143921
1.000000
70000577885.407349
70000915537.782822
70000909690.904114
70000776742.402313
70000721403.179642
70000578688.283081
70000124936.590622
70000183656.052994
70000376308.093384
70000543877.235535
70000025635.440994
70000130650.547363
70000610702.828461
70000431365.563309
70000325729.296631
70000945839.348419
70000485481.743576
70000789567.522888
70000776605.236282
70000137032.752594
70000813863.478683
1.000000
70000537808.119385
70000761746.801056
70000301042.879730
70000298729.004562
70000721605.723053
70000752250.052719
70000414066.746979
70000454227.203232
70000945217.061157
70000711611.024200
70000876554.722382
70000464990.460342
70000995106.704498
70000828119.630936
70000824145.855698
70000642352.017151
70000231522.887589
70000826655.496384
70000291339.480652
70000163443.111542
70000677901.628952
70000735309.424683
70000801426.220306
70000780233.363235
70000596135.360428
70000755536.491760
70000893805.511017
70000699039.968079
70000741623.984116
1.000000
70000806090.834167
70000231398.710892
70000830380.935364
70000029982.385345
70000520692.313828
70000330666.860748
70000691717.911728
70000345702.859116
1.000000
70000778947.512085
70000996432.249161
70000421286.223129
70000751092.948837
70000765508.100235
70000974767.727036
70000533448.895142
70000566991.789047
70000124936.215256
70000240947.180771
70000846818.342911
70000188467.198929
70000246502.865814
70000528157.330093
70000967723.153336
70000047088.268631
70000584017.892471
70000193893.355637
70000723165.756363
70000744133.212677
70000880047.100754
70000502112.204102
70000802258.238098
70000850959.103577
70000922724.361649
70000742112.534332
1.000000
70000058107.357712
70000501046.715134
70000612815.772629
70000095572.690567
70000740644.404907
70000051587.957367
70000360912.066757
70000535891.747330
70000516222.810486
70000126518.395081
70000443147.066132
70000680147.692612
70000794669.352554
70000392347.587051
70000100721.177216
70000934033.315384
70000939587.654785
70000949906.020386
70000980998.171692
70000367491.507431
70000632440.113647
70000953161.685120
70000736834.788071
70000487415.158447
70000174173.935654
70000502954.199692
70000165666.152130
70000103552.028061
70000527331.419922
70000846060.936371
1.000000
70000635887.194611
70000252007.201782
70000047741.378952
70000340311.392746
70000390178.979965
1.000000
70000728759.896286
70000239525.893082
70000980680.871368
70000309367.560822
70000245153.488663
70000022812.721954
70000667031.427811
70000425026.341827
70000317132.117737
70000177865.480087
70000539119.466446
70000648760.586288
70000762313.115463
70000381780.188721
1.000000
70000582796.923798
70000532109.790253
70000991219.331177
70000673538.293076
1.000000
70000556803.703140
70000796565.784332
70000655046.982895
70000805404.874069
70000762861.214966
70000707304.197754
70000563721.394608
70000948586.001022
70000224647.492584
70000936306.297440
70000209327.916153
70000925151.926956
70000110447.802567
70000569222.040909
70000823963.687317
70000568253.529205
70000506772.387436
70000990170.716660
70000359662.433075
70000405544.023895
70000959676.456467
70000912357.290405
70000874856.614670
70000164734.987411
70000235894.855972
70000290471.727493
70000948504.164780
70000219451.215942
70000641229.069138
70000237798.550308
70000797669.067612
70000756006.829132
70000679369.179947
70000321820.167984
70000709244.698303
70000878923.672119
70000540858.624649
70000935571.586014
70000517261.085953
70000618553.986298
70000671922.441666
70000746896.563950
70000118549.725937
70000705955.373138
70000423518.081436
70000835585.346542
70000506675.949326
70000703073.752426
70000791362.300827
70000154677.217117
70000857293.631348
70000203695.824097
1.000000
70000244935.468781
70000967398.757721
70000857300.808960
70000333803.242050
70000633666.123535
70000382950.667450
70000094731.278748
70000100729.600967
70000428553.251938
70000071528.727127
70000819933.076309
70000947397.239746
70000424740.031082
1.000000
70000894044.170425
70000375848.508469
70000996131.184204
70000594810.176239
70000519026.736786
70000219196.298569
70000573961.181305
70000207210.364258
70000190701.750458
70000944616.193298
70000656367.793167
70000119407.114151
70000735636.027679
70000011533.595963
70000725692.250916
70000697017.319702
70000995102.658081
70000600620.407990
70000711061.362152
70000314441.047379
70000592680.184326
70000940563.230881
70000254202.249680
70000028848.087952
70000280794.333099
70000545311.454880
70000967993.830978
70000220351.738571
1.000000
1.000000
70000383226.243103
70000094788.033478
0.33
 0 0 0 0 0 0 0 0 0 0 0 0 0
