1 401
70000204481.778992
1.000000
70000397230.694366
70000030740.882294
70000500583.604401
70000091080.924164
70000055992.134109
70000369903.989594
70000667815.831879
70000999605.068314
70000665597.353287
70000340462.299866
70000107829.578079
70000900156.178406
70000835364.461655
70000619437.060226
70000934430.479721
70000557062.544113
70000045212.975906
70000037375.234375
1.000000
70000862959.858231
70000422833.795639
70000461072.279022
70000767250.086151
70000772954.429184
70000482181.081100
70000965345.882095
70000006189.632797
70000824869.108963
70000353088.638641
70000075463.001022
70000011435.660492
70000247773.900330
70000023562.627625
70000602975.658554
70000396664.974548
70000412206.619049
70000074877.427124
70000507153.515656
70000290700.469971
70000711278.026382
1.000000
70000719722.591492
70000014936.578674
70000372995.803635
70000905378.239365
70000624426.356155
70000252157.158951
70000085034.738815
70000814456.253540
70000614738.112595
70000595248.767014
70000793727.074448
70000845426.773193
70000499099.827576
70000502905.860825
70000928082.063889
70000094782.449402
70000804553.453506
70000274287.295502
70000008080.657593
70000298753.209503
70000442446.689743
70000102138.191330
70000682074.368744
70000921264.824539
70000380069.097092
70000536275.224304
70000645214.569260
70000412962.620773
70000160982.784241
70000537442.365372
70000580536.775360
70000785469.732208
70000876278.671036
70000444113.357285
70000491209.465363
70000649865.923065
70000158566.361923
70000478657.684036
70000683459.877899
70000666550.931824
70000190831.104889
70000938533.729584
70000431284.131500
70000311275.057785
70000840939.092621
70000272888.618240
70000196053.606720
70000135260.277725
70000576413.680878
70000308957.853210
70000836354.577026
70000349900.802902
70000819090.330261
70000843284.020844
70000517767.204971
70000055694.324814
70000941268.468582
70000662513.628235
70000849666.165390
70000452197.080750
70000403275.466827
70000970282.801849
70000013535.538635
70000728922.060028
70000653974.207657
70000496273.900665
70000135878.282196
70000680239.033203
70000598051.237442
70000264452.022827
70000386087.278488
70000485329.289932
70000328819.862946
70000278174.473679
70000977730.173492
70000951852.176041
70000200150.301804
70000455677.085983
70000314178.972733
70000996565.210251
70000392104.572769
70000371854.604019
70000686636.657501
70000530605.888153
70000639861.649628
70000017623.637344
70000261307.744019
70000664275.450012
70000215919.132980
70000401654.538910
70000947951.011414
70000597279.053604
70000377044.895721
70000541738.883743
1.000000
70000270898.703293
70000707126.300323
70000945416.898911
70000668630.608185
70000666961.028091
70000698424.383820
70000951190.953033
70000457951.472992
70000366671.118332
70000359154.297836
70000943693.500183
70000003755.468582
70000302699.399979
70000765742.914734
70000400336.150375
70000673747.270767
70000795873.465042
70000871290.448593
70000837990.247162
70000372912.280487
70000531226.949265
70000349188.671249
70000363289.870911
70000699186.894012
70000529663.180206
1.000000
70000514035.855667
70000069429.376511
1.000000
70000714615.204178
70000742463.294174
70000866424.795807
70000024738.365753
70000897710.622208
70000858473.603821
70000935416.324707
70000901976.725311
70000327827.509506
70000046619.241440
70000089210.628723
1.000000
70000890555.797989
70000420307.171448
70000537078.958817
70000287526.630676
70000830255.870010
70000303833.448776
70000906835.323898
70000797184.771591
70000506197.068588
70000498639.184631
70000698791.238556
70000269403.149429
70000610514.224380
70000393946.647171
70000602731.184113
70000571717.735779
70000716226.499283
70000781562.063858
70000894374.134811
70000124881.189728
70000718440.518219
70000400585.999893
70000597877.720673
70000339037.731247
70000957626.388153
70000004573.295380
70000206221.480072
70000027005.099274
70000331786.192520
70000194182.243423
70000920165.179337
70000954251.941391
70000825269.463837
70000992025.780136
70000778334.104263
70000167359.749649
1.000000
70000223704.849136
70000805574.119019
1.000000
70000649074.845978
70000308153.151657
70000823947.494171
70000870758.557724
70000461248.924438
70000728953.114120
1.000000
70000304081.217056
70000642365.098679
70000134144.821228
70000671205.992783
70000795912.508301
70000966583.034714
70000673159.291260
70000338328.073074
70000719326.448502
70000364292.553741
70000084616.674545
70000363565.119568
70000819296.549072
70000877001.660110
70000532056.725845
70000696677.880859
1.000000
70000545780.778107
70000511081.995148
70000101084.724060
70000046857.596802
70000855158.143814
70000992751.610947
70000603996.370636
70000311762.543320
70000968797.871933
70000556475.535583
70000421954.859680
70000329431.437546
70000314956.613861
1.000000
70000785297.637939
70000529303.811310
70000111754.870544
70000736200.567459
70000506138.454529
70000006607.786591
70000031327.791656
70000228977.088242
70000765054.999039
70000965762.312759
70000502820.062393
70000251653.976593
70000294574.973999
70000800138.826675
70000733773.576828
70000634877.514343
70000353531.194427
70000848853.000153
70000957459.655960
70000741583.901855
70000194997.007080
70000536434.458801
70000418629.818451
70000557501.465790
70000063679.610458
70000161634.984573
70000440743.776184
70000923703.890656
70000613899.469818
70000805390.679413
70000424456.149765
70000139484.268341
70000866374.084885
70000853426.353317
70000517830.101334
70000548814.714539
70000905000.880859
70000620784.328583
70000748734.072723
70000507391.518524
70000392971.537689
70000022683.555130
1.000000
70000093462.862778
70000238410.366470
70000434403.656616
70000999626.858063
70000177813.713745
1.000000
70000643108.760712
70000914399.347733
70000377314.126266
70000900124.732849
70000864592.623779
70000371089.167511
70000562242.007523
70000236449.150314
70000890717.281464
70000346431.609406
70000314314.159698
70000838113.273315
70000270793.283630
70000140434.749084
70000029441.279831
70000751185.206909
70000341194.824860
70000985885.958511
70000095221.279755
70000557966.845108
70000076042.968552
70000957180.034286
70000645072.498245
70000988822.975021
70000865458.418976
70000037021.854874
70000096670.145828
70000268309.347763
70000086501.987061
70000706009.080383
70000054597.959702
70000316279.586472
1.000000
70000240060.715591
70000648451.298401
70000546370.435516
70000185891.086502
70000650794.954803
70000019241.008759
70000324110.263824
1.000000
70000595677.042709
70000229278.608276
70000011449.283600
70000879225.594177
70000613828.713470
1.000000
70000816958.330048
70000173754.280350
70000313697.655228
70000247379.251968
70000191841.176208
70000465119.623245
70000259052.681580
70000619241.926758
70000195362.421707
70000578088.266846
70000168464.166626
70000015115.255005
70000783682.734985
70000560798.164917
70000614571.322159
70000451676.899353
70000720481.998962
70000156997.014297
70000253274.097809
70000164611.238327
70000705190.224289
70000606915.508484
70000283949.132095
70000448071.210510
70000615209.812881
70000700865.886841
70000595678.013748
70000077622.032791
70000026742.931610
70000554969.515778
1.000000
1.000000
70000274928.014145
70000074055.128143
70000110214.989502
1.000000
70000680044.102463
70000431456.967880
70000781511.842499
70000302197.872513
70000782273.103683
70000417127.572891
70000777801.700790
70000960063.753372
70000439870.362076
70000126306.381958
70000625308.027588
0.33
 0 0 0 0 0 0 0 0 0 0 0 0 0
