1 401
70000395244.430145
1.000000
70000548370.391602
70000682020.955154
70000297371.354355
70000253506.816742
1.000000
70000275296.894012
1.000000
70000907873.291489
70000858197.550583
70000797986.159561
70000206791.451324
70000977461.175156
1.000000
70000428603.671310
70000335397.472260
70000002930.889954
70000775143.042191
70000500029.270248
1.000000
70000930772.494049
70000404819.576874
70000175454.989548
70000757272.829727
70000191348.943054
70000854387.905441
70000177882.089539
70000931646.517685
70000674828.315216
70000860899.499146
70000909227.315811
70000897277.487823
70000356289.600708
70000629585.814636
70000109856.831467
70000239380.014191
70000420072.836349
70000749007.442108
70000842985.121674
70000606883.561951
70000721559.136673
70000377395.126846
70000975208.215698
70000342231.683411
70000373127.944580
70000386873.974152
1.000000
70000190344.549881
70000721931.960876
70000413923.448792
70000466867.489044
1.000000
70000988999.206741
70000249199.084717
70000909177.683929
70000830250.452118
70000444899.125854
70000514102.243317
70000886267.746964
70000601865.717209
70000079283.540771
70000257186.148682
70000888165.692993
70000917731.015671
70000257575.003235
70000491819.757095
70000145596.302856
1.000000
70000258739.069214
70000338054.365250
70000399148.329910
70000109222.031784
70000682775.521957
70000532193.835159
70000118700.010574
70000569855.100769
70000056258.815231
70000425242.254593
70000605080.861176
70000801336.858353
70000354492.625748
70000123797.974533
70000919051.787582
70000699219.155624
70000914597.943207
70000740464.635681
70000106440.017502
70000881582.580643
70000848711.730316
1.000000
70000514545.260834
70000229716.529938
70000531592.662354
70000549166.020203
70000142205.892761
70000823207.669647
70000538463.840103
70000718263.091278
70000272971.385635
70000957427.392090
70000091781.016785
70000606658.080307
70000711740.450912
70000885750.070068
70000494150.561447
70000905669.811371
70000029317.239120
1.000000
70000338305.778122
70000542120.027405
70000549786.316742
70000535968.661331
70000685836.826035
70000272952.614410
70000180544.050827
70000498356.061966
1.000000
70000756052.344696
70000252652.863510
70000671515.903503
70000279737.677811
70000208045.311584
70000221357.140762
70000044687.557144
70000333181.411346
70000571354.395279
70000512875.538773
1.000000
70000105001.031128
70000182195.534073
70000329816.207413
70000644998.249542
70000507703.244095
70000328636.721207
70000470337.961227
70000770730.747559
70000374798.022476
70000181081.496338
70000266688.105011
70000259472.337570
70000432150.877258
70000665995.008438
70000781749.251938
70000687804.128067
70000900352.290543
70000094653.795685
70000720860.338593
70000616431.628235
70000388756.459930
70000553688.375061
70000387518.681183
70000483320.742081
70000934584.424835
70000841331.343262
70000173062.569412
70000300654.580811
70000256018.166428
70000735104.928726
70000100043.836044
70000509355.864792
70000339766.791061
70000308372.079254
70000024149.082413
70000117953.756363
70000220394.058792
70000947253.361649
70000172773.251724
70000362733.204544
70000552030.216568
70000851615.522308
70000757229.138489
70000250850.290878
70000298516.710251
70000587913.776443
70000440122.424606
70000562918.073746
70000802665.680435
70000124672.005005
70000237051.439850
70000602796.324753
70000431559.257935
70000963994.481094
70000359290.047546
70000985909.145004
70000767596.106323
70000273348.471619
1.000000
70000695185.892456
70000000452.708725
70000011746.193695
70000564415.244324
70000700009.880447
70000418562.800568
1.000000
70000014919.783661
70000029984.644989
70000659323.435181
70000346882.696091
70000481701.881882
70000989314.579788
70000121198.167633
70000542885.842331
70000785207.371262
70000872779.157028
70000664335.877197
70000454626.281052
70000251491.866425
70000190363.348694
70000525853.066605
70000062095.553146
70000497878.781693
70000077911.710190
70000294110.097443
70000495283.747696
70000267135.119843
70000839911.693192
70000140510.359940
70000324735.473724
70000931417.489731
70000884676.147171
70000077506.320572
70000224979.682007
70000647649.479813
70000420156.625473
70000813704.725113
1.000000
70000188248.408356
70000146590.580582
70000707083.386353
70000057418.963303
70000604659.034180
70000477761.065964
70000372652.318192
70000746679.103958
70000700814.540222
70000779975.530334
70000510718.513397
70000746806.239410
70000673857.952347
70000388909.725571
70000760392.007645
70000361755.708450
70000092525.382065
70000629242.337479
70000861177.461761
70000004365.450989
70000652732.655716
70000323352.013412
70000716609.060501
70000660920.071274
70000538381.887329
70000181540.898468
70000507753.172760
1.000000
70000026774.588104
70000784334.851639
70000564707.108963
70000907417.400208
70000916179.733215
70000079638.179230
70000693514.636948
70000154208.556091
70000469647.791397
1.000000
1.000000
70000528386.295792
70000632686.215454
70000755791.907776
70000369802.743118
70000121536.236115
70000490273.454636
70000489582.971436
70000983366.396805
70000535836.717651
70000225183.937256
70000404491.360596
1.000000
70000221233.760986
70000176269.571426
70000441896.872360
70000124931.976639
70000830964.367828
70000432061.116333
70000406714.761353
70000090718.387207
70000354136.032364
70000040775.716568
70000706843.077286
70000143911.110550
70000354915.575577
70000252832.759125
70000816498.988800
1.000000
70000292430.699921
70000839171.235382
70000312182.635132
1.000000
70000241699.084763
70000443806.918304
70000460003.245117
70000082417.669617
70000648940.939468
70000475690.022949
70000066356.168533
70000788405.570007
70000259842.355148
70000867436.918884
70000251980.402191
70000269548.852890
70000687123.762161
70000358276.131973
70000063203.688370
70000998669.886444
70000812549.807526
70000781329.487289
70000742884.533585
70000028920.210052
70000327772.143555
70000669848.080338
70000441853.173141
70000150602.787231
1.000000
70000628465.211487
70000277169.405182
70000244472.198975
70000925466.204178
70000023032.701996
70000810184.492477
70000453366.294815
70000050150.164047
70000264446.182739
70000399680.806976
70000562909.935287
70000765298.390656
70000767357.509750
1.000000
70000812829.925644
70000587663.613998
70000651434.439819
1.000000
70000520531.402557
70000430541.889816
70000510563.472488
70000494860.319809
70000209002.526169
70000734412.837341
70000617745.661301
70000312061.363281
70000530084.935806
70000405468.025925
70000594008.997696
70000324834.580292
70000665621.772263
70000760134.120789
70000334375.857986
70000840807.658997
70000754802.808319
70000526214.357239
70000920352.269287
70000199947.669495
70000600871.466110
70000948558.825378
70000137669.129639
70000090193.718704
70000481312.269501
70000591197.489716
70000450724.776031
70000725755.759125
1.000000
70000741813.638321
70000020019.863205
70000612601.202530
70000118083.914749
1.000000
1.000000
1.000000
70000604469.280899
70000902701.769272
70000561598.615723
70000571070.664047
70000528661.239594
70000389669.826767
70000985388.966721
1.000000
70000092943.620163
70000331410.026978
70000326720.597748
70000699316.609207
70000705851.728439
70000411706.417480
70000668169.046478
70000804689.081955
70000577614.552475
70000262107.983185
70000592553.065964
70000882781.703995
70000411444.857315
70000939478.282578
1.000000
0.33
 0 0 0 0 0 0 0 0 0 0 0 0 0
