1 401
70000238975.403915
1.000000
70000919673.153885
70000075676.552856
70000903012.985580
70000173429.749069
70000135662.734314
70000281143.325317
70000947249.899216
70000864686.163269
70000679364.475250
70000980113.885910
70000542156.944855
70000841000.002991
70000306322.779633
1.000000
70000962348.058136
70000497662.786179
70000464540.602493
70000015531.957596
70000025186.485901
70000751068.153793
70000078428.571365
70000126412.647064
70000795204.505157
70000777588.715012
70000271346.608490
70000916340.390060
1.000000
70000466518.965927
70000657596.570999
1.000000
70000856118.270844
70000872452.119064
70000527257.301758
70000754240.067917
70000252599.573303
1.000000
70000667799.542587
70000101335.244461
70000876342.029312
70000635459.217438
70000710276.897491
70000826844.686691
70000692623.960739
70000476578.793884
70000485420.771378
70000920833.721756
1.000000
70000484185.669022
70000758453.966904
70000209979.448120
70000944494.103973
70000461074.062012
70000493169.922318
70000937780.461304
70000619292.074127
70000386399.118790
70000940510.917831
70000721456.573456
70000719802.775513
70000221678.713699
70000826760.464767
70000059841.105804
70000987651.048828
70000288093.822693
70000443999.346710
70000630669.507568
1.000000
70000431174.837296
70000372348.533432
70000323233.208878
70000738027.919052
70000367541.515778
70000492338.292252
1.000000
70000746877.645584
70000699851.823059
70000664380.741455
70000239318.824570
70000943500.210693
70000883338.848709
1.000000
70000032084.546844
70000813692.454956
70000813193.131577
70000303479.620682
70000771175.779465
70000786757.233078
70000120265.195343
70000775292.307648
70000556458.469208
70000454296.019043
70000077591.556564
70000355658.962006
70000430571.024002
1.000000
70000834436.337082
70000489686.971130
70000169296.515472
70000173289.917557
70000933733.846786
70000786402.979706
70000631518.847763
70000685219.175797
70000573883.616074
70000687194.548126
70000060445.493027
70000326136.734116
70000091471.223923
70000658375.397186
70000213052.077881
70000752698.887756
70000599358.660568
70000274528.631958
70000085662.237778
70000964293.253891
70000177194.454895
70000425473.244171
70000075279.088730
70000730514.433716
70000097504.091293
70000839280.067307
70000458834.072693
70000147340.319214
70000662454.235825
70000928431.586975
70000554425.685760
70000878224.167908
70000557064.468582
70000760193.192276
70000002757.087097
70000193715.617935
70000126406.143250
70000496535.628098
70000989358.872589
70000852578.320663
70000315161.760681
70000683482.751816
70000568978.656708
70000361756.567963
70000666129.793594
70000077811.112961
70000348210.948715
70000629183.002243
70000717028.264893
70000598494.059372
70000342430.646088
70000666944.174408
70000159570.936264
70000028724.841858
70000995398.718216
70000360779.758209
1.000000
70000147077.216553
70000989329.135590
70000504849.446045
70000907624.583160
70000672341.693909
70000507035.323349
70000980879.453247
70000111716.785614
70000539573.887573
70000307866.282959
70000024659.662445
70000144039.513260
70000044409.893372
70000818999.566772
1.000000
1.000000
70000769469.648666
70000159939.531998
70000783525.841415
70000207361.671494
70000996848.415421
70000614357.240356
70000097843.679840
70000239909.030212
70000482257.748032
70000613880.703415
70000971768.159836
70000767117.977921
70000784834.341461
70000697497.833954
70000081593.401703
70000417401.259903
70000581443.275192
70000164364.903748
70000777299.224640
70000942904.577454
70000606400.792740
70000652878.832642
70000808065.574417
70000300663.973221
70000492545.432144
70000724273.559509
70000209157.918610
70000317669.589981
70000944575.062820
70000251203.087555
70000752127.396515
70000877973.834396
70000743052.411758
70000903283.900421
70000996923.023880
70000005775.547180
70000388487.009430
70000120444.950134
70000946427.439072
70000946878.940781
70000068581.731293
70000749666.226608
70000326777.937210
70000453819.016968
70000062028.828537
70000314921.527130
70000203052.711884
70000048954.457092
70000418951.589294
70000246822.781662
70000851046.857040
70000784176.654648
70000716692.554184
70000227109.060059
70000191147.625275
70000260566.690643
70000458511.932251
70000614551.841553
70000018921.019287
70000245228.450409
1.000000
70000077960.442780
70000261149.171432
70000554141.588226
70000788924.157043
70000092599.777420
70000496173.957687
70000339394.394104
70000863372.963745
70000810611.327896
1.000000
70000348142.991516
70000692728.465408
70000856083.207596
70000393109.844406
70000209913.783310
70000320120.898956
70000044454.105988
70000067317.863739
70000555459.360687
70000770361.827728
70000991505.978882
70000933365.219101
1.000000
70000371241.579010
70000064216.045929
70000292136.846786
70000012698.378754
70000270692.497375
70000349311.064804
70000206962.724854
70000757011.907181
70000437815.025772
70000898967.609879
70000305892.806992
1.000000
1.000000
70000671242.940216
70000629427.214645
70000429161.731445
70000754525.619324
1.000000
70000796378.316483
70000095541.844955
70000923550.620056
70000000706.618149
70000019877.544174
70000047454.053131
70000820433.954208
70000507840.105301
70000007780.005646
70000965260.696503
70000165258.498901
70000267900.416870
70000717141.575623
70000776704.105682
70000846172.107513
70000627599.368179
70000091474.743958
1.000000
70000481119.737930
70000315022.589417
70000266788.976700
70000791438.682144
70000982818.680405
1.000000
70000695049.950882
70000816708.382462
70000554031.017807
70000255939.415726
70000161419.363251
70000924819.398666
1.000000
70000214632.565369
70000066774.044724
70000105930.975525
70000224554.142120
70000679985.944550
70000954151.178268
70000968881.803650
70000784417.823883
70000798508.607773
70000105967.364227
70000350209.401062
70000440542.032211
70000496234.122131
70000308295.168488
70000799204.447937
70000706633.865784
70000926467.866135
70000795729.648880
70000684656.959702
70000148389.378708
70000643684.408051
70000193501.067902
70000635032.526733
70000647901.909470
70000483247.709549
70000112012.658813
70000069400.674744
70000581052.176422
70000892021.935898
70000760862.672043
70000872063.730270
70000892497.079529
70000951711.581619
70000057700.544113
70000624902.225174
70000804730.427795
70000497990.093765
70000571168.625977
1.000000
70000797337.317780
70000344356.085083
70000035689.872330
70000732308.447113
70000493999.608826
70000006647.929810
70000308186.185944
70000836598.665222
70000077391.983307
70000039103.501572
70000539073.068298
70000993617.404541
70000054813.749222
70000674597.219284
70000156674.469772
70000529760.870651
70000258887.823761
70000985984.612274
70000634401.787460
70000467413.426010
70000372227.067520
1.000000
1.000000
1.000000
70000856658.603882
70000997482.668060
70000794936.572739
70000065380.732468
70000957643.068054
70000017636.473984
70000528440.448868
70000131907.655411
70000209734.035782
1.000000
70000617310.736969
70000215013.841263
1.000000
70000676287.229248
70000633210.201065
70000377244.453369
1.000000
70000890533.268402
70000847619.528259
70000200113.839417
70000436888.807053
70000678647.064728
70000397197.760254
70000578946.016846
70000802083.483109
70000786216.786011
70000823927.900726
70000830443.382111
70000908099.219833
70000934438.857590
70000435511.265869
70000344117.972763
70000072903.710693
1.000000
0.33
 0 0 0 0 0 0 0 0 0 0 0 0 0
