1 401
70000847328.622910
70000023768.047943
70000924203.819092
70000026011.404205
70000885566.449936
70000346634.801575
70000231019.765396
70000164348.297348
70000561115.212051
70000518257.410538
70000320785.173737
70000523763.179108
70000175461.520447
70000795943.601379
70000833829.826324
70000165979.466919
70000361276.892578
70000586693.533173
70000537149.927963
70000849241.837097
70000506625.462051
70000887238.490311
70000497753.457138
70000721383.273773
70000041309.055344
1.000000
70000656727.637161
70000230686.868301
70000265853.716003
70000507597.442917
70000428399.223068
70000834602.771988
70000299800.255249
70000945166.219955
70000548557.124115
70000299276.554001
70000539000.255798
70000448369.688675
70000365425.146744
70000183785.053177
70000485789.136154
70000657649.486267
70000972223.727768
70000682503.078369
70000952169.398041
70000384747.884888
70000930883.037277
70000268619.889465
70000176847.043304
1.000000
70000476933.981293
70000601894.326752
70000064201.131088
70000219335.546005
70000336811.434189
1.000000
1.000000
70000370447.279648
70000920949.249374
70000951431.537231
70000036594.302139
70000038063.357574
70000300584.907623
70000121226.409042
70000578380.316101
70000353611.373322
70000160567.683075
70000373601.366089
70000327796.323929
70000096248.093979
70000027606.301453
70000197321.600967
70000486688.496887
70000736377.575226
70000301178.503357
70000732586.767807
70000623563.620636
70000063402.311111
70000268332.753510
70000010904.657715
1.000000
70000926733.273499
70000854947.397400
70000179121.160858
70000277420.296936
70000765366.215454
70000933493.301666
1.000000
70000762232.997971
70000057703.173462
70000880775.735764
70000115078.630600
70000870871.949417
70000463871.734161
70000901768.172058
70000401603.132187
70000725949.307190
70000472136.114960
70000304989.313568
70000335315.830963
70000458867.086990
70000959212.829254
70000639415.615463
70000081663.445572
70000394093.549927
1.000000
70000488127.107864
70000510395.682983
70000799147.512833
70000477106.227829
70000297195.694534
1.000000
70000876689.207535
70000979920.861328
70000862158.275696
1.000000
70000787372.744308
70000550785.893036
70000773225.322815
1.000000
70000735425.830734
70000598681.964905
70000636461.136520
70000909437.678375
70000296015.891891
70000846913.408859
70000328985.658401
70000766813.590866
70000807592.754059
70000122018.691086
70000834621.824951
70000891763.355743
70000052349.138626
1.000000
70000234876.255890
70000179189.709991
1.000000
70000332395.281219
70000912046.511459
70000301474.615677
70000401563.966904
70000924820.256042
70000699527.224670
70000204965.871750
70000537529.373795
70000494199.074860
70000654282.447205
70000289752.457962
1.000000
70000431520.607925
70000865603.017746
70000312587.495895
70000680237.538040
70000406255.079498
70000991204.811935
70000999439.320206
1.000000
70000336833.983261
70000199327.287476
70000847575.087021
70000424173.533783
70000373881.850616
70000557470.541946
70000193695.625092
70000388048.817398
70000194245.219147
70000411189.375183
70000979872.404556
70000802127.209030
70000644686.736984
70000687951.023239
70000813653.513336
70000820372.224991
70000202618.161835
1.000000
70000324040.141037
70000027233.584045
70000995987.161179
70000512323.673706
70000214556.743759
70000513102.985291
70000075148.817612
1.000000
70000840795.313950
70000938259.911697
70000055852.580078
70000225545.083344
70000285474.824066
70000423572.058762
70000706247.218079
70000833528.956024
70000569101.552231
70000423801.833878
70000667888.112122
70000013850.305038
70000822471.920654
70000371991.556381
70000529400.851074
70000659702.915573
70000569008.384064
70000152413.703766
70000752136.089813
70000674178.438065
70000857177.571167
70000060155.286377
70000239700.221298
70000022547.460724
70000003089.004898
1.000000
70000539288.461014
70000132753.642487
70000394740.048782
70000628903.440628
70000650669.271484
70000741158.277420
70000932561.078766
70000006367.589767
70000267467.832306
70000970059.526352
70000553059.818985
70000830279.417801
70000179561.549637
70000405181.447357
70000656996.199631
70000311838.322128
70000373222.366516
70000476474.213165
70000799971.459686
70000214989.840958
70000894203.873016
70000563751.862778
70000730823.968643
70000122507.923462
70000001560.140060
70000492240.671112
70000899384.146393
70000610873.352966
70000327828.787979
70000003178.044449
70000856610.217178
70000429652.133667
70000903651.806000
70000707407.735779
70000661950.586899
70000976916.957169
70000885624.944427
70000065273.959656
70000652171.068314
70000126936.951950
70000818700.522232
70000752134.713348
70000656974.990479
1.000000
70000928170.426041
70000778698.775543
70000809070.733261
70000884880.272400
70000289147.494949
70000399049.904922
70000006000.956604
70000599296.859024
70000367059.201706
70000413479.718430
70000928510.085815
70000032701.902771
70000417150.803665
70000108716.686249
70000010782.986984
70000301821.189758
70000805891.318481
70000830615.623123
70000948976.488007
70000401874.027145
70000513817.238464
70000140925.399445
70000278164.728867
70000295157.873962
70000680756.031738
70000532191.370682
70000470518.466736
70000865973.939346
1.000000
70000240172.237259
70000246929.423340
70000388765.050232
70000424768.485260
70000749889.987564
70000777855.695419
70000319716.995316
70000550290.035126
70000661740.500809
70000353768.270996
70000208326.334885
70000526327.748520
70000122549.706726
1.000000
70000255094.798996
70000303095.665466
70000675716.883530
70000723350.685913
70000441588.524841
70000582139.724945
70000350697.100876
70000227529.381409
70000624701.110458
70000963269.133820
1.000000
70000528118.539261
70000038545.519547
70000098920.636658
70000702796.061737
70000051772.874161
70000865160.939133
70000097139.068985
70000092051.181091
70000930247.881134
1.000000
70000285639.549789
70000638999.516647
70000063710.923508
70000624832.831406
70000963840.723953
70000866913.107269
70000254709.303513
70000567080.789505
70000890169.199997
70000560074.421967
70000339135.200943
70000849448.283310
70000203207.377319
70000569617.481400
70000982034.647156
70000122986.088120
70000246950.956299
70000058608.939056
70000863285.540604
70000388959.276520
70000263120.856735
70000997573.331772
70000520068.423859
70000741413.833710
70000017450.234924
70000833915.850601
70000637792.167648
70000501424.615799
70000548555.601410
70000176896.385605
70000481327.023422
70000791939.909302
70000215635.962387
70000849992.019760
70000302213.876160
70000810369.609268
70000973802.749634
70000724626.444183
70000107780.852020
70000800448.819946
70000051048.253174
70000909061.378799
70000768444.332901
70000512401.748016
70000800910.823654
70000267587.439407
70000544615.604141
70000630488.653702
70000275128.736969
70000845372.795334
70000005252.773026
70000061390.842972
70000766418.138977
70000845006.496338
70000296995.396713
70000753779.624130
70000534192.759766
70000369425.341003
70000846367.168579
70000433243.005035
70000496495.219894
70000155789.723251
70000685013.436325
70000302163.590866
70000028848.006317
70000719698.817841
70000252051.334595
70000893576.284683
70000658541.137711
70000680170.941620
70000797550.238663
70000964585.742325
70000017171.016190
1.000000
70000103983.582977
70000581676.550003
70000993056.830353
70000315484.048492
70000082361.306076
70000703721.152145
70000101011.637451
70000564300.564148
70000159968.555252
0.33
 0 0 0 0 0 0 0 0 0 0 0 0 0
