1 401
1.000000
70000790971.998550
70000845946.334686
70000542537.941620
70000790979.053741
70000163388.288284
70000077535.451035
70000107748.887802
70000090963.522247
70000880279.194183
70000907807.576706
70000034940.518173
70000164530.176163
70000413943.606064
70000465690.210358
70000591387.274963
70000978402.500427
70000942538.024353
1.000000
70000078717.260086
70000342954.878952
70000311407.738892
70000902675.812057
70000959416.345245
70000933318.759674
70000068734.013428
70000017377.365799
70000267171.733810
70000347186.848099
70000649377.342056
1.000000
70000591633.745483
70000859548.830185
70000747058.996475
70000211279.585129
70000189903.634720
70000660079.519287
70000848601.889648
70000467488.676208
70000413107.403656
70000528171.965408
70000454550.248383
70000730083.761063
70000914417.144669
70000322250.531021
70000273464.564011
70000404265.649033
70000415355.446793
70000492826.319717
70000014146.573181
70000941735.580017
70000885139.594910
70000849517.660614
70000865701.842834
70000288325.957092
70000584461.778870
70000980388.619598
70000067138.933090
70000985931.742966
1.000000
70000825672.535431
70000155042.957840
70000282776.653046
70000910597.556549
70000063815.946686
70000863581.864243
70000025109.064575
70000247904.128281
70000716717.408279
70000240579.635269
70000491403.773270
70000119419.814987
70000523028.546188
70000321683.033463
70000561041.313492
70000230915.394974
70000679843.139572
70000942467.835541
70000034098.035828
70000947950.097000
70000709269.661072
70000697034.373138
1.000000
70000056876.569458
70000838423.102814
70000065530.434250
70000210144.161270
70000063611.243866
70000378405.679581
70000479248.776199
70000482892.602570
70000465383.103424
70000392450.845444
70000415630.806030
70000766826.620102
70000713505.805939
70000964282.156250
70000973981.631927
70000781436.672195
70000821801.881653
70000011686.209763
70000908664.014893
70000014585.375015
70000492097.970200
70000590103.755722
70000135559.968384
70000178249.292389
70000735423.341934
1.000000
70000006976.510010
70000466451.448517
70000327605.105911
70000506440.448929
70000678101.360825
70000843744.963821
70000928969.317581
70000519954.591125
70000462301.388000
70000996473.939529
70000387700.438736
70000754704.384171
70000999769.405136
70000860074.796539
70000505985.073959
70000512869.013641
70000691555.510223
70000406888.338486
70000899238.701065
70000849938.558212
70000154866.377747
70000515049.768280
70000087583.296005
70000148670.873306
70000333999.257965
70000737299.201538
1.000000
70000004322.031815
70000119615.084976
70000589837.427429
70000845959.257187
70000961249.389938
70000757305.114456
70000258543.166626
70000100306.458603
70000025234.664322
70000721900.319763
1.000000
70000031802.210129
70000354699.387650
70000384675.210739
70000947950.232986
70000306635.211700
70000658274.524597
70000093988.953339
70000085605.389862
70000637861.899246
70000479222.419388
70000809178.649277
70000971046.252228
70000178460.523712
70000006076.532578
70000618268.667557
70000239880.746506
70000049556.873505
70000571270.024353
70000868374.095566
70000296537.671234
70000816080.779861
70000702299.335983
70000168911.361252
70000075288.682129
70000630053.500092
70000140724.333221
70000937979.506348
70000487911.701294
70000443494.231232
70000755096.114838
70000169785.466797
70000276791.347061
70000764717.123001
70000450048.140045
70000994967.612762
70000704527.549347
70000695861.956329
70000734854.478119
70000976221.220856
70000554809.731415
70000161140.667374
70000737068.708755
70000016817.994141
70000623319.776779
70000195641.181198
70000876472.429733
70000394065.479462
70000757108.548172
70000829560.893158
70000254602.057144
70000772131.172226
70000348999.066696
70000701832.568253
70000061011.040039
70000401363.062119
70000803224.482330
70000462668.244781
70000521766.499451
70000934211.545044
70000658238.047943
70000715264.758499
70000987527.929199
70000730374.190674
70000049479.857437
70000077400.128326
70000767045.075195
1.000000
70000704223.966324
70000348187.857361
1.000000
70000333406.073105
70000853854.097397
70000159393.578262
70000457342.975235
70000635763.555145
70000853245.825089
1.000000
70000232582.489380
70000404951.239044
70000742944.070877
70000784376.981705
70000523944.127060
70000830260.436020
70000378901.301804
70000016066.507660
70000770069.177246
70000794485.121552
70000963873.660431
70000486692.667252
70000168656.369354
70000685830.237503
70000598266.688797
70000386736.543808
70000636528.359360
70000422391.079422
70000584988.892349
70000574077.342468
1.000000
70000560451.489059
70000676722.195923
70000167235.385574
70000670514.683090
70000460886.248367
70000589979.701462
70000344728.813339
70000546415.444870
70000065170.150955
70000982913.140244
70000253441.934738
70000220963.363098
70000927704.959183
70000556051.603088
70000683706.484528
70000556200.807358
70000259622.597061
70000889419.861023
70000105986.384720
70000741405.808350
70000521327.046341
70000867197.246536
70000014930.732559
70000510815.398483
70000654018.920731
70000835189.753220
70000308441.838516
70000116698.604355
70000383258.997665
70000271746.705826
70000666645.571426
70000410100.879562
70000215229.441269
70000800535.953568
70000172963.240494
70000450721.205963
70000147927.692627
70000278860.374252
70000190501.593552
70000429189.663681
70000243777.275070
1.000000
70000250479.440140
70000230872.438446
70000878585.603653
70000145184.549179
70000007293.918396
1.000000
70000811319.047363
70000323152.403305
70000916629.166733
70000535050.861450
1.000000
70000820421.289429
70000913634.765656
70000968615.788788
1.000000
70000496100.739563
70000844982.008728
70000068703.211090
70000345075.868240
70000756188.102753
70000555696.980362
70000129776.243408
70000461567.898788
70000462172.191727
70000801639.357071
70000738007.287186
70000086536.538025
70000583291.515656
70000573165.902390
1.000000
70000243489.451401
70000098029.232956
70000383640.674911
70000851521.146988
70000856144.617615
70000641465.516266
70000604129.642502
70000295953.559494
70000785607.188965
70000250805.816498
70000754822.308044
70000938289.498932
1.000000
70000000369.186737
70000056641.351486
70000318827.528900
70000053471.164948
70000189460.290756
70000051081.492874
70000192147.944534
70000331374.221497
70000305267.787369
70000780123.791473
70000353241.962570
70000315956.938019
70000544280.316315
70000248772.164398
70000615400.727707
70000069852.004303
70000465315.814102
70000251857.649796
1.000000
70000534479.497330
70000569939.355545
70000644159.748306
70000501890.366837
70000939067.926086
70000411398.289398
70000897621.953079
70000557235.433365
70000399722.356293
1.000000
70000340261.552490
70000230814.928497
70000806975.817734
70000860872.282608
70000319192.570724
70000735542.086700
70000833860.621902
70000675596.130081
70000985962.187469
70000152675.219330
70000709391.137741
70000436608.788437
70000062073.705734
70000827690.753906
70000195049.515915
70000674426.612030
70000313870.517914
70000753043.703995
70000878671.535309
70000161657.349365
70000735002.149445
70000395559.279709
1.000000
70000517570.920578
70000523437.304794
70000842356.918335
70000142997.098297
70000837856.653152
70000628054.339584
1.000000
70000865289.754242
70000628166.917465
70000269418.747711
70000953812.175797
70000155869.141525
70000730172.334305
70000428419.546249
70000877322.030701
70000072091.919998
1.000000
70000743940.173752
0.33
 0 0 0 0 0 0 0 0 0 0 0 0 0
