1 401
70000465564.915695
70000581041.206726
70000223057.515289
70000745981.189056
70000229632.287567
70000235640.145309
70000992984.375290
70000113042.892380
70000796425.829437
1.000000
70000955809.194351
70000548560.556732
70000284260.477951
70000950380.258820
70000836821.833054
70000677430.011749
70000640510.202301
70000161316.173355
70000069652.199493
70000240777.187775
70000786655.427872
70000286664.438782
70000788750.119003
70000819585.685547
70000136457.792023
70000604023.638596
70000583051.439697
70000656476.571655
70000465442.346619
70000336072.787262
70000875243.243042
70000600022.767319
70000276528.858963
70000087447.036331
70000885126.204544
70000094040.352737
70000335687.447937
1.000000
70000342977.429626
70000868892.531326
70000693483.483124
70000679314.899872
70000688175.531525
70000919506.189056
1.000000
70000209887.309250
70000647270.525360
70000890065.461761
70000350640.751755
70000612288.400848
70000817374.082077
70000180847.106293
70000821046.546463
70000970998.346497
70000021350.227966
70000893553.263885
70000338576.686157
70000801892.741180
70000747229.728516
70000903296.517441
70000380066.765503
70000429102.221024
1.000000
70000861720.384537
70000912731.160400
70000163512.181976
70000832057.605438
70000150136.608521
70000827030.248032
70000783503.495621
70000379814.097076
70000410664.131470
70000150499.402054
70000666879.626709
70000508261.965759
70000180992.909882
70000531619.545853
70000911889.480515
70000727222.433380
70000335074.898697
70000701339.824402
70000626885.784744
70000834208.747330
70000071170.141785
70000182987.532028
70000258963.826385
70000764510.614380
70000426425.635010
70000801926.208130
70000023474.911423
70000008803.998276
70000397246.649567
70000870264.556091
70000432640.220428
70000105108.296478
70000069693.327698
70000184859.983932
70000469334.914230
70000395277.919876
70000782978.758087
70000128024.560944
70000712086.615799
70000757513.442581
70000508363.915863
70000016988.208359
70000651002.124298
70000667011.348694
70000743697.850342
70000437954.344254
70000921365.874573
70000872187.755981
70000234789.575775
70000983750.169632
70000522178.255768
70000248505.937973
70000497778.523239
1.000000
70000985936.467194
70000152630.074890
70000471945.338913
70000490984.109039
70000033294.144119
70000005694.340240
70000817566.550751
70000155700.826080
70000467773.410995
1.000000
70000037840.644714
70000180263.980942
70000707552.950455
70000612660.313446
70000188962.676453
70000830572.262222
70000784836.953766
70000416934.563828
70000310003.457977
70000757656.567108
70000455493.853226
70000526231.393127
70000417818.097824
70000485975.429169
70000403559.710403
70000161601.734604
70000765248.606705
70000990162.108612
70000022392.343796
70000933058.448792
1.000000
70000356312.681671
70000876883.325684
70000225699.068375
70000027112.854187
70000803906.512787
70000045164.534943
70000787539.654922
70000328078.748123
70000403503.484344
70000469599.680984
70000278319.989624
70000525382.540970
70000334710.588577
70000691089.116730
70000346136.966324
70000289301.678329
70000188804.970596
70000606854.128952
1.000000
70000819814.336044
70000562191.032349
70000241930.924179
70000935851.512283
70000939586.826065
70000310447.827774
70000294802.945847
70000260890.134308
70000731643.485733
70000178741.160263
70000943147.254395
70000804960.697327
70000299788.429276
70000750246.343323
70000787318.181320
70000043419.476395
70000033176.060043
70000875986.198425
70000376418.136169
70000505058.754578
70000050265.284439
70000166682.686050
70000964338.300217
70000340766.513107
70000172718.029297
70000189350.383163
70000379706.701080
70000371908.206985
70000643695.425964
70000901001.478485
70000899641.324371
70000521454.716934
70000868867.981430
70000390104.843292
1.000000
70000964832.458618
70000428224.273315
70000999409.274994
70000558976.611145
70000849646.895355
70000721297.186951
70000683992.019943
1.000000
70000832280.943176
70000061189.480255
70000552376.285782
1.000000
70000206919.707962
70000048149.673767
70000706422.149872
70000086419.093140
70000420463.307083
70000834128.816757
70000421970.496246
70000806177.386856
70000773803.798752
70000859345.845856
70000798736.768738
70000825043.468033
70000753959.710876
70000105345.428375
70000163934.633469
70000931875.466354
70000459426.272797
70000551707.951340
70000747470.877090
70000146824.917877
70000837829.553726
1.000000
70000222651.150253
70000927346.628372
70000956937.661148
70000402871.639954
70000499213.435379
70000980327.273148
70000111084.209518
70000824253.075455
70000171376.147797
70000767937.867859
70000289599.112015
70000108834.751770
70000718231.596481
70000916684.647720
70000506429.595566
70000882064.635696
70000577755.243011
70000937724.818542
70000716815.830612
70000321731.395508
70000620605.265152
70000875531.728516
70000008186.108994
70000146621.235748
70000076301.973633
70000489859.920593
70000571499.972549
70000509603.775528
70000409275.119476
70000962825.389435
70000736185.610870
70000528083.492798
70000003908.908096
1.000000
70000352427.538269
70000312979.460297
1.000000
70000993901.646103
70000927020.947983
70000845357.401230
70000973995.467758
70000309707.311264
70000595354.107269
70000927212.111298
70000235584.569687
70000934813.629913
70000963160.802704
70000353434.417969
70000794463.677444
70000422611.340424
70000584023.013748
70000298241.292755
70000196610.324692
70000560866.529312
70000947667.498428
70000242395.021164
70000488242.029816
70000926510.717484
70000486173.551437
70000694224.369003
70000273391.307938
70000871594.674927
70000450907.006927
70000202378.691330
1.000000
70000733770.551575
70000256957.372467
70000069370.114670
70000244800.387009
70000219705.317230
70000134408.519012
70000715954.621933
70000744978.286438
70000622954.822556
70000610797.172028
70000844845.056244
70000569253.489563
70000337121.504135
70000284908.130417
70000416731.907593
70000072019.613708
70000566993.770203
70000535140.056580
70000372849.690002
70000534529.098328
70000993040.341614
70000808556.213455
70000871066.761230
70000659139.117859
70000434927.129471
70000014997.242981
70000442669.158691
70000656200.916000
70000951037.639221
70000237710.848618
1.000000
70000112842.387527
70000284215.312256
70000792479.637192
70000167219.856308
70000373782.590118
70000501135.167770
70000597240.349487
70000047151.239105
70000952223.968491
70000496482.057999
70000764754.384094
70000647425.260590
70000669488.267776
70000924333.597778
70000640619.631729
70000034204.707596
70000333288.955322
70000032721.421890
70000668935.521103
70000328906.155411
70000561631.214874
70000580126.175964
1.000000
70000381179.158615
70000397809.622604
1.000000
70000620450.154297
70000298436.361969
70000327318.960678
70000434223.030090
70000672979.141510
70000549239.811646
70000676860.420731
70000386844.856232
70000363478.481354
70000567609.542526
70000870970.881622
70000831441.881729
70000007649.143158
70000141613.365463
70000258516.332443
70000632646.472107
70000490057.085983
70000181086.477524
70000320784.593338
70000307600.372772
70000280209.870071
70000457933.676910
70000948267.666275
70000175447.275925
70000049867.076645
1.000000
70000291337.593201
70000192836.016754
1.000000
70000123713.336304
70000426095.965179
70000195127.278992
70000085097.480545
70000064894.636078
70000064298.112991
70000258960.080963
70000750258.305069
70000793579.330856
70000238761.319611
70000845149.764114
70000245521.650467
70000072147.901245
0.33
 0 0 0 0 0 0 0 0 0 0 0 0 0
