1 401
70000982955.075745
70000954502.068909
70000047962.004150
1.000000
70000380505.779083
1.000000
70000404250.278488
70000751007.374176
70000552887.427490
70000220183.207047
70000418391.967911
70000664303.516296
70000068068.688507
70000409389.707611
70000734003.530106
70000363723.203690
70000877366.393143
70000823055.797150
70000849204.195541
70000859261.668411
70000238645.574280
70000924567.645096
70000778397.871628
70000812319.942551
70000380181.282150
70000749383.194839
70000775598.359421
70000752349.579605
70000208384.903275
70000476067.242218
70000374525.051788
70000812560.711273
70000900799.864975
70000728922.681137
70000609013.094559
70000428545.509735
70000588963.474396
70000572556.107040
70000260919.644455
70000169547.536285
70000587733.715179
70000627509.696793
70000510239.630005
70000019738.911057
70000257882.221283
70000039266.833527
70000189189.940430
70000483217.440994
70000857369.689194
70000508580.558960
70000223066.990616
70000828834.792725
1.000000
70000205130.559647
70000949063.362305
70000113160.928268
70000262872.002975
70000727678.380905
70000858440.188324
70000103837.886475
70000910358.979263
70000516310.186554
70000887660.125519
70000966331.431641
70000989478.882843
70000200264.901428
70000012346.620163
70000999641.716049
70000398361.366211
70000248656.982086
70000932484.656906
70000586949.976166
70000196164.927658
70000959806.721375
70000414382.581680
70000920558.138809
70000088225.869705
70000271154.498337
70000074429.918579
70000366409.925232
70000748710.002914
70000007899.003998
70000911500.309647
70000111472.309464
70000542920.528473
70000272722.572021
70000355193.111679
70000888775.425934
70000706724.966385
70000393359.608322
70000531482.832291
70000458474.122604
70000489152.924789
70000577134.259766
70000970466.492920
70000584814.679199
70000178890.438019
70000115236.105942
70000335836.065735
70000172550.273560
70000073012.758896
70000694739.398102
70000838202.569290
70000853630.315445
70000128436.502838
70000450366.408829
70000996517.381271
70000071417.434372
70000941548.521698
70000070929.145645
70000960926.912140
1.000000
70000639074.762222
70000221999.800797
70000637003.351868
70000463987.709167
70000897740.630341
70000784885.919495
70000815220.317749
70000311993.893204
70000008994.092255
70000115320.791504
70000010546.677246
1.000000
70000731409.203812
70000966739.519287
70000449282.830322
70000593488.010712
70000776666.623306
70000956435.767822
70000462888.122650
70000685855.233475
70000680560.580688
70000092666.141052
70000976385.613098
70000419467.365524
70000331762.305008
70000564020.414978
70000423219.770004
70000437609.187256
70000598771.141052
70000900835.589935
70000004843.742996
70000424476.091217
70000284423.953598
70000745074.372116
70000117722.417694
70000288748.207291
70000557201.596329
70000730165.040009
70000804802.194656
70000386470.884415
70000085384.851791
70000259973.802109
1.000000
70000263814.439316
70000693182.064484
70000884455.052994
70000369253.931992
70000219496.494843
70000661988.939331
70000608792.484955
70000992410.930267
70000447142.281372
70000348289.926865
70000404519.200348
70000898617.531250
70000068061.050385
70000264710.405167
70000139664.731384
70000252918.349472
70000955988.675201
70000229222.810974
70000073800.168182
70000365505.434311
70000813043.405762
70000592766.593033
70000573313.133072
70000395487.561707
70000577875.995605
70000069494.310516
70000408273.977005
1.000000
70000434496.887894
70000637226.130264
70000234398.815506
1.000000
70000350882.993484
70000046608.932770
70000433751.530762
70000474213.407211
70000325911.516968
70000589126.626053
70000892320.877350
70000410646.029373
70000179986.611267
70000879192.429703
70000945671.757538
70000429322.703964
70000970179.202942
70000373566.944138
70000828253.181152
1.000000
70000010545.968430
70000630287.847519
70000108632.327652
70000607226.415787
70000014424.573990
70000741937.859726
70000669913.569778
70000983463.787170
70000720128.778458
70000849072.015457
70000700659.951248
70000007495.263794
70000035585.254791
70000292247.766617
70000909316.704742
70000419237.469543
70000911630.304031
70000014107.584305
70000678148.554688
70000948336.610031
70000703222.785843
70000431667.879089
70000582726.722702
1.000000
70000743746.170731
70000136218.823868
70000521610.565918
70000218123.264496
70000918811.708298
70000806394.635574
70000891620.483322
70000348175.298859
70000936689.506348
70000928360.814133
70000208425.774872
70000881108.927460
70000284553.890900
70000598398.619873
70000144174.843979
70000612235.785797
70000698521.190262
70000676456.214890
70000854129.817078
70000502207.557968
70000292997.320374
70000281871.612915
70000688244.666534
70000535639.239792
70000704889.001633
70000676762.184311
70000180027.422577
70000470122.493805
70000295796.758881
70000270433.213257
70000222482.370834
70000230063.582611
70000229591.067566
70000275266.262070
1.000000
70000596129.301025
70000886748.755615
1.000000
70000236226.965134
70000058950.243713
70000405641.606293
70000229588.530807
70000678059.270981
70000468828.965530
70000365987.067657
70000533059.261703
70000398588.228912
70000535827.315262
1.000000
70000524753.759766
70000084365.983322
70000865870.881973
70000394035.809921
70000053788.178986
70000319652.725189
70000032729.681976
1.000000
70000006734.393372
70000946482.211655
70000554711.423752
70000072981.853455
1.000000
1.000000
70000060635.736389
70000117759.282410
70000871038.512466
70000863728.006241
70000851215.465378
70000612599.775970
70000436904.050003
70000557869.241806
70000399521.528549
70000964321.725510
70000808637.785019
70000184164.688309
70000835709.519958
70000617040.090744
70000421938.193710
1.000000
70000035949.039124
70000983091.440338
70000057810.138367
70000793447.857910
70000306815.428329
70000214657.337036
70000571028.000580
70000795379.999969
1.000000
70000870912.589600
70000627638.858200
70000869859.776657
70000481670.286728
70000174634.467987
70000490968.336838
70000697265.461655
70000550126.001282
70000226680.549423
70000655808.031448
70000906659.330704
70000059860.071503
70000699203.571869
70000875665.461975
70000739243.306854
1.000000
1.000000
1.000000
70000827722.593353
1.000000
70000008757.043900
1.000000
70000234840.405579
70000008048.027451
70000050756.062698
70000961405.863953
70000118495.823654
70000345088.972275
70000918294.303772
70000500972.859100
70000522614.612564
70000448698.089691
70000224249.705795
70000253450.068298
70000651564.554214
70000896759.422684
70000157315.940552
70000811255.581802
70000051755.005035
70000049808.488800
70000140626.407074
70000571667.691666
70000900425.931656
70000034937.170349
70000387916.929306
70000256332.054764
70000568921.820190
70000874362.092361
70000021732.930161
70000980987.227356
70000607776.255096
1.000000
70000895885.418259
70000479818.832306
70000343810.098938
70000270178.550415
70000043605.743057
70000607547.830978
70000466680.155350
70000280711.011185
70000798772.312134
70000778586.046631
70000574530.529434
70000694402.206787
70000968850.069412
70000804375.481598
70000310359.064926
70000812565.449982
70000163626.475601
70000540526.789108
70000424201.943268
70000544748.249512
70000539527.685257
70000535867.899643
70000068194.671631
70000676410.809464
70000399449.977829
70000022327.252304
70000927405.074951
1.000000
70000604179.342819
70000306170.252914
70000281800.159973
70000005078.545441
70000224095.906342
0.33
 0 0 0 0 0 0 0 0 0 0 0 0 0
