1 401
70000381437.690002
70000371157.713776
70000909093.980316
70000465443.390106
70000073665.628922
70000690945.365814
1.000000
70000537005.045334
70000981301.248199
70000569028.740173
70000962596.165009
70000914369.628204
70000658383.039520
1.000000
70000178374.002655
70000416476.335663
70000100295.425537
70000154380.804565
70000905143.427200
70000755586.827866
70000815399.945999
70000081321.488266
70000818437.797165
1.000000
70000141459.943619
70000753127.072174
1.000000
70000626951.392365
70000982168.332321
1.000000
70000796797.941162
70000647321.055634
70000659895.197052
70000217056.222092
70000748141.633026
70000533101.864975
70000568172.969086
70000983786.140152
70000520374.068100
70000384255.359360
1.000000
70000310414.796814
70000874649.054276
70000653119.119873
70000164213.189178
70000616456.106689
70000155342.618515
70000008555.188934
70000554567.961258
70000790356.727982
70000901230.944611
70000671561.389023
70000301159.659607
70000118521.086853
70000734500.554199
1.000000
70000666520.661407
70000252139.428986
70000544880.009949
70000059948.692001
70000743182.055374
70000728897.981903
70000347019.400604
70000002900.260315
70000491286.786713
1.000000
70000708657.215530
70000425533.885254
70000219025.622086
70000785010.163605
70000929453.293381
70000290929.001221
70000273897.846680
70000048363.118210
70000825182.944351
70000028492.046677
70000387874.914032
70000769281.773941
70000012332.359970
70000543981.413040
70000655963.409500
70000814945.847137
70000401370.674377
70000387644.217743
70000314596.073486
70000272124.157089
70000043492.246475
70000561900.033798
70000813116.821747
70000998097.440536
70000418417.134979
70000653659.780380
1.000000
70000058332.597519
70000952013.833801
70000493863.432373
70000023627.432175
70000824450.548737
70000913306.824295
70000847128.286301
70000211729.009888
70000755637.341614
70000886445.394073
70000749946.114395
70000997963.338303
70000366168.940643
70000553338.398544
70000920088.963715
70000632898.197083
70000334153.120697
70000794227.466736
70000974337.295929
70000931817.511993
70000236685.249725
70000308583.647705
70000481454.004761
70000542224.136597
70000181207.853455
70000250727.598343
70000565679.079575
70000339977.354218
70000448779.733200
70000837478.676620
70000132108.321075
70000888827.554062
70000854207.000198
70000952909.217545
70000473633.688553
70000861600.049088
70000481183.881439
1.000000
70000693946.689743
70000503534.600174
70000121318.000107
70000727966.669220
70000217590.895844
1.000000
70000211478.097427
70000229810.526199
1.000000
70000785881.730576
70000254444.175400
70000454038.124313
70000139404.195847
70000278153.806152
70000530313.835175
70000230216.953751
70000616664.232086
70000904972.566345
70000422353.480499
70000328258.101242
70000881906.323135
70000164804.513687
1.000000
70000879936.839050
70000172892.867310
70000083848.997086
70000404708.364304
70000202301.214645
70000531358.615509
70000931353.785477
70000747590.820007
70000467798.544174
1.000000
70000157121.894760
70000577463.513275
70000229954.933029
70000932911.005692
70000252336.804306
1.000000
70000854026.407562
70000446926.394897
70000717534.427338
1.000000
1.000000
70000883607.867233
70000708749.526443
70000059402.908585
70000036660.749374
70000619782.311523
70000849308.483063
70000187517.108932
70000635427.255066
70000002702.554977
70000883654.849991
70000310096.718384
70000359694.885223
70000285881.556137
70000914253.357193
70000322426.813187
70000608635.643311
70000073646.697769
70000729280.961288
70000754704.115891
70000429207.930328
70000548649.226395
70000599129.318268
70000810114.171066
70000304816.594711
70000940100.983765
70000022006.983231
70000988607.518768
70000679336.563156
70000106515.848785
70000680718.099731
70000732427.951721
70000079387.037354
70000868181.020859
70000213173.853516
70000390015.175598
70000759245.327423
70000725248.441574
70000142844.969986
70000818192.689453
70000724946.487701
70000819084.934647
70000732555.563339
70000076315.976212
70000286702.688156
70000023091.348511
70000799751.705246
70000104068.604263
70000215994.861771
70000426971.053635
70000462942.032913
70000443264.073700
70000168666.769547
70000512077.841599
70000446740.452820
70000778005.489136
70000670718.281113
70000197615.343842
70000980878.371277
70000401749.605164
70000347642.105209
70000550836.844437
70000456643.451447
70000831256.817749
70000722112.728409
70000736839.882767
70000883695.804794
70000215467.641434
70000970023.184448
70000026716.471054
70000311031.490936
70000722940.640549
70000978170.893051
70000777038.951447
70000987041.237656
70000105437.211777
70000372325.484131
70000021317.887238
70000968541.485245
70000685164.017914
70000130900.259674
70000788859.686584
70000857886.374344
70000444181.222473
70000323935.237030
70000267150.957596
70000781518.797699
70000982562.391525
1.000000
70000343377.254120
1.000000
70000237280.192703
70000079944.290924
1.000000
1.000000
70000703378.830200
70000766824.901871
70000507986.241013
70000845097.569031
70000648975.210800
70000048425.777771
70000292507.500275
70000118862.066345
70000373030.253464
70000066327.316132
70000744197.309708
70000020382.472733
1.000000
70000576939.233170
70000451905.802185
70000180867.827164
70000136061.730377
70000052835.688812
70000242782.637405
70000013716.646866
70000863723.279892
70000312523.026840
70000558988.876724
70000631364.218689
70000251226.900085
70000045845.189972
70000346958.356537
70000135708.149109
70000792873.704727
70000658827.281158
70000667047.067780
70000532012.667831
70000645710.420929
70000727882.201889
70000983322.466049
70000115359.602386
70000535677.476334
70000032522.354355
70000549714.060272
70000910318.672089
70000737360.856201
70000480955.103653
70000938424.747391
70000510947.690948
70000811362.267517
70000933351.137466
1.000000
70000506424.449280
70000049066.385117
70000747688.860199
70000663714.310974
1.000000
70000299984.443359
70000854086.143112
70000490782.367203
70000537075.529510
70000374097.457962
70000813679.374115
70000010619.376938
70000171033.298370
70000924646.554428
70000488829.469147
70000899706.023071
70000728472.155441
1.000000
70000243911.956039
70000841868.987732
70000196449.419617
70000088330.582657
70000270869.627747
70000671961.618484
70000127632.240067
70000194801.352402
1.000000
70000349385.380280
70000121111.985779
70000641051.956512
70000909034.723709
1.000000
1.000000
70000650359.139984
70000557832.628677
70000631593.845245
70000346018.691681
70000666456.796753
70000815234.256317
70000893104.483246
70000708954.738953
70000952141.798187
70000591380.587326
70000418484.298172
70000852944.424057
70000237085.934982
70000927424.681412
70000946173.911362
70000182977.814636
70000803209.232010
70000880388.709091
70000396705.843048
70000782400.596359
70000425414.836151
70000456615.496719
70000036773.717712
70000929041.116409
70000830120.477371
70000535172.850296
70000814937.528412
70000259858.607346
70000284941.571411
70000858759.971893
70000635636.132523
70000603585.856094
70000190860.349075
70000817893.365921
70000325625.518753
70000251277.204712
70000300248.914581
70000018560.778564
70000128716.336563
70000951395.100464
70000013978.582825
70000448795.758072
70000394275.709488
70000937453.168442
70000231290.899857
70000742364.102051
70000728648.231171
1.000000
70000313048.297699
1.000000
70000951720.538757
0.33
 0 0 0 0 0 0 0 0 0 0 0 0 0
