1 401
70000705674.335831
70000645511.025375
70000087488.739044
70000067037.956451
70000152812.365570
70000350166.843140
70000075422.825516
70000271720.432297
70000793999.285217
70000255498.870346
70000114528.436981
70000860117.448425
70000601227.457855
70000462870.509415
70000487778.808441
70000965529.734070
70000565422.094330
70000347518.095078
70000177538.559052
70000522416.875168
70000465672.327606
70000230217.940720
70000721635.954315
70000821057.015701
70000656859.562363
1.000000
70000456432.853577
70000710842.150284
70000643876.984009
70000838659.812149
70000826035.470459
70000782455.290436
70000638602.567535
1.000000
70000604905.544220
70000042601.066986
70000137180.482742
70000665334.263138
70000806908.830734
70000861677.538757
70000133056.369202
70000437651.504883
70000203278.616470
70000194439.465759
70000239997.814209
70000899730.247543
70000694033.695862
1.000000
70000580367.602081
70000109605.956940
70000992741.391312
70000229833.383774
1.000000
70000406165.377045
70000048949.777084
70000028138.811096
70000394214.921494
70000504282.408356
70000118178.362183
70000464830.656876
1.000000
70000249443.529617
70000166901.205017
70000773087.783890
70000089022.616821
70000647111.044754
70000142503.607819
70000389999.768372
70000191893.158096
70000982908.576233
70000969986.470154
70000898684.855148
70000923900.929230
70000649949.225342
70000149689.450546
70000732501.335938
1.000000
70000769316.775131
70000300155.649109
70000174279.470871
70000562007.923187
70000553890.321915
70000175322.601501
70000750012.547119
70000121307.988617
70000826603.674973
70000125351.212082
70000005827.682449
70000290134.983673
70000952453.321091
70000718300.014969
70000115662.320816
70000857388.673080
70000935275.364334
70000746733.762466
70000508080.979538
1.000000
70000817401.800201
70000715122.695404
70000184422.990189
70000546591.216080
70000340969.709396
70000436429.729080
70000104069.271820
70000076965.512390
70000352004.664047
70000097462.012314
70000512130.994324
70000596007.239792
70000915615.481735
70000280440.325439
70000906906.120422
70000502904.756104
70000337302.979263
70000302329.993790
70000963311.647430
70000674652.125015
70000920350.764877
70000915594.463318
70000876593.521881
70000700827.920471
70000881348.224686
70000509241.872208
70000476079.754639
70000775192.115204
70000872629.056961
70000371273.178772
70000775607.612946
70000682063.737198
70000233024.874542
70000259338.792419
70000188126.792847
70000756599.517502
70000446081.414627
70000661672.769211
70000779675.450226
70000997498.122864
70000035228.441025
70000212294.709274
70000142530.235596
70000197778.399399
70000691392.853348
70000439863.768356
70000572727.265686
70000068968.128937
1.000000
70000843006.968460
70000591254.806519
70000326964.124588
70000889930.633087
70000889716.517960
70000861361.291962
70000391519.209290
70000786773.455551
70000234393.871338
70000631706.087341
70000215232.356400
70000076813.083557
70000120106.360992
70000453331.676880
70000673627.397400
70000342367.063034
70000343697.953598
70000842581.714386
70000778410.434448
1.000000
70000972522.482697
70000884424.142731
70000202071.055969
70000128818.710236
70000806088.150543
70000289850.178604
70000246344.523727
70000739046.008896
70000398193.163406
70000338148.510254
70000123045.264771
70000464896.049545
70000088970.128448
70000840481.060699
70000697487.357056
70000376441.594910
70000143135.169769
70000140814.804199
70000373039.432343
70000921484.765381
70000995501.042740
70000933936.016052
70000571205.955139
70000369843.050034
70000794140.426224
70000646081.950287
70000880048.268280
70000372555.011551
70000082048.520920
70000638674.628036
70000274321.468796
70000062206.063934
70000192927.561081
70000170661.848083
70000954891.245407
70000049172.593109
70000267085.957855
70000439843.912476
70000063338.652969
70000017393.143723
70000611375.541687
70000926400.810822
70000390768.873398
70000005607.918427
70000159540.032867
70000851854.656738
70000384423.567688
70000199102.436508
70000707371.465759
70000044268.651749
70000640961.389694
70000501315.290207
70000289478.714279
1.000000
70000202469.267853
70000227989.567215
70000497251.179794
70000974653.536453
70000837231.693268
1.000000
70000383810.397079
70000214775.184784
70000640295.922714
70000651286.371033
70000058205.880951
70000868912.008911
70000346565.196823
70000179262.806412
70000686802.661835
70000395508.929214
70000183231.634567
70000349994.765594
70000663844.289612
1.000000
70000644130.765610
70000484175.728165
70000521231.066177
70000103954.636673
70000912204.208633
70000426385.570847
70000149300.920822
70000487444.518631
70000241871.001266
70000711468.541656
1.000000
70000252678.764130
70000474647.059464
70000601001.680435
70000705809.924896
70000510378.838135
1.000000
70000701213.887604
70000547943.239960
70000285949.099396
70000860285.344666
70000380934.130615
70000669684.790588
70000164529.716949
70000404694.327087
70000660147.592133
70000051080.377838
70000657086.345169
70000967380.066055
70000682196.317719
70000473662.820770
1.000000
70000786120.206482
70000520392.123184
70000162465.068085
70000434693.671921
1.000000
70000006607.602737
70000558264.005783
70000651006.437408
70000463758.161484
70000726773.255600
70000436759.915649
70000591395.520905
70000064663.167175
70000996982.144943
70000056452.905106
70000381470.659897
70000155545.889023
70000443947.122269
70000230126.066147
70000741979.023697
70000863087.969894
70000766920.359299
70000777182.798782
1.000000
70000972624.217728
70000263989.565598
70000734088.891220
70000820642.726013
70000503199.559204
70000405789.388031
70000276072.426727
70000881335.054153
70000512126.504196
70000546064.449310
70000025946.136368
70000722914.668427
70000456390.546555
70000640698.016525
70000344618.953522
70000209678.863129
70000814518.073441
70000844037.888794
70000489467.936707
70000180271.511169
70000337657.399796
70000655188.577850
70000464503.283646
70000938061.846817
70000140044.401917
70000900536.007553
70000317405.782257
70000314171.724670
70000828589.073181
70000485030.186249
70000762772.384918
70000454985.170395
70000521522.737350
70000349529.529831
70000493623.502548
70000131168.121246
70000006741.960968
70000348346.971817
70000565740.956207
70000755195.410049
70000555282.172394
70000843049.288834
70000391596.495178
70000815907.308136
70000270447.264420
70000498187.262726
70000685037.668106
70000871434.184586
70000812187.281876
70000766900.574585
70000827165.190918
70000000229.985306
70000028540.773346
70000407196.132324
70000635936.058899
1.000000
70000010481.352539
70000854352.989822
70000178271.407013
70000044821.885269
70000146870.150238
70000749299.171204
70000692424.906738
70000374812.269989
70000153432.306076
70000531985.547760
70000210072.023529
70000876248.028961
70000154048.819382
70000667071.861359
70000688532.527710
70000733376.559006
70000508950.571213
70000128255.576324
1.000000
70000359669.894577
70000640317.082413
70000495089.900330
70000377825.083984
70000757663.223740
70000863793.940491
70000615854.550293
70000838281.198227
70000195118.888062
70000839959.401367
70000550834.126556
70000689126.239548
70000253207.159088
70000871624.925430
70000843587.435822
1.000000
70000591801.785095
70000276986.711639
1.000000
70000841749.549042
70000537156.433273
70000136939.974228
70000257325.929138
70000999507.180161
70000354771.748672
70000405405.707367
70000253627.156570
70000968078.121872
70000756593.884415
0.33
 0 0 0 0 0 0 0 0 0 0 0 0 0
