1 401
70000224146.145844
70000164715.529984
70000763402.668976
70000832553.142319
70000172003.353836
70000036410.353989
70000301992.221558
70000581424.152191
70000298130.922974
70000380888.150650
70000095877.471786
70000920399.076721
70000150488.304901
70000297281.507004
70000760115.097870
70000457146.245087
70000028966.578583
70000782801.308319
70000237570.969574
70000352566.119553
70000738446.411560
70000480687.728485
70000677565.925766
70000474980.333206
70000018987.745132
70000538018.810272
70000772301.403748
70000861919.425293
70000658183.578766
70000802891.995300
70000480583.065979
70000487800.111221
70000605699.154266
70000027597.771362
70000429674.645828
70000081883.577881
70000123780.011078
70000460677.738571
70000182978.574631
70000721427.898590
70000396488.858948
70000597010.050293
70000415101.683838
70000436466.938599
70000159405.012085
70000781033.434448
70000816289.840134
70000386397.061920
70000422526.562302
70000434130.908478
1.000000
70000639127.357300
70000587492.225998
70000110645.927185
70000324600.375397
70000227296.109741
70000251309.996857
70000225336.472733
70000309148.445572
70000628697.427811
70000751173.011780
70000273931.247543
70000881415.955109
70000662245.343582
70000531155.425247
70000861628.507828
70000915111.047012
70000909275.138458
70000761914.493088
70000779424.508423
70000568362.413620
70000244957.614563
70000524227.385574
70000123242.693359
70000448467.269394
1.000000
70000983629.196533
70000455682.688934
70000633744.941849
70000968164.929932
70000728005.953049
70000219190.733429
70000885381.431702
70000061514.207748
70000619012.417191
70000022164.041382
70000239152.838364
70000910893.585922
70000151694.934311
70000436773.097916
70000766172.263916
70000734419.231949
70000387515.264404
70000592927.120605
70000956549.493088
70000805619.119614
70000508035.582779
70000567512.859329
70000521468.807983
70000959097.025177
70000945809.529739
70000120245.946716
70000662003.651672
70000052278.148346
1.000000
70000757944.695114
1.000000
70000003781.981461
70000912169.935074
70000290882.121628
70000759743.174713
70000572311.679459
70000444985.316696
70000752858.786652
70000649233.306854
70000413724.936996
70000258377.794418
70000367333.825851
1.000000
70000409871.150421
70000678327.639816
70000933920.355576
70000581542.239563
70000078563.784988
70000806458.018021
70000180254.647568
70000558956.699188
70000675237.306213
70000957275.383667
70000244518.433456
1.000000
70000762950.287323
70000486675.040558
70000170760.750336
70000020467.533035
70000576461.410034
70000687400.446548
70000541012.990768
70000436731.086563
70000435358.589371
70000651844.220764
70000450597.348083
1.000000
70000090305.178436
70000209508.489304
70000946426.768051
70000550652.550613
70000915004.702942
70000777081.591766
70000855346.517807
70000256472.735046
70000320282.678177
70000095642.964737
70000821597.678299
70000951206.505478
70000893768.593079
70000081869.466904
70000852304.557816
70000334394.175888
70000675223.545380
70000169809.869080
70000420429.533798
70000078595.489868
70000640951.378647
1.000000
70000776940.056488
70000950375.788635
70000934270.324280
70000765058.663193
70000735880.570923
70000737688.511353
70000657141.956772
70000640954.081818
70000637868.754669
70000228591.190918
70000570697.833649
1.000000
70000471828.846893
70000040453.662338
70000539361.979752
70000427306.205841
1.000000
70000186053.891373
70000346084.082016
70000382321.234009
70000004532.665985
70000544579.328964
70000247862.167480
70000150320.418579
70000544696.324707
70000968655.501144
70000764444.793427
70000519698.289734
70000105587.680023
70000805592.469131
70000630220.005020
70000759560.177765
70000173094.506378
70000273869.098251
70000952695.117371
70000749540.824493
70000650185.060410
70000157823.785904
70000996335.212555
70000394963.040939
70000280373.408524
70000984160.537140
70000984603.332901
70000985151.514893
70000714600.322098
70000004289.984024
70000308668.508560
70000256915.033829
70000227048.902802
70000716135.716888
70000329507.006607
70000955783.643311
70000366788.783279
70000924608.069305
70000406966.707657
70000604757.649429
70000722670.517975
70000908190.419327
70000039218.238525
70000175573.528381
70000417226.580032
70000513504.566086
70000744222.239288
70000093298.446671
70000845991.676682
70000606845.405807
70000428771.153488
70000900311.592484
70000413599.246231
70000356586.581223
70000904315.026596
70000285470.040680
70000006737.747025
70000305239.023453
70000309725.957901
70000700146.238342
70000986341.427277
70000372073.820419
70000316594.026688
70000999425.999161
70000811886.132874
70000423958.611435
70000953728.485336
70000684742.052887
70000052755.983597
1.000000
70000866551.026627
70000278828.411926
70000776577.717056
70000223433.293015
70000864848.105850
70000693830.018936
70000272302.677521
70000307840.920593
70000543971.227066
70000805315.907013
70000585446.801559
70000809601.355209
1.000000
70000822905.298904
70000769757.503082
70000152239.402802
70000459680.287918
70000662728.615372
70000183561.151352
70000276394.398178
70000029575.156677
70000670991.237045
70000082920.731277
70000619626.337952
70000874046.125336
70000189894.648148
1.000000
70000644955.145355
70000815872.956573
70000600371.608948
70000193108.334625
70000584407.598221
70000352454.772614
70000625864.362152
70000327666.492157
70000657841.128281
70000575925.122833
70000763343.488739
70000736607.950897
70000918274.671921
1.000000
70000331241.084229
70000427950.085144
70000658502.200027
70000422456.360626
70000006109.969940
70000733929.989914
70000097885.158386
70000302667.616318
1.000000
70000207470.673737
70000549855.122681
70000506339.694916
70000978268.062500
1.000000
1.000000
70000561338.964722
70000406518.828568
70000887581.277359
70000682594.626511
70000332760.620834
70000950939.943268
70000860863.056992
70000891346.640030
70000495498.861465
70000030858.558762
70000602670.956207
70000719597.299271
70000346577.399292
70000479477.500565
70000427108.699860
70000993790.607727
70000312964.928146
70000690889.704941
70000601873.841125
70000688469.780487
70000725235.781662
70000191548.303055
70000250900.156265
70000817885.163223
70000915417.738983
70000053753.971222
70000010021.627823
70000012334.664032
70000921380.523193
70000075136.460052
70000192859.716751
70000507456.406540
70000784079.399170
70000675818.897049
70000661685.374863
70000566026.001785
70000476244.120270
70000389040.333176
70000128847.777267
70000576503.849091
70000600376.419113
70000085599.252975
70000390291.779007
1.000000
70000937586.832001
70000419389.007553
70000454635.472321
70000771526.235168
70000061490.412949
70000637462.004471
70000754859.376801
70000536854.611588
70000466232.881683
70000317007.237610
70000913102.953506
70000090725.439987
70000173395.909302
1.000000
70000182010.295609
70000742107.114059
70000895243.306870
70000865376.611633
70000326196.717072
70000967662.062881
70000957455.447876
70000014631.019989
70000266008.014801
70000527507.575272
70000734665.363449
70000212952.904617
70000725208.567963
70000421107.181732
70000853686.472305
70000082564.816833
70000948752.900223
70000869647.988022
70000779693.988388
70000649292.032715
70000675599.699966
1.000000
70000154963.530884
70000652260.760666
70000453933.339523
70000158781.412659
70000175524.255890
70000930319.062225
70000582347.922653
70000624552.813919
70000593725.576370
70000590581.882080
70000035210.626480
1.000000
70000451034.457764
0.33
 0 0 0 0 0 0 0 0 0 0 0 0 0
