1 401
70000698202.738800
1.000000
70000559540.326508
70000931885.158432
70000081115.714142
70000967996.815033
70000427612.283524
70000150846.862976
70000588908.774841
70000350300.326553
70000075392.229355
70000500044.874191
70000439834.151276
70000011021.813644
70000232570.752106
70000922373.693649
70000190167.125931
70000995736.419662
70000212074.060623
70000405943.708450
70000688731.661087
70000713222.263596
70000357093.471680
70000999031.032364
70000815121.801559
70000600873.113739
70000576965.028244
70000460175.985504
70000649121.870438
70000078679.092865
70000372041.110260
70000590971.327759
70000679069.050171
70000239402.201233
70000359372.554382
70000694565.962082
70000118794.297897
1.000000
70000557890.157791
70000744768.568741
70000282288.486542
70000344474.177460
70000826290.741608
70000501175.957443
70000751431.603912
1.000000
70000545235.847015
70000138828.056503
1.000000
70000023430.607178
70000377959.006485
70000556875.629135
70000239592.868256
70000568050.941040
70000407273.489700
70000918659.347824
70000428687.800781
70000488318.819626
70000886572.830612
1.000000
70000386124.713577
70000724201.647034
70000406127.712662
70000506266.873520
70000364361.678802
1.000000
70000858030.152466
70000842573.933640
70000474710.871658
70000338663.521393
70000817838.288910
70000270212.731567
70000650686.937317
70000768197.862167
70000419397.815491
1.000000
70000237986.159683
70000289905.565414
70000365895.502884
70000924113.894119
70000869330.047440
70000793639.736710
70000779772.975189
70000750029.227722
70000554050.758713
70000535407.072296
70000310451.041687
70000990075.442795
70000315717.071457
70000165566.357956
70000404026.792099
70000044289.231277
70000870590.200134
70000907947.212967
1.000000
70000237257.147064
70000642798.578979
1.000000
70000562827.233887
70000113139.599182
70000804260.721008
70000172443.460251
70000781079.630707
1.000000
70000627614.802490
1.000000
70000748654.408310
70000182351.672195
1.000000
70000902613.261124
70000048060.775482
70000358531.626938
70000188082.251236
70000799733.662048
70000180177.201447
70000653603.874847
70000997443.669617
1.000000
70000882949.472672
70000535670.683197
70000430744.874817
70000156225.891693
70000997933.534332
70000005617.132767
70000217023.448349
70000559063.934128
70000168020.910446
70000875114.630035
70000966906.928085
70000979175.362091
70000175612.487762
70000500459.285965
70000361916.018234
70000544571.031311
70000827404.110336
70000453142.919250
70000288362.725632
70000926238.000519
70000840637.172226
70000336046.791779
70000388124.014587
70000693301.059036
70000522203.032761
70000502826.407089
70000090323.909470
70000073118.959625
70000225681.843536
70000064874.069931
70000412546.587189
70000952064.785309
70000990200.068268
70000172986.893814
70000517735.653564
70000701506.509369
70000818496.981110
70000111727.372086
70000142204.371140
70000614208.407242
70000379454.972015
70000079353.887070
70000546616.662094
70000040577.124969
70000173384.981552
70000590175.902649
70000573379.938065
70000692782.553375
70000248993.625656
70000746248.621445
70000723588.426346
70000383820.631805
70000699360.459412
70000863697.999023
70000050699.019913
70000531007.735855
70000058347.414413
70000744234.305176
70000959084.921356
70000937843.478241
70000912062.243881
70000624133.935242
70000154088.982025
70000406267.503662
70000881486.600250
70000271088.377167
70000286228.444016
70000039477.971863
70000605627.210800
70000536614.057724
70000036578.295273
70000227101.409317
70000243516.883774
70000127574.402237
70000597206.104935
70000044385.731995
70000755474.710632
70000971064.908936
70000729812.442001
70000964774.214264
70000961803.431671
70000366852.211060
70000686704.225784
70000824307.158020
70000240005.680115
70000706200.997391
70000370371.039932
70000430486.767487
70000619204.315170
70000606666.289566
70000221990.313980
70000479497.515808
70000607070.014435
70000085376.406998
70000511047.186218
70000620930.594040
70000125804.884583
70000447845.060226
70000520330.186295
70000645832.565445
70000124486.437881
70000729787.972488
70000955370.437668
70000504128.223572
70000384530.450150
70000052180.928314
70000862380.598267
70000986682.124542
70000998415.638336
70000735051.920593
70000378092.908127
70000976402.281815
70000377713.619263
70000839665.593475
70000978967.966476
70000169024.324692
70000498146.592651
70000239418.456223
1.000000
70000901932.399216
70000921643.714890
1.000000
70000939147.838882
70000303955.885223
70000917295.390472
70000003550.501022
70000472668.697876
70000451964.792282
70000379781.873901
70000835433.648514
70000337637.540375
70000626037.070511
70000276553.580826
70000002630.776855
70000012747.955750
70000541351.442505
70000925317.030609
70000779880.115784
70000715575.336456
70000635162.752426
70000340449.984818
70000004412.435822
70000966594.772247
70000169998.449234
70000952219.531815
70000141013.161652
70000218564.054901
1.000000
1.000000
70000747665.201828
70000568866.470291
70000398155.936401
70000296137.880188
70000404175.092606
70000800552.949005
70000945698.043915
70000980267.599747
70000974597.816116
70000926643.700256
70000893031.516861
70000968773.225647
70000318385.816803
70000209185.633759
70000745265.346756
70000309321.626785
70000395478.033386
70000691367.092697
70000610601.817993
70000609352.033920
70000953866.036591
70000177703.114410
70000204864.452042
70000252712.821426
70000471022.840942
70000789263.930435
70000721997.949402
70000382370.662277
70000916512.560852
70000414805.221390
70000172280.813934
70000382228.491119
1.000000
70000837051.837112
70000854021.272934
70000160151.649933
70000219811.008514
70000399417.525955
70000502587.676331
70000736594.057709
1.000000
70000109844.930725
70000405728.049820
70000243013.990005
70000818288.030792
70000036655.812088
1.000000
70000318321.803223
70000214276.646179
70000685065.077011
70000900842.945953
70000225895.376007
70000001096.516693
70000716943.853104
70000128560.854614
70000137006.478012
70000872207.336670
70000481772.104797
70000016055.069031
70000373653.405502
70000904009.159332
70000124192.271561
70000668859.070648
70000560027.055176
70000505104.728516
70000497310.137878
70000933602.988525
70000059025.457596
70000003826.813889
70000193788.902771
70000430063.085587
70000625614.980286
70000714528.150925
70000221864.599548
70000197513.366364
70000496281.392899
70000237406.381302
70000441609.340836
70000036032.558121
70000415523.998505
70000292534.457260
70000468038.904449
70000943518.651520
70000141070.267838
70000085078.610275
70000991865.366669
70000535800.940781
70000939761.990616
70000502583.241409
70000294970.921783
70000527412.948303
70000984405.638840
70000647494.386963
70000665182.969620
70000380445.680862
70000402480.932526
70000320947.193253
70000425831.523651
70000259009.324387
70000789489.376892
70000966611.410782
70000634081.430588
70000256394.571945
70000274972.237213
70000675691.840698
70000524020.556595
70000105614.649048
70000682804.753616
70000433095.048386
70000514945.929626
70000261575.834869
70000052797.385849
70000470317.056076
70000149621.832840
70000705242.249878
70000420935.008942
70000958349.727753
70000125715.847839
70000430176.036102
70000133111.885849
70000986663.492523
70000898636.647263
70000411266.341812
70000610594.350632
70000406934.367142
70000027961.834747
70000202866.223785
70000538485.620407
70000710055.103363
70000094498.243195
70000396391.874542
70000238457.790634
70000744580.699005
0.33
 0 0 0 0 0 0 0 0 0 0 0 0 0
