1 401
70000516607.615646
70000101703.527802
70000054619.171021
70000607201.721146
70000739712.120270
70000876904.198151
70000332496.922073
70000206616.721954
70000362944.499115
70000210530.829681
70000161238.972977
70000949557.385010
70000788335.743484
70000607466.957260
70000597400.960861
70000453751.015381
70000463730.217468
70000017399.270782
70000912404.731552
70000664811.408386
70000313299.522827
1.000000
70000729728.937042
70000746000.494247
70000307770.268585
70000278069.032944
70000016617.150589
70000041837.911713
70000965785.952347
1.000000
70000076558.135849
70000079328.918961
1.000000
70000772943.579971
70000967493.992233
70000444470.788391
70000969572.652557
70000410184.497925
70000941215.258011
70000045047.462708
70000926822.571045
70000194919.563080
70000139526.172806
70000542453.600937
1.000000
70000658318.626953
70000200718.167572
70000321289.593140
70000266846.612381
70000499792.484009
70000327513.018677
70000640654.859329
70000635405.317871
70000987344.217728
70000875434.065567
70000561641.328766
70000487099.773560
1.000000
70000587478.179291
70000823272.409607
70000106933.325714
70000446923.873566
70000937188.104080
70000873384.585709
70000688905.254715
70000392480.625122
70000451194.030853
70000185663.969574
70000473764.661804
70000005735.746979
70000187813.981491
70000934143.463715
70000858818.659424
70000802655.007843
70000506392.943130
70000126648.736755
70000893157.303009
70000873334.153229
70000977880.324142
70000031218.741531
70000830421.839417
70000066016.759689
70000241964.191177
70000942796.869720
70000423554.972931
70000551884.296524
70000531966.103165
70000722443.423508
70000969300.956467
70000210619.595749
70000142506.165985
70000119009.561234
70000909333.286453
70000494641.465561
70000002179.809525
70000643084.638580
70000957503.068665
70000876149.398758
70000732838.513443
70000519278.974884
70000403923.951172
70000300236.613083
70000838113.307922
70000997351.857330
70000316338.182755
70000220855.408691
70000559243.024948
70000408214.296799
70000125514.334579
70000450811.116394
70000533659.897171
70000651805.163223
70000157399.901138
70000504775.515244
70000317755.301239
70000361824.881607
70000019430.979095
70000810648.736771
70000042170.200531
70000826550.770508
70000361781.401932
70000138784.566025
70000500045.988937
70000793328.251877
70000035358.531113
1.000000
70000466979.813675
70000362605.306046
70000312288.731201
70000491206.777573
70000320992.775726
70000676530.459717
70000943175.573837
70000909751.206421
70000639007.926147
70000240027.427933
70000966917.780838
70000349822.327591
70000210926.709793
70000130612.844528
70000077638.138947
70000771446.492783
70000425272.860657
70000934891.149612
70000589648.165985
70000402369.888504
70000916604.710098
70000855990.425751
1.000000
70000648597.385284
1.000000
70000957883.540543
70000328777.769577
70000173094.424088
70000814998.112747
70000750631.105423
70000402622.203354
70000736544.782440
70000315914.582916
70000047111.681870
70000558230.746155
70000091764.282806
70000729118.900116
70000634055.547684
70000458926.236511
70000880297.830582
70000749112.680740
1.000000
70000090472.461029
70000831747.797379
70000395130.449936
70000460587.767303
70000081625.140549
70000568056.412979
70000966834.361664
70000231550.237274
70000056161.262512
70000457372.126984
70000408887.451569
70000638424.516357
1.000000
70000865344.999496
70000999886.637909
1.000000
70000890119.872772
70000688354.637726
70000906292.671951
70000202742.491074
70000698843.736115
70000955803.661789
70000849980.020111
70000584167.857132
70000180091.163666
70000685011.856613
70000464401.047501
70000730135.474213
70000764229.833725
70000370164.418961
70000225064.470108
70000166373.011993
70000073942.432648
70000253291.038391
70000131879.222000
70000603131.364578
70000874873.858093
70000017145.753357
70000047908.404449
70000331774.446838
70000023304.679916
70000112167.727722
70000374081.521042
70000098986.825790
1.000000
70000562199.475357
70000269014.507812
70000427031.249817
70000950032.946823
70000199072.059006
70000745557.350327
70000993446.666290
70000375688.499725
70000676248.279266
1.000000
70000235400.742737
70000434106.744080
70000226905.859344
70000355521.380127
70000493981.873367
70000431813.521500
70000836612.854446
70000871467.170380
70000728524.626984
70000662186.103485
70000330234.216675
70000041913.051880
70000060242.826462
70000245543.443314
70000802158.284271
70000291653.213028
70000932077.519043
1.000000
70000478788.244263
70000280550.941589
70000948504.704681
70000526045.609100
1.000000
70000781503.834839
70000547874.276474
70000275415.272598
70000301163.089294
70000568187.864868
70000661338.487213
70000589651.109299
70000895810.556946
70000142363.067291
70000104115.790741
70000111620.785645
70000608458.554306
70000789439.605179
70000450914.052612
70000605571.638000
70000502449.353836
70000016358.902130
70000561731.099045
70000028691.095352
70000513291.867905
70000623141.626678
70000823649.711334
70000147600.876083
70000747162.532761
70000682116.297577
70000769964.547501
70000987410.044724
70000636847.891495
70000286463.989365
70000969020.248291
70000456040.441986
70000226974.590973
70000089936.758453
70000445722.677719
70000246580.054398
70000280984.151474
70000237168.689270
70000227949.250092
70000760734.944839
70000830453.549377
70000966756.624390
70000758482.283432
70000009883.617996
1.000000
70000090117.257706
70000052339.629471
70000914398.061935
70000688664.653809
70000301765.390259
70000185869.905624
70000002360.884262
70000372040.365082
70000849255.421997
70000622748.890030
70000845203.224625
70000283638.637512
1.000000
70000917543.265686
70000235227.160614
70000699890.286179
70000633228.361282
70000129357.187515
70000363548.685379
70000059166.244995
70000097022.047165
1.000000
70000197089.554581
70000353678.136002
1.000000
70000791146.154709
1.000000
70000890915.223862
70000393621.201889
70000590761.124908
70000949781.080551
70000355891.074631
1.000000
70000099208.579514
70000999159.281387
70000549524.497253
70000650101.950073
70000840872.980209
70000037215.466812
70000115039.143661
70000498443.615936
70000877632.050293
70000214301.868866
70000245689.341400
70000040548.974014
70000764082.455551
70000261649.808746
70000621014.937195
70000320296.516525
70000151260.878311
70000732976.764740
70000424637.482666
70000304739.857254
70000440312.932602
70000582015.525208
70000107111.982025
70000442879.892242
70000797523.093414
70000204055.084747
70000094724.489777
70000952224.992310
70000508938.419144
70000983276.315521
70000678879.987991
70000323155.076080
70000794571.341187
70000879909.914658
70000304104.443481
70000139383.687561
70000850232.539383
70000193264.610641
1.000000
70000142338.551285
70000070833.083008
70000272278.176910
70000860828.488983
70000827758.797913
70000025205.425766
70000329663.624222
70000050979.285751
70000732827.726562
70000115193.600647
70000824101.399750
70000683413.702057
70000221838.220306
70000529678.817520
70000847128.604034
70000856167.774902
70000354652.855118
70000101509.565201
70000779280.335342
70000953927.476379
70000742718.643845
70000889250.675079
70000395033.164398
70000908143.238342
70000658017.421204
70000441492.200546
70000828884.676254
70000079494.954971
70000749571.344101
1.000000
70000185827.783127
70000188183.051727
70000088752.528946
70000034214.290359
70000693542.820557
1.000000
70000364124.881302
70000281519.963867
0.33
 0 0 0 0 0 0 0 0 0 0 0 0 0
