1 401
70000369345.224228
1.000000
70000458318.397369
70000753368.977295
1.000000
70000025835.143707
70000105178.579605
70000847846.883362
70000184830.546082
70000571709.369431
70000506473.446976
1.000000
70000842761.258453
70000811177.640167
70000351601.397583
70000544821.166458
70000143899.210434
1.000000
1.000000
70000788813.740204
70000478607.381836
70000777115.149109
1.000000
70000046263.693741
70000056499.933258
70000902666.065308
70000952072.430222
70000610462.286987
70000664545.015350
70000864602.837341
70000680857.549957
70000868658.994751
70000405377.921036
70000115335.530960
70000478028.840576
70000133371.532440
70000057718.403046
70000017559.095520
70000553045.282425
70000766467.195557
70000878755.281693
70000584338.730087
70000845133.078384
70000894582.952240
70000280943.733932
70000023381.678284
70000158551.107346
1.000000
70000260848.454926
70000145527.867966
70000133752.168152
70000422486.265991
1.000000
70000332786.902023
70000507399.888351
70000500225.137589
70000758294.526077
70000438489.848801
70000419938.868149
70000599582.594208
1.000000
70000118288.072708
70000962363.527191
70000636914.008926
70000325470.902939
70000536978.660522
70000981768.924759
70000309103.959564
70000419536.457932
70000570406.612885
70000619848.230423
70000391102.295731
70000272315.603012
70000290836.341080
1.000000
70000890270.255127
70000115279.668076
70000175841.157730
70000070332.515411
70000232765.236450
70000543050.048203
70000957100.703186
70000968339.699142
70000277058.681351
1.000000
70000328082.909988
70000573490.134018
70000205412.068848
70000322755.435898
70000790453.433121
70000666989.110214
70000694051.485153
70000506627.052292
70000180461.244781
70000087185.186646
70000172447.183777
70000486931.304352
70000707907.223526
70000783856.157089
1.000000
70000453236.940094
70000263274.778671
70000535687.981873
70000393716.858856
70000466650.972015
70000192990.598434
70000961601.037094
70000229791.987473
70000963100.172333
70000903871.035980
70000117760.551025
70000741218.055679
70000782449.709824
70000416708.705246
70000723779.756607
70000530166.386459
70000425640.969513
70000486471.501190
70000258534.937393
70000458834.233917
70000658596.818405
70000732757.258652
70000434493.823013
70000306211.939407
70000489216.624451
70000963660.956650
70000760457.933289
70000554282.473831
70000614984.670212
70000155074.861465
70000086615.749207
70000643616.539597
70000355740.368530
70000217202.092728
70000887059.037857
70000840887.531937
70000090927.140213
70000823296.284576
70000548421.459656
1.000000
70000897282.640945
70000763605.679382
70000546513.085800
70000833048.322723
70000795654.254074
70000220444.439468
70000906187.154648
70000427031.319885
70000936088.089325
70000682588.661682
70000303720.991913
70000069013.291565
70000481054.818527
70000668573.775452
70000534824.627914
70000685557.669632
70000844894.813065
70000214710.696609
70000327478.945084
70000996218.901566
70000359792.365875
70000269991.418213
70000267544.327591
70000865731.194626
70000943557.783386
70000911545.756302
1.000000
70000837408.814026
70000244065.149307
70000078731.760971
70000206642.957657
70000730674.403641
70000063557.168610
70000234096.631760
70000576888.622406
70000846308.389282
1.000000
70000595807.771622
1.000000
70000764821.780243
70000291242.841766
70000129966.869751
70000579359.529465
70000514736.943802
70000228366.903397
70000265153.980667
70000681305.818878
70000523679.539795
70000943096.619492
70000407467.967850
70000000430.456436
70000323391.924088
70000637582.791412
70000919665.806473
70000532755.028488
70000840054.980133
70000727788.956650
1.000000
70000363249.478241
70000944640.337387
70000431479.258377
70000305612.763199
70000162166.043671
70000286781.201263
70000094234.885727
70000410705.585052
70000517170.277832
70000662323.805389
70000061079.873856
70000669758.189621
70000232278.842667
70000358240.208145
70000256608.926498
70000711887.863571
70000912516.842499
70000277978.400803
70000540129.049072
70000801021.719177
70000773922.542908
70000793714.685898
70000285649.520798
70000293089.503448
70000714435.257248
70000708288.255524
70000253962.082733
70000798835.937775
70000429463.608948
70000631642.943970
70000804217.943344
70000822615.917633
70000354121.288605
70000071034.352417
70000042757.081573
70000820364.350754
70000237511.155197
70000172902.459534
70000949726.429428
70000231913.751312
70000473461.371368
70000860986.688049
70000540552.838058
70000068673.311310
70000755610.294296
70000134345.884354
70000722085.841766
70000419969.845230
70000969706.109726
70000508306.353745
70000229289.719345
70000684123.077744
70000142134.087708
70000671868.921677
70000240986.909607
70000720335.144653
70000553500.157211
70000089519.336090
70000623683.428726
70000797071.938309
70000536300.507370
70000937548.273727
70000333273.515060
70000829246.475311
70000616025.869827
70000083759.546310
70000061592.094421
70000688887.289276
70000142463.656662
70000674732.701523
70000326697.507141
70000375142.928223
70000899134.675034
1.000000
70000906241.925369
70000916286.126007
70000092763.346603
70000546817.077103
70000562099.218567
70000945359.845154
70000282801.263870
70000138502.494019
70000297535.885529
1.000000
1.000000
70000691152.664841
70000674082.010056
70000085336.167496
1.000000
70000528423.772202
70000978895.199554
1.000000
70000401438.705246
70000554734.886658
70000039657.643066
70000254108.552841
70000047269.089554
70000842927.867065
70000583781.601486
70000427066.807983
70000681702.556030
70000353824.933792
70000974494.465912
70000732428.744202
70000596803.393631
70000085272.698380
70000432271.095810
70000006244.551941
70000997403.209442
70000576757.256927
70000234478.689209
70000903595.774307
70000960327.078232
70000509672.226700
70000415743.065155
70000804212.949554
70000658191.135910
1.000000
70000238681.383850
70000830360.437012
70000082199.913208
70000578431.449905
70000776441.325562
70000342569.438416
70000502792.895691
70000471798.636978
70000398172.421906
70000110570.533890
70000172785.348175
70000418701.511139
70000131785.166992
70000702024.607193
70000489659.932404
70000033567.374374
70000511506.294281
70000460488.370575
70000312564.357010
70000210725.143875
70000316162.824432
70000654576.523529
70000505396.998291
70000679879.250458
70000808177.815186
70000443187.184448
70000401308.255478
70000631541.871933
70000899683.832260
70000041128.013916
70000251146.102432
70000723152.044525
70000671890.000870
70000611946.842056
70000076405.986862
70000399430.929016
70000140852.605209
70000032751.061356
70000801670.173447
70000388172.066925
70000040172.501633
70000067723.279633
70000869678.686081
70000264976.416702
70000427812.718094
70000543255.259247
70000183896.174072
70000213890.203735
70000767231.865860
70000911630.198196
70000541477.864838
70000258109.402512
70000482572.274048
70000357270.915710
70000671654.512817
70000758166.318848
70000734526.274597
70000653906.313705
70000396504.743027
70000585419.217545
70000251364.724670
70000682208.797470
70000301032.227936
70000731716.949005
70000424161.417892
70000666916.688736
70000150837.936005
1.000000
70000393831.775055
1.000000
70000066310.303284
70000371928.608734
70000153548.627625
70000126885.591034
70000441774.935593
70000873225.882263
70000401340.096298
70000389825.901794
70000716855.993927
70000886448.336746
70000317002.567581
70000861058.804276
70000454298.201065
70000669884.716492
0.33
 0 0 0 0 0 0 0 0 0 0 0 0 0
