1 401
70000844552.512802
70000238021.521378
70000481474.903351
70000538379.959137
70000865350.313492
70000471335.992416
70000008393.701096
70000812644.697708
70000494462.845505
70000920984.282776
70000551839.827591
70000954533.672546
70000780904.020355
70000263332.872849
70000145895.444855
70000177194.542145
70000654772.016479
70000300576.822342
70000090212.760132
70000274069.398026
70000757181.445953
70000650647.829712
70000120548.033234
70000085321.108734
70000281669.738373
70000255716.380386
70000780966.347443
70000026194.708389
70000637921.615128
70000601815.105713
70000374992.733719
70000889020.923523
70000989881.294281
70000917135.168335
70000444801.463089
70000367068.098923
70000119769.690948
70000141124.370300
70000488426.715668
70000806667.014160
70000244302.039352
70000550981.863510
70000297728.530823
70000501344.754608
70000708155.188202
70000704859.925476
70000108066.823135
70000748520.120865
70000628370.650055
70000495767.265549
70000069316.755844
70000403920.065628
70000887693.967865
70000234230.415878
70000847742.243378
70000390227.157043
70000614715.785675
70000258133.821381
70000251139.962204
70000010054.764145
70000025802.727829
70000571825.566406
70000719998.773621
70000800851.613495
1.000000
70000516185.031723
70000769786.853394
70000002455.312881
70000766404.203598
70000598988.232910
70000125175.302185
70000185805.991348
1.000000
70000474311.057556
70000622324.191040
70000481925.672256
70000569932.397583
70000896677.326599
70000304869.878174
70000404072.601013
1.000000
70000415597.947525
70000930791.516388
70000513653.289719
1.000000
70000631407.648621
70000640984.186203
70000116305.966934
70000548998.622620
70000526135.569717
70000246888.039719
70000551579.469391
70000500788.941360
70000429414.600983
70000904747.032608
70000658981.621521
70000268575.765030
1.000000
70000317789.835861
70000667989.306259
70000892236.877426
70000553205.642090
70000764085.890701
70000780419.234253
70000454515.813644
1.000000
70000073202.200073
70000798997.066742
1.000000
1.000000
70000583319.811798
1.000000
70000450786.523178
1.000000
70000433169.853287
70000468621.420670
70000500512.628113
70000384141.009125
1.000000
70000045351.333344
70000521878.677933
70000066230.103897
70000019150.514877
70000186844.427994
70000386826.487061
70000521814.433746
70000262812.651062
70000721371.519775
70000493072.356018
1.000000
1.000000
70000250354.972641
70000848085.135529
70000060660.254883
70000943193.584473
70000982188.609299
70000188495.747116
70000985463.442429
70000594980.379486
70000419055.810104
1.000000
70000078030.493561
70000396815.161011
70000590400.369263
70000469792.768234
1.000000
70000834749.201019
70000546940.099777
70000726477.903732
70000907569.174026
70000085428.773376
70000384255.624100
70000076262.648849
70000343490.138382
70000433329.665619
1.000000
1.000000
70000846275.625153
70000850930.311172
70000846206.546906
70000597130.826950
70000334339.807404
70000328638.858322
70000912067.182541
70000064992.370667
70000158797.699158
70000847500.951706
70000591250.342560
70000041299.277664
70000016811.063049
70000068824.837799
70000315793.236160
70000165675.572586
70000663848.819946
70000532644.643082
70000741550.841736
70000814169.321838
70000541435.168594
70000002421.124863
70000000005.541214
70000886141.857788
70000006014.096237
70000400757.261612
70000555288.926804
70000495539.228439
70000387695.243256
70000687063.236801
70000475494.785904
70000236117.794342
1.000000
70000821962.469971
70000887436.312775
70000751108.813232
70000369746.883667
70000357130.690384
70000379194.024094
70000391854.889969
70000715595.574631
70000949602.726196
70000559472.255585
70000027097.120163
70000949792.265549
70000821426.421616
70000079739.519485
70000364205.761536
70000370608.558441
1.000000
70000519125.505127
70000277918.923569
70000667578.895065
70000220508.144623
70000663115.664108
70000242235.826462
70000751012.123276
70000501405.111374
70000130419.464020
70000807825.183960
70000835477.909149
70000687281.103561
70000197666.611954
70000905090.286026
70000882011.369492
70000117349.209885
70000090457.420166
1.000000
70000259401.973755
70000306987.767548
70000241477.749481
70000259048.484360
70000149674.686584
70000972512.172134
70000523725.792343
70000402868.241364
70000478033.176285
70000591553.462219
70000872921.852325
70000022169.441345
70000661509.154343
70000073182.949356
70000263811.325745
70000601965.301636
70000801620.613937
70000164737.030319
70000094956.366379
70000369608.397400
70000206089.536484
70000306006.178513
70000423861.697586
70000025912.492523
70000653178.449448
70000521675.813354
70000458718.128754
70000287568.530930
70000192635.780136
70000562636.696487
70000253246.791306
70000554860.999313
70000555667.474121
70000332128.156296
70000523733.986359
70000597404.556686
70000263857.477081
70000887943.256042
70000955857.581131
70000087679.503006
70000650441.207153
1.000000
70000776774.838577
70000207665.500015
70000839831.996979
70000099881.683105
70000908877.972183
70000692869.180405
70000150940.718170
70000706165.589600
70000123313.339539
70000153069.946869
70000087954.132156
70000349240.126663
70000581765.630783
70000100112.231644
70000889609.979340
70000446806.363876
70000706649.245529
70000020007.216385
70000182523.901474
70000482109.158020
70000812372.881790
70000058536.602127
70000120021.124649
70000128169.784363
70000469836.195480
70000878970.737503
70000142988.395096
70000750388.238312
70000486575.062210
70000320256.963959
70000066371.794662
70000216779.154068
70000862917.143768
70000075151.172089
70000848781.593170
70000249028.054596
70000306457.355911
70000650845.278320
70000538173.473083
70000586390.170044
70000934690.363464
70000344198.869904
70000621142.342651
70000467304.555710
70000162694.623077
70000949348.990112
70000251488.872650
70000633863.556580
70000026634.048889
70000726928.041855
70000559337.687347
70000150433.801712
70000575254.117981
70000139188.686539
70000828549.751160
1.000000
1.000000
70000503875.520905
70000707734.686218
70000246305.541626
70000692519.658051
70000893883.189331
70000923619.719910
70000657847.851837
70000857650.341522
70000576387.844482
1.000000
70000116489.637756
70000510731.817978
1.000000
70000352140.142303
1.000000
70000941598.842636
70000515204.571823
70000667418.358841
70000289221.509338
70000116084.966232
70000918637.264893
70000572939.567383
70000136158.751251
70000268818.969727
70000790593.123917
70000493340.916779
70000106971.398682
70000274487.115631
70000246416.467407
70000918209.168915
70000909928.040527
70000668195.928284
70000696912.509674
70000400214.988129
70000572767.901611
70000040351.361771
70000681622.458466
70000882415.573730
70000240522.147522
70000978422.145081
70000244906.399918
70000151014.665222
70000995912.397079
70000218050.568420
70000609170.446762
70000879913.271286
1.000000
70000322666.521332
70000162411.805908
70000828282.785889
1.000000
70000379299.475677
70000697569.343018
70000136448.958496
70000859360.588150
70000838302.007156
70000831911.428452
70000373873.698441
70000581502.306900
70000624311.326599
70000087081.578033
70000623789.463074
70000532694.657074
70000073468.705902
70000060286.967941
70000886174.157898
70000698803.387207
70000788045.241379
70000386065.939377
70000369180.566559
70000465113.237091
70000939066.699417
70000139372.450607
70000699976.872650
70000456951.080750
70000852795.689667
0.33
 0 0 0 0 0 0 0 0 0 0 0 0 0
