1 401
70000826164.618164
70000015514.874756
70000068580.732483
70000011756.273239
70000536122.206818
70000364786.610016
70000782704.032654
70000941642.001480
70000676541.779999
70000634542.884445
70000271562.108093
70000513737.821518
70000135755.016907
70000960088.670731
70000219252.937210
1.000000
70000889149.340607
70000851593.086700
70000890385.184891
70000340127.668945
70000093003.352982
70000932133.086945
70000850756.773575
70000775185.374695
70000039082.822601
70000966729.866318
70000459559.968491
70000788944.411591
70000152519.861954
70000179658.995880
70000460206.951126
70000497799.230255
70000241489.386108
70000583488.694992
70000209505.834671
70000173748.184265
70000121595.588882
70000797782.499557
70000849025.708954
70000572049.124222
70000503905.663239
70000489153.030060
70000514680.997986
70000083583.050949
70000391482.310776
70000045595.649673
70000412608.157181
70000840621.952927
70000423422.138535
70000253312.788544
70000040404.052887
70000157218.416229
70000135285.315491
70000371907.943924
70000415118.876083
70000214825.593185
70000454651.577362
1.000000
70000057213.533524
70000870589.846878
70000253713.172836
70000964121.017776
70000618517.918442
70000416286.520096
70000022722.809784
70000426636.913422
70000524422.466446
70000291378.969208
70000348220.173523
70000072549.022110
70000714276.210373
70000817705.830963
70000966110.993271
70000459075.952362
70000100113.897293
70000060571.745789
70000106086.003754
70000109835.076248
70000602908.748825
70000742220.000824
70000510156.136246
70000795271.623688
70000067184.709915
70000473125.600327
1.000000
70000324579.253647
70000914469.711060
70000320029.811096
70000970397.892227
70000888347.302628
70000317151.589447
70000233733.627411
70000598717.431427
70000693812.130524
70000700660.230453
70000402956.132980
70000071595.295593
70000951147.418945
1.000000
70000149908.190414
70000676264.780869
70000013233.813675
70000419169.252472
70000266260.442032
70000918973.099075
70000306137.795197
70000791730.177444
70000241111.271393
70000391384.583710
70000138728.694473
70000042418.834396
70000515149.218826
70000110273.079895
70000001985.398865
70000148014.934845
70000532516.787537
70000124909.911026
70000704400.149551
70000671646.261887
70000534817.273590
70000870419.746353
70000547154.954895
70000528044.159927
70000777989.932434
70000939028.298889
70000645075.687363
70000935512.202454
70000425777.575058
70000652636.916901
70000771748.796219
70000273581.788177
70000995156.037720
70000448845.019745
70000814936.483582
70000183376.178940
70000900962.274445
70000236245.841980
70000259651.742157
70000771091.155396
70000380752.653946
70000217812.378998
70000791414.443802
70000378608.489487
70000553496.190552
70000926154.858719
70000449123.573837
70000396118.476044
70000415787.138519
70000451872.618408
1.000000
70000061220.935486
70000570861.169418
70000093030.121506
70000958064.825424
70000304386.667892
70000763893.782333
70000838096.083130
70000835166.371765
70000855669.058640
70000575741.044144
70000189078.032257
70000645588.739609
70000961679.699585
70000403635.672470
70000707191.504333
1.000000
70000054035.253662
1.000000
70000983045.592941
70000668196.876831
70000227713.665085
70000567146.607254
70000632321.485291
70000145479.274307
70000292025.311798
70000213451.631073
70000320375.588730
70000276992.136246
70000057654.140625
70000256476.893219
70000900445.991745
70000936895.585129
70000002296.053009
70000468976.923676
70000504163.860947
1.000000
70000825211.931274
70000124533.695328
70000946250.786423
70000064754.121475
70000708909.779099
70000122395.169876
70000123430.869980
70000152612.755142
70000553753.473557
70000920842.531677
70000791662.984039
1.000000
70000840688.707397
1.000000
70000788912.082520
70000694793.829330
70000231322.613312
70000496336.808777
70000383635.636246
70000111796.994949
70000675703.249512
70000870785.160934
70000023064.262665
70000233219.513672
70000899167.054092
70000988079.441071
1.000000
70000768598.480743
70000879656.101196
70000227311.805206
70000438652.492020
70000285356.024246
70000472614.572678
70000938377.584259
70000551467.687332
70000971097.264618
70000092116.741379
70000020577.616058
70000887553.656677
1.000000
70000841241.297699
70000341552.683167
70000018071.011429
70000886093.303528
70000829264.564301
70000956244.612015
70000451449.089600
70000251574.837555
70000200441.860306
70000915443.493118
70000660723.028976
70000418772.758850
70000917107.950806
70000663249.437393
1.000000
70000733185.726547
70000788669.765884
70000437868.839355
70000934794.370102
70000914546.145538
70000438936.669418
70000301578.581680
70000931081.247803
70000632177.297729
70000719740.180786
70000776568.923080
70000479615.276093
1.000000
70000128087.937622
70000563712.875427
70000383480.546783
1.000000
70000149431.150742
70000628289.416702
70000386598.196136
70000028256.550018
70000156234.935822
70000515899.910095
70000131414.760437
70000977755.770905
70000776005.681381
70000963207.466934
70000746172.263916
70000503658.923996
70000067113.509491
70000876961.411575
70000569091.023544
70000370703.563080
70000148872.249847
70000488832.301559
70000351965.075439
70000900507.498657
70000935402.507339
70000204646.211639
70000547622.116898
70000419342.175232
70000184194.884064
70000419236.798645
70000414405.009476
70000604362.021500
70000256292.960007
70000363770.999237
70000971595.943512
70000207294.666306
70000257543.021744
70000088038.984055
70000304333.646362
70000280901.902115
70000841032.985870
70000679839.222656
70000593396.432663
70000842877.755432
70000746464.040421
70000085806.861511
70000234941.353363
1.000000
70000394733.335159
70000252396.541840
70000537964.705872
70000562587.972092
70000139307.641983
70000968753.025024
70000458827.780609
70000516118.294098
70000269280.447739
70000403292.723343
1.000000
70000910614.492828
70000065837.729919
70000695959.225967
70000957817.579514
70000126512.673477
70000051227.642822
70000035944.875290
70000461090.143600
70000802881.942795
70000366116.021103
70000262787.263687
70000796746.963638
1.000000
70000234371.113632
70000995410.651123
70000129734.370392
70000136580.460007
70000575066.128464
70000014819.214569
70000903959.178040
70000689342.956970
70000795906.720581
70000189511.906723
70000333249.528763
1.000000
70000555499.827209
70000097117.176819
70000520907.515335
70000748115.507248
70000275361.327377
70000769039.085373
70000388625.448227
70000832519.707245
70000992758.151703
70000669679.967331
1.000000
70000256544.334167
70000536290.464630
70000096797.895859
70000433931.883682
70000004308.436615
70000878817.080551
70000684544.749374
70000088522.192856
70000385906.455124
70000476138.471085
70000763066.107376
70000319539.245895
70000895635.228561
70000020035.499741
70000188166.663925
1.000000
70000722936.956924
70000020409.975128
70000903706.389297
70000532124.380280
70000262614.931381
70000514357.729874
70000850236.022141
70000367193.420792
70000192530.869415
70000680120.286774
70000225960.467041
70000353802.378632
70000675048.463562
70000098025.374908
70000004471.617828
70000026826.488083
70000759168.422348
70000782942.485794
70000925754.709778
70000843215.100311
70000929171.177399
70000790175.402634
70000042969.640900
70000084756.789886
70000614740.922195
70000286530.531021
70000276707.209824
70000916075.411041
70000802452.832397
70000569490.851837
70000780158.209213
70000445397.892349
70000640141.144150
70000876907.947449
70000166638.394073
0.33
 0 0 0 0 0 0 0 0 0 0 0 0 0
