1 401
70000468874.538040
70000309114.203690
70000831269.891388
70000820184.566742
70000806205.370499
70000249091.876572
70000806405.927307
70000337936.817688
1.000000
70000740206.853317
70000041753.668594
70000139166.232391
1.000000
70000408671.475281
70000601542.688675
70000536514.868515
70000790637.365829
70000762002.827332
70000949462.750809
70000596631.155289
70000781188.619431
70000208996.285995
1.000000
70000774303.202393
70000260409.314880
70000725855.586319
70000372351.408051
70000136179.873550
70000203655.263428
70000671152.223709
70000933046.072998
70000847916.412827
1.000000
70000895287.385925
70000582372.843124
70000450141.015060
70000030279.779495
70000720302.539993
70000035987.463242
70000673140.597900
70000101292.263916
70000107041.171478
70000276551.351212
1.000000
70000288841.950180
70000916156.843903
70000006976.177567
70000085457.476700
70000905740.607941
70000653558.739151
70000453146.586655
70000618716.711044
70000589742.055176
70000444901.270996
70000048774.731964
70000453342.150421
70000617314.813934
70000216830.387985
70000375720.341858
70000965260.754318
70000256415.376801
70000951272.374191
70000757287.891022
70000587879.555405
70000169787.065079
1.000000
70000340564.314453
70000545275.520706
70000129273.953964
70000656957.762756
70000218947.774658
70000326272.117996
70000899087.806152
70000293317.998581
70000529453.918106
70000094902.466965
70000647825.637314
70000967686.298553
70000697453.015320
70000485279.192886
70000139335.508804
70000058801.945770
70000896853.177368
70000826115.988708
70000917649.715454
70000182877.811920
70000639112.930008
70000599330.313126
70000927788.054489
70000084523.701035
70000591835.251434
70000664092.599106
70000601603.545120
70000158687.866028
70000768932.340302
1.000000
1.000000
70000633029.132156
70000027008.757889
70000766956.356400
70000255133.747894
70000188867.923721
70000448724.489151
70000067461.958862
70000270335.192459
70000020297.881943
70000302522.085739
70000487038.462769
70000862840.939728
70000893205.024307
70000405601.792145
70000346981.996490
70000098936.419113
70000259016.210266
70000575753.970032
70000473241.812729
70000706252.767456
70000749314.352676
70000961143.718170
70000763845.997452
70000367257.037476
70000477442.940872
70000848917.715271
70000322274.953156
1.000000
70000074130.535217
70000226578.999908
70000572365.231216
70000852642.995682
70000415685.362183
70000613457.550232
70000823867.958633
70000325202.383942
70000332655.202927
70000480953.639084
70000373042.126465
70000233504.712799
70000636939.428772
70000659357.735596
70000756930.506088
70000751454.777817
70000954681.336899
70000513520.997437
70000994208.673355
70000502675.475189
70000936696.687866
70000201699.160080
70000534537.849106
70000141984.256409
70000194978.279922
70000664479.829132
70000986864.632904
70000037735.374039
70000434138.441696
70000488914.774902
70000568717.956696
70000784230.442993
70000237886.255798
70000628559.044357
70000555837.956451
70000127751.516769
70000495197.963226
1.000000
70000694151.664795
1.000000
70000004739.719498
70000221766.587982
70000811142.737381
70000917323.996918
70000498404.330078
70000175933.058731
70000654976.645248
70000998244.645615
70000024332.231201
70000363066.520767
70000479743.110153
70000805522.808075
70000787265.489212
70000185831.952576
70000728839.683395
70000972728.357849
70000293777.983871
70000437283.535645
70000843870.874939
70000541767.339737
70000071860.565170
70000776550.166183
70000606222.357498
70000724366.373215
70000868797.920486
70000708381.398239
70000367862.109940
70000138886.923798
70000162842.069687
70000976431.628128
70000802583.263550
70000512250.241394
70000314266.971298
70000122687.700134
70000884266.167480
70000542047.653732
70000629252.456543
70000507811.128784
70000239910.009232
70000393046.981003
70000891015.739838
70000807684.403702
1.000000
70000928535.951401
70000889075.811966
70000023998.915680
70000223163.231796
1.000000
70000445271.684143
70000353186.231628
70000902112.291519
70000090106.559479
70000989108.768036
70000641088.202316
70000971129.503387
70000872341.439590
70000826224.464432
70000469383.427994
70000624281.918381
70000519357.056549
70000580227.674667
70000103754.453964
70000970240.074310
70000018483.076721
70000010664.309006
70000803756.321960
70000883063.669205
70000687447.010727
70000233413.397018
70000176086.965744
70000057580.162949
70000755156.866425
70000169277.380203
70000112218.702682
70000024444.256897
70000131362.638580
70000176705.492615
70000415880.689621
70000955474.574875
70000791696.277084
1.000000
70000211871.683014
70000419322.723846
70000079205.513824
70000851405.709549
70000233546.181061
70000344864.356308
1.000000
70000554068.740845
70000511942.538467
70000458304.042740
70000524958.387497
70000875196.722260
70000629456.457611
70000731817.885742
70000601890.557236
70000295341.626099
70000361288.987595
70000793991.522324
70000945825.558807
70000960488.019684
70000040824.417252
70000043310.954605
70000822109.160034
1.000000
70000839129.305191
70000084960.273163
70000923606.381973
70000763347.261826
70000978431.419479
70000549487.399734
70000239475.951706
70000639439.657333
70000455071.679306
70000382685.300339
70000204916.522141
70000575160.890259
70000923236.317993
1.000000
70000320369.156540
70000222815.914215
70000147494.464447
70000804763.067612
1.000000
70000033657.077316
70000690389.900909
70000433058.937347
70000168147.149536
70000988641.903610
70000680539.727585
70000129809.951752
70000098349.582535
70000610719.222473
70000246325.883713
70000967931.650925
70000882000.424057
70000413700.998459
70000757902.835068
70000541080.308289
70000230306.460312
70000311791.415756
70000812847.048843
70000115590.287613
70000945945.405258
70000266021.791718
70000432031.738174
70000337824.227112
70000303841.164459
70000687709.075989
70000865464.857391
1.000000
70000627219.298172
70000312148.342728
70000944942.082230
70000499387.915955
70000035740.443863
1.000000
1.000000
70000594242.779755
70000785630.546753
70000943613.581085
70000929100.236801
70000815617.611404
70000165201.836700
70000131434.860260
70000917819.475128
70000852608.816757
70000966626.844208
70000753195.751389
70000405224.565491
70000145193.415939
70000729042.990997
70000809331.568878
70000543322.712723
70000204441.100250
70000500019.091110
70000701310.237259
70000019519.196365
70000609705.008942
70000779539.971130
70000083163.989594
70000380198.883911
70000006939.188217
70000457864.557709
70000348351.197327
1.000000
70000450739.386490
70000844209.860306
1.000000
70000840362.935043
70000173276.598999
70000351466.306458
70000870663.957672
70000780894.561066
70000775679.009857
70000246844.143265
70000077846.569351
70000578341.764938
70000662824.733521
70000948116.545166
70000260406.173233
70000219825.364761
70000664648.259857
70000722371.728470
70000948156.949615
70000308799.907425
70000088402.679688
70000654827.470535
70000708761.891251
70000825713.921585
70000836849.676300
70000583230.512604
70000160989.776611
70000042839.855408
70000896337.714432
70000426713.837082
70000918818.668793
70000746893.606598
70000667664.966827
70000153294.774551
70000856996.475830
70000051649.749069
70000571734.947495
70000812117.091019
70000925908.585419
1.000000
70000256844.095062
70000149445.703659
70000526312.200211
70000859288.581696
70000624441.400070
70000285091.746674
70000637336.509308
70000988905.899780
70000730326.063141
0.33
 0 0 0 0 0 0 0 0 0 0 0 0 0
