1 401
70000610922.844315
70000339688.436493
70000293254.056381
70000899274.912735
70000370526.641602
70000790941.042145
70000992258.279388
70000387944.273697
70000176781.293304
70000304710.138397
70000930289.973618
70000748298.594177
70000375955.614807
70000317939.278336
70000249259.716614
70000562775.030701
70000089887.983795
70000177876.247330
70000098018.378296
70000515662.945496
70000648427.060501
70000382276.144180
70000340713.282150
70000762002.308472
70000437280.193573
1.000000
70000534746.979889
70000272713.192596
70000518945.927811
70000455639.148041
70000881284.883148
70000170175.615631
70000093282.220535
70000173964.227448
70000864520.145660
70000014124.875519
70000966502.985657
70000394741.693253
70000060274.103378
70000639903.620056
70000683308.398788
70000491109.446838
70000736916.845215
70000349829.204620
70000513982.741089
70000432398.704697
70000010291.162064
70000819989.556244
70000608671.605148
1.000000
70000432178.973618
70000951394.434082
70000853632.860443
70000583620.903046
1.000000
70000921763.247604
70000073603.004028
70000815495.882690
1.000000
70000517955.730804
70000544857.684174
70000783252.239883
70000966330.187210
70000822430.918365
70000647400.238571
70000315414.754959
70000176765.164673
70000992778.145187
70000948285.662994
1.000000
70000023794.517746
70000236345.489471
70000992915.269211
70000948862.468430
70000442254.857819
70000569267.418289
70000570416.306320
70000046658.970779
70000832901.337555
70000462216.997101
70000784762.194946
70000230840.118530
70000475174.567490
70000918161.718445
70000584833.032776
70000794153.093124
70000246865.518219
70000070524.558456
70000429964.940948
70000172334.147263
1.000000
70000716376.393845
70000479305.894440
70000064508.902145
70000162878.386993
70000165918.887222
70000159789.333450
70000889359.730789
70000498623.147400
70000621593.686111
70000050731.690964
70000140236.691650
70000927499.671738
70000813055.350540
70000471853.689835
70000577982.710373
70000600966.836990
70000076376.792358
70000880368.551117
70000823422.439514
70000933850.580093
70000570899.775452
70000831074.963852
70000869214.356522
70000287142.748932
70000473822.203552
1.000000
70000820495.127777
70000301617.887009
70000080524.326035
1.000000
70000776206.229141
70000447670.779922
70000701391.508133
70000287862.593521
70000162499.271515
70000894411.453232
70000651900.378616
70000680858.602524
70000421554.612717
70000660270.110748
70000343288.761658
1.000000
70000804333.061157
1.000000
70000846326.413803
1.000000
70000918739.988235
70000197676.153015
70000766328.989334
1.000000
70000303163.280823
70000141071.610062
70000380370.522385
1.000000
1.000000
70000945261.297928
70000749204.577118
70000352283.526642
70000889340.693817
70000268763.025116
70000341884.834686
70000047029.634048
70000032958.470520
70000875992.154282
1.000000
70000104913.165527
70000270736.155197
70000702693.455658
70000818085.427063
70000019205.892227
70000553999.654831
70000642532.838287
70000030212.954269
70000781801.780304
70000426414.438843
70000837789.148376
70000806542.376343
70000281861.125946
70000111076.578354
70000634232.448853
70000252439.162842
70000374777.518539
70000185183.925140
70000600581.878601
70000003404.877441
70000168665.140701
70000722803.200989
70000927418.542953
70000886777.943100
70000954909.163132
70000687202.626495
70000212710.695541
70000973890.178711
70000067316.262039
70000181740.705856
70000127904.092545
70000195400.385757
70000520051.056793
70000590175.141235
70000035109.831345
70000996717.224670
70000039044.295883
70000544400.622650
70000319557.187195
70000526982.113388
70000870780.540863
70000857160.575958
70000662984.414551
70000588525.203415
70000332839.738007
70000844617.393814
70000933820.081116
70000281200.549362
70000904027.934998
70000392174.791626
70000205804.080704
70000745917.731857
70000474364.604980
70000937903.133194
70000641193.763718
70000616973.059036
70000693228.811447
70000915974.059860
70000307813.382339
70000615427.886429
70000802352.869156
70000064154.749161
70000990429.983032
70000633797.103302
70000018932.128448
70000182987.130402
70000874342.050385
70000601836.000458
70000143576.584976
70000373944.606003
70000955281.626541
70000540275.896286
70000754493.037231
70000044348.128937
70000542543.929779
1.000000
70000920009.484299
70000984594.772263
70000597911.326736
70000218254.186249
70000184293.180740
70000718352.955887
70000945095.427231
70000517319.470490
70000484734.009613
70000550907.230835
70000406345.179916
70000248037.187943
70000932464.684189
70000777436.587875
70000320906.451141
70000251225.389923
70000114482.832474
70000466577.611038
70000114934.252182
70000623700.759277
70000173170.605499
70000285741.823517
70000574902.275269
70000161878.891953
1.000000
70000284118.250183
70000499297.668411
70000393211.696335
70000765776.116547
70000705848.816452
70000726660.819916
70000265902.499680
70000180057.538193
70000774781.393265
70000235097.754608
70000115113.518463
70000293505.295868
70000473220.555481
70000253072.995087
70000120851.393768
1.000000
70000898013.929855
70000222205.838913
70000699463.652176
70000073771.396240
70000733129.039001
70000005691.552460
70000731039.493393
70000615045.836868
70000264654.376892
70000787887.677841
1.000000
70000892227.243286
70000014704.603882
70000126726.786407
1.000000
1.000000
70000618007.764297
70000010399.017853
70000186747.828415
70000933718.133926
70000183875.249161
70000748043.177002
70000530583.339066
70000048675.746506
70000408344.809433
70000192026.288986
70000692693.777344
70000059172.038391
70000716161.242950
70000205183.703369
70000926106.391647
70000173487.832062
70000751980.596237
70000395758.129868
70000770623.530762
70000621319.657913
70000074912.738266
70000618318.749466
70000086756.102081
70000563918.527435
70000552882.649399
70000766289.048660
70000364197.102341
70000890052.657654
70000136069.180435
70000102738.605209
1.000000
70000739742.763062
70000956633.265427
70000248554.193466
70000937381.233582
70000768287.275223
70000809770.650391
70000493390.387390
70000037803.788742
70000819490.516190
70000491565.191742
70000259011.026718
70000112506.167419
70000240059.808273
70000525543.071136
70000990807.919098
1.000000
70000733830.051132
70000207869.549988
70000436072.228470
70000101917.577927
70000825725.688110
70000452636.245346
70000328524.166245
70000508924.650009
70000744407.442947
70000856886.203461
70000531507.230698
70000891652.312897
70000379852.023483
70000872704.268936
70000753183.070358
70000468147.078995
70000352877.436768
70000077412.699722
70000751628.702942
70000613315.101578
70000367214.357681
70000995066.119507
70000397913.436005
70000366765.900589
70000227808.236786
70000967153.448334
70000246508.768600
70000197456.872253
70000927137.432114
70000998900.667618
70000687555.970139
70000270217.105896
70000259323.530884
70000708904.175842
70000711797.380478
70000601620.480103
70000676771.949860
70000883294.316467
70000926653.469238
70000618733.247894
70000387814.776886
70000751945.179413
70000788038.055176
1.000000
70000175790.620590
70000106811.814987
70000403079.424835
70000380931.131882
70000758435.804047
70000298758.187531
70000752751.647720
70000123335.432617
70000715622.113113
70000664617.947723
70000109936.993423
70000571736.309067
70000968694.694214
70000143356.646576
70000393116.725464
70000381858.813766
70000211077.219620
70000567651.551208
70000825202.085098
70000180959.742523
0.33
 0 0 0 0 0 0 0 0 0 0 0 0 0
