1 401
1.000000
70000373092.443176
70000891212.327820
70000708199.185059
70000620630.117722
70000264702.871765
70000265050.695572
70000740033.339493
70000613464.356857
70000896474.602280
70000926604.737305
70000383199.001831
70000958062.911362
70000444828.597122
70000294376.340683
70000995291.051605
70000580066.228348
70000894561.788467
1.000000
70000358856.627838
70000767300.112259
70000787206.523163
70000759200.119446
70000516401.347961
70000111342.810272
70000177299.299255
70000762482.716003
70000291202.828842
70000941216.983444
70000537009.366135
70000191491.946030
70000191130.774231
70000017176.555023
70000621845.185196
70000839649.193771
70000601346.016541
70000941757.856216
70000660969.820724
70000469460.498505
70000171695.551651
70000902157.621078
70000651694.832672
70000741390.680954
70000369656.452591
70000495013.817902
70000463060.569946
70000752168.717712
70000267044.250900
70000955287.970016
70000461424.738586
1.000000
70000752774.678452
70000341575.972839
70000463917.969574
70000307689.118271
70000292795.388367
70000207357.355255
1.000000
1.000000
70000606811.547409
70000347427.163055
70000044352.478424
1.000000
70000752614.212524
70000859413.650085
70000976332.959503
70000350392.378006
70000632351.285049
70000734685.888153
70000276712.256149
70000019242.813919
70000543273.251953
70000092028.626984
70000430351.798950
70000458996.559891
70000521880.327896
70000090930.761154
70000225401.072662
70000069197.454163
70000113727.724716
70000928809.935959
70000923827.772797
70000379485.438629
70000488702.549759
70000161449.737854
70000810766.837250
70000071893.535355
70000849432.345642
70000789947.270889
70000120868.753067
70000412012.533066
70000933081.800598
70000685242.928055
70000238830.403320
70000376443.998810
70000025650.034439
70000229655.186859
70000035171.139938
70000224309.558319
70000352050.757706
70000299301.170273
70000209508.973953
70000175412.423309
70000294810.372223
1.000000
70000605377.329208
70000440917.189621
70000768900.660721
70000708615.385315
70000043268.370865
70000168910.745361
70000877216.261047
70000326114.868683
70000291438.832214
70000538963.528961
70000913027.632828
70000568624.438675
70000166175.042587
70000455516.346436
1.000000
70000939215.492279
70000987478.474106
70000038707.962143
70000210357.995193
70000728421.811783
70000987830.223236
70000066387.303009
70000436832.299866
70000525528.093674
70000039395.008392
70000882118.660995
70000742518.877365
70000866381.847763
70000927980.199905
70000210378.084229
70000670118.201202
70000527358.462006
70000596700.773865
70000977219.301727
70000451083.176071
70000406231.890121
70000372815.296677
1.000000
70000836479.295624
70000145471.501373
70000851580.068039
70000328697.609528
70000291238.407776
70000951837.354980
70000187908.342896
70000390549.998337
70000484626.170135
70000992149.959824
70000578960.256790
70000560623.149216
70000580971.974777
1.000000
70000663321.980865
70000033390.171219
70000745932.901382
70000824124.698914
70000781100.383484
70000673951.370148
70000839389.521362
70000741524.100327
70000394756.179871
1.000000
70000865701.249115
70000938518.145859
70000844872.353806
70000255065.507706
70000523777.626907
70000604161.008926
70000935044.901901
70000284951.023880
70000760525.507355
70000999521.367752
70000861830.767853
1.000000
70000200927.504257
70000881108.341202
1.000000
70000131807.434738
70000926496.275131
70000543472.208282
70000986875.127914
70000446953.290222
70000213839.843445
70000996678.860413
70000443271.003311
70000051017.469666
70000424398.510056
70000626806.385422
70000529719.009964
70000441773.632675
70000667310.264191
70000262818.167847
70000120531.172989
70000094171.321396
70000392829.425171
70000136197.007339
70000722139.550461
70000282266.709915
70000272169.453613
70000716075.503952
70000096249.341782
70000341831.146011
70000156475.020660
70000043962.979523
70000371800.343613
70000592192.395309
70000984241.475586
70000737382.110962
70000898644.324371
70000239545.099869
70000903054.184097
70000851779.700867
70000227144.939224
70000797718.146729
70000250604.935349
70000799884.363327
70000598862.738541
70000482946.582870
70000373892.549194
70000227782.186005
70000907121.757889
70000673736.132843
70000820474.346237
70000643452.446823
70000080686.132217
70000804043.675842
70000452282.867783
70000558482.907501
70000648411.705322
70000267759.536682
70000800537.134171
1.000000
70000824168.028625
70000320805.780945
70000023279.327240
70000161567.104034
70000757422.113739
70000304439.530014
70000579937.988434
70000385457.978760
70000960051.319687
70000451052.124680
70000153811.890640
70000443225.450516
70000144333.358322
70000446013.659958
70000548675.857346
70000500380.167282
70000120781.232269
70000464547.888947
70000716631.757858
70000062274.091644
70000500372.613449
70000091459.360077
70000782823.688568
70000015796.165131
1.000000
70000998116.228226
70000101327.968277
70000086217.170624
70000587142.377945
70000037709.334076
70000307672.417374
70000118743.489380
70000728024.589996
70000566914.697342
70000214567.522614
70000766847.958084
70000853568.868408
70000870966.872269
70000031204.737869
70000013078.143890
70000475713.605835
70000414215.223511
70000566798.399307
1.000000
70000389042.483398
70000344610.191971
70000737963.598099
70000433859.241074
70000106171.915710
70000809508.062958
70000728385.343109
70000700947.246658
70000551153.304504
70000186377.148651
70000307255.779694
70000154162.382004
70000422338.944855
70000248434.554123
70000750800.778076
70000632088.604294
70000583252.610184
70000424504.190720
70000873702.736313
70000344700.463074
70000055925.052673
70000351724.881790
70000442503.742706
70000731622.686310
70000185921.736526
70000178537.727646
70000362232.324310
1.000000
70000767087.773590
70000852251.074356
70000548755.441391
70000666526.574844
70000720726.101318
70000629527.051224
70000972470.923187
70000541143.454758
70000913729.562881
70000616379.411911
70000592427.179321
1.000000
1.000000
70000730195.836304
1.000000
70000559949.560928
70000498996.611252
70000580329.874207
70000370891.714874
70000047096.369614
70000192301.659332
70000351318.627518
70000360842.495850
70000036643.166458
70000326404.359497
70000621157.713531
70000834460.887924
70000609966.969177
70000443140.016235
70000139889.205383
70000689917.049164
70000247430.485687
70000265761.889511
70000838292.417618
70000061470.021149
1.000000
70000150533.269958
70000614049.631592
70000658071.234116
70000282502.007492
70000144535.315628
70000241109.492813
70000683358.133163
70000248753.555206
70000504292.550674
70000105541.975861
70000182473.858749
70000504594.991425
1.000000
70000430791.752579
70000312646.807220
70000785609.829285
70000843439.303329
70000263949.971313
70000551532.618988
70000696811.739182
70000299172.033920
70000450355.026062
70000680056.359985
70000156467.841431
70000503265.294556
70000013732.515381
70000370732.595337
70000844185.813660
70000224414.781906
70000951664.262451
70000331453.388931
70000454246.815033
70000996972.676682
70000204189.492523
70000649044.044800
70000016917.045334
70000369080.332733
70000190773.927567
1.000000
70000659124.010681
70000679208.820267
70000095168.759842
70000775231.465042
70000467902.656769
70000804560.113937
70000798505.117249
70000334138.170517
70000733168.663223
70000103797.220490
70000400700.014450
1.000000
70000484460.381577
70000955060.542084
70000018328.625793
70000084081.603790
0.33
 0 0 0 0 0 0 0 0 0 0 0 0 0
