1 401
70000207815.313889
70000792381.145676
1.000000
70000992933.139679
70000597007.988968
70000255920.138550
70000309044.769714
70000061448.122650
70000003002.683746
70000922934.517960
70000852469.808517
70000594735.325317
70000748902.567291
70000566446.718155
70000276874.383789
70000182495.857300
70000491830.719559
1.000000
70000487225.031693
70000929156.237625
70000067772.759628
70000243490.813507
70000509162.605179
70000753079.367462
70000003794.907806
70000942144.253525
70000243352.652191
70000571741.835083
70000827384.172928
70000611720.043686
70000793657.553467
70000961853.171448
70000769340.341537
70000184158.734253
70000318870.479721
70000929002.896332
70000183301.258316
70000325483.017807
70000628958.415131
70000984983.587708
70000705271.650864
70000520303.624390
70000817316.523300
70000011251.657608
70000021413.355591
70000510002.994324
70000021696.703217
70000713004.016037
70000932326.771881
70000426105.234970
70000507235.508636
70000279801.158447
70000551441.762924
70000931713.267822
70000337363.971222
1.000000
70000961865.108932
70000278732.301178
70000496579.581436
70000204963.675049
70000888906.132401
70000093969.356445
70000834621.772095
70000729790.000641
70000501695.433487
70000363547.690704
70000442384.062286
1.000000
70000701754.713058
70000697036.481369
70000043398.061920
1.000000
70000176143.459763
70000323510.626770
70000123390.445587
70000867671.662674
70000678471.271988
70000558306.241959
70000288097.330261
70000731198.604889
70000544838.868027
1.000000
70000644851.625626
70000370210.154587
70000696983.649750
70000895218.215622
70000158096.336166
70000082574.391815
70000029152.932587
70000116835.076050
70000988827.780533
70000682481.036133
70000221493.445007
70000869850.576950
70000165054.194855
70000181817.308014
70000271233.474167
70000043322.029175
70000859708.683105
70000145852.219971
70000522473.060806
70000647961.463364
70000720575.779938
70000744025.793503
70000835470.666367
70000755531.056015
70000951970.374603
70000896407.415970
70000323307.051025
70000953901.267242
70000039269.592041
70000916112.829865
70000204402.978683
70000561146.841736
70000070166.947159
70000803571.641861
70000438473.954407
70000307320.668808
70000576321.148865
70000604304.302689
70000545661.934677
70000093576.039291
70000963054.623367
70000509666.570999
70000462231.356384
70000957723.890518
70000473037.234131
1.000000
70000801727.047516
70000722143.426880
70000266605.726730
70000105005.174805
1.000000
70000680594.252045
70000781216.767227
70000470870.545135
70000541796.413544
1.000000
70000231259.699188
70000994946.375748
70000039468.294525
70000268795.649643
70000968874.691864
70000474895.380798
70000624345.379532
70000870661.168228
70000609652.287720
70000918605.613129
70000021530.032608
70000940404.469482
70000695111.971329
1.000000
70000714799.638214
70000623817.129745
70000181593.404175
70000784319.659363
70000789854.283508
70000582740.553802
70000045517.843201
70000992342.485825
70000839581.441910
70000121195.534073
70000741028.977631
70000116209.160416
70000859303.234573
70000534215.817764
70000249408.430389
70000554039.305603
70000202730.218567
70000524777.278809
70000524527.259827
70000154335.869858
1.000000
70000238375.868011
70000528472.225601
70000258551.819077
1.000000
70000249382.525284
70000825443.215942
70000473966.526917
1.000000
70000333084.202103
70000064855.910767
70000228417.954956
70000624075.368576
70000635056.961472
70000482082.803360
70000573836.056046
70000028924.329666
1.000000
70000448237.044510
70000760192.152802
70000743951.222534
70000373792.181870
70000940848.442230
70000253535.295822
70000089189.123077
1.000000
70000447546.197174
70000731490.178162
70000145104.627823
1.000000
70000053230.995865
70000405805.720032
70000675190.410767
70000933884.444153
70000638396.857635
70000043870.130325
70000379787.892899
70000693136.936279
70000943512.762772
70000161485.267303
70000538987.942383
70000023248.863800
70000684516.999268
70000871703.357010
70000333270.552063
70000448280.585907
70000668081.695007
70000838729.171387
70000595437.907593
70000724097.926239
70000681069.385208
70000220972.805679
70000914573.436264
1.000000
70000838081.595963
70000567511.693298
70000794847.927551
70000337636.937286
70000009841.624130
70000632120.705353
1.000000
70000050416.417816
1.000000
70000168365.887070
70000234539.841705
70000424444.332596
70000273775.476425
70000205059.117889
70000777200.728912
70000875522.197250
70000616750.085083
70000310311.483002
70000106758.052094
70000773278.736023
1.000000
70000260041.547440
70000341909.551666
70000442790.194153
70000262300.836609
70000655246.977921
70000276608.182968
70000856979.301193
70000369759.826614
70000223968.635529
70000680626.831924
70000920964.537628
70000982432.285202
70000256930.028961
70000458923.828796
70000614903.874420
70000920001.603668
70000661487.082397
70000638543.290924
70000207775.418945
70000406438.495819
70000675004.750702
70000062205.874023
70000699194.070297
70000479800.643204
70000072107.409195
70000876314.923828
70000455576.344849
70000487390.126938
1.000000
1.000000
70000757154.093857
1.000000
70000776080.854691
70000311077.366394
70000286651.640274
70000434852.581451
70000191227.615494
70000525563.041153
1.000000
70000274845.472580
1.000000
70000215292.319901
1.000000
70000440231.955536
70000651136.175461
70000769605.094635
70000154505.451569
70000181209.104843
70000230000.672241
70000072282.181595
70000083918.781158
70000254713.956711
70000139628.926407
70000804843.367035
70000963683.847549
70000225988.289856
1.000000
70000978007.274597
70000453825.432861
70000848929.551788
70000343663.774704
70000655998.923813
70000036769.226166
70000193619.305481
70000999159.783813
70000887160.474213
70000338000.218506
70000683313.948898
70000686834.544754
70000176030.317139
70000066413.801743
70000053180.635986
70000533017.605286
70000212265.786728
70000665985.042648
70000303872.214615
70000270983.810364
70000023503.600098
70000993100.118393
70000553750.793106
70000082304.474442
70000553380.363617
70000077712.813950
70000103201.453476
70000995930.235886
70000477456.602798
70000563844.351715
1.000000
70000157704.631165
70000081101.556229
70000505688.188553
70000951403.443314
70000567885.331604
70000442699.958893
70000333855.365982
70000191047.611481
70000593961.550644
70000349552.940079
70000838314.966339
70000891091.341431
70000652139.867325
70000158233.912506
70000389672.938232
70000959653.260666
70000263514.776749
70000735598.915237
70000576264.769592
70000185135.067017
70000858249.690475
70000569214.812653
70000084884.761612
70000938456.866608
70000058352.108826
70000167579.355591
70000558241.652328
70000161530.243942
70000586363.030807
70000582276.438705
70000356507.978043
70000221269.132172
70000205369.417725
70000849258.292786
70000531870.054825
70000121778.949310
70000815620.472916
70000240353.481155
70000940386.290634
70000103489.343307
1.000000
70000649905.692551
70000119656.748138
70000540804.311005
70000845287.411438
70000973606.672775
70000482731.233994
70000340669.869232
70000190221.942307
1.000000
70000060382.872345
70000056772.878677
70000248300.708679
70000553323.308777
70000992329.920349
70000707612.709976
70000995735.601425
70000377296.866531
70000269827.864960
70000364730.984207
70000927296.493988
70000640123.761780
70000005012.946518
70000048457.562973
70000458670.258224
0.33
 0 0 0 0 0 0 0 0 0 0 0 0 0
