1 401
70000884926.924164
70000212874.271835
70000862446.833511
70000627724.463547
70000771016.696671
70000492315.651810
70000719002.800552
70000597024.070465
70000425089.213394
70000110493.339355
70000753922.827652
70000359594.591873
70000465600.480865
70000789675.348618
70000860321.052841
70000555746.470520
70000198316.027435
70000100421.061142
70000842355.010773
70000409148.683640
70000732454.583008
70000739003.849777
70000933082.603088
70000312536.579102
70000234698.251846
70000184986.769272
70000539425.360992
70000401223.528137
70000126759.330429
70000124249.347519
1.000000
70000567125.821274
70000359477.477585
70000141956.948395
70000924811.185745
70000935530.112488
70000697759.970963
70000404397.019516
70000889191.808411
70000905433.425201
70000764253.371735
70000812441.031937
70000458239.015656
70000230141.895355
70000159393.903748
70000189409.808090
70000139534.851761
70000630793.567200
70000180991.764008
70000201474.073563
70000208472.741379
70000863944.890884
70000487131.998352
70000916419.255905
70000042531.544739
70000871010.761108
70000936233.580902
1.000000
70000906428.695465
70000218192.475235
70000630559.491089
70000535478.135818
70000470573.491104
70000667967.828537
70000998573.998260
70000675105.996704
70000853572.954666
70000331472.759598
70000070867.097153
70000594288.602371
70000984718.038513
70000142492.656876
70000952308.402359
70000212126.914444
70000813913.944122
70000597816.435867
70000058037.733765
1.000000
70000502569.121231
70000594968.259323
70000547968.508972
70000302917.214920
70000918177.800186
70000310430.070007
1.000000
70000499173.151184
70000798950.574249
70000389307.782852
70000854152.684052
70000548170.810638
70000246445.409454
70000393080.794556
70000030338.702484
70000595063.525513
70000785558.230576
70000374473.336548
70000660471.716583
70000049632.764099
70000510660.568802
70000888411.669113
70000272228.631012
70000101790.256378
70000911710.930695
70000372047.665833
70000882008.941711
70000547487.855042
70000883845.221970
70000827297.352005
70000726144.907715
1.000000
70000597604.686096
70000089269.908829
70000366223.978378
70000375722.271866
70000476284.526794
70000833110.996552
70000064452.243210
70000926345.464554
70000343669.767639
70000339340.229202
70000657764.107666
70000963033.639160
70000989223.192047
70000034018.707916
70000412554.857849
70000363283.511322
70000619676.617859
70000121839.729141
70000957197.164154
70000126759.459305
70000165148.114929
70000339700.899872
70000418448.488937
70000106143.437790
70000224106.221237
70000969214.555176
70000731549.119644
70000227889.054230
70000766142.532532
70000653164.106781
70000121489.676880
70000551607.022812
70000457290.222626
70000330937.035843
70000974065.178757
70000234103.390701
70000765164.083282
70000231929.081726
70000914209.456039
1.000000
70000398601.631104
70000642327.708755
70000686646.101227
70000352599.268997
70000482141.836304
70000748126.894714
70000625267.540787
70000670229.122208
1.000000
70000143868.795837
70000417921.112183
70000155857.346481
70000867294.924591
70000478742.613373
70000625192.564148
70000341713.397522
70000074348.063736
70000771008.540421
70000182760.824036
70000683357.424637
70000391072.533142
70000380726.653122
70000957045.515060
70000547005.415955
70000426689.005539
70000535247.548798
70000175990.833237
70000693090.326233
70000986878.834335
70000715484.021362
70000057912.677307
70000676106.572083
70000118655.921997
70000152613.196808
70000125431.361801
70000779288.800140
70000813728.610641
70000287502.719940
70000016050.947052
70000985694.407730
70000823078.764023
70000863336.077988
70000977626.173859
70000760982.848969
70000088977.832489
70000295865.250153
70000127633.987259
1.000000
70000900189.517746
70000005103.909882
70000781825.935455
70000603718.800827
70000586533.897308
70000934824.880280
70000482739.191025
70000696309.968506
70000339778.133713
70000702351.675674
70000031115.544418
70000050349.605133
70000732247.654907
70000970042.980301
70000950563.267349
70000022696.117706
70000451429.192062
70000180095.106125
1.000000
70000767151.618866
70000726189.299423
70000574032.932907
70000915496.690445
70000896268.408569
70000319710.318420
1.000000
70000438230.295807
70000196953.603851
70000426738.887482
70000127098.437973
70000654770.159897
70000031596.583237
70000974150.954208
70000756302.996399
1.000000
1.000000
70000622463.753235
70000618586.286774
70000192637.177612
70000172401.845047
70000673780.989868
70000365853.275269
70000362166.321960
70000907378.732224
70000346873.328094
1.000000
70000929051.184753
70000622058.087952
70000844528.448029
70000836285.199173
70000724996.350021
70000894535.700760
70000036541.431870
70000979573.632095
1.000000
70000058051.784912
70000520443.407181
1.000000
70000863521.879623
70000894063.905533
1.000000
70000579431.711136
70000995697.990891
70000586679.508209
70000126698.919647
70000776088.251938
70000859317.491043
70000997099.104630
70000941208.663849
70000795353.884399
70000774166.914795
70000583820.831543
70000906973.143738
70000900317.405838
70000914278.849289
70000465037.229172
70000039842.015564
70000908152.329453
70000169186.565781
70000314846.149170
70000948060.713394
70000187620.935974
70000715345.307648
70000290511.399673
70000992236.572815
70000944657.692627
70000561154.234985
70000983157.816910
70000655413.662613
70000380485.881668
70000395999.208603
70000041223.864700
70000618323.755936
70000213371.350906
70000429141.453339
70000483308.942505
70000369088.584686
70000705189.543076
70000742176.327347
70000724203.614792
70000334569.446686
70000359451.694656
70000332836.271698
70000228434.613220
70000717690.179016
70000740052.486237
70000102097.015884
70000275006.209656
70000012045.313217
70000083584.929199
70000105111.542145
70000733385.162628
70000974004.545425
70000780555.891235
70000470254.874374
70000701686.047638
70000104535.934677
70000262527.850510
70000460074.154465
70000674392.340912
70000943032.427475
70000318919.972244
70000829002.128510
70000326211.202179
70000038684.408264
70000016043.843613
70000603316.974319
70000291608.225204
70000372244.356903
70000779909.754913
70000649573.550430
70000383110.856873
70000722038.271530
70000157500.696747
70000275157.845795
70000793059.324982
70000785261.933472
1.000000
70000467182.666336
70000945205.373672
1.000000
70000840803.514694
70000007751.840622
70000490664.100510
70000205628.963120
70000379846.020935
70000764292.050201
1.000000
70000325123.725311
1.000000
70000636503.591629
70000882672.781586
1.000000
70000639608.279831
70000215339.617981
70000242636.706436
70000481732.521164
70000252955.437454
70000018822.125931
70000743337.455551
70000049354.604050
70000054062.111618
70000596116.451752
1.000000
70000464430.688309
70000730654.006638
70000985628.885864
70000122455.436768
70000961731.228867
70000604013.823853
70000171260.493668
70000416442.231552
70000949787.533081
70000389163.427582
70000668744.384460
70000448966.843719
70000335749.950150
70000102667.138809
70000158556.276840
70000557174.719803
70000978667.197617
70000410248.413025
70000483260.371490
70000394748.508362
70000757793.045258
70000508246.386047
70000503637.696426
70000394905.029510
70000977351.075302
70000652623.663620
70000672669.882187
70000396698.874481
70000205429.416534
70000744342.926712
70000192741.329376
70000686969.522690
70000338037.471130
1.000000
70000537421.049225
70000489924.516891
70000813825.493484
70000736893.059906
0.33
 0 0 0 0 0 0 0 0 0 0 0 0 0
