1 401
70000718617.927521
70000650220.986679
70000688967.502945
70000726953.279846
70000868568.210556
70000360210.134567
70000841827.343796
70000107714.949417
70000303673.511520
70000654022.146851
70000184366.436935
70000233428.775986
70000860271.161789
70000219036.159241
70000974010.587097
70000255642.704681
70000782274.491943
70000811585.016296
70000657430.732651
70000421858.676605
70000558051.949890
70000858960.519501
70000143080.125916
70000057208.760239
70000800592.796051
70000168890.481430
70000216121.477585
70000647109.313553
70000539298.928177
70000395760.672836
70000443132.064392
70000709588.829620
70000719783.036636
70000732820.169205
70000699921.220169
70000159994.710495
70000312438.270096
70000567738.510834
70000409894.948746
70000461753.880585
70000524766.187943
70000633565.028564
70000695963.458786
70000404470.887268
70000560353.927032
70000694902.830521
70000383280.851608
70000918189.733276
70000456223.422287
70000765437.891754
70000655065.785950
70000360112.279312
70000191510.173859
70000162985.351547
70000232608.750168
70000494874.430267
70000138649.737366
70000180156.707489
70000277742.695831
70000824618.661285
70000534406.889084
70000758176.976700
70000007603.831955
70000072645.818848
70000925586.679352
70000534989.961136
70000826011.604553
70000629046.228104
70000528842.907516
70000363622.325409
70000785269.059036
70000213631.680588
70000987611.114487
1.000000
70000454624.488693
70000661909.513763
70000506080.924820
70000589535.981354
70000469782.967758
70000484800.911072
1.000000
70000997033.272781
70000502998.785553
70000508379.336807
70000384549.464920
70000219880.408035
70000110564.354523
70000419655.463852
70000567180.998657
70000274745.107285
70000443984.740799
70000918699.475784
70000290907.822205
70000635949.086349
70000124794.489227
70000075176.787506
70000717063.915604
70000436371.101959
70000277453.079681
70000670593.341431
70000794009.318634
70000509942.272644
70000173175.057175
70000591970.193695
70000613239.384384
70000991632.856323
70000682539.233002
70000191344.195068
70000806166.646576
70000220462.664337
70000513068.036697
70000674071.161591
70000446673.466003
70000709227.625504
70000837390.701401
70000468022.099014
70000075994.638733
70000946088.216080
70000179595.424805
70000539549.955750
70000540501.335571
70000618647.621490
70000488483.511627
70000747509.127411
70000121590.208664
70000819905.673691
70000233940.026016
70000237710.728241
70000307438.716232
70000127633.861893
70000393465.798492
70000488907.603607
70000221552.593277
70000115570.720749
1.000000
70000187534.934113
70000534538.216049
70000906586.884354
70000948196.818420
70000811206.093140
70000565927.600143
70000479391.564819
70000374723.058975
1.000000
70000326824.587616
70000642119.445602
70000921991.850601
70000134524.636414
70000003497.289597
70000290454.162949
70000716601.850510
1.000000
70000489263.318726
70000702368.372177
70000450952.879959
70000405818.073441
70000238289.298584
70000243113.500580
70000481512.992279
70000514484.242203
70000807531.949646
70000425983.674057
70000798748.025620
70000918308.276978
1.000000
70000000927.488281
70000987320.676208
70000270305.915131
70000320492.329880
70000355820.336166
70000426783.052231
70000859084.778229
70000560262.618973
70000116211.825623
70000278903.348389
70000263562.655304
70000137151.043991
70000152938.964661
70000730409.129883
70000108679.889206
70000449310.778595
70000798282.722565
70000926209.904404
70000928944.868729
70000323920.983078
70000397928.674362
1.000000
70000813147.871384
70000023340.720154
70000864677.131348
70000168945.033798
1.000000
70000669239.418365
70000452655.315872
70000134498.522751
70000589469.330856
70000278264.126175
70000787053.701004
70000769708.244354
70000831877.579071
1.000000
70000934735.154129
70000741989.599548
70000393852.252335
70000151721.414536
1.000000
70000101634.244705
70000236894.146378
70000361399.850220
70000636392.237076
70000896143.026230
70000024112.597473
70000717257.954666
70000635733.785370
1.000000
70000871113.474609
70000012465.336395
70000638688.104858
70000478142.303955
70000471503.558212
70000330072.695282
70000133173.109909
70000591531.778275
70000986219.306519
70000974298.656784
70000081699.412094
70000060735.905396
70000400415.522217
70000846364.005142
70000905607.755356
70000514329.304199
70000550332.061584
70000633154.697449
70000365171.940201
70000830814.493286
70000034195.521500
70000930466.392151
70000879461.939011
70000866788.572937
70000517481.300705
70000508548.372803
70000450036.478439
70000774308.364365
70000454258.740250
70000956867.372040
70000806234.472824
70000603007.632263
70000026040.048340
70000380829.776855
70000394430.037476
70000622325.986862
1.000000
70000203309.017944
70000130288.950043
70000273435.952713
70000642101.547913
70000156388.105804
70000052980.298447
70000804215.859283
70000110219.057007
70000590052.294128
70000074150.792465
70000625284.576538
70000387392.215546
70000176836.007751
1.000000
70000467093.811478
70000999657.284180
70000133968.825150
70000323699.305344
70000766276.447144
70000237851.021332
70000259030.484009
70000071852.864944
70000286817.279099
70000008944.667480
70000541964.099060
1.000000
70000525036.129547
70000621508.566177
70000362113.712402
70000733445.831100
70000556350.798737
70000759961.189011
70000443650.497147
70000304650.629349
70000575033.742477
70000530160.070648
70000497954.093567
70000817033.960434
70000277922.023758
70000228179.561569
70000625884.227844
70000620210.164032
1.000000
70000996821.617798
70000637048.476654
70000044892.367004
70000527133.961914
70000190473.380905
70000394153.634262
70000942149.688019
70000211077.036819
70000266774.372040
70000902589.014053
70000778038.688354
70000253114.099152
70000166254.665588
70000893060.701843
70000165117.854965
70000802258.492599
70000588544.341980
70000710623.644577
70000291917.365326
70000316337.818771
70000333368.067963
70000273967.465378
70000972483.463745
70000337662.847733
70000519101.980591
1.000000
70000611029.191345
70000322449.358643
1.000000
70000125835.645401
70000259490.434494
70000161134.208267
70000100054.516907
70000931034.471634
1.000000
70000044042.665558
70000317945.708008
70000278773.045319
70000547819.774582
70000648950.748749
70000219961.844055
70000254881.162842
70000639376.000809
70000321250.026505
70000538132.657059
70000144803.169388
70000622580.533417
70000357384.130569
70000246933.036636
70000607405.895111
70000629914.991562
70000112344.674881
70000679919.405365
1.000000
70000340938.422180
70000115382.563431
70000439026.275467
70000077242.871490
70000758553.405151
70000072613.643097
70000224698.561508
70000011957.292130
70000846554.009720
70000977386.633896
70000528684.029755
70000051055.921692
70000526341.318130
70000692738.898621
70000488244.724014
70000255504.191757
70000315441.484634
70000233846.364105
70000777206.803024
70000916519.874313
70000500106.460617
70000830037.850372
70000642844.852402
70000511800.949417
70000654593.086044
70000329351.689835
1.000000
70000064434.658508
1.000000
70000567765.878448
70000334089.601974
70000771579.031998
70000105406.898727
70000545118.884125
70000413945.659195
70000465948.557877
70000926197.830673
70000253886.944901
70000871907.523468
70000346339.315369
70000447116.444794
70000559705.861221
70000394138.504791
70000050089.538300
70000307932.676102
70000097154.864426
70000729983.996689
70000900772.269333
1.000000
70000671555.740555
70000500340.624191
0.33
 0 0 0 0 0 0 0 0 0 0 0 0 0
