1 401
70000126210.656235
70000751832.528992
70000512014.753357
70000384630.675095
70000117022.025452
70000345411.105316
70000068680.533432
1.000000
70000887862.323456
70000270690.197769
70000306502.234390
70000605848.635666
70000573831.131424
70000335426.506180
70000350247.757477
70000120636.659790
70000958342.554886
70000048187.637222
70000323534.922211
70000711402.129547
70000247082.424637
70000289706.184494
70000949963.728027
70000532238.277115
70000232365.492081
70000943642.538162
70000488464.975769
70000551499.947876
70000229436.934128
70000296318.439514
70000647716.320282
70000910015.908310
70000009346.921997
70000108630.166550
70000761790.953781
70000879778.337204
70000085415.892471
70000887074.234634
70000008498.882233
1.000000
70000932438.335983
70000031419.574692
70000146771.037811
70000088278.055405
70000492615.245605
70000644518.319839
70000398045.005173
70000348066.161545
70000457590.267975
70000909145.320953
70000421128.273788
70000658548.964020
70000558077.459976
70000588086.504486
70000240247.948792
70000925962.763062
70000904759.130020
70000803099.353134
1.000000
70000114466.281616
70000632984.247803
70000612468.338669
1.000000
70000147000.569748
70000566399.763611
70000606000.194199
70000967935.284927
70000541825.451752
1.000000
70000049213.652679
70000658086.716980
70000384401.326859
70000455483.909897
70000030033.623047
70000493976.449387
70000493487.080765
70000290039.399658
70000556809.053925
70000885370.113571
70000720830.151520
70000803895.164291
70000205350.007339
70000357320.347763
70000692109.607117
70000234151.907166
70000883990.556122
70000750739.643661
70000698904.065399
70000585019.857101
70000234836.038727
70000901571.217911
70000505824.765045
70000945506.396210
70000781882.428802
70000022588.496475
70000875049.968414
70000229496.628189
70000665293.969131
70000004230.084457
70000203960.955429
70000218244.443451
70000510863.103027
70000799082.894485
70000870636.473312
70000152558.004471
70000152352.830887
70000208911.807846
70000734199.776001
70000503340.305786
70000138227.789734
1.000000
70000368884.210175
70000179412.483566
1.000000
70000563963.502472
70000862599.439697
70000412937.597610
70000305822.392365
70000143671.778931
1.000000
70000465762.074051
70000525551.189621
70000456882.127960
70000075189.335129
70000910497.451141
70000747400.168228
70000462930.962585
70000918793.600159
70000252695.108887
70000730738.054901
70000668182.175720
70000597269.481598
70000633828.167862
70000111391.551422
70000643400.364334
70000549898.142273
70000306026.468765
70000115799.079300
70000895755.211182
70000003474.056763
70000270884.847015
70000905231.986877
70000608514.024368
70000064747.436157
70000769260.797119
70000797720.642044
70000680884.738388
70000553049.067215
70000174624.072067
70000889749.255051
70000404041.517639
70000739809.703934
70000486014.219101
70000904868.751099
70000589952.750320
70000902884.467834
1.000000
70000182370.671326
70000437006.039627
70000392045.943161
70000948514.344879
70000735094.978882
1.000000
70000472874.603088
70000307371.884674
70000729940.635178
70000455113.381958
1.000000
70000351596.082474
70000365406.921402
70000878725.992905
70000669080.514923
70000225668.081238
70000974072.571442
70000054529.357620
70000333519.600143
70000326489.710510
70000999379.499832
70000705355.397629
70000449734.227859
70000519518.682373
70000829934.832733
70000719872.743851
70000217799.282837
70000805618.921371
70000847916.481659
70000760241.192856
70000081767.632431
70000921706.771057
70000422330.512878
70000639924.149429
70000276468.745392
70000739650.541687
70000185037.399094
70000832275.632858
70000687789.362213
70000939858.595306
70000899305.385284
70000191765.431702
70000848316.166794
1.000000
70000600936.780640
70000388895.672821
70000641854.584869
70000613432.664032
70000151100.608047
70000228907.402466
70000883297.319092
70000061329.937103
70000721091.607605
70000360890.775528
70000506131.086349
70000407157.301254
1.000000
70000602821.211166
70000667507.674454
70000962258.914536
70000325490.612030
70000677502.877701
70000131002.149063
70000789805.121902
70000596851.028580
70000582391.704849
70000641571.323593
70000455614.918091
70000092829.727448
70000982165.088043
70000826193.949081
70000826766.173218
70000983609.948181
70000938985.960663
70000012620.576385
70000161466.258896
70000434940.859131
70000603339.976242
70000984711.713684
70000665527.351044
70000008154.306213
70000405027.236862
70000501622.113525
1.000000
70000536054.393600
70000667045.491638
70000337036.142227
70000342139.363037
70000890929.090088
70000637557.032089
70000312954.572372
70000332330.539169
70000801530.912384
70000307840.138458
70000610091.722794
70000967249.465164
70000125642.072632
70000985880.118698
70000578103.715805
70000047221.847992
70000101476.004150
70000314870.518265
70000455146.463669
70000833554.713531
70000193385.664551
70000768543.535294
70000350308.603806
70000470687.555817
70000480471.812210
70000588695.682449
70000989270.412460
70000320935.743073
70000140239.761887
70000927613.986008
70000237753.748077
70000271527.172440
70000022093.375412
70000348811.397903
70000083336.682205
70000891435.306488
70000503089.418884
70000938579.518890
1.000000
70000517166.740768
70000124332.458893
70000876983.553436
70000096929.427811
70000025539.304932
70000730932.837631
70000621461.346939
70000573096.702972
70000412775.083740
1.000000
70000322019.762543
70000807476.064941
1.000000
70000999890.301041
70000401440.486160
70000309508.656342
70000016643.216278
70000608381.204056
70000380146.995941
70000646235.299225
70000848813.591660
70000128313.826065
70000501693.229843
70000617483.423981
70000835743.940948
70000125898.258682
70000217984.838470
70000772090.877808
70000533337.791473
70000921939.149475
70000709611.470215
70000619464.576675
70000796443.329758
70000577186.626770
70000922579.069824
70000475704.410202
70000447022.995895
1.000000
70000503563.248276
70000998805.356644
70000535814.852539
70000453438.582382
70000972660.397583
70000171766.469452
70000145868.608383
70000866902.870453
70000307862.533142
70000336018.207947
70000305379.155411
70000846809.908539
70000715919.037888
70000660118.047806
1.000000
70000887719.790222
70000281046.658539
70000437787.206146
70000380363.575684
70000163355.891144
70000201148.392609
70000495457.090057
70000168410.415131
70000473916.523788
70000553309.847153
70000414738.352615
70000773906.724869
70000939305.238464
70000718635.845490
70000614218.209930
70000752054.977859
70000742994.559448
70000204934.002640
70000440577.303436
70000530922.087997
70000720301.120331
70000312531.317261
70000699274.185516
70000229603.339661
70000053961.149673
70000695434.998352
70000832166.545975
70000702515.572037
70000155224.772858
70000195850.995255
70000437027.155182
70000234345.862976
70000859715.626862
70000668194.336716
70000368740.860519
70000496333.219849
70000185608.541794
70000465171.453796
1.000000
70000191708.075104
70000129133.357742
70000987806.172424
70000097200.535660
70000589632.264069
70000588597.401581
70000640669.593155
70000307259.351959
70000233986.079269
70000488066.642227
70000595326.322296
70000969150.401306
70000230330.523285
70000514191.147980
70000893390.737350
70000885790.387619
70000721725.377548
70000537610.126556
70000340669.482117
70000397812.508224
1.000000
70000767433.251022
70000969954.192917
70000395173.715851
70000304250.214386
1.000000
70000832704.627884
70000538519.923584
0.33
 0 0 0 0 0 0 0 0 0 0 0 0 0
