1 401
70000682270.477066
1.000000
70000855734.845505
70000496875.996552
70000590229.050888
70000753599.798355
1.000000
70000290862.561890
70000719670.728012
70000585928.896149
70000377912.183517
70000320272.055603
70000251173.749619
1.000000
70000149393.070328
70000598060.001053
70000503963.637375
70000300776.102844
70000136543.918213
70000130700.257568
70000332036.034485
70000418289.238007
70000129249.179230
70000306044.861115
70000251739.442337
70000675756.203079
70000686935.253830
70000742016.926025
70000280798.724411
70000150880.770538
70000707237.638504
70000876971.588943
70000100376.941406
70000277295.021194
70000048269.713150
70000312217.935730
70000523379.961716
70000834321.653564
70000769712.197372
70000212497.875977
70000875119.811539
70000772082.590805
70000473583.008835
70000326949.065704
70000532639.191315
1.000000
70000871615.229752
70000343813.351578
70000243802.785828
70000319991.993561
70000843475.608810
70000050702.917221
70000737275.662262
70000684112.468185
70000211669.003677
70000613878.616425
70000988124.084412
70000731607.768082
70000478091.707535
70000217318.691757
70000345989.876831
70000290273.268784
1.000000
70000945735.566925
70000842498.130478
70000029510.436798
70000298506.783218
70000976025.091888
70000012680.323471
70000392109.476898
70000558062.647812
70000617248.760056
1.000000
70000530825.856644
70000659125.617493
70000330343.268906
70000936872.162704
70000333734.667831
1.000000
70000914142.035736
70000666608.983643
70000016443.989853
70000345939.242645
70000256792.415771
70000778715.011627
70000521890.660522
70000938422.000534
70000982526.567856
70000770367.456757
70000560443.473938
70000005489.432678
1.000000
70000042425.127548
70000056957.832214
70000335152.435165
70000315365.241974
70000804404.272888
70000958401.098404
70000764174.214767
70000023356.937759
70000788375.457352
70000460917.691605
70000697798.888382
70000616694.574753
70000061297.170212
70000152065.143265
1.000000
70000369750.986359
70000445299.905655
70000795823.556061
70000500050.850632
70000512761.464584
1.000000
70000909498.219940
70000343193.243515
70000058266.188965
70000518617.840485
1.000000
70000125846.973709
70000070092.437286
70000008696.759323
70000341081.235764
70000828175.138031
70000418651.719604
70000376747.903351
70000683630.372513
70000303084.940674
70000859040.515793
70000489256.188171
70000405732.746994
70000738669.390701
70000990568.868805
70000954699.770203
70000343262.969391
70000267781.216370
70000090125.884598
70000527265.194855
70000034706.104935
70000727607.017059
70000460414.897156
70000799837.243393
70000609568.013123
1.000000
70000787307.525269
70000459535.638519
70000654186.985199
70000158691.531723
70000613165.365738
70000450734.897934
70000409504.258453
70000432051.780594
70000776453.726044
70000289319.246796
70000522223.688385
70000139562.474411
70000309122.650223
70000057227.722809
70000598473.811584
70000883004.922791
70000953786.301056
70000746879.584625
70000420846.151993
70000893446.612427
70000192132.329498
70000229045.972702
70000757842.976852
70000094543.003067
70000777957.022232
70000437631.027512
70000382261.147827
70000132642.793808
70000224466.216629
70000996748.133224
70000278012.749725
70000510131.299866
70000857239.710419
70000053730.767334
70000272681.397018
1.000000
70000724494.878769
70000208291.832047
70000285199.866257
70000379173.695358
70000363446.073868
70000168719.296814
70000943616.094406
70000735484.801834
70000425325.398193
70000204761.216537
70000976889.652161
70000918482.760178
70000710309.721710
70000009011.015976
70000513602.143341
70000085567.624481
70000601589.936127
70000739665.156723
70000878519.975006
70000519621.797287
70000739643.018646
70000145167.083450
70000186808.915894
70000078499.260361
70000560356.527924
70000042943.313828
70000759135.302917
70000985413.025742
70000447469.052368
70000920389.306717
70000860958.587204
70000883619.763092
70000512975.771347
70000227143.698517
70000933345.397095
70000557076.991455
70000301115.671814
70000439882.524689
70000879883.564148
70000395131.787735
70000500828.896439
70000899253.021790
70000202939.410065
70000935715.398026
70000783945.248505
70000275490.588806
70000338851.110504
70000383290.044327
70000376629.011032
70000475611.956650
70000214808.288452
70000619711.681732
70000201000.444458
70000226638.780426
1.000000
70000345484.558411
1.000000
70000452700.702423
70000574357.576233
70000321239.995728
70000389982.483871
1.000000
70000137771.272400
1.000000
70000238517.115860
70000423175.945740
1.000000
70000778369.494720
70000384858.622696
70000161355.797806
70000030959.880295
70000400699.365021
70000383319.664429
70000327307.878586
70000032612.473495
70000352865.865891
70000175037.642395
70000291537.314163
70000294997.815826
70000941856.450958
70000654838.370514
70000190216.476639
70000940919.231171
70000951055.496323
70000320907.636612
1.000000
70000443687.866608
70000630800.481247
70000392924.305527
70000796667.014191
70000429154.552475
70000520586.854813
70000828930.912521
70000910864.680435
70000422974.542953
70000947775.202942
70000035885.692337
70000721218.337585
70000869435.241837
70000939563.748703
70000264860.292480
70000062693.574783
70000013516.040817
70000417105.059891
70000997773.663864
70000834983.894455
70000609416.561157
70000421639.972275
70000471227.871414
70000690645.608231
70000906060.227859
70000424144.427979
70000295400.693436
70000067742.710373
70000159350.117188
70000960837.342758
70000836779.076492
70000944219.416504
70000153837.189194
70000674725.795013
70000127428.855896
70000868972.410309
70000629576.932007
1.000000
70000955600.677582
1.000000
70000804121.336609
70000688194.606842
70000101436.248199
1.000000
70000841681.173264
70000505704.172302
70000237767.721451
70000806025.351105
70000885621.113358
70000701157.746887
70000823750.775742
70000838998.831741
70000134670.142380
70000388073.638031
70000401668.946716
70000857714.184525
70000709399.325592
70000876360.894516
70000229263.998688
70000739508.267563
70000894038.387772
70000272678.228149
70000631924.612335
70000521609.441299
70000163279.691589
70000614041.625717
70000401885.047379
70000176617.719620
70000435013.265900
1.000000
70000727995.765320
70000878653.072235
70000422144.297089
70000811616.094162
70000468739.188660
70000795193.745361
70000021434.378494
70000330465.877441
70000479311.028397
70000951563.994141
70000569458.335724
70000101849.726181
70000373653.499130
70000983454.729675
70000032981.780426
70000053452.798187
70000172315.908417
70000166437.451553
1.000000
70000016407.446335
70000004785.868011
70000561361.942780
70000982090.626999
1.000000
70000299141.390930
70000884873.251724
70000329355.566345
70000182498.074219
70000244911.106674
70000536769.854156
70000096570.839661
70000243195.704453
70000412320.649673
70000465035.749176
70000513684.237427
70000585492.523788
70000328501.012833
70000974417.876587
70000325240.095245
70000331516.195892
1.000000
70000391396.123322
70000361230.883499
70000172676.836670
70000956732.043335
70000451539.440948
1.000000
70000383791.021118
70000106334.408539
70000791621.750427
70000189022.654327
1.000000
70000437192.692398
70000203572.455780
70000444500.791168
70000292479.535324
70000966157.300461
70000367078.025635
70000750046.633575
70000918564.920166
1.000000
70000185800.961365
70000604391.406693
1.000000
70000885353.784286
0.33
 0 0 0 0 0 0 0 0 0 0 0 0 0
