1 401
70000908792.928452
70000386417.617905
70000087071.888351
70000619637.248016
70000992356.045212
70000132528.922638
70000658160.025925
70000158964.824356
70000629074.812057
70000139204.719757
70000232796.167160
70000232900.291916
70000342197.476822
70000412920.818665
70000615185.260910
70000906979.869492
70000872256.892242
70000623676.713364
70000473974.618393
70000048963.494064
70000182826.800430
70000668707.379990
70000391071.679047
1.000000
70000496555.494034
70000765346.993622
70000560599.629166
1.000000
70000631214.723770
70000259710.833878
70000086297.247330
70000750123.194305
70000654465.658081
70000057226.566818
70000834876.069244
70000199598.122498
70000645719.997192
70000991517.596741
70000870745.822662
70000032217.543976
70000934089.991638
70000353431.097351
1.000000
70000013201.595444
70000348358.555038
1.000000
70000685778.337494
70000765983.049194
70000957999.903732
70000763365.590942
70000175490.011383
70000718966.508560
70000517791.483551
70000052791.057938
70000864967.529602
70000613111.926575
70000838540.097702
70000453613.108963
70000958924.062820
70000649196.151260
70000646458.538864
70000801149.757462
70000695504.057449
70000090525.058578
70000032341.091385
70000750142.374893
70000765794.005493
70000140093.909943
70000796371.328201
70000488395.441986
70000470630.239471
1.000000
1.000000
70000297858.162964
70000792315.719254
70000495188.237854
70000708925.837738
70000858516.632385
70000788839.238693
70000083174.516327
70000554871.163651
70000994704.389496
1.000000
70000184503.748138
70000006676.636078
70000696452.275009
70000811926.301331
1.000000
70000602394.988083
70000372433.605621
70000100763.403839
70000444662.164352
1.000000
70000106821.245163
70000956254.934158
70000280117.705048
70000222616.509888
70000994230.255905
70000258018.359985
70000181205.181305
70000302995.533295
70000281327.451172
70000976156.853180
1.000000
70000970235.849869
1.000000
70000568914.963333
70000672953.137405
70000088786.007645
70000459748.895874
70000746824.907822
70000805582.063263
70000620606.812759
1.000000
70000288404.993500
70000077716.814316
70000935964.564850
70000012223.338852
70000971178.090378
70000439108.429504
70000438462.319916
70000349517.426712
70000263926.264297
70000922649.779205
70000176726.907639
70000388485.933472
70000756490.468887
70000009227.192307
70000032920.339691
70000509121.533752
70000517679.174347
70000838235.961426
70000699997.854980
70000180623.290115
70000112929.528671
70000343200.428055
70000955902.245453
70000264016.659714
70000786294.072876
70000629827.256104
70000389839.974319
70000591469.182190
70000342606.217834
70000054762.978302
70000636292.757523
70000124378.702972
70000679474.351181
70000478942.497543
70000870234.155396
70000102201.915573
70000434092.792450
70000821315.624298
70000000665.357300
70000352748.489365
70000940350.156876
70000942492.214554
70000585929.147003
70000487808.900085
70000694630.950790
70000600863.644928
70000956106.483292
70000595320.603043
70000427923.546707
70000079000.478058
70000343994.015884
70000701233.482559
70000887773.884247
70000353260.271332
70000218790.883789
70000524261.090881
70000593916.793091
70000044121.377945
70000670982.486740
70000601294.174652
70000883013.746658
70000184001.808701
70000636038.604492
70000113378.142487
70000849850.343216
70000012645.348831
70000931275.805344
70000672912.724625
70000314851.928635
70000250735.639221
70000432298.635574
70000516004.929703
70000239654.206085
70000466986.934814
70000572023.261063
70000324425.729355
70000785164.349945
70000485226.914459
70000162840.165619
70000331167.702209
70000639174.311249
1.000000
70000095599.614273
70000296586.475998
70000954255.585266
70000189625.158356
70000400288.644577
70000382001.272827
70000738420.978638
70000108729.323105
70000999118.099731
70000109470.311386
70000663437.176575
1.000000
70000170236.121964
70000018340.109863
70000935763.306030
70000485803.144379
70000676111.162476
70000292949.595306
70000319013.464096
70000625753.719742
70000868998.277832
70000064162.662781
70000507691.406952
70000104531.936050
70000777593.071640
70000447408.258698
70000156168.582886
70000882543.190079
70000925294.473770
70000348924.150070
1.000000
70000403453.447113
70000837017.042297
70000170273.539169
70000686775.720123
1.000000
70000663120.320557
70000597824.358200
70000760945.186249
70000444033.269928
70000441532.999985
70000820498.780823
70000187284.244781
70000141945.946579
70000297753.233292
70000654120.594360
70000831763.807129
70000407936.764679
70000981802.971588
70000956287.485382
70000093021.199081
70000571528.822952
70000289252.542664
70000076911.681335
70000236141.496048
70000104468.057541
1.000000
70000694753.555420
70000002259.301392
70000564065.762222
70000819808.483704
70000550679.889389
70000126664.062347
70000677684.650696
70000881856.208221
1.000000
1.000000
70000583435.441223
70000264508.437576
70000396342.051270
70000882893.339447
70000345782.277130
70000788154.228149
1.000000
1.000000
70000869316.569702
70000410872.447708
70000121417.345062
70000748700.957443
70000172981.433182
1.000000
70000087653.424667
70000700503.338272
70000286228.640930
70000725246.335739
70000058489.390625
70000569394.810776
70000048167.742889
70000868175.630676
70000775804.328796
70000857042.691010
1.000000
70000800016.897675
70000906965.705521
70000745466.069305
70000182483.380432
70000216052.562759
70000478175.672668
1.000000
70000732090.098511
70000435282.461624
1.000000
70000522321.080688
70000944376.556732
70000483629.673477
70000414182.043289
70000459010.568817
70000817896.792648
70000498184.741577
70000479929.085785
70000410694.373550
70000205894.965637
70000656916.293396
70000536392.497055
70000939352.601135
70000809358.413055
70000549608.036407
70000471014.872925
70000927194.940521
70000500966.217072
70000546160.433441
70000518613.102646
70000885101.840271
70000574175.097229
70000923266.562256
70000471189.538879
70000678841.728516
70000120052.686401
70000324540.324799
70000801431.208649
70000796813.836197
70000169589.788849
70000821066.554092
70000802956.156693
70000178088.327835
70000660293.177307
70000247481.102249
70000660056.026520
70000269797.261093
70000535274.566528
70000744815.231033
70000752659.081436
70000360322.100983
70000236746.091705
70000560085.496109
70000122527.050858
70000138870.551407
70000783166.719635
70000282085.622787
70000085950.648560
70000218864.149170
70000751149.667526
70000012877.595459
1.000000
70000578783.790405
70000984631.083054
1.000000
70000145331.396088
70000281239.732224
70000099327.302567
70000777206.640366
70000357238.992966
70000630858.909195
70000695913.711746
70000722553.590439
70000535434.700821
70000087287.774521
70000363473.542252
1.000000
70000656897.188416
70000641381.127640
70000270407.250931
70000127177.280945
70000716738.314346
70000825135.904770
70000194714.963531
70000352558.586487
70000638876.115036
70000434699.318192
70000634793.112671
70000937767.051208
70000325128.049698
70000503167.317780
70000293216.698685
70000658738.064987
70000513655.766510
70000571077.641693
70000067108.008255
70000919563.813248
70000540651.979233
70000435859.030441
70000976596.525940
70000072488.837616
70000819452.570786
70000866043.331909
70000993043.732895
70000951503.495529
70000237143.179291
70000830815.047485
70000236674.914566
70000017271.923965
70000700440.744980
70000897732.820267
70000264873.548645
0.33
 0 0 0 0 0 0 0 0 0 0 0 0 0
