1 401
70000684229.077789
70000108156.408020
70000316496.464035
70000028586.430710
70000481661.451675
70000375351.176147
70000914010.854034
70000864118.450516
70000841367.655045
70000859245.138138
70000358952.716110
70000974791.996277
70000342245.792511
70000535372.666916
70000851148.554779
70000399597.298676
70000674379.354507
70000456220.244110
70000208786.455032
70000357548.607498
70000053180.277176
70000330184.900879
70000438576.970428
70000344843.790848
70000301885.802948
1.000000
70000033472.638748
70000270033.922531
70000211338.891098
70000124826.526245
70000579527.114960
70000505674.404999
70000315222.938278
70000766014.432632
70000653218.837555
70000395176.495377
70000479004.503311
70000079310.085419
70000443722.784317
70000413581.656433
70000849200.727982
70000540492.386322
70000401861.098083
70000487156.073013
70000368477.677673
70000655481.953522
70000552803.226471
70000097833.191864
70000246436.421951
70000635298.498917
70000107179.314041
70000818772.127014
70000593886.355164
1.000000
70000090422.400620
70000044678.067657
70000813352.292282
70000543032.628372
1.000000
70000557107.099915
70000262818.636444
70000501770.705093
70000497881.873764
70000966533.302216
70000001377.151779
70000422741.571625
70000484639.030502
70000345749.531631
70000133059.564972
70000747776.158966
70000529806.892639
70000286903.165161
70000780418.551620
70000438289.476440
70000489428.147003
70000467157.641342
70000829989.009689
1.000000
70000767974.679825
70000456548.118301
1.000000
70000059723.136902
70000028378.915558
70000915188.945282
70000296395.956573
70000659606.604858
70000201643.148087
70000554112.640656
1.000000
70000562422.367538
70000070886.753418
70000171957.870331
70000698548.749420
70000399911.478989
70000879235.996429
70000349026.215897
1.000000
70000419059.370316
70000761169.543442
70000611142.559570
70000437183.583511
70000628230.837296
70000953119.111618
70000042208.987534
70000336889.852600
70000390826.789856
70000840091.799637
70000967016.811829
70000461903.047318
70000124780.409622
70000033066.081619
70000377784.591766
70000200959.709518
70000059582.063049
70000737311.234665
1.000000
70000315916.084320
70000499791.137314
70000972717.546661
70000679728.311813
70000900440.762299
70000543401.621765
70000004701.611145
70000316281.495010
70000830502.546997
70000079380.400589
70000853233.463501
1.000000
70000710153.102280
70000870464.054749
70000152394.893478
70000898150.197632
70000636424.209152
70000128225.927643
70000828777.379196
70000051332.175858
70000971748.467285
70000442294.735718
70000116794.486679
70000275274.280197
70000372434.490204
1.000000
70000607410.900604
70000580100.208115
70000404964.514496
70000526349.181335
70000709614.217697
70000793753.679947
70000641826.828323
70000323268.516479
70000264892.343552
70000801131.320587
70000063184.978882
70000292593.401123
70000017440.244858
70000798110.889709
70000657793.245621
70000900132.070618
70000328622.728073
70000222013.415451
70000844008.230453
70000242922.457275
70000194718.975250
70000922284.141434
70000466136.123260
1.000000
70000248250.277420
70000989373.658524
70000702722.931641
70000685954.980103
70000664605.064392
70000502887.324341
70000069022.353043
70000381230.407440
70000880799.359421
1.000000
70000553934.166382
1.000000
70000301026.546097
70000862159.264313
70000365249.535355
70000511322.681931
70000916806.019119
70000636358.661407
70000103589.893539
70000740535.617554
70000891782.330902
70000269428.571411
70000306401.467194
70000725324.979187
1.000000
70000896071.844650
70000792242.683060
70000383213.657242
70000601027.659424
70000748478.877930
70000030516.146149
70000241491.458008
70000149399.462433
70000077743.773972
1.000000
70000127782.130478
70000278629.144547
70000403031.140015
70000544154.992172
70000875014.455414
70000048482.051971
70000130560.396240
70000761704.935959
70000081912.386002
70000617295.956024
70000910989.060547
70000725012.493286
70000203393.790100
70000562848.964905
70000130106.759369
70000961231.084854
70000743697.996078
70000091922.092087
70000820757.198868
70000056564.087753
70000715250.594940
70000593796.911026
70000388008.617920
70000633631.991257
70000423810.475983
70000141675.052719
70000077049.569687
70000515799.355957
70000629952.824402
70000467879.468826
1.000000
70000314453.237686
70000385550.705399
70000595476.168991
70000657509.551437
70000686972.049744
70000498999.487259
70000149145.818649
70000932871.329269
70000971248.896957
70000241431.421402
70000649500.816544
70000017258.543488
70000342742.286774
70000201634.811920
70000500279.105362
70000204429.501068
70000795292.057892
1.000000
70000312458.318298
70000712906.338470
70000262360.174103
70000891460.612305
70000937488.813629
70000161002.586792
70000535706.268448
70000760838.772079
70000366944.773666
1.000000
70000658412.315094
70000093105.767731
70000156910.744873
70000510841.121124
70000842728.114670
70000246384.657654
70000599305.671234
70000280782.550690
70000611270.007599
70000441014.277618
70000025381.878418
70000850290.562057
70000497988.356522
70000557719.003906
70000660406.627884
70000098470.368484
70000856842.715683
70000001258.414108
70000381172.204758
70000955263.693481
70000784171.596237
70000123527.710159
70000560977.924271
70000491878.774734
70000541944.811447
70000617262.647720
70000230873.035385
70000787170.375610
70000120011.682785
70000777998.359497
70000440112.602524
70000730374.361465
70000538665.689117
70000185609.132919
70000129820.611343
70000802863.166290
70000323157.090591
70000345563.355286
70000325605.220734
70000146517.956512
70000804862.811584
70000463060.445801
70000956922.011307
70000565379.803574
70000774551.370605
70000344857.402435
70000452046.462616
70000108580.220886
70000419636.374435
70000370165.451111
70000128208.075516
70000736774.925797
70000993009.709717
70000001170.106049
1.000000
70000617731.844803
70000441250.671967
70000316601.226852
70000183707.911545
70000051921.605759
70000488029.783569
70000066581.460815
70000310945.342834
70000275389.901230
70000602305.346893
70000626783.542725
70000079338.292404
70000120133.138382
70000813268.402344
70000524910.696075
70000933051.963150
70000410122.199585
70000956518.347061
70000609649.841095
70000268447.692688
70000618717.480804
70000488514.246933
70000799504.560608
70000218575.795471
70000421003.953720
70000863479.573730
70000164966.116455
70000191360.005890
70000430919.329956
70000573345.575256
70000453871.109924
70000180443.458130
70000043686.805603
70000061509.530411
70000749688.571869
70000277583.393723
70000696659.185471
70000010181.902695
70000170691.890289
70000933638.603622
70000582909.760193
70000920469.645081
1.000000
1.000000
70000810727.446426
70000756813.147003
70000812762.363678
70000052427.727325
70000122517.688919
70000763853.078476
70000705959.429398
70000958588.949585
70000477113.736740
70000404387.928436
1.000000
70000149583.086258
70000652730.813843
70000498375.009583
70000270410.664169
70000227657.677429
70000594110.540604
70000268436.186646
70000351196.373383
70000726022.016068
70000468508.294250
70000027654.499466
70000906701.880707
70000656687.921814
1.000000
70000580167.019318
70000360843.876251
70000642352.366272
70000418578.521698
70000855496.778290
70000786705.973297
70000801170.321686
70000284370.997818
70000039296.303864
70000630551.410263
70000730976.014481
70000667570.557648
70000173850.468262
70000819644.870071
70000310583.305115
70000202513.095840
0.33
 0 0 0 0 0 0 0 0 0 0 0 0 0
