1 401
70000694522.391708
70000034021.745926
70000892336.602005
70000200409.198044
70000902274.488129
70000807519.887146
70000744511.440826
70000870958.783722
70000428575.469940
70000783424.847061
1.000000
70000275582.702118
70000071378.082352
70000696478.469452
70000390137.536942
70000756518.542816
70000575951.724350
70000744389.826309
70000582000.714188
70000737992.696991
70000755495.634048
70000091005.558167
70000429073.509216
70000569867.994598
70000687371.474625
70000052889.673294
70000352616.667679
70000253914.225525
70000811894.194809
70000789252.964096
70000798936.286041
70000474542.555038
70000509430.575302
70000958885.768509
70000461769.382782
70000185502.108551
70000146715.578445
1.000000
70000752705.114609
70000664447.037476
1.000000
70000222130.574020
70000526930.068970
70000667753.359650
70000983776.368805
70000278652.922287
70000249772.078506
70000171763.407349
70000079075.507050
70000852704.351196
70000630618.400894
70000910522.304871
70000899063.532394
1.000000
70000783768.775208
70000975800.313492
70000832049.454315
70000976538.383133
70000118550.749786
70000418118.855408
70000370342.055878
70000561158.261856
70000557003.936035
70000800342.563095
70000633097.482208
70000262127.901733
70000587498.774429
70000652297.396606
70000825363.647476
70000425592.198090
70000804000.165146
70000735208.928635
70000268657.446045
70000645846.642166
70000857261.191177
70000160640.303421
70000643450.321777
70000381854.417435
1.000000
70000206164.903381
70000882305.200958
70000998329.465256
70000500529.548523
70000214462.440338
70000365710.662384
70000495002.616455
70000619291.428528
70000364760.482803
70000849703.766006
70000742298.681458
1.000000
70000367120.069412
70000733588.238571
70000019619.925446
70000744775.170853
70000887047.500671
70000564545.595566
70000075932.478653
70000446680.419907
70000371197.323227
70000658674.969650
70000083554.476974
70000139322.182861
70000454044.156097
70000780468.924988
70000035166.584396
1.000000
70000794494.325027
70000744375.008728
70000662699.956558
70000150943.376221
70000453959.453979
70000729004.757751
70000639206.878296
70000778067.264969
70000646195.174454
70000249166.788879
70000618332.785141
1.000000
70000623817.860474
70000098301.751343
70000773841.358322
70000664352.396164
70000106950.155731
70000413396.607300
70000927805.763260
70000776483.948135
70000203162.159973
70000124214.898682
70000500664.901764
70000200450.672058
70000937274.582565
70000355925.728394
70000034593.342636
70000426112.868134
70000494130.441330
70000236338.286026
70000678724.038422
70000494839.734726
1.000000
70000562568.420242
70000436884.107101
70000918187.506088
70000022639.257385
70000753121.202377
70000797499.064560
70000703904.743866
70000053859.915344
70000647448.035263
70000084471.654831
70000532477.797989
70000554675.506531
70000729392.872437
70000385426.917450
70000234911.193390
70000231874.292938
70000283570.910950
70000630008.234238
70000598465.915253
70000087232.810806
70000192317.193253
70000691283.593048
70000167455.283478
1.000000
1.000000
70000928461.430893
70000368378.424225
70000422088.720123
70000697038.510834
70000978044.507858
70000952784.095444
70000550618.068253
70000348928.792236
70000695760.196533
1.000000
70000629174.136429
70000077590.823349
70000363121.613022
70000329096.076248
70000574012.599380
70000425477.278229
70000185143.406967
1.000000
70000700067.621399
70000379007.524017
70000368337.003006
70000268014.324783
70000420837.757202
70000096492.922043
70000657970.900772
70000536481.709015
70000129654.637695
70000056090.794434
70000370590.826370
70000124057.283005
70000642069.798950
70000643281.749985
70000052631.913376
70000901375.830719
70000648786.480072
70000126054.298019
70000322824.734146
70000507861.322556
70000283809.403152
70000440171.168808
70000591739.190475
70000443900.019531
70000987417.695953
70000317081.590759
70000610883.085648
70000831146.759445
70000680981.125931
70000741201.247940
70000704972.848663
70000541406.914948
70000527078.442841
70000947772.234589
70000867036.061432
70000273307.259338
70000002231.323639
70000081994.426743
70000226549.061081
70000978774.732697
70000609547.710403
70000048772.201492
70000891679.499847
1.000000
70000604059.986710
70000301013.625946
70000290688.280273
70000955499.576553
70000189213.671982
70000685387.942947
70000055769.835434
70000416725.786530
1.000000
70000618402.443878
70000909766.053421
1.000000
70000402770.361511
70000608480.824585
70000027781.622833
70000641630.827362
70000461560.541946
1.000000
70000096956.357590
70000183587.134995
1.000000
70000470721.411484
70000218768.708130
70000401037.582703
70000106293.115311
70000663526.561356
70000335546.925705
70000268028.193909
70000088687.877502
70000501561.629181
70000289783.461380
70000533633.492310
70000151305.203110
70000880024.378418
70000828194.187592
70000404329.398026
70000208597.772202
70000249300.855255
70000145456.196091
70000051904.754120
70000977429.877914
70000570725.054794
1.000000
70000808416.543182
70000677190.149292
70000227702.142059
70000828535.015564
70000134517.360397
70000225756.735840
70000471298.159042
70000604437.320740
70000792700.783676
70000506902.489838
70000342753.510681
70000136397.262360
1.000000
70000102154.641937
70000599697.081436
70000915283.963745
70000521301.185608
70000315966.394882
70000425881.299759
70000292047.173462
70000599554.079987
70000996820.756729
70000258229.611694
70000873655.376755
70000396747.453735
70000409304.824432
70000206759.705566
70000369361.200745
70000844085.591293
70000448100.555969
70000233516.383179
70000580933.375397
70000568773.574753
1.000000
70000289920.256622
70000717425.777237
70000657545.018890
70000582464.157379
70000929873.186798
70000829293.648392
70000899127.151047
70000122478.979462
70000202902.417053
70000256413.865128
70000975897.890015
70000554373.940445
70000764769.769348
70000006981.764511
70000503715.342377
70000039483.884750
70000352591.926727
70000196112.108658
70000926474.784576
70000540545.809921
70000023597.364639
70000497704.336807
70000134587.412689
70000596609.381653
70000864812.956467
70000119993.318344
70000533152.354065
70000295060.029892
70000940288.989471
70000457169.488754
70000126104.733017
70000983436.299637
70000497806.324203
70000839052.253433
70000546960.780106
70000590898.491272
70000426638.737915
70000839338.992310
70000899616.506271
70000860929.568451
1.000000
70000552842.372574
70000378132.216049
70000109668.690842
70000140796.622955
70000386502.242935
70000099468.626114
70000609593.701248
70000267065.800797
70000665477.848602
70000215098.345230
70000368473.336945
70000037800.234634
70000254691.061356
70000436666.432404
70000307021.354950
70000694856.642776
70000380003.356125
70000647334.249466
70000258084.494156
70000093494.076996
1.000000
70000165300.094818
70000263689.964386
70000061547.292862
70000148196.898041
70000330615.831360
1.000000
70000723278.537277
70000650150.911118
70000640651.068588
70000410756.096313
1.000000
70000131606.128418
70000776120.496460
70000134096.392471
70000536876.099152
70000797777.822800
70000638929.134888
1.000000
70000433720.356461
70000840885.458206
70000486944.706146
70000009522.991531
70000684547.082336
70000593848.009537
70000615616.348740
70000856565.763016
70000611929.266281
70000204384.718933
70000728838.363281
70000020179.841949
70000245059.877243
70000350554.392166
70000944174.725906
70000400763.684418
0.33
 0 0 0 0 0 0 0 0 0 0 0 0 0
