1 401
1.000000
70000531969.773529
70000055407.452347
1.000000
70000745445.495560
70000354196.629745
70000559358.617218
70000788562.169724
70000885573.109680
70000863580.480804
70000520386.096771
1.000000
1.000000
70000117198.056503
1.000000
70000192805.348907
70000742780.727676
70000491637.230591
70000739470.696213
70000556472.785370
70000559859.326508
1.000000
70000989061.139771
70000045923.398117
70000506282.024994
70000375252.449829
70000982424.435440
70000736683.757721
70000411146.166458
1.000000
70000450869.294296
70000035417.462387
1.000000
70000231607.457611
70000891273.042648
70000076527.720016
70000186459.502121
70000371025.555618
70000751758.081207
70000468983.861282
70000707978.514053
70000435295.766006
70000844790.971985
1.000000
70000264102.561676
70000074910.656784
1.000000
70000408580.152863
70000861534.735214
70000651075.732803
70000706669.366455
70000356396.186310
70000193983.273087
70000678493.518372
70000317453.921112
70000278292.709915
1.000000
70000649802.898331
70000047257.515228
70000459043.912018
70000433768.132919
70000326059.032257
70000085664.283676
70000117953.016174
70000377799.171967
70000183109.891861
70000562066.914047
1.000000
70000418165.685913
70000482024.429443
70000557287.039719
70000856935.852417
70000079384.281891
70000436060.768066
70000912762.926514
70000855849.896072
1.000000
70000906392.759705
70000231709.039734
70000891869.541733
70000441063.386078
70000326601.399948
70000282761.587143
70000865740.563248
70000606463.353043
70000554576.207657
70000320393.669678
70000551598.500229
70000937675.074677
70000893408.037766
70000450117.981918
70000839491.602356
70000602176.960480
70000855739.648727
70000670656.915283
70000707981.144104
70000806964.165573
70000119435.495285
70000092772.478424
70000816991.432770
70000084273.253555
70000481101.525375
70000694406.042023
70000672788.086304
70000324583.436691
70000770065.071228
70000646097.859406
70000436125.337677
70000640072.252579
70000115420.002426
70000597889.848434
70000728223.222061
70000586782.576920
70000786648.572723
70000733632.114639
70000424907.086044
70000018486.994537
70000874177.563858
70000310710.081451
70000581101.253571
70000971706.982391
70000523245.355621
70000070765.747910
70000109513.145569
70000351606.875107
70000138063.337311
70000859585.731018
70000901084.141068
70000963999.067673
70000350822.527496
70000275610.707260
70000578861.753708
70000469693.313614
70000834241.625473
70000902136.907516
70000267659.651154
70000277204.748947
70000281673.321014
70000005027.240036
70000147313.639343
70000761449.559677
70000395371.323212
70000534147.650253
70000846105.909271
70000271652.612976
70000198474.569351
70000158293.745544
70000488537.117233
70000172030.003693
70000127917.746323
70000887916.083282
70000367727.431549
70000982299.476562
70000096879.493149
70000245156.279175
70000293259.222412
70000321041.572525
70000183874.405930
70000053806.538147
70000191712.933090
70000177252.352325
70000820632.994858
70000692463.921341
70000904191.710617
70000509503.767319
70000947144.075974
70000632845.555603
70000394287.378540
70000669338.257645
70000353723.146149
70000217872.966385
70000719111.615326
70000766185.277939
70000799476.833054
70000836319.865417
70000845247.944763
70000906609.436661
70000162541.798782
70000274777.406509
70000154726.834106
70000986828.582321
70000614188.249771
70000764379.954254
70000863836.281433
70000368803.789764
1.000000
70000296880.862961
70000398474.553741
70000514216.066559
70000241060.832443
70000298359.119553
70000665016.283234
70000013978.011520
70000392927.000397
70000499497.501831
70000211528.300491
70000010408.412048
70000701595.304962
70000885114.950760
70000744189.771271
70000181106.635620
70000439522.864288
70000942426.487595
70000263537.965317
70000101678.177536
70000206052.197540
70000306795.032043
70000974642.674103
70000637080.789398
70000049940.968704
70000770227.306458
70000614079.855988
70000240116.317734
1.000000
70000525733.044510
70000586614.353989
70000883173.453445
70000864980.418945
70000218914.409836
70000860944.223877
70000324318.415543
70000491377.752686
70000673356.300766
70000566438.823578
70000890610.525970
70000756445.037720
70000933997.292572
70000021725.732483
70000736365.190216
70000785625.000107
70000695396.618362
70000218123.259460
70000213607.747467
70000039875.044174
70000669820.308319
70000181619.748276
70000793267.810135
70000208641.319229
70000664373.760406
70000335057.489624
70000996357.958130
70000747780.958237
70000335880.026398
70000853217.745422
70000913394.911774
70000415197.643646
70000461882.110352
70000407166.632904
70000963984.284683
1.000000
70000887756.987198
70000337681.336441
70000988753.089874
70000839060.791077
70000429393.625885
1.000000
70000454518.074799
70000212201.125824
70000655199.306717
70000914442.100021
70000756538.978760
70000383418.616714
70000685311.014282
70000656333.667877
70000101814.830231
70000862220.582489
70000989181.437943
70000037967.113113
70000349995.360779
70000243830.359238
70000166613.893814
70000906557.421158
70000831838.119568
70000116969.419617
70000835728.303329
70000797041.713638
70000170686.197906
70000633821.386780
70000047249.665771
70000561453.790176
70000618738.192093
70000668416.561630
70000799079.851028
70000201587.730591
70000036781.823593
70000382175.687668
70000455917.247604
70000667029.065857
70000179392.649689
70000621098.680756
70000371502.644730
70000976542.855957
70000280532.203445
70000840491.016220
70000663917.910995
70000004487.439102
70000489277.428833
70000145550.523254
70000307519.753464
1.000000
70000561748.747391
70000807827.347336
70000422989.190796
70000045957.092728
70000573749.489273
1.000000
70000440724.824173
1.000000
70000524550.297989
70000168597.522522
70000315518.379654
70000274295.984131
70000873283.004425
70000583037.974716
70000603393.450012
70000974626.988327
70000439631.498642
70000140020.816956
70000446302.397507
70000794932.139343
70000259813.560120
70000886239.280746
70000873115.652161
70000348068.346481
70000987879.943466
70000557788.256348
70000585113.040695
70000557748.199173
70000380530.458221
70000332703.472229
70000205770.423233
70000790408.232162
70000017063.107864
70000686035.799072
70000114466.075653
70000404976.334274
70000153487.740494
70000951570.574982
70000880967.263535
70000014596.192917
70000365347.215012
70000713593.908081
70000342352.608643
70000455726.913055
70000773888.585327
70000579918.783279
70000861144.838516
70000741555.789505
70000439608.865387
70000721632.547363
70000604434.198242
70000386063.224411
70000744771.574371
70000961514.287949
70000436064.934692
70000679385.241776
70000478938.365875
70000520310.849564
70000936537.690613
70000323814.498032
70000227252.825195
70000101710.585281
70000550200.232346
70000127678.163300
70000747511.556213
70000463324.676346
70000116186.580841
70000810266.806839
70000960788.896881
70000654310.015244
70000084362.390656
70000353756.066223
70000183557.215393
70000287875.339737
70000148883.476547
1.000000
70000384040.709915
70000081036.355377
70000956157.394669
70000064168.434845
70000362896.687439
70000712041.271317
70000325860.506714
70000753901.121887
70000146711.039154
70000568814.075119
70000758069.939301
70000244398.946579
70000851224.666580
70000897649.250900
70000822045.268967
70000152618.555862
70000983144.573593
70000095761.976562
70000920470.931351
70000717756.741486
70000286087.163300
70000929374.006699
70000462525.308975
70000781826.716232
0.33
 0 0 0 0 0 0 0 0 0 0 0 0 0
