1 401
70000514439.952988
70000558209.727829
70000362803.997711
1.000000
70000365071.603729
70000325217.168045
70000917328.060577
1.000000
70000090130.559860
70000236035.298813
70000898047.814301
70000476698.657806
70000651999.861771
70000036745.623383
70000688092.408844
70000327674.699356
70000366479.469452
70000622035.652618
70000243831.124939
70000388855.393295
70000149120.784866
70000354526.932831
70000170314.690475
70000128798.089844
70000049012.675354
70000909127.854950
70000906902.002304
70000178694.349091
70000052499.047379
70000719322.454590
70000761580.802902
70000773049.407242
70000072778.270218
70000817632.934174
70000405451.175705
70000665710.520691
70000167034.698303
70000608025.415634
70000564154.589020
70000407721.632721
70000594399.434891
70000363543.694839
70000207787.644806
70000354223.598755
70000349522.625916
70000093268.337723
70000401000.633698
70000967061.588638
70000417565.397812
1.000000
70000225295.085480
70000470472.894424
70000093320.939713
70000931767.799118
70000696137.922623
70000556098.151550
1.000000
1.000000
70000589456.205750
70000210370.595581
70000282788.745575
70000267745.657410
70000178427.884933
70000393098.104202
70000523146.802490
70000580442.231934
70000210585.442795
70000884552.553207
70000871418.159607
70000268028.235046
70000570848.710190
70000373127.099777
70000864426.273758
70000809167.909943
70000974700.242966
70000959912.396057
70000777212.031372
70000720055.210800
70000073400.211227
70000209006.482529
70000540958.789520
70000687235.174393
70000965412.485962
70000647814.624084
1.000000
70000804309.841339
70000218608.114746
70000755719.886444
70000916354.458801
70000613844.702621
70000762498.779770
70000531455.311371
70000422648.000168
70000559285.869095
70000692315.279465
70000196211.501541
70000573693.619171
70000097391.998962
70000093091.029953
70000528083.917725
70000347952.479233
70000751303.571671
1.000000
70000701040.913452
70000212602.702255
70000878633.082901
70000993583.860825
70000076487.078796
70000644650.426956
70000769891.754974
70000814454.682159
70000029813.933029
70000336779.791489
70000669535.268707
70000782332.628693
70000765747.326157
70000432237.834061
70000007068.133469
70000231539.295898
70000772922.319778
70000773669.517380
70000750881.268799
70000919743.683624
70000039016.804550
70000598453.780762
70000599708.223068
1.000000
70000542814.886078
70000007239.417587
70000347976.650803
1.000000
70000274449.138229
70000218131.138992
1.000000
70000746400.069366
70000732462.976105
70000763964.258011
70000769038.155930
70000755097.645935
70000605925.662292
70000718808.926010
70000758456.373734
70000917173.692810
70000159475.549545
1.000000
70000980979.660400
70000572573.996658
70000357772.612106
70000086670.390808
70000098148.861404
70000410742.272278
70000837199.036194
70000866479.197113
70000866482.674271
70000187529.657562
70000262064.441742
70000038907.735291
70000026050.304092
70000727573.841690
70000440783.514725
70000906674.149948
70000043283.835510
70000606809.907654
70000618593.954407
70000712370.220215
70000441430.591629
70000705510.914993
70000017160.428665
70000386144.446121
1.000000
70000303133.626434
70000158084.575638
70000579686.889328
70000657598.322510
70000294576.216782
70000504246.170029
70000366848.064651
70000259671.353394
70000313797.623779
70000842779.970245
70000661454.647232
70000850625.686111
70000402479.456329
70000370724.514694
70000606564.668488
70000384186.656937
70000658895.855942
70000432169.072861
70000324244.209229
70000825595.562195
70000236768.439850
70000284818.505783
1.000000
70000687726.341049
70000860515.741882
70000086000.880127
70000484829.724167
70000562219.384644
70000814567.018616
70000254318.563156
1.000000
70000633997.604294
70000720026.858612
70000463504.504700
70000869259.495758
70000833342.588058
70000697456.591125
70000124170.622528
70000227787.572128
70000702225.825790
70000959552.403107
70000752650.963654
70000622594.870453
70000873772.148575
70000142577.945526
70000579935.558151
70000920871.511276
70000655946.577744
70000515761.400330
70000811830.614151
70000573475.012558
70000788181.243500
70000440344.922638
70000504055.181839
70000457454.131561
70000361107.805115
70000696552.369186
70000610990.469376
70000172515.050644
70000624487.175888
70000870557.458633
70000064180.897812
70000614192.266006
70000146240.133514
70000390128.328949
70000262633.954224
70000997812.482422
70000541764.147888
70000668526.453186
1.000000
70000066136.519058
70000711571.170013
70000880049.447937
70000236684.441727
70000468519.828522
70000194390.568817
70000097603.297241
70000019944.845291
70000900311.014297
70000973749.666229
70000779638.547104
70000149116.403488
70000462920.741623
1.000000
70000103736.986374
70000713194.176620
70000433048.377457
70000437095.086365
70000387351.572861
70000953434.489426
70000290440.597031
70000439989.026413
1.000000
70000954638.591919
70000441943.164078
70000919503.698059
70000936401.880432
70000616307.345474
70000084007.202835
70000172298.624725
70000274747.916504
70000507294.138718
70000574796.566650
70000464031.180435
70000519684.781952
70000188949.881760
70000834285.302002
70000334796.645630
70000810871.771164
70000398143.589249
70000346347.633972
70000305373.836487
1.000000
70000344479.584946
70000137876.061569
70000640287.264496
70000967817.839951
70000470779.771790
70000482549.173569
70000006866.113007
70000321389.443954
70000587587.325241
70000047665.236801
70000683220.426620
70000586167.719269
70000296171.645599
70000477748.251724
70000219051.884155
70000384428.111679
70000217992.837112
70000671196.754272
70000747247.552521
70000059470.612793
70000656587.454834
70000432029.629807
70000823778.422836
70000481745.441055
70000794039.715927
70000380367.212952
70000082906.088593
70000304439.573654
70000941269.765228
70000262812.879852
1.000000
70000949060.789963
70000769027.623199
70000109911.927246
70000823395.097626
70000243244.934845
70000605225.123993
70000986807.750580
70000995439.567535
70000935525.127029
70000306981.690338
70000961611.719788
70000530576.849289
70000320940.125687
70000236566.806702
70000725354.652496
70000184960.738113
70000869537.041931
70000964164.436050
70000640426.339096
70000157463.968506
70000380411.792358
70000982010.959915
70000411094.121948
1.000000
70000809757.341034
70000928041.662613
70000600616.958374
70000429910.944153
70000140114.658127
70000983162.510300
70000700549.332367
70000952066.759079
70000791953.896103
70000833747.625320
70000979255.329330
70000923784.748871
70000074290.951294
1.000000
70000865849.158340
70000655144.442947
70000370136.699951
70000323444.656525
70000740052.648972
70000245891.475388
70000830345.653244
70000196401.847916
70000157729.862671
70000762055.992188
70000510674.731049
70000660831.047623
70000775663.596024
70000164812.635834
70000582411.873032
70000432725.847458
70000792766.555603
70000691705.260178
70000913532.253571
70000538406.254944
70000750429.116318
70000373130.901215
70000007233.229324
70000278839.437439
70000108304.935272
70000270300.141617
70000368891.693970
70000646094.579712
1.000000
70000076604.299606
70000611155.361450
1.000000
70000963523.261261
70000456736.129486
70000610024.145142
70000306561.189697
70000032943.949402
70000939231.064651
70000281761.796341
70000886064.599197
1.000000
70000528444.697968
70000973860.408005
70000411052.593979
70000177528.209900
70000672295.541061
1.000000
70000229441.486237
0.33
 0 0 0 0 0 0 0 0 0 0 0 0 0
