1 401
70000887813.579895
1.000000
70000695490.999741
70000863868.505295
70000410431.528381
1.000000
70000003535.662674
70000168806.265961
70000227523.312027
70000582530.345871
70000243127.603821
70000260542.092239
70000823047.585770
70000055945.624802
70000537149.362030
70000459451.722183
70000619065.368347
70000565957.550262
70000972876.023163
70000857715.187393
70000312669.633438
70000996402.452957
70000565747.655106
70000218499.071564
1.000000
70000697061.967850
70000294459.629486
70000433190.310883
70000350951.388641
70000455849.468994
70000566411.845657
70000988277.891266
70000307920.672836
70000091707.285873
70000176568.560989
70000432379.187607
70000570069.038177
70000300179.776733
70000507478.106277
70000522296.850693
70000858057.054749
70000680309.150803
70000097013.194641
1.000000
70000977552.790451
70000447110.613174
70000366571.835754
1.000000
70000187289.996307
70000654308.588226
1.000000
70000846100.389313
70000802811.157135
70000837732.025909
70000956058.847855
70000423696.713959
70000547964.779358
70000899013.091980
70000043173.319244
70000550561.328094
70000458115.342072
70000681652.363876
70000198849.926559
70000687303.409683
70000111521.742310
70000718403.388916
1.000000
70000214466.931641
70000265313.322525
70000727521.295212
70000987250.035400
70000439025.329102
70000542381.396973
1.000000
70000185082.539322
70000696893.670944
70000792847.336792
70000898097.104416
70000696211.280884
70000700289.538101
70000514767.175934
70000476182.071625
70000551455.764633
70000387831.188568
70000712777.357071
70000309164.811340
70000559167.475739
70000362805.207718
1.000000
70000941755.130432
70000809826.502426
70000223490.914810
70000184620.725586
1.000000
70000229648.433823
70000381485.885452
70000434222.828720
70000918470.868332
70000777946.497009
70000174143.052368
70000605147.909958
70000791681.199173
70000952073.593307
70000673360.452896
70000982077.070206
70000923756.925201
70000107818.435074
70000529395.183533
70000921455.689987
70000100119.013092
70000858217.534134
70000742434.306046
70000502994.162170
70000286423.454849
70000893407.588684
70000474032.393524
70000911272.419098
70000195266.040985
70000887672.655914
70000297928.874619
70000636396.741745
70000334955.615677
70000838981.580566
70000920386.705582
1.000000
70000817029.315140
70000135688.916962
70000625934.630478
70000857494.526825
70000323997.564789
70000746600.000717
70000639137.386551
70000090081.394760
70000015208.527710
1.000000
70000136266.393616
70000452803.616898
70000159270.949997
70000242308.934082
70000623338.442062
70000040523.687164
70000089396.539703
1.000000
70000279550.143677
70000138358.631348
70000021558.317352
70000730374.244385
70000580131.680664
70000791421.999664
70000115896.232986
70000347828.549454
70000185161.915482
70000838918.127121
1.000000
1.000000
70000686749.033569
70000170199.447098
70000605498.321320
70000818272.787277
70000179133.990280
70000031892.656708
70000862048.747360
70000093972.678375
70000618047.415268
70000613808.639206
1.000000
70000081904.857376
70000582761.802139
70000055441.910263
70000555315.461548
70000225025.014023
70000032624.992249
70000668200.351837
70000986914.017670
70000723427.414169
70000654211.708801
70000771587.221161
70000499226.678375
70000752269.937241
70000843056.005188
70000069284.743103
70000574883.066132
70000502928.273514
70000382696.155792
70000423839.626343
70000898205.701126
70000694847.729279
70000491954.896820
1.000000
70000361881.122955
70000272310.337906
70000677667.732101
1.000000
70000787752.955032
70000984073.027893
70000234003.116562
1.000000
70000531686.475037
70000984037.117599
70000779041.554581
70000932131.551849
70000719032.087372
70000914705.062180
70000226932.496979
70000646125.020432
70000670765.259445
70000966366.520752
70000210471.178787
1.000000
70000285189.639435
70000299979.322510
70000237893.793564
70000940902.514679
70000791378.091125
70000996292.380783
70000642580.328384
70000297560.116608
70000145461.981461
70000216839.841934
70000849674.833679
70000596394.325943
70000829118.251892
70000712084.119614
1.000000
70000853538.643082
70000733410.958572
70000009753.792435
70000362438.693619
70000839952.083801
70000432155.478836
70000848780.027374
70000861046.540222
1.000000
70000531481.977448
70000068325.857697
70000431043.582352
70000418858.664200
70000638116.596985
70000121785.097794
70000212319.034256
70000823077.256424
70000897308.856750
70000303536.855774
70000046312.154434
70000479775.305283
70000718645.565277
70000170222.753448
70000450790.708389
70000380559.676392
70000309495.936798
70000548565.257523
70000720875.900452
70000108680.694519
70000714173.922150
70000780420.504944
1.000000
70000835297.137238
70000266743.089020
70000620985.577515
70000590094.641983
70000676427.242035
70000198188.483032
70000795630.305801
70000914825.324188
70000989822.059143
70000597064.118362
70000377745.233459
70000224542.841873
70000662425.895081
70000600326.792664
70000927418.243484
70000504316.547943
70000483056.394699
70000573430.208710
70000837760.161255
70000711694.647202
70000851743.312958
70000984560.740433
70000148458.531113
70000072283.546951
70000695648.474167
70000941987.730286
70000830540.795227
70000257432.196167
70000216785.782532
70000919156.810989
1.000000
70000005306.149918
70000441551.093567
70000510645.278595
70000000601.943542
70000212100.358780
70000995549.395752
70000840257.245468
1.000000
70000904689.020248
70000386460.805939
70000767189.390656
70000186328.755814
70000185382.625671
70000336258.451843
70000458197.313248
70000529383.599335
1.000000
70000213656.506454
70000669664.249878
70000292263.780319
70000367204.650162
70000604492.632599
70000689743.447205
70000100403.055405
70000538560.799118
70000179887.042389
70000615110.603760
70000569688.262650
70000851166.629318
70000504073.173386
70000320459.635422
70000636177.276047
70000249471.521881
70000667657.584091
70000709942.958176
70000352713.154602
70000342414.882706
70000009652.342880
70000635312.367874
70000864938.487915
70000463742.304977
70000590438.885178
70000373019.573807
1.000000
1.000000
70000110297.648117
70000270164.297577
70000328364.488632
70000666572.930847
70000751064.391266
70000210317.292068
70000386798.739532
70000918296.461807
70000946126.423004
70000719535.009552
70000482456.579529
70000602345.952408
70000680098.940384
70000206217.996674
70000936320.466553
70000658281.956619
70000387570.523819
70000021866.977005
70000923491.875259
70000141322.757950
70000922597.364426
70000578154.941635
70000058916.735962
70000545747.730240
70000641514.905136
70000163563.735626
70000653969.710510
70000732801.405380
70000210875.252960
70000347087.498886
70000224867.643402
70000336982.630508
1.000000
70000516500.264023
70000757107.656464
70000006659.475677
70000622773.693665
70000213927.379517
1.000000
70000797733.793762
70000516064.375320
70000286713.716629
70000564887.451004
70000886272.805573
70000692070.671402
70000336656.255081
70000759990.401154
70000231356.405212
70000253291.961319
70000032222.114273
70000177612.559433
70000804284.169174
70000103814.067535
70000797160.439590
70000641392.025635
70000159194.345413
70000057727.822067
70000148532.684067
70000259061.089249
70000862719.490784
70000262108.351013
70000039764.370270
70000726117.233612
70000133000.634094
70000202874.650269
70000335137.380676
70000682786.002335
70000887059.456161
0.33
 0 0 0 0 0 0 0 0 0 0 0 0 0
