1 401
70000156570.238541
70000726306.153549
70000608568.964462
70000192299.203110
1.000000
70000198483.745209
70000375477.689819
70000150092.438110
70000865698.288223
70000748432.224045
70000352375.999664
70000025201.890472
70000322803.611603
70000518834.694641
1.000000
70000960398.338654
70000078659.387161
70000405360.267654
70000607907.028259
70000647807.141251
70000419649.594711
70000103065.709778
70000076750.934433
70000173723.531158
70000360842.885544
70000136715.346237
70000172110.948807
70000324199.043121
70000210303.174805
70000335671.878052
70000964222.796448
70000329612.346558
1.000000
70000273523.133224
70000586084.166412
70000498044.198120
70000995422.346939
70000852693.011902
70000359108.169434
70000179358.047119
70000116584.676895
70000783629.513489
70000254333.479248
70000766551.006958
70000589985.894699
70000725447.420731
70000803802.878983
70000475711.502457
70000553899.827103
70000181011.748337
70000083590.009903
70000334546.808609
70000234434.506912
1.000000
1.000000
70000291378.296707
70000413353.104477
70000717641.283035
70000324416.526871
70000265873.678909
70000200089.744415
70000607575.687744
70000135143.142715
70000539064.659317
70000771438.071884
70000541990.114197
70000321970.806702
70000311405.149475
70000260442.336166
1.000000
70000026198.728729
70000317054.295029
70000099776.730270
70000111450.345169
70000141078.454544
70000377458.274490
70000767738.488831
70000180306.257339
70000467718.065262
70000499503.482788
70000634258.049332
70000627071.125092
70000340016.028564
70000599239.644684
70000716946.736633
70000860770.749893
70000282140.441849
70000812978.335358
70000514500.531250
70000999097.748581
70000693199.357361
70000538065.494293
70000006077.870834
70000316848.821777
70000548155.242249
70000501519.153351
70000075098.715149
70000481890.129471
70000667803.823090
70000466908.352585
70000823353.008850
70000284905.439133
70000154452.883026
70000682872.924210
70000321308.109528
70000778570.279037
70000120515.818253
70000459472.509537
70000053457.055527
70000568675.048584
70000302567.112854
70000713600.660400
70000643297.296524
70000556912.463959
70000760723.607834
70000494192.441391
70000430577.409821
70000529095.359650
70000415498.907028
70000057771.971619
70000810251.115417
70000529176.660965
1.000000
70000481800.784515
70000765697.975098
70000854584.720367
70000415588.933105
70000533378.780029
70000395068.114105
70000258687.730728
70000747435.868713
70000391381.230713
70000108128.554611
70000940504.378906
70000864371.239594
70000254507.105789
70000355498.065384
70000980033.578171
70000536680.402328
70000939166.587204
70000419588.547424
70000985871.580673
70000170866.016098
70000493506.820282
70000038067.367889
70000540441.363007
70000557628.289093
70000914841.170242
70000291496.129074
70000573247.774734
70000387874.904831
70000597326.445328
70000941951.495361
70000521233.020370
70000925160.492554
1.000000
70000807051.342636
1.000000
70000301082.343704
70000682945.150330
70000356089.654449
70000984102.215576
1.000000
1.000000
70000510669.827454
70000491883.530014
70000478935.865036
70000196363.518250
70000946392.313370
70000083360.664963
70000045725.022110
70000650404.435486
70000556582.874512
70000576922.442215
70000759216.202896
70000074402.793533
70000075339.848938
70000782808.670715
70000904523.175003
70000811010.900116
70000300804.206482
70000804725.856491
70000761560.259567
70000737741.026596
70000668773.810562
70000303488.423157
70000781277.132019
70000502382.304413
70000756767.410904
70000972847.212097
70000163492.014633
70000218443.840424
70000593078.143539
70000518807.101227
1.000000
70000753836.987457
70000252328.877335
70000323907.325943
70000334610.151627
70000731289.509003
70000430716.690155
70000423401.932388
70000997521.071686
70000324258.033661
70000421421.744415
70000681737.253326
70000859808.378220
70000237120.144867
70000331665.049225
70000322916.764328
70000199487.712845
70000875737.958191
70000743443.704758
70000128222.638138
70000089382.170105
70000088639.598846
1.000000
70000901323.547501
70000324438.605698
70000551330.165207
70000130889.567749
70000398844.344299
70000994817.436707
70000541542.048752
70000078504.641052
70000043002.075195
70000785148.801208
70000846355.810303
70000230203.845367
70000566555.359543
70000749772.246841
70000222463.457199
70000465679.617920
70000113629.957962
70000047916.646652
70000624795.143005
1.000000
70000045025.269211
70000531338.341904
70000337643.511627
70000895923.891571
70000911197.066727
70000965481.415634
70000487846.691010
70000237429.145401
70000465332.044128
1.000000
70000890487.020615
70000477077.307556
70000754823.204880
70000349185.444473
70000888758.516235
70000269112.862732
70000851386.573303
70000327804.008072
70000861570.623718
70000070165.049438
70000336394.996536
70000898896.556488
70000658360.263260
70000038446.946686
70000122663.199738
70000087545.055313
70000410002.758591
70000317079.677094
1.000000
70000189619.287460
70000454237.913895
70000054845.429871
70000717957.465851
1.000000
70000712317.350708
70000031486.658752
70000927763.546539
70000294565.613159
70000742144.424622
70000257630.325775
70000407023.886703
70000143460.266846
70000435828.489380
70000308447.017639
70000946282.066467
70000146156.188828
70000339604.420441
70000329448.471909
70000979760.825073
70000607970.636673
70000843593.870407
70000032747.083801
70000970239.228271
70000046772.187668
70000779551.851257
70000825744.773651
70000702143.816788
70000627132.777313
70000808164.255981
70000027100.172394
70000245817.096390
70000371763.236389
1.000000
1.000000
70000336109.349487
70000220195.976074
70000320164.612457
70000623183.647705
70000126903.596558
70000314470.844376
70000729987.183121
70000243045.664612
1.000000
70000563562.893524
70000677130.304565
70000196218.018250
70000214679.406693
70000152908.512665
70000964290.916199
70000733574.520340
70000241619.074570
1.000000
70000344958.574173
70000390848.263123
70000414369.482208
70000839089.788208
70000905358.179550
70000345480.671188
70000850398.953491
70000260788.749298
70000739238.692200
70000782487.957520
70000271032.261292
70000857424.941086
70000351632.087265
70000247465.314590
70000787071.384094
70000900469.817825
70000409885.502914
70000356086.761230
70000516227.898453
70000523521.823669
70000150002.924988
70000324765.760605
1.000000
70000102310.731140
70000275389.924011
70000186863.446808
70000384702.581375
70000487916.082245
70000992097.181900
70000154224.193436
70000951729.089447
70000557816.416595
70000348389.104630
70000130068.833618
70000939103.447617
70000227763.248138
70000683687.450165
70000684271.251785
70000327895.192337
70000508629.537689
70000462505.609238
70000392606.967087
70000710787.502792
70000543608.079987
70000271876.504379
70000422907.727386
70000422348.937881
70000913828.652954
70000959197.010590
70000861623.782730
70000079532.105423
1.000000
70000941432.619431
70000850073.836044
70000727792.670624
70000334778.848709
70000841659.674484
70000474602.408646
70000159437.926880
70000190966.734665
70000692368.680649
70000530573.033646
70000217418.425461
70000166067.659988
70000388835.651398
70000952888.176300
70000895377.827744
70000308786.358887
70000484776.951797
70000185330.683182
70000483684.091141
70000391423.414444
70000192335.510712
70000105520.775787
1.000000
70000627625.514725
70000276299.757309
70000444414.740448
70000720312.640167
70000953290.828156
70000343607.282700
0.33
 0 0 0 0 0 0 0 0 0 0 0 0 0
