1 401
70000194171.751480
70000247541.919357
70000537072.399902
70000329641.650818
70000447645.297363
70000158833.024109
70000047299.714096
70000997740.157593
70000184582.861877
70000802977.603424
70000513171.174469
70000424563.962021
70000162326.795349
70000993150.526108
70000638318.146118
70000344494.320160
70000115389.414871
70000178832.150696
70000865484.818390
70000681492.186417
70000412747.555603
70000655623.884094
70000517799.859497
70000789726.046646
70000855106.528748
70000194062.285172
70000479984.350586
70000943979.767288
70000755082.326935
70000380364.199600
70000975521.874786
70000421178.597778
70000185121.206558
70000723783.273041
70000084856.177536
70000791196.867599
70000382924.753922
70000378528.188553
70000207298.510162
70000380885.441788
70000575179.972137
1.000000
70000255028.023529
70000209174.588058
70000641550.495789
70000606475.442123
70000272050.364166
70000044684.975067
70000053011.997757
70000732296.669449
70000723703.665878
70000975037.647598
70000348692.966782
70000456986.709839
70000240438.016159
70000265757.009689
70000229119.130936
70000335309.111725
70000282572.238083
70000776364.136963
70000437812.458221
70000612551.715042
70000278542.586273
70000508513.704529
70000120499.869720
70000994611.806580
70000579730.444504
70000053370.949387
70000244141.103500
70000870281.269119
70000682081.173157
70000541126.129639
70000488804.635376
70000634766.097855
70000769488.795212
70000387706.962219
70000759675.864487
1.000000
70000002539.349442
1.000000
70000603032.528839
70000976809.197098
70000059292.064285
70000255472.897812
70000493130.528152
70000258598.564743
70000769982.231506
70000250222.540344
70000509223.468567
70000954866.550919
70000764194.856308
70000502448.660004
70000772255.795746
1.000000
1.000000
70000015159.452515
70000976512.007156
70000182218.067886
70000285898.163528
70000509426.474762
1.000000
70000573829.491150
70000821081.552704
70000829651.697556
70000843668.376587
70000119723.412460
70000766041.232346
70000693062.603149
1.000000
70000328505.833923
70000423499.663300
70000020808.172974
70000910659.955978
70000863087.843796
70000333327.807648
70000155674.621902
70000665191.540436
70000329257.488953
70000426720.297195
70000789947.133514
70000121340.954681
70000732252.653122
70000358132.997986
70000885451.531570
70000092167.227661
70000117516.284256
70000565018.991714
70000635650.029877
70000343335.149872
70000464368.112228
70000503552.080566
70000652544.691940
70000627045.265732
70000060544.301498
70000978829.783295
70000792267.279465
70000033902.927597
70000562552.954315
70000345676.784103
70000501739.014084
70000132918.301773
70000870999.119003
70000849607.870895
70000244866.024094
70000580286.143997
70000617001.345871
70000693921.220184
70000517482.570114
70000648912.421585
70000582655.840042
70000933966.972961
70000145181.668228
70000052802.394409
70000532731.333908
70000269445.686508
70000858509.711838
70000041823.625931
70000784707.294220
70000824277.892075
70000599876.102188
70000803057.455750
70000776371.522797
70000956661.464874
70000514602.068802
70000354169.999298
70000629636.314499
70000130494.871155
1.000000
1.000000
1.000000
70000969631.215942
70000306738.947464
70000966284.717422
70000635687.931076
70000475197.455978
70000999024.651932
70000573488.484299
70000658237.288284
70000896315.866089
70000693925.337265
70000479551.938339
70000149542.957321
70000757713.584915
70000322312.519257
70000658433.505829
70000844902.362534
70000128618.740112
70000760134.009537
70000832386.327621
70000664761.320450
70000047702.908661
70000101007.809708
70000216034.202759
70000450391.421341
70000968695.061707
70000144873.890610
70000427562.299545
70000349011.498627
70000379182.787415
70000201120.762741
70000325699.127502
70000837336.399384
70000623776.955948
70000216265.202698
70000023642.694809
70000471669.561600
70000347299.218384
70000190042.693497
70000139022.674728
70000404874.570251
70000654703.754395
70000152363.449478
70000415159.945694
70000200012.816833
70000736827.916931
70000392193.714432
70000195211.119293
70000485783.305771
1.000000
70000030123.403336
70000714902.464630
70000557343.644409
70000283433.700180
1.000000
70000418133.937851
70000036256.042740
70000346702.091400
1.000000
70000664287.265594
1.000000
70000414793.386642
70000074515.072159
70000606588.252838
70000285049.608459
70000042373.352982
70000700098.167526
70000650046.342941
70000070437.485611
1.000000
70000306312.510986
70000281181.961990
70000656018.379135
70000829423.631500
70000701653.400146
70000397816.905899
70000581746.183640
70000228497.409576
1.000000
70000625322.533340
70000569122.422043
70000720665.592346
1.000000
70000427636.705261
70000471831.882675
70000322651.028580
70000156209.725235
70000698775.233185
70000235408.458679
70000507651.070831
70000255160.189026
70000888162.917587
70000476487.375610
70000920744.817154
70000926174.142120
70000907655.056137
70000919563.781281
70000634365.765915
70000409384.080750
70000258564.681061
1.000000
70000269424.369308
70000026432.215439
70000691608.951981
70000095072.187500
70000606852.773865
70000032030.899063
70000453655.500366
70000839556.123230
70000373311.569275
70000449520.753174
70000193518.513901
70000985738.536804
70000249642.786392
70000883062.907791
70000042302.696411
70000078496.119141
70000192956.440552
70000719433.471436
70000220313.994278
70000845058.627823
70000134435.322937
70000980737.223755
70000064464.410904
1.000000
70000646611.207779
70000968263.815460
70000448582.383286
70000838614.993668
1.000000
70000456328.057846
70000449014.965897
70000562389.421341
70000313060.526031
70000342306.953796
70000649988.687988
70000805644.468018
70000941873.159531
70000680835.298691
70000361946.996689
70000324422.087906
70000808446.525269
70000196082.672592
70000679980.491745
70000856719.219818
70000357317.585205
1.000000
70000315730.224991
70000643587.423508
70000691439.369766
70000552605.175415
70000587029.250153
70000754438.067825
70000746064.911240
70000161112.873047
70000550768.876511
70000502449.095474
70000012269.567535
70000174705.731018
70000170159.327606
70000944994.593567
70000406179.175858
70000616657.913910
70000057261.490234
70000301794.449783
70000609770.252350
1.000000
70000677794.833099
1.000000
70000200055.779648
1.000000
70000606564.025009
70000157413.962204
70000336722.983398
70000170116.544662
70000161573.907196
70000052512.954910
70000817060.208054
70000690814.927780
70000218085.523849
70000757968.442993
70000749311.619934
70000565427.061691
70000108033.401901
70000436690.907791
70000320058.804489
70000576694.049149
70000660410.258484
70000832100.537460
70000152349.757721
70000562083.154419
70000261119.016129
70000905617.352341
70000247933.227951
70000092364.592224
70000993560.584579
70000202854.783279
70000349367.502457
70000653075.221909
70000379500.272003
70000954200.786331
70000910720.624588
70000599380.103104
70000393321.048065
70000690340.488739
70000496027.779068
70000672088.781769
70000154332.872986
70000731912.866623
70000592482.549713
70000261736.028122
1.000000
70000678010.241211
70000992835.676697
70000760916.925186
70000773373.208618
70000255357.587143
70000509728.225967
70000755982.357559
70000141340.088135
70000763840.926559
70000347127.001511
70000612068.898483
70000985118.977692
70000117740.380493
70000397933.265656
70000111931.259094
70000151661.872314
70000561667.243317
70000186242.282349
70000199006.781952
0.33
 0 0 0 0 0 0 0 0 0 0 0 0 0
