1 401
70000207105.935410
70000946579.879303
70000294532.844986
70000350675.525970
70000420762.175201
70000340310.723145
70000093900.063736
70000597489.002182
70000348449.487656
70000567736.392670
70000848502.872101
70000088567.706680
70000460565.385773
70000312981.117142
70000041843.538330
70000261980.228958
70000344589.963806
70000997738.521454
70000403403.928482
70000274104.683441
70000033036.033234
70000300162.863861
70000425218.169861
70000633166.546143
70000234656.182312
70000271432.915024
70000008752.177704
70000863278.773193
70000014416.163010
70000163266.985367
70000675980.605255
70000909711.535156
70000461992.870926
70000760067.742966
70000720557.703369
70000877919.783981
70000249925.146606
70000176546.794708
70000501074.249680
70000214802.196899
70000480204.806488
70000621999.382736
70000183392.885681
70000341642.284576
70000020155.221512
70000228698.463120
70000795815.162857
70000726896.223251
70000193981.656403
70000615313.766159
70000305528.807526
70000574577.226074
70000915946.496933
70000223668.128296
1.000000
70000874594.244080
70000958222.551773
70000224533.038742
70000635487.864639
70000286056.573639
70000608043.941833
70000435070.115097
1.000000
70000671492.630203
70000012761.477280
70000112463.522308
70000847738.556137
70000932145.448288
70000879163.730606
70000248654.686279
70000421663.734543
70000429249.830368
70000366185.261826
70000405905.654510
70000873013.183441
70000906317.699081
70000094532.400742
70000875389.000168
70000643201.549149
70000517243.172028
1.000000
70000630302.745407
70000190215.953064
70000139666.208527
70000622292.444122
70000126233.404297
70000182872.529022
70000418055.670349
70000412867.416962
70000022531.057159
70000945938.318726
70000283705.990128
70000989420.949982
70000741140.886780
70000712028.703171
70000772699.177597
70000697776.370819
70000336153.681152
70000795183.117645
70000783450.013840
70000910753.274399
70000352671.364334
70000805959.269211
70000775541.549164
70000334253.833786
70000759446.756561
1.000000
70000428648.786835
70000234522.874405
1.000000
70000553252.238388
70000706577.268250
70000525140.953552
1.000000
70000201052.357147
70000094766.602737
70000528377.026672
70000100904.767853
70000438604.418396
70000391761.351028
70000963339.106262
70000834901.785248
70000672698.052094
70000902875.112366
70000870421.658722
70000588998.377686
70000999826.043976
70000332376.931213
70000136785.134476
70000933065.437027
70000220880.556091
70000553977.037506
70000258664.052948
70000306670.805786
70000225214.870926
70000833593.804520
1.000000
70000662878.842102
70000819553.323166
70000102099.009216
1.000000
70000031220.922928
70000593346.589630
70000216175.125641
70000699593.911850
70000438344.046967
70000358209.733871
70000281568.935760
70000507144.299973
70000301565.017090
70000942993.173462
70000925165.964127
70000148201.130280
70000053516.475372
70000834678.230255
70000550028.105911
1.000000
70000667298.717224
70000137407.128769
70000930739.509644
70000752291.814850
70000789844.157196
70000840383.572464
70000213336.542908
70000262621.356857
70000882624.646317
70000889052.129089
70000602462.531799
70000584633.801193
70000163305.369400
70000120373.568756
70000889496.854263
70000019863.348160
70000541759.110474
70000642099.572800
70000285069.424194
70000940838.023315
70000605675.880737
70000223458.154922
70000350642.691147
70000415329.232376
70000711825.742432
70000786032.588303
70000876811.902100
70000842874.201614
70000985586.373489
70000966746.721252
70000060514.421967
70000239730.763458
70000454709.699463
70000982338.641220
70000637593.954529
70000266539.943512
70000610656.562439
1.000000
70000968752.572128
70000775514.415710
70000804131.249374
70000471876.346130
70000519603.580353
70000084127.320236
70000516429.848953
70000144978.375443
70000124950.005569
70000837891.275696
70000587315.364594
70000302110.464401
70000457634.327866
70000028719.470886
70000218337.133621
70000143351.994720
70000276908.130356
70000301816.485764
70000699074.445312
70000672799.874512
70000420279.602890
70000464816.970581
70000895611.614334
1.000000
70000355358.297394
70000107601.025101
70000639369.470673
70000839372.030777
70000536389.617889
70000149400.984589
70000962699.401352
70000737176.861618
70000461768.579147
70000327178.408707
70000329588.641418
70000449851.081512
70000587914.956146
70000046089.906036
70000207043.353226
70000269748.077332
70000852289.222122
70000356438.228821
70000641235.081696
70000336619.344345
70000033987.239960
1.000000
70000398584.022888
1.000000
70000953675.047989
70000092114.405060
70000164657.423035
70000311949.691818
70000942362.811874
70000756296.200089
70000602728.530731
70000848068.692917
70000969266.812012
70000053005.183350
70000333060.560257
70000845428.586197
70000020639.173050
70000258872.320740
70000377942.061996
70000568829.412888
70000674778.103470
1.000000
70000676891.993011
70000498209.513214
70000415325.401810
70000421134.529221
70000820585.483368
70000425973.072784
70000972241.184143
70000037193.514145
70000430323.035904
70000947771.670837
1.000000
70000995802.437271
70000082870.369507
70000493824.979904
70000412233.945496
70000133456.743683
70000679349.136887
70000207224.639832
1.000000
70000924187.695862
70000644770.753052
70000274135.577927
70000655339.101425
70000648983.360825
70000708293.743515
70000675049.872772
70000327996.056778
70000344191.744675
70000484941.075638
1.000000
1.000000
70000049839.718933
70000489928.832779
70000138000.444458
70000808218.513718
70000722226.382065
1.000000
70000748768.926331
70000393139.113098
70000604235.956116
70000375974.337967
70000897471.868607
70000527099.037598
70000063523.981720
70000742697.311691
70000774003.358459
70000768352.708527
70000674545.702362
70000394550.935730
70000730439.269211
1.000000
70000520385.362839
70000459583.577744
70000832735.272156
70000506809.446533
70000111209.251999
70000580557.912460
70000806843.586304
70000431877.479004
70000945011.750854
70000991299.026016
70000977647.824890
70000026073.856186
70000263658.736374
70000611057.546310
70000385913.941269
70000544636.149399
70000955960.405548
70000988448.107132
70000312643.823593
70000336209.595749
70000517177.084183
70000493233.265564
70000270920.808243
70000454052.786270
70000223956.499603
70000237266.040833
70000784287.316818
70000841649.717346
70000173090.549316
70000140330.779953
70000248897.937790
70000644898.065552
70000198966.564072
70000843148.159424
70000561719.088684
70000724522.626312
70000507063.614960
70000890312.006836
70000504644.487549
70000605637.618210
70000425062.808029
70000607750.818817
70000977366.134674
70000819297.189163
70000450142.368042
70000590778.708359
70000635698.470413
70000645523.953735
70000294775.775879
70000448231.190353
70000070913.554398
70000685309.618805
70000173184.460266
70000903447.669388
70000439599.891617
70000732497.138901
70000109058.083679
70000485155.144775
70000872603.253220
70000120789.743607
70000117709.920105
70000558721.305862
70000246817.156784
70000665254.631012
70000569699.412811
70000531799.923615
70000083984.776077
70000164932.532623
1.000000
70000734674.863144
70000047026.202637
70000312379.719620
70000767713.220810
70000855566.063644
70000560443.917023
70000335106.235413
70000642598.079498
70000212978.613602
70000001470.544479
70000319376.084366
70000163601.499893
70000961332.095291
70000240134.514603
70000691690.398834
70000043350.957993
70000224762.099594
70000850254.197388
70000603682.979156
0.33
 0 0 0 0 0 0 0 0 0 0 0 0 0
