1 401
70000357328.662369
70000437218.240341
1.000000
70000861163.988373
70000692163.554199
70000796148.792160
70000388272.326660
70000777995.796478
70000408248.476120
70000796980.446091
70000171420.350113
70000337429.974701
1.000000
70000386011.401794
70000664002.367599
70000445658.805344
70000599958.496933
70000985501.124130
1.000000
70000302837.975449
70000874482.129150
70000928910.638214
70000507550.003479
70000665988.504730
70000567445.919617
70000219026.700424
70000387178.822647
70000783035.238983
70000574265.204147
70000738820.459579
70000672152.495499
70000692413.196381
1.000000
70000336137.502228
70000237168.986130
70000247747.571167
70000046294.528717
70000061112.091965
70000575290.355850
70000623561.658936
70000912221.144684
70000502999.259796
70000801753.432129
70000875204.920532
70000287410.170593
70000961281.523346
1.000000
70000219263.280960
70000424773.538345
70000479387.570770
70000683469.679886
70000958925.024170
70000465238.635498
70000344644.826004
70000053726.033691
70000001821.571396
70000747454.952454
70000805397.773621
70000967906.303131
70000109904.911880
70000490588.921295
70000732923.962769
70000674896.992188
70000883812.247498
70000500226.809753
70000503564.426102
70000959759.161423
70000014665.125381
70000879792.452881
70000050046.731201
70000902513.260986
70000080186.389130
70000672082.410507
70000265277.877304
70000607320.625488
70000077570.845490
70000224976.618164
70000196507.046097
70000434024.455200
1.000000
70000932905.620514
1.000000
70000429491.152130
70000532950.761063
70000615098.812241
70000230093.805237
1.000000
70000274416.538666
70000675024.919571
70000041038.986130
70000097515.740387
70000152223.488831
70000692402.347656
70000576089.810440
70000072016.013779
70000047624.235168
70000059060.624039
70000480701.628601
70000394619.820908
70000748193.286713
70000396241.053802
70000314283.032578
70000624307.876068
70000436172.896408
70000354366.008606
70000379403.613037
70000397855.229126
70000207298.095505
70000616737.270126
70000721610.055435
1.000000
1.000000
70000484058.653610
70000942235.335342
70000634366.248856
70000933256.983246
70000288419.818604
1.000000
70000118004.692215
70000491554.067566
70000964208.530228
70000184062.679337
70000632314.920502
70000770872.821762
70000497182.026199
70000433177.029495
70000848608.966599
70000053340.181030
70000880253.930267
70000144584.822479
70000880781.948730
70000510100.002151
70000875769.362106
70000017840.609070
70000988077.400574
70000473042.033218
70000170993.681564
70000847744.896790
70000469215.240204
70000367301.641037
70000179975.723083
70000623091.523560
70000248945.751404
70000161528.653275
70000500132.353119
70000962819.428116
70000664344.139603
70000762037.805756
70000724644.451172
70000691251.950073
70000169472.533920
70000842162.001999
70000590534.421692
70000427316.590958
70000153970.439133
70000840853.837204
70000246197.569962
70000558099.608856
1.000000
70000518040.839859
70000439761.049133
70000859843.207245
70000794776.574570
1.000000
70000928641.861008
70000770707.829575
70000790338.292923
70000437233.122040
70000555672.996872
70000037951.495285
70000432438.292343
70000385673.573914
70000826716.118759
70000059506.343796
70000715360.907410
70000801801.999283
70000275855.182922
70000560395.676224
70000400624.619507
70000635444.035294
70000395162.284271
70000992601.619675
70000439260.557983
70000443652.084320
1.000000
70000323135.615997
70000015155.005219
70000941098.099487
70000570827.030899
70000938867.550247
70000569255.002441
70000382233.846878
1.000000
70000528275.590103
70000464452.020981
70000313772.709488
70000858023.549362
1.000000
70000884431.861404
70000673983.482895
70000075149.854324
70000311321.971405
70000854402.544159
70000404089.917297
70000543381.058899
70000958290.429901
70000840187.762115
70000643900.989883
70000216297.793213
70000831893.550461
70000068997.965744
70000927883.643661
70000280806.197510
70000480708.502625
70000919550.084167
70000862290.732651
70000780491.878403
70000056283.283188
70000656678.620712
70000632782.451248
70000218729.100204
70000156821.224487
70000632419.190613
70000180277.113693
1.000000
70000199001.513931
70000006048.177582
70000596652.682144
70000067355.431274
70000359387.694382
70000503363.112198
70000626417.314255
70000557364.036880
70000387174.967117
70000710867.469788
70000304496.505035
70000681829.592194
70000734244.662872
70000560484.320755
70000290696.233566
70000923457.896210
70000564310.426331
70000156579.780380
70000859246.468018
70000365808.779221
70000661937.668747
70000413075.302628
70000476771.087433
70000644146.916885
70000632547.277542
70000672501.860138
70000749771.938004
70000028643.643448
70000372086.101303
70000534905.931412
70000614390.650818
70000388571.277725
70000653901.686981
70000076314.344238
70000524340.990295
70000933734.373749
70000946437.343933
70000160365.112534
70000682073.995544
70000231388.324905
70000207142.883301
70000640833.998795
70000531115.208267
70000049097.995056
70000811695.205429
70000815055.878586
1.000000
70000887416.693878
1.000000
70000617887.406311
70000699567.619339
70000223483.255875
70000189846.317627
70000355012.295670
70000907387.855667
70000061081.852112
70000149188.492722
70000409900.673004
70000562529.633926
70000761156.873230
70000613412.531174
70000280315.280258
1.000000
70000647576.669220
70000482116.959717
70000024649.201477
70000377203.382309
70000209109.927780
1.000000
70000251733.770493
70000118750.072525
70000465164.305923
70000755124.446014
70000673629.913116
70000792500.134048
70000067786.458740
70000384477.400940
70000281851.194580
70000821631.703781
70000243238.446503
1.000000
70000824775.333008
70000981697.894272
70000909344.755508
70000929638.316544
70000939708.167419
70000728168.551987
70000426341.350433
70000059622.633148
70000955619.422195
70000737846.263596
70000495911.783890
70000113682.421219
70000040757.481720
70000778475.609802
70000416529.966019
70000476053.365417
70000520896.539200
70000410372.746735
70000288589.723633
70000527978.654205
70000361208.352295
70000298464.691833
70000053310.211105
70000843675.582184
70000581568.165375
70000258194.318512
70000984454.982529
70000519232.278961
70000861418.877838
70000944900.262421
70000268537.082031
70000204222.737610
70000815447.269043
70000886171.747437
70000141079.219269
70000575211.306488
70000585483.221008
1.000000
70000136094.855621
70000421482.573120
70000897779.091217
70000182079.845703
70000214590.514557
70000912643.255569
70000654528.573944
70000923864.834396
70000705934.229904
70000574973.201660
70000534838.106125
70000725007.177475
70000289983.381729
70000326586.699249
70000630321.058136
70000892213.601181
70000711694.048752
70000038851.966888
70000328861.373398
70000522539.587051
70000328269.458954
1.000000
70000218983.851822
70000380702.978912
70000140033.239182
70000916829.791443
70000206149.598267
70000299502.091644
70000812569.548172
70000330467.374496
1.000000
70000141192.639801
70000127334.448914
70000251873.896729
70000008817.458389
70000891071.405823
70000786967.225204
70000361203.822968
70000475195.464371
70000337250.576599
70000446649.925156
70000133140.483215
70000050191.446823
70000154748.178253
70000616318.312500
70000930075.187363
70000382131.560150
70000342922.113998
70000732047.286453
70000214354.419815
70000684271.809814
70000109473.866196
70000773999.925674
70000587206.210434
70000160399.733826
70000046333.356400
0.33
 0 0 0 0 0 0 0 0 0 0 0 0 0
