1 401
70000302605.566116
70000145971.575317
70000138374.740112
70000626939.601791
70000119396.377441
70000310350.573151
70000574709.391846
70000444859.292572
70000318424.486374
70000940100.118958
70000152248.561844
1.000000
1.000000
70000106169.377472
70000403286.590637
70000857050.390945
70000377901.867371
70000614681.119247
70000018480.783478
70000360367.847427
70000825036.973495
1.000000
70000257279.514633
70000235579.965714
70000968928.273376
70000140765.518433
70000503943.393509
70000057763.421722
70000053525.698929
70000160693.614960
70000833920.035965
70000371060.869308
70000278817.999939
70000546373.361435
70000608751.199600
70000938456.881210
70000956477.990967
70000592597.792313
70000995989.123886
70000741086.566696
70000584721.141998
70000180161.911880
1.000000
1.000000
70000965313.817993
70000210789.814621
70000416535.918182
70000274010.518005
70000999638.036118
70000030864.718277
70000387259.900269
70000377908.599640
70000729470.440430
70000214821.797791
70000714385.125336
1.000000
70000475191.731354
70000799316.273239
70000885246.224777
70000428470.219177
70000446936.161087
70000261174.650421
70000728101.824203
70000690920.375214
70000396531.952408
70000221358.399918
70000251014.239105
70000197936.739639
70000908587.293121
70000717480.334961
70000445330.166565
70000433487.936050
70000911928.417419
70000496971.344604
70000906898.351517
70000242712.352829
1.000000
70000222358.752365
70000431128.554749
70000736085.868362
70000529796.978333
70000715055.254837
70000424875.842422
70000479416.289169
70000229203.548157
1.000000
70000749065.526031
70000669114.038940
70000528855.196381
70000621796.434250
70000335665.265671
1.000000
70000433891.869049
70000006621.748856
70000243838.180038
70000722147.823196
70000355543.103577
70000601193.435959
70000343564.454529
70000223834.637787
70000810360.827316
70000433096.788406
70000995177.855209
70000109203.794083
70000860882.779877
70000093481.046631
70000035149.937271
70000009921.376022
1.000000
70000616623.250534
70000275110.552292
70000254714.475845
70000498460.518570
70000712472.261032
70000729503.795944
70000287911.898758
70000280241.990738
70000762071.494873
70000919973.012451
70000571332.465805
70000664863.430725
70000762027.554382
70000598618.998077
70000232869.775391
70000647379.898956
70000417624.971695
70000393612.526398
70000938854.297623
70000657289.557510
1.000000
70000461457.439682
70000334051.505508
70000491005.448883
70000295034.851517
70000452599.998520
70000930962.216751
70000904272.705704
70000455577.989105
70000422782.707321
70000443104.225067
70000789089.956818
70000486666.543274
70000071759.999435
1.000000
70000635512.567368
70000388806.673538
70000169443.470123
70000394853.944000
70000739943.433304
70000332644.221893
1.000000
70000615786.235748
70000203660.843689
70000207262.226044
70000711216.953384
70000804587.155212
70000176075.719131
70000807600.472168
70000484267.259155
70000126949.392807
70000580342.976334
70000823787.130539
70000754118.328339
70000456871.959595
1.000000
70000628735.196609
70000734608.632141
70000168601.025665
70000230253.141006
70000501420.511856
70000253152.136414
70000923177.290268
70000706762.317337
70000113459.447876
70000122825.374847
70000580006.312668
70000965834.869064
70000121992.579163
70000859448.574707
70000133933.419373
70000484344.580307
70000756117.139557
70000820486.146179
70000589101.503403
70000718795.051331
70000787507.746536
70000706654.461761
70000435355.955383
70000164162.549789
70000416802.514023
1.000000
70000819025.673126
70000079948.788528
70000985601.815369
70000300842.058411
70000684502.244476
70000984164.524841
70000693148.617126
70000500002.733749
70000822691.237656
70000099429.726227
70000073133.181946
70000592456.906967
70000138240.459122
1.000000
1.000000
70000325878.690018
70000285058.707458
70000229065.615021
70000230849.156006
70000736326.040833
70000750864.688248
1.000000
70000193284.202789
70000518924.525452
70000220602.462418
70000335713.348663
70000669122.397949
1.000000
70000835529.536880
70000497211.636856
70000311419.778229
70000059567.522705
70000157301.692200
70000589332.566544
70000019680.271439
70000121218.460953
70000993571.446716
70000833813.521622
70000343883.289413
70000912654.315994
70000946204.009949
1.000000
70000733306.336807
70000298431.210983
70000878819.416626
70000164694.307800
70000607250.194778
70000025107.512375
70000864177.407745
70000451546.915329
70000813469.772888
70000022999.819183
70000553260.898392
70000028437.985275
70000071459.432312
70000605674.269257
70000502675.818314
70000522761.506866
70000866381.901886
70000259046.056000
70000742835.036606
70000344386.003983
70000178728.740677
70000822432.370224
70000549654.108658
70000141730.328552
70000263317.517395
1.000000
70000299902.358673
70000664297.030701
70000947698.256378
70000356990.866119
70000460364.673798
70000421554.878082
70000509865.286255
70000595163.567917
70000697320.507919
70000818139.646683
70000303235.244308
70000371722.428329
70000707353.646683
70000752903.985306
70000028847.610199
70000232247.770813
70000302122.245041
1.000000
70000002433.389145
70000018793.583542
70000936690.784958
70000267781.126694
70000568605.090576
70000000915.226776
70000342592.423706
70000495533.521622
70000268108.895203
70000590202.584869
70000457292.662567
70000317361.486069
70000131800.449600
70000536266.050629
70000633747.775742
70000602847.807510
70000057525.626358
70000941565.320786
70000901687.800049
70000988467.010132
70000551418.545578
70000196315.759552
70000450992.526337
70000913105.645874
70000947917.203918
70000627681.959702
70000895681.658722
70000701171.009094
70000655306.883224
1.000000
70000841534.748032
70000793272.424393
1.000000
70000711231.665573
70000334179.125854
70000295273.265198
70000642136.324951
70000633088.696701
1.000000
70000403779.881500
1.000000
70000718998.214966
70000541595.623520
70000452649.057068
70000859892.845093
70000484155.061386
70000089329.835327
70000313248.095001
70000314427.411575
70000848294.931595
70000703947.124390
70000123941.797363
70000706361.828156
70000912599.073044
70000631374.343445
70000113777.026291
70000394548.712173
70000722470.706421
70000474178.264389
70000836957.658630
70000825178.297836
70000431972.345779
70000872764.757629
70000720659.689774
70000461249.064301
70000975009.344788
70000524694.821915
70000440489.723831
70000163082.797089
70000304086.152557
70000710602.734238
70000025955.417404
70000343853.571487
70000135681.214859
70000013049.804581
70000715685.485443
70000502898.936951
70000836048.778854
70000381856.835892
1.000000
70000384413.601913
70000945163.635818
70000258057.165955
70000737002.802917
70000375381.237442
70000198064.702896
70000216967.438461
70000890510.607834
70000554523.322830
70000303986.491821
70000129712.344131
70000040713.140030
70000869112.844009
70000575964.536560
70000013305.935852
70000530206.377090
70000611733.528519
70000356467.301422
70000598771.318863
1.000000
70000215914.996414
70000644510.720032
70000652837.514862
70000499322.932968
70000538687.720993
1.000000
70000476402.442520
70000561148.291489
70000762592.348557
70000561148.740326
70000363273.182175
70000463711.893951
70000512646.396698
70000927840.718475
70000015093.972275
70000165486.621811
70000409395.074036
70000996617.143372
70000303156.241028
70000137066.477982
70000158395.328827
70000808229.772827
70000240622.353226
0.33
 0 0 0 0 0 0 0 0 0 0 0 0 0
