1 401
1.000000
1.000000
70000277501.365005
70000357729.759201
70000388344.333328
70000383050.209610
70000670457.921494
1.000000
70000240769.817886
70000776458.414230
70000581264.150955
70000508359.334961
70000126478.950760
70000819240.043320
70000281525.311508
1.000000
70000250894.993042
70000966671.397690
70000855793.394470
70000382411.712860
70000423433.211853
70000893841.876129
70000335699.004044
70000066862.685562
70000621924.041199
70000089022.192871
70000239005.851227
70000259729.547226
70000513439.319077
70000592141.699417
1.000000
70000655398.594711
70000604160.478302
70000690828.687546
70000910362.020264
70000614558.259735
70000921574.183212
70000916552.439346
70000482799.871857
70000246500.693130
70000807374.535263
70000456963.037369
70000180102.994003
70000254662.495712
70000110350.402176
70000817214.646927
70000374087.809052
70000282143.822495
70000458865.565414
70000060530.110962
70000820605.582336
70000540879.722778
70000057501.005112
70000103737.809479
70000185092.078751
70000116007.322525
70000647234.411682
70000818828.945023
70000980531.192642
70000117492.596237
70000707338.492844
70000620828.351562
70000353833.292068
70000465453.321198
70000805840.399475
70000045955.329712
70000459701.658951
70000223370.409424
70000803467.852829
70000860721.778152
70000327394.346695
70000025993.042496
70000308513.125885
70000033439.901321
70000871225.149368
70000342283.741791
70000126482.404526
70000796060.098587
70000137678.352478
70000825121.517944
70000411644.814407
70000552775.911255
70000386032.685318
70000890208.350952
70000580771.327896
70000405646.596161
70000986528.139664
70000495667.471802
70000466365.775833
70000718746.214661
1.000000
70000321168.004913
70000917522.203217
70000302189.566498
1.000000
70000374268.316559
70000531797.096848
70000164149.182587
70000094963.754913
70000766901.921448
70000578374.285919
70000579497.425446
70000566490.401215
70000800721.679245
70000345031.009338
70000752871.498322
70000855480.826920
70000276889.293915
1.000000
70000625933.172012
70000859355.042084
70000091322.948395
70000782009.392258
70000510274.780731
70000438751.106262
70000186183.733566
70000026603.358017
70000941624.200958
70000086996.518509
70000982343.858078
70000112807.487076
70000951636.920090
1.000000
70000219296.388809
70000600668.304123
70000389068.136566
1.000000
70000141108.446655
70000026897.268250
70000826019.364365
70000332516.881958
70000617247.844757
70000420117.921478
70000032457.385147
70000308236.519348
70000330575.235931
70000237128.252121
70000622364.304825
70000165853.167267
70000197681.058289
70000739030.134628
1.000000
70000117756.799728
1.000000
70000758783.359070
70000106021.447739
70000836998.741058
70000926577.643509
70000600732.649460
70000616726.787521
70000373525.724869
70000910552.989273
70000645102.507797
70000650100.234299
70000524215.568054
70000500853.392517
70000971643.221771
70000177582.411301
70000345726.825256
70000597574.892654
70000312426.737366
1.000000
70000035938.684036
70000819728.846954
70000461715.258072
70000661126.057129
70000870437.910141
70000558652.592361
70000727680.876724
70000607931.594604
70000910634.620941
70000977103.428497
70000131731.870071
70000047836.172821
70000458357.801285
70000959883.590469
70000134765.078842
70000160827.579285
70000355939.332642
70000382545.577087
70000500642.791046
70000931747.831039
70000409214.930191
70000577568.265045
70000746426.804108
1.000000
70000869481.106003
70000759321.725967
70000404168.261917
70000007810.512329
70000011480.133636
70000049630.111984
70000439975.618912
70000411054.439804
70000477213.247589
70000759469.093475
70000572258.291458
70000345520.920731
70000077061.857178
70000850976.715027
70000699281.547379
70000370849.241104
70000331678.257050
70000064519.134781
70000470826.930389
70000273242.929871
70000254237.945877
1.000000
70000294079.069153
70000044450.165176
70000032048.009262
70000760645.924576
70000948114.886368
70000551104.775116
70000098836.235748
1.000000
1.000000
70000784302.399445
70000126521.849457
70000907205.507553
70000600481.002014
70000234687.484726
70000804412.770874
70000014088.621506
70000768342.462418
70000659530.665680
70000342619.498108
70000288605.963684
70000265177.487000
70000408212.943436
70000111042.420288
70000674759.557999
70000302802.439789
70000743174.516525
70000798728.702667
70000859707.893463
70000227974.057739
70000446782.254364
70000116546.820602
70000036525.284073
70000870158.796646
70000805894.136368
70000987262.139481
70000407002.070938
70000962237.620178
70000827739.581223
70000024554.504089
70000424615.847229
70000060366.650070
70000004853.640610
70000832800.949722
70000007917.866821
70000787899.660110
70000444516.194122
70000140436.165100
70000644474.560776
70000548771.666565
70000937960.224167
70000627153.219116
70000249978.220840
70000997763.423782
70000369342.170731
70000992942.887634
70000204130.214096
70000913640.862076
70000531970.206726
70000453398.516815
70000664781.516205
70000886431.804047
70000773820.200195
70000863383.805450
70000261594.117462
70000981128.586670
70000317459.492050
70000833765.819229
1.000000
70000990262.732224
70000310395.418396
70000444505.047882
70000162722.357437
70000242641.482025
70000817892.338593
70000145487.171753
70000005702.137009
70000823558.870010
70000256644.709305
70000128437.396484
70000975898.082123
70000306153.083176
70000846060.805099
70000006257.441071
70000965203.340439
70000764893.151367
70000212767.092621
70000309130.967010
70000801333.387787
70000437223.262253
70000901250.281876
70000950366.922577
70000990541.260391
70000966287.584503
70000733852.877228
70000743808.177521
70000419248.498718
70000180250.582413
1.000000
70000626105.964706
70000260378.118423
70000797358.449646
70000529114.408783
70000592236.174988
70000049062.858826
70000622601.974915
70000699831.634399
70000203124.067108
70000592424.047852
70000672454.066193
1.000000
70000474412.334641
70000755201.874939
70000339849.831314
70000043344.722626
70000337754.509995
70000219724.483749
70000032612.705688
70000290479.967041
70000330849.924789
70000505370.789276
70000403660.476212
70000995790.038681
70000795117.972961
70000568604.846191
70000203284.977386
70000409484.771774
70000345878.511154
70000822631.801758
70000810541.299744
70000920379.249817
70000818757.306091
70000613659.175491
70000250310.943161
70000068971.675766
70000485112.621170
70000896720.394424
70000603723.612610
70000648226.737457
70000267374.350525
70000111745.033783
70000218544.568634
1.000000
70000088377.017990
70000551722.678207
70000732985.840668
70000055621.544510
70000628702.271240
70000432197.381546
70000067821.904739
70000579039.089462
70000956164.165909
70000444741.605591
70000298618.508240
70000702202.736099
70000813706.143127
70000315522.373566
70000499437.984619
70000382525.885422
70000598071.457031
70000245948.501495
1.000000
70000105784.515518
1.000000
70000566548.479568
70000184586.466827
1.000000
70000427020.319656
70000518139.308212
70000359493.469711
70000283052.567322
70000986937.040314
70000038891.913528
1.000000
70000725493.418304
70000111116.585831
70000133740.823517
70000826124.526855
70000787877.291718
70000774013.419205
70000770620.407150
70000254960.169891
70000466906.903503
70000239627.188004
70000829936.963333
70000268508.984680
70000718122.661301
70000805213.710815
70000708110.674515
1.000000
70000560812.107925
70000755176.740814
70000132156.395111
0.33
 0 0 0 0 0 0 0 0 0 0 0 0 0
