1 401
70000859585.569519
70000816321.165710
70000277077.551605
70000191269.639359
70000469644.707123
70000913959.870407
70000356207.346176
70000514497.587952
70000831379.184967
70000269771.341003
70000791275.903656
70000411466.053268
70000205195.341141
70000563106.758392
70000813984.454666
70000568559.329361
70000983161.041672
70000687804.671936
70000630124.634293
70000177890.815292
70000089676.608017
70000863082.399307
70000077960.600998
70000383803.625671
70000631965.644150
70000316737.355865
1.000000
70000115537.201736
70000808521.409851
70000589039.116089
70000099658.392090
70000813326.133759
70000421204.989380
70000867601.974258
70000085976.929642
70000223743.859436
70000063014.136795
70000448023.217743
70000904146.365189
70000335949.333542
70000959637.681580
70000832362.513702
70000562969.702240
70000656048.331238
70000281132.469666
70000193092.450134
70000136997.228897
70000431723.904968
70000968589.649017
70000698510.925461
70000021340.412354
70000235593.097137
70000338614.278839
1.000000
70000810169.006149
70000751477.439911
70000058044.010895
70000823124.438431
70000890894.882919
70000193619.173523
70000359870.680603
70000274785.316162
70000297149.705307
70000523332.048340
70000630470.296738
70000722821.631516
70000460987.642731
70000068908.840897
70000199194.714478
70000852511.778885
70000096818.920197
70000952317.211121
1.000000
70000847623.583389
70000852861.582825
70000634410.473450
70000781232.957733
70000346958.067856
1.000000
70000142932.339828
70000001853.724838
70000661559.461807
70000765415.866959
70000241934.986313
1.000000
70000058578.722794
70000129996.395950
70000151559.756912
70000899426.193970
70000747107.913422
70000191744.728775
70000216386.348740
70000117263.201202
70000420914.539139
70000451464.677399
70000229203.900101
70000849840.745941
70000787536.043427
70000154662.113098
70000518377.497498
70000084435.441513
70000192564.585190
70000211620.709946
70000240991.739899
1.000000
70000264453.233932
70000091339.151596
70000135985.691101
70000032016.318466
70000920816.338852
70000919583.404373
70000796131.186569
70000285414.131699
70000270126.559723
70000648365.186752
70000409514.794540
70000655156.408173
70000018784.523697
70000826998.350677
1.000000
70000091476.391602
70000826046.163239
70000759827.441574
70000911277.939606
70000740634.880569
70000214633.587097
1.000000
70000348591.571640
70000693808.988266
1.000000
70000036932.549850
70000534641.390793
70000200708.373917
70000930181.849548
70000702642.646957
70000745428.073257
70000941726.673615
70000888531.846497
70000727908.084641
1.000000
70000582778.262634
70000735341.684219
70000224538.702332
70000224008.569595
70000889843.519012
70000872469.032730
70000983713.677521
70000674632.519928
70000567985.871307
1.000000
70000740312.444077
70000746564.800797
70000883816.795792
70000846465.567444
70000743668.985718
70000235034.108200
70000870930.979950
70000997850.933441
70000116725.865219
70000082856.271057
70000907907.393005
70000217862.858383
70000610357.103394
70000559472.824966
70000976380.384674
70000383247.864410
70000711629.886322
70000606457.472687
70000340041.109650
1.000000
70000589342.305725
70000565028.213211
70000427367.340240
70000383670.368332
70000886041.523300
70000038637.172760
70000208820.008133
70000268406.584274
70000367739.902222
70000947681.785629
70000496232.249939
70000196331.079117
70000086380.957947
70000410310.479233
70000093412.598724
70000967122.834793
70000674980.864487
70000221507.613556
70000272861.312378
70000176216.095779
70000567753.039536
1.000000
70000231634.673172
70000484503.814194
70000218914.599899
70000825100.122437
70000538659.701614
70000590762.964752
70000737728.825851
70000777082.318542
70000194496.918259
70000431506.531494
70000185477.148026
70000922584.847458
70000192084.448990
70000645580.105438
70000699621.053528
70000449055.000519
70000788047.967056
70000477924.958984
70000237373.628784
70000313594.932190
70000668810.330383
70000288907.166534
70000509045.764587
70000399157.925980
70000415288.313263
70000746040.596008
70000572970.501923
70000762885.450150
70000326981.889343
70000552329.864395
70000054381.114578
70000924880.373047
70000435663.947113
70000450169.149628
70000338466.197708
70000204540.691956
70000677797.617569
70000127566.833969
70000651533.610016
1.000000
70000584384.822113
70000405605.411194
70000691916.783157
70000567278.992508
70000286136.248871
1.000000
70000987555.257782
70000379804.063477
70000230545.033646
70000246684.502472
70000456791.002426
70000101547.507172
70000331326.285843
70000681475.599411
70000054018.930450
70000241868.576172
70000242468.432663
70000176707.477768
70000557156.938812
70000295636.748581
70000509441.776260
70000818920.600052
70000635741.584030
70000201234.336258
70000810891.393433
70000872820.822906
70000353409.675766
70000744358.432449
70000760682.589294
70000759735.952194
70000229501.427902
70000600076.504333
70000477738.681747
70000230223.248703
70000163302.756775
70000809007.920547
70000323357.062271
70000547169.758972
70000688651.964355
70000743073.614868
70000351543.670151
70000617715.593292
1.000000
70000822125.895386
70000441636.406265
70000684511.670349
70000345993.132187
70000987750.702148
70000186495.435577
70000751031.242706
70000994160.592529
70000508621.635101
70000135443.109741
70000433409.006210
70000077008.927856
1.000000
1.000000
70000924807.223984
70000862482.861359
70000170993.676315
70000202563.419098
70000640949.936188
1.000000
70000897213.637039
70000987786.799454
70000050541.313278
70000514910.963242
1.000000
70000708715.898773
1.000000
70000297250.340393
70000571031.979019
70000113262.711411
70000499760.856277
70000700368.987534
70000224917.104691
1.000000
70000561344.558670
70000438046.298111
70000171185.737717
70000535065.866989
1.000000
70000047968.997482
70000097911.693466
70000648145.337708
70000533356.276077
70000641821.430527
70000318382.877548
70000193541.558151
70000017428.133057
70000937456.714981
70000230640.680634
70000877333.389938
70000313195.188828
70000492786.628616
70000833374.569672
70000687594.716431
70000626602.619034
70000130667.069946
70000529238.455154
70000213091.929932
70000261945.594986
70000593720.711105
70000652738.971191
1.000000
70000687001.208221
70000946196.989594
70000827397.637161
1.000000
70000407285.428146
70000313756.786530
70000464667.443054
70000114077.409805
70000902405.493927
70000379626.202164
70000359891.663849
70000115034.384796
70000571754.665665
70000916226.711365
70000678665.258896
70000079147.440704
70000416504.884903
70000289636.218475
70000225380.788864
70000821733.456757
1.000000
70000106872.379227
70000537729.515045
70000559842.375854
70000790258.890686
70000680811.855225
70000422928.980209
1.000000
70000469925.439056
70000054984.872498
70000555539.278122
70000837961.300262
70000573778.740265
70000269565.536621
70000421708.084305
70000146671.116135
70000546965.428497
70000144390.207397
70000538180.961838
70000401763.562225
70000955686.781219
70000949948.925034
70000524659.717743
70000340058.058716
70000347231.228226
70000162543.343445
70000758897.687256
70000639856.969101
1.000000
70000476399.892990
70000035639.355560
70000332143.579330
70000948215.929077
70000404095.122787
70000031186.911377
70000414896.848434
70000921802.573257
70000179330.472321
70000746240.535400
70000860401.517807
70000862947.869995
70000679750.574615
70000277901.216003
0.33
 0 0 0 0 0 0 0 0 0 0 0 0 0
