1 401
70000260731.731979
70000687487.187347
70000244060.363632
70000638314.687347
70000543830.803787
70000110449.097046
70000070737.632919
70000960842.510468
70000750828.435455
70000998214.142349
70000076426.008942
70000661424.298401
70000117076.680527
70000027594.352158
70000199660.699295
70000982362.440323
70000269233.034409
70000517189.249100
70000255665.373199
70000506729.089630
70000006286.258392
70000082478.608337
70000300379.043579
70000942034.398926
70000061502.711243
70000745817.264206
70000024343.568787
70000923618.192627
70000226324.984879
70000495541.061905
70000024490.769073
70000955772.462845
70000166656.159760
70000286393.852844
70000897262.471756
70000956662.960205
70000090896.704529
70000021858.637390
70000014697.233292
70000400766.723907
70000644148.766693
70000681632.482193
70000834788.281769
70000131209.080246
70000313219.484070
70000509846.767319
70000664089.262802
70000351237.232178
70000908916.124893
70000516822.621002
70000321398.933456
70000724446.934998
70000251868.092133
70000623259.769821
70000968436.568466
70000958956.550827
70000378925.890182
70000566219.545044
70000260977.587753
70000333045.467407
70000483387.038086
70000864614.943207
70000795536.408600
70000236931.063232
70000961574.408203
70000412842.971207
70000965342.833847
70000450084.452927
70000953858.262329
1.000000
70000474327.130966
70000599986.852829
70000820132.146561
70000581765.476685
70000059569.500504
70000088620.542801
70000691563.582169
70000559732.681427
70000032417.312408
70000613357.943695
70000811331.272141
70000191520.346832
70000760809.389038
70000457772.352173
70000898978.019623
70000213899.587601
70000436830.886658
70000295431.497940
70000976182.853638
70000734544.340881
70000723367.819443
70000032338.527298
70000555942.849304
70000206115.843445
70000977700.190460
1.000000
70000043020.173233
70000055598.094269
70000216750.442810
70000337259.000549
70000730668.961792
70000558311.207504
70000433733.640045
70000402778.590469
70000351608.425201
70000678502.172928
70000822629.719315
1.000000
70000677677.728821
1.000000
70000991940.526291
70000443929.972015
70000392498.700714
70000036126.517395
70000200501.892593
70000149919.155579
70000722969.881866
70000935898.326706
1.000000
70000707220.172379
70000357315.426208
70000134668.622101
70000918444.966110
70000339111.066864
70000208846.773834
70000184008.908844
70000545082.003876
70000686765.663574
70000717669.392563
70000977912.587524
70000151522.590073
70000890880.549149
70000153326.376221
70000332631.630096
70000350238.200623
70000401401.735199
70000044279.342529
70000649229.530396
70000937226.740524
70000598823.335007
70000355854.253494
70000574835.823471
70000685006.762604
70000014220.054306
70000028455.863068
70000256334.683685
70000777000.140671
70000652453.443268
70000450396.358551
70000072844.116531
70000585834.213074
1.000000
70000540021.696625
70000221016.555450
70000458354.859879
70000495945.405746
70000754124.336044
70000296511.532761
70000821805.614777
70000803398.054474
70000214699.564575
70000552117.907074
70000263597.303497
70000195941.094711
1.000000
70000903314.696365
70000308431.447159
70000560408.930664
70000893729.706558
70000702100.580765
70000592305.420029
1.000000
70000940627.826004
70000895247.322464
70000625835.738495
70000976656.457703
70000583158.250778
70000577810.789200
70000640356.174561
70000114277.795242
70000190648.792267
70000747590.772797
70000706732.211609
70000773326.223953
70000384509.786102
70000232037.052429
70000017653.876892
70000729008.825043
70000415314.920334
70000103808.739120
70000437919.304733
70000451576.395828
70000545782.140732
70000974029.839218
70000295172.844055
70000558474.929382
70000758609.983337
70000928169.915466
70000214414.006836
70000090350.938736
70000666652.985260
70000188881.949509
70000370420.580215
70000927543.617126
70000404584.603195
70000758975.986725
70000133395.808990
70000218824.225388
70000010862.181519
70000742342.627640
70000160587.633102
70000911798.709015
1.000000
70000140364.386658
70000732706.996201
70000160377.170685
70000580993.390732
70000884802.163849
70000576281.156036
70000465071.747986
70000760611.800827
70000120856.585846
70000807074.365921
70000660627.366287
70000002098.994141
70000252681.248764
70000375825.820984
70000732493.120209
70000937585.094589
70000963490.695145
70000060502.146759
70000173599.881577
70000112038.148560
70000177536.490082
70000797103.531509
70000643113.305435
70000519247.802765
70000407864.179321
70000424457.707413
70000430446.453400
70000162964.734390
70000881464.738083
70000404125.931458
70000820792.437790
1.000000
70000499690.164886
70000209036.013092
70000368850.071640
70000201969.540817
70000334214.523254
70000622245.943253
70000897751.101746
70000925345.892380
70000190401.492249
70000120625.452789
70000712065.133087
70000866488.366852
70000985184.605942
70000157909.835068
70000290723.832657
1.000000
70000091978.936905
1.000000
70000918566.346786
70000709480.643097
70000189756.105804
70000589669.833450
70000908837.759857
70000344594.395279
70000124187.700577
70000031652.908615
70000948655.243713
70000827620.993912
70000368751.801834
70000734647.115219
70000265768.026398
70000270577.002487
1.000000
70000395795.139740
70000487752.472183
70000304173.353439
70000809590.538437
70000070026.518616
70000066350.770493
70000036289.368561
70000540720.925812
70000138862.262314
70000245331.926117
70000105315.680878
70000600885.400436
70000317433.708130
70000222579.151642
70000144445.396301
70000001532.038742
70000779635.267487
70000500104.870483
70000506638.994171
70000799095.463989
70000356138.958618
70000562033.217682
70000378625.912613
70000895512.110779
70000162271.762726
70000347859.931335
70000058903.940567
70000793625.210815
70000713900.171188
70000248318.318588
70000141704.303192
70000401328.472549
70000018957.368225
1.000000
70000330488.046997
70000135279.585129
70000307075.888229
70000490954.326752
70000192375.797699
70000828634.966003
70000979238.272995
70000683667.722870
1.000000
70000341879.096542
70000513598.783279
70000366934.273773
70000774950.048035
70000818856.890747
70000304645.810257
70000945733.105133
70000625624.130371
70000394948.623260
70000943071.742264
1.000000
70000141080.842804
70000436542.249435
70000230227.943741
70000668380.153854
70000034078.727219
70000171031.303589
1.000000
70000483760.713501
70000276328.963394
70000870363.300949
1.000000
70000396629.667953
70000588088.304901
70000317561.081787
70000775156.813492
70000508383.567566
70000085844.174622
70000449077.590073
70000441448.350601
1.000000
70000456885.547607
70000037701.336517
1.000000
70000270684.628906
70000768579.486389
70000581868.220215
70000499641.344696
70000212336.320526
1.000000
70000241886.362381
70000150791.010925
70000171576.392746
70000470127.980988
70000540725.436203
70000540225.843521
70000086256.692123
70000898287.182510
70000636520.281128
70000871601.430557
70000615204.771667
70000208438.360947
70000159963.639832
70000939938.184967
70000971519.937408
70000584706.102356
70000869337.661697
70000150553.477066
70000154708.514160
70000844934.673477
70000730741.799469
70000071807.991638
70000226255.977463
70000707143.873810
70000459071.533752
70000694529.788849
70000485311.059280
70000551041.765823
70000827765.184341
70000986789.834946
70000700700.741806
70000080565.491241
70000547798.876419
70000315583.242752
1.000000
70000973613.365509
70000249075.836365
70000684756.208710
70000012684.469208
0.33
 0 0 0 0 0 0 0 0 0 0 0 0 0
