1 401
70000969999.578613
70000723962.708344
70000497128.672256
70000414506.815933
70000997394.101669
70000316815.468124
70000376632.557877
1.000000
70000781784.079636
70000233830.408737
1.000000
70000869619.861649
70000814486.353165
70000620987.247101
70000199020.469818
70000866185.589996
1.000000
70000372455.614655
70000349896.808289
70000257457.400208
70000821919.650131
70000874743.019135
70000743905.771393
70000149295.395828
70000417144.967194
70000956839.261719
70000892261.653000
70000841916.708252
70000210060.699020
70000362660.254135
70000975502.761642
70000868674.226028
70000938700.483826
70000945484.580048
70000295950.462723
70000815411.059998
70000256217.087326
70000087052.689835
70000194363.297638
70000537966.143707
70000094723.869354
70000742673.624084
70000565028.319626
70000599863.380753
70000841107.764526
70000421265.620438
70000944304.602676
70000088007.955078
70000043160.229141
70000655944.479324
70000547759.676529
70000118807.102737
70000622322.769348
1.000000
70000931279.366135
70000330952.949295
70000505951.253128
70000488472.015213
70000234284.763748
70000821399.417679
70000085003.301682
70000531041.853714
70000469372.822388
70000688000.561676
70000715109.207413
70000335255.964096
1.000000
70000052197.600433
70000226334.878586
70000705862.482544
70000904209.862259
70000683478.251251
70000712335.963196
70000146094.304703
70000578928.900421
70000786629.426086
70000696257.814560
70000007504.068893
70000772519.074936
70000373691.264938
70000010149.912460
70000820924.496140
70000478998.268188
70000302018.889938
70000873725.394501
70000090467.022980
70000890780.879715
70000881776.794769
70000707489.098022
70000575999.392746
70000155768.998230
70000273758.185379
70000364889.739120
70000171771.877106
70000746742.668564
70000278499.310211
1.000000
70000685755.218826
1.000000
70000264223.188126
70000544075.409424
70000495352.873428
70000871179.299942
70000894399.889999
70000558371.354065
70000694902.248886
70000236660.323746
70000572283.933624
70000982683.157623
70000400258.685989
70000277981.625198
70000602140.469940
1.000000
70000713527.872528
70000395291.886337
70000900169.130035
70000162071.523636
70000362750.522522
70000760830.933197
70000043257.487991
70000797081.231598
70000636460.749435
70000440659.191208
70000838593.134476
70000002892.858536
70000961180.472824
70000667057.851303
70000626529.514374
70000262255.279221
70000291862.472687
70000742680.103180
70000085511.028152
70000571993.811188
70000412142.324860
1.000000
70000321282.406738
70000901503.658340
70000838659.757278
70000290400.633575
70000487305.434814
70000894775.797668
70000822352.721588
70000596617.482697
70000594614.428299
70000157385.745071
70000464872.666626
1.000000
70000411669.515213
70000280121.806549
70000005216.847855
70000490647.352600
70000103982.046677
70000678937.414993
70000742407.393723
70000193786.100342
70000433148.806610
70000652236.122879
70000780099.291000
70000878532.029419
70000313690.843445
70000208681.513046
70000812082.561279
1.000000
70000327087.134628
70000428137.420380
70000932736.375198
70000714367.442673
70000563325.494949
70000805116.526901
70000396565.395798
70000231630.902435
70000917647.069824
70000573188.985825
70000742677.381516
70000048913.839569
70000091265.012970
70000568281.305328
1.000000
70000218737.250000
70000933683.326523
70000826172.193329
70000813975.406128
70000672189.945435
70000079820.356796
70000329457.513901
70000542287.571533
70000502908.233414
70000315679.585144
70000036681.962814
70000957659.677307
70000871559.976456
70000053052.971481
70000342288.985535
70000242120.559555
70000854006.689804
70000562652.240097
70000752050.520508
70000228248.042648
70000389245.818787
70000822383.164474
70000029559.127777
70000314744.907745
70000539470.168091
70000146227.653976
70000261260.305511
70000512291.655609
70000611569.047836
70000040121.384415
70000933719.087784
70000464552.705048
70000090107.331589
70000382866.807251
70000135553.628403
70000402526.490631
70000950762.627045
70000894148.433212
70000462894.197891
70000268493.064896
70000421128.365265
70000031310.640884
70000757509.141205
70000603647.463181
70000403323.380157
70000988324.144424
70000689368.688965
70000470903.262695
70000110307.181885
1.000000
1.000000
70000337701.595749
70000394537.975403
70000900496.640244
70000376154.553162
70000022858.076706
70000962794.211731
70000362720.996063
70000648381.236099
70000693848.518494
1.000000
70000907421.403046
70000059288.866104
70000226116.843567
70000461214.450790
70000769562.755676
70000511108.324280
70000377524.187302
70000480050.617523
70000400292.474442
70000640105.252350
70000636338.001526
70000096658.930557
70000923323.488388
70000523157.657806
70000550141.751617
70000854660.913528
70000337727.031036
70000947988.864105
70000248309.638931
70000723737.352478
70000926902.159760
70000557648.068390
70000554857.575974
70000497664.412628
70000621026.578140
70000256926.786316
70000691641.212952
70000974801.546997
70000987234.334732
70000018368.219620
70000229564.624588
70000168050.826263
70000549541.885757
70000656569.626663
70000233907.299820
70000504608.317963
70000675007.846771
70000784522.424026
70000557207.828873
70000915840.533401
70000965685.017609
70000651541.438583
70000163327.954132
70000626147.984467
70000459743.940186
70000389270.996887
70000294919.603180
70000933651.115631
1.000000
70000386620.872086
70000812095.262131
70000215589.800690
70000520291.290497
70000340304.410995
70000077555.988403
70000545130.999969
70000441442.622940
70000138630.952332
1.000000
70000527825.306015
70000512950.515015
70000065092.305817
70000743005.308853
70000588285.429520
70000243343.303101
70000201639.641235
70000983548.840714
70000650873.421753
70000978939.997375
70000294841.143661
70000343809.194153
70000669670.947815
70000989052.245880
70000879855.341934
70000525531.331985
70000516372.870865
70000261624.934723
70000513850.846130
70000589118.570084
70000826436.869141
70000347338.950104
1.000000
70000119286.075455
70000432743.399872
70000641250.647034
70000028553.784698
70000317605.075684
70000973367.583633
70000636277.876877
70000201508.037918
70000845325.990021
70000069327.065582
70000248555.288284
70000188269.780136
1.000000
70000122956.446732
70000694476.774414
70000609197.713638
70000017819.403748
70000125122.174805
1.000000
70000121282.857910
70000005772.611420
70000319879.114075
70000189777.012375
70000995236.273544
70000346839.139633
70000206444.772659
70000036724.526978
70000282415.942856
70000587480.766052
70000590484.721695
70000441912.857437
70000944171.483856
70000519496.003342
70000131849.853027
70000506484.046494
70000874741.170303
70000003944.662048
70000102815.107422
70000180147.198364
70000238879.784637
70000274387.483429
70000707158.096527
70000585858.808838
70000043297.983932
70000116876.738739
70000759012.495712
70000374913.592300
70000091814.829529
70000017832.850296
70000958398.621643
70000109204.213913
70000544093.989609
70000954943.880463
70000817504.031921
70000972488.136978
70000789647.543274
70000556727.235641
70000874689.996735
1.000000
70000224912.153671
70000252857.886337
70000954146.853378
70000885098.069046
70000141640.939072
70000204782.579849
70000801502.649200
70000653680.165649
70000940582.167618
70000723052.383316
70000865540.182449
70000875974.197983
70000116845.821564
70000844853.430359
70000356870.604279
70000754346.967346
70000471599.448761
70000334661.318665
70000128970.149567
70000986306.604126
0.33
 0 0 0 0 0 0 0 0 0 0 0 0 0
