1 401
70000310705.652786
70000095147.774155
70000236387.341766
70000397009.191208
70000551786.395645
70000932195.707474
70000264121.562408
70000310305.461044
70000914671.318985
70000875711.685822
70000505382.641479
70000150311.219360
70000481090.214401
70000780341.147705
70000922976.176895
70000978136.352097
70000315320.561218
70000958400.208603
70000167479.746521
70000365621.061661
70000352683.992523
70000929893.296280
70000518311.553604
1.000000
1.000000
70000642536.622620
70000169582.810730
70000135582.420135
70000049239.217453
70000750566.417679
70000500065.939148
70000572383.505371
70000999084.536896
70000744703.345779
70000771242.178970
70000280464.167984
70000100539.470047
70000799125.915268
1.000000
70000976320.990768
70000229669.453018
70000174046.808304
70000365858.559311
70000245667.968369
70000842383.258667
70000456093.972137
70000949512.879349
70000897347.865250
70000618961.349762
1.000000
70000226982.942398
70000700741.974518
70000513770.729156
70000070383.502243
70000517388.203232
70000511277.066986
70000256796.640640
70000160999.542557
70000446409.840118
70000371531.047760
70000493267.282806
70000051299.866272
70000197743.423431
70000631119.060837
70000429314.381485
70000408615.423828
70000049911.353439
70000344471.583862
70000283087.735550
70000832639.286896
70000589422.435394
70000515812.961395
70000375944.475296
70000308514.333923
70000426335.534073
70000595333.772659
70000529621.513855
70000887514.671036
70000781732.182693
70000532120.223892
70000787457.895020
70000032173.553299
1.000000
70000687957.115738
70000908854.906158
70000826959.428650
70000808603.362930
70000892322.809311
70000231185.157944
70000708215.374207
70000072219.286392
70000788815.063431
70000403403.780319
70000756636.668198
70000227110.499100
70000390078.595230
70000874383.951340
70000760610.760620
70000083123.280090
70000220635.684021
70000010324.825836
70000065696.290527
70000556537.709564
70000216499.101776
70000734869.149033
70000803560.500977
70000033262.716095
70000264004.721954
70000045429.989075
70000764420.429886
70000483930.086472
70000318916.790848
70000449235.178268
70000617896.424438
70000012100.759018
70000205964.023453
70000383449.626602
70000908238.589890
70000821728.673248
70000291888.520584
70000555937.231461
70000276107.697754
70000883884.404114
70000470871.902115
70000609417.033539
70000941565.881973
70000375473.413086
70000159913.034988
70000563462.340881
70000687978.297333
70000721215.589310
70000248040.204468
70000497034.317368
70000474900.512161
70000547962.047882
70000672794.789490
70000689325.142136
70000467912.019150
70000357559.120499
70000991891.826309
70000329702.785156
70000992379.729370
70000597160.624756
70000361599.258667
70000924067.412323
70000231402.738754
1.000000
70000236202.437637
70000294945.401123
70000671367.259216
70000886910.975067
70000724947.390930
70000662801.695999
70000345101.305130
70000230275.317520
70000141842.513184
70000547660.596420
70000088914.681107
70000410097.617111
70000457689.410416
70000465755.775558
70000857391.129532
70000152494.316208
70000993611.931183
70000501838.194931
70000470136.170441
1.000000
70000653041.198776
70000244356.498169
70000004954.028229
70000386796.022964
70000506547.386169
70000387484.357498
70000613188.182968
1.000000
70000975402.819656
1.000000
1.000000
70000433095.668808
70000688476.606308
70000909970.909241
70000145502.100143
70000449263.252869
70000842106.317932
70000285821.633041
70000086467.954971
70000209304.560654
70000303204.969788
70000742489.477722
70000779612.436234
70000197152.437378
70000735566.354233
70000314866.116013
70000642860.862610
70000304119.956207
70000811624.728439
70000205111.516556
70000004314.938522
70000613520.635437
70000235302.819153
70000333017.378296
70000986552.440353
70000139151.056961
70000263308.303925
70000434263.953171
70000062527.357178
70000857679.784714
70000339659.610123
70000697116.648941
70000301034.721725
70000502258.978989
70000623156.579880
70000940735.394821
70000348690.616104
70000865967.938889
70000849281.563705
70000830618.488876
70000285232.269897
70000443212.776779
70000429365.459824
70000903128.556900
70000401354.036758
70000905892.592606
70000725714.854752
70000842921.627594
1.000000
70000048491.947342
1.000000
70000786919.572571
70000375507.126007
70000881848.552689
70000212060.350479
70000022995.933029
70000615669.196640
70000899871.397629
70000563047.807129
70000025562.664352
70000427039.972992
70000420964.335632
70000592179.553192
1.000000
70000860054.712921
70000255941.437576
70000845443.035294
70000357447.893478
70000512920.055634
70000533653.309937
1.000000
1.000000
70000860858.646225
70000654795.632507
70000088581.715775
70000738728.131927
70000669774.604752
70000086553.196365
70000061386.963516
70000110939.700455
70000449841.728256
70000800507.120438
70000077331.745392
70000911677.194229
70000964442.477798
70000955830.655151
70000006984.608002
70000971453.455322
1.000000
70000147229.412689
1.000000
70000730195.692291
70000770141.150131
70000432485.202164
70000736709.248230
70000095268.585190
70000794701.199158
70000449176.860352
70000477455.775269
70000669342.010971
70000605360.928268
1.000000
70000052042.206635
70000793164.308228
70000386268.564499
70000730968.120895
70000591385.467590
70000486353.607605
70000545011.021790
70000951931.417679
70000757977.339050
70000014011.508804
70000415786.053482
70000011122.198624
70000487445.736816
70000126078.861496
70000818577.484680
70000973678.708939
70000472525.863663
70000387375.571609
70000938376.728699
70000243600.381760
70000182495.457260
70000073373.657028
70000302792.143967
70000342367.080750
70000135898.868988
70000201667.885666
70000221285.222672
70000531556.997223
70000550242.880722
70000087383.351608
70000196812.314240
70000223400.213135
70000818739.888153
70000195577.695999
70000270445.001434
70000255427.255096
70000390571.613190
70000355990.961075
70000438043.545135
70000051862.797791
70000883614.056656
70000322460.305695
70000379441.583664
70000692905.674438
70000893386.953476
70000719424.229263
70000729204.890274
70000396941.414169
70000161317.404587
70000112857.101746
70000187128.935867
70000327227.645218
70000154618.991135
70000252788.214630
70000978877.048355
70000894053.356949
70000103507.380997
70000556108.197495
70000704332.260788
70000681048.586548
70000727368.309570
70000682781.291946
70000813715.129333
70000746898.125488
70000551755.756989
70000449893.090210
70000592915.159058
70000976087.515915
70000328846.518280
70000495942.534073
70000086271.434799
70000531023.347473
70000025146.318344
70000768291.177917
70000826018.313553
70000948604.600784
70000927762.020309
70000037458.973373
70000124706.266861
70000982286.380142
70000298681.955505
70000494224.551102
70000344440.414154
70000447216.155197
70000478625.750992
70000738952.196152
70000205267.641342
70000149803.164536
70000291882.511612
1.000000
70000006778.874954
70000300968.937668
70000868115.262787
70000429556.550446
70000810644.744354
70000913635.935410
70000735753.297989
70000594115.878830
70000786511.220963
70000684934.447342
70000862576.835266
70000725216.183014
1.000000
1.000000
70000841602.467377
70000011277.842560
70000249911.826202
70000143772.795074
1.000000
70000742118.921097
70000672961.165710
70000725201.400574
70000568171.802216
70000100263.674652
70000484207.388565
70000799845.957657
70000146136.530273
70000550612.718155
70000550836.328705
70000318998.727982
70000719783.348831
0.33
 0 0 0 0 0 0 0 0 0 0 0 0 0
