1 401
70000214530.952911
70000072367.796829
70000940870.049789
70000657470.100281
70000997366.959656
70000177713.534439
70000508672.044128
70000786076.338028
70000652345.971512
70000908677.844971
1.000000
70000166138.216919
70000462970.588440
70000915399.639526
70000186330.203827
70000917103.455002
1.000000
70000714663.487015
70000946233.618210
70000507792.637466
70000533261.654236
70000829367.278473
70000844957.069519
70000938032.542343
70000533178.075256
70000312901.913513
70000213559.260269
70000959388.055145
70000083663.009735
70000178549.436203
70000594900.418060
70000286438.767242
1.000000
70000590644.352219
70000045509.600723
70000870822.806686
70000444885.727707
70000473189.183929
70000423713.737717
70000905555.745148
70000003627.055710
70000604348.550812
70000730545.510025
70000308347.995193
70000960782.116348
1.000000
70000520038.616348
70000924949.415253
70000514898.207901
70000165174.428192
70000677810.973404
70000047462.772751
70000767842.557236
70000154940.326981
70000374047.971039
70000564819.325500
70000812658.446442
70000910324.378738
1.000000
70000771822.325043
70000408674.382385
70000062871.134232
70000125235.393936
70000413304.877151
70000969774.782288
1.000000
70000814788.906464
70000178280.028976
70000156093.901169
70000855680.388916
1.000000
70000867639.471298
70000153392.250320
70000836755.242996
70000294280.038223
70000609659.032227
70000020540.686722
70000801125.200180
70000532055.410614
70000349521.514221
70000209486.722610
70000115096.555328
70000981259.690704
70000397873.760666
70000929261.172821
1.000000
70000063759.069260
1.000000
70000758162.465591
70000444280.147324
70000310481.625732
70000428730.071884
70000483793.478409
70000022882.709778
70000716937.866104
70000450010.110840
70000677839.663239
70000248273.358246
70000124823.202438
70000176387.239639
70000402991.834778
70000448699.798843
70000649387.073654
70000745953.195709
70000676774.206192
70000220839.528580
70000793484.788956
70000069025.884613
70000107375.310440
1.000000
70000730618.470734
70000980982.335403
70000464649.751404
70000959952.358826
70000855064.148575
70000460976.023819
70000284968.100464
70000538175.346619
70000012328.408920
70000252985.972595
70000486697.158371
70000388383.272568
70000797526.622787
70000940552.504395
70000463900.933472
70000965279.780716
70000488015.944244
70000933757.573639
70000017522.332565
70000272990.778137
1.000000
70000119820.494858
70000386645.588898
70000241300.113037
70000954750.492416
70000043055.429932
1.000000
70000085980.614487
70000105668.167526
70000448775.025375
70000178185.228470
70000683829.645096
70000992856.106201
1.000000
70000836372.010834
70000669064.775284
70000021068.575821
70000308714.260956
70000917525.333786
70000096434.931427
70000003772.032837
70000161346.190475
70000473594.993057
70000870982.576950
70000096570.784454
70000315715.854126
70000056640.820236
70000676710.205658
70000107628.628738
70000114514.655243
70000977284.843719
1.000000
70000558433.799835
70000715670.108673
70000426045.501572
70000139423.204514
70000797441.283691
70000633930.988708
70000525737.031509
70000543692.191696
70000151263.675858
70000012406.040756
70000890486.687180
70000971117.684784
1.000000
70000666684.832306
70000127680.171631
70000764040.974823
70000786909.359955
70000834090.056473
70000795646.010010
70000203259.373322
70000569229.242294
70000843326.706268
70000607764.977585
70000854399.599289
70000785499.281647
70000372782.371674
70000096803.392258
70000117781.800079
70000104792.015320
70000031428.481506
70000259886.102585
70000038856.123383
70000164534.371445
70000117446.825821
70000913646.365692
70000401523.714920
70000427225.573395
70000038402.472519
70000892933.200668
70000440022.496384
70000733745.418930
70000388864.600845
70000351953.666245
70000313587.772507
70000116053.983093
70000483353.014236
70000684749.526016
1.000000
70000347253.160538
70000789429.348984
70000604595.388412
70000915015.237793
70000102791.119339
70000201318.048645
70000543005.744690
70000226209.998856
70000150582.124222
70000540181.339859
70000400544.612686
70000452395.505081
70000256593.462067
70000638589.223816
70000611574.401459
70000370493.666229
70000700754.335846
70000634266.927551
70000686184.989182
70000670099.197601
70000296767.034424
70000976398.662445
70000737057.416870
70000446279.992477
70000856762.475769
70000681013.521057
70000836149.647125
70000279403.229019
70000974560.826035
70000090249.008148
70000399803.061493
70000643027.441788
70000871204.887894
70000312269.513382
70000963174.785797
70000647865.303116
70000671763.860229
70000349383.351120
70000600632.817734
70000577164.087234
70000845235.974075
70000456223.938614
70000234654.446915
70000953754.775925
70000866109.288651
70000513905.215759
70000986757.665375
70000035257.303482
70000735597.634811
70000604147.590225
70000236219.940994
70000947998.514679
70000391591.387085
70000984884.425339
70000325859.166656
1.000000
70000198048.894821
70000483791.443420
1.000000
70000230675.052826
70000745644.515610
70000223964.739349
70000339542.063324
70000427438.095169
70000486766.386856
70000783744.239685
70000190592.878922
70000302565.273499
70000726580.634247
70000377342.754135
1.000000
70000183000.594025
70000478130.267349
70000484923.273178
1.000000
70000651400.998871
70000679117.788513
70000258100.732208
70000756017.899597
70000986731.698578
70000518367.000168
70000238122.870468
1.000000
1.000000
70000464170.217560
70000469832.400070
70000293868.897659
70000374038.077408
70000649737.501358
70000345477.384583
70000086120.138489
1.000000
70000153798.024231
1.000000
1.000000
70000064810.543930
70000801784.716125
70000609789.776382
70000760896.808548
70000832656.925018
70000203330.242554
70000839729.844147
70000802205.535416
70000378674.065109
70000942060.296310
70000132335.661926
70000465553.551514
70000624467.873703
70000718050.332382
70000313009.063477
70000807806.191666
70000467610.579697
70000047484.228256
70000076920.480865
70000664605.135620
70000077851.182739
70000635552.885880
70000980918.850647
70000261889.619812
70000629254.505219
70000750516.444229
70000200198.410080
70000866092.091660
70000391610.732132
70000192833.202225
70000894412.183960
70000385757.872940
70000281902.506058
70000543540.554520
70000380805.066422
70000725042.634171
70000875226.381989
70000074792.178009
70000584155.543289
70000420199.251617
70000249623.642715
70000590912.824738
70000718530.986237
70000302336.106888
70000193174.222198
1.000000
70000470276.663803
70000026372.967148
70000885831.353561
1.000000
70000606865.939728
70000452932.933792
70000415023.574570
70000737622.618301
70000376635.836685
1.000000
70000110893.116852
70000029766.535980
70000633073.236359
70000327123.157562
70000100906.759216
70000066559.895355
70000094599.406586
70000273184.099457
70000953214.685135
70000229629.173737
70000582750.989975
70000175546.354843
70000311408.511185
70000747665.142014
70000595642.660385
70000556395.508194
70000693958.911240
70000130025.617737
70000099742.961975
70000346974.788025
70000766203.901245
70000505174.413574
70000846098.593781
70000472818.998428
1.000000
70000231937.809647
70000307891.925674
70000372635.294891
70000503054.971054
70000852307.750244
70000862968.236816
70000963919.374649
70000053680.084930
70000500649.212723
70000246888.871658
1.000000
70000124857.296219
70000348415.606003
70000173194.593536
0.33
 0 0 0 0 0 0 0 0 0 0 0 0 0
