1 401
70000499215.087570
70000594747.851730
1.000000
70000179980.362961
70000417024.170517
70000181694.140457
70000713562.485764
70000999392.973511
70000321106.333542
70000020993.326706
70000320374.361481
70000700118.284439
70000273012.175858
70000631027.516693
70000699230.929855
70000919392.628708
70000100241.614120
70000172835.302017
70000419620.662155
1.000000
70000358049.524353
70000843989.924591
70000754113.349167
70000348139.603500
70000884687.985886
70000855103.267517
70000137868.041397
70000406354.419983
70000537128.335007
70000265020.154251
70000593256.796417
1.000000
70000497934.111588
70000952382.821579
70000141893.429260
70000390260.671646
70000617807.037750
70000036995.644547
70000894314.496765
70000406983.130585
70000782517.471893
70000320833.879852
70000347853.155441
70000098210.696945
70000305763.638596
70000086119.907623
70000181637.914734
70000936758.005493
70000986501.784988
70000235390.463242
70000767666.557861
70000836239.636536
70000859758.501205
1.000000
70000685139.598709
70000503765.507858
70000517820.011993
70000203958.225189
70000437403.597183
70000239789.482239
70000112351.589645
70000232484.511627
70000383437.385803
70000625069.229752
70000857351.281525
70000985804.265793
70000359374.726410
70000273289.686508
70000515604.828766
70000067577.997253
70000148985.291290
70000126710.004593
70000927495.871521
70000570784.627335
70000774895.395508
70000196524.536530
70000593574.531693
70000962097.994202
70000178918.713745
70000802810.503677
70000639222.864731
70000614263.642715
70000326138.294052
70000827200.706146
70000019270.112900
70000707322.585312
70000153556.613007
70000596576.463867
70000906768.294159
1.000000
70000934202.011307
70000114115.857559
70000792557.967026
70000860075.506073
70000614819.336212
70000592260.961166
70000908817.290527
70000155211.278244
1.000000
70000773227.691132
70000358181.055710
70000713370.930786
1.000000
70000611583.547195
70000837576.446350
70000646826.555115
1.000000
70000696240.314896
70000167352.913742
70000082139.621643
70000752761.902161
70000371514.391022
70000167151.764008
70000370430.346527
70000770247.327209
70000771863.891281
70000439642.280411
70000683020.545471
70000770134.847794
70000803139.043594
70000517868.376617
70000566535.443649
70000326943.875580
70000853619.471603
70000690086.937592
70000415568.103180
70000145255.569473
70000859443.565277
70000306609.928192
70000899705.123993
70000906953.478592
70000463304.761078
70000567810.723709
70000601277.609772
70000350985.155167
70000348276.124054
70000381575.640182
70000480234.566467
70000885992.211197
70000534769.181213
1.000000
70000815279.897720
1.000000
70000158304.862885
1.000000
70000583777.444656
70000569241.108704
70000852620.366837
70000016591.815216
70000930288.560944
70000376336.448502
70000921870.325409
70000539142.513611
70000267628.548508
70000117570.436783
1.000000
70000929582.373825
70000183443.174881
70000671219.787308
70000321177.086426
70000287718.920166
70000049627.583527
70000199314.033234
70000227627.062332
70000307616.725510
70000873866.876907
70000052019.426941
70000437777.663284
70000391022.356384
70000117633.356430
70000912682.537338
70000934126.008499
70000655445.350784
70000889669.331772
70000415248.025131
70000803599.860016
70000757203.881409
70000299109.911560
70000907495.051865
70000722336.631958
70000056011.245407
70000488794.273605
70000948791.065506
70000866530.539276
70000053632.376831
70000373227.218979
70000868162.972488
70000596088.641190
70000787624.889496
70000014626.337906
70000131569.483810
70000633397.195038
70000941208.695297
70000287856.661636
70000402688.483749
70000374605.663879
70000457585.131195
70000276877.896194
70000776073.586823
70000410220.386505
70000560544.532379
70000238477.052872
70000100315.135025
70000394271.301544
70000269684.222824
70000264599.796509
70000210474.462769
70000325080.172791
70000294375.692657
70000724655.808289
70000435343.223389
70000267272.809387
70000202033.383362
70000932323.619629
70000529221.487625
70000542330.193451
70000841600.873245
70000779950.562637
70000089409.925980
1.000000
70000482088.004608
70000922287.274185
70000536604.421097
70000843639.424561
70000531026.508652
70000853656.776001
70000453462.200150
70000087359.313843
70000085686.469696
70000252249.330658
70000769293.744919
1.000000
70000200682.237015
70000256103.908020
70000933595.415787
70000149451.736542
70000549903.582993
70000229588.098770
70000566219.001373
70000569862.907333
70000124522.593781
70000616954.991318
70000361685.151779
70000837789.239105
70000510476.164261
70000826127.370956
70000385166.873581
70000227041.046646
70000108593.660416
70000471697.335800
70000783238.565613
70000045832.306885
70000014333.100327
70000272562.016205
1.000000
70000694489.298203
70000590864.040710
70000478496.157043
70000290145.912506
70000126695.566238
70000681779.032669
70000598710.409607
70000314202.381134
70000699711.027771
70000129834.557388
70000873911.600113
70000744209.920273
70000816533.506393
70000660106.539459
70000969485.561401
70000817103.216827
70000765281.946136
70000011407.658936
70000482125.775162
70000472922.718033
70000112858.585159
70000525684.746384
70000192596.294250
70000761619.582169
70000475323.252930
70000044641.037430
70000971452.015579
70000730180.262177
70000129464.349625
70000065075.332016
70000874029.874832
70000204027.503708
70000899061.880920
70000059913.468338
70000933677.554321
70000766194.952560
70000216488.195557
70000570977.910431
70000966214.069855
70000095289.790375
70000689938.086090
70000395511.919052
70000278768.707214
70000142137.324493
70000164489.699646
70000702842.369812
70000916455.541412
70000556428.753540
70000828704.423096
70000451341.278976
70000405604.035385
70000299036.874954
70000258545.515213
70000589572.460266
70000770118.423553
70000081216.910507
70000941892.508224
70000375834.548935
70000708605.518845
1.000000
70000372922.044174
70000722290.780289
70000255672.012283
70000135325.944717
70000392918.182678
1.000000
70000548463.739700
70000654411.989044
70000945295.402924
70000923772.131699
1.000000
1.000000
70000956031.732132
1.000000
70000613333.716690
70000449414.612885
70000547379.617874
70000314136.399155
70000393024.489594
70000677377.001617
70000292294.105316
70000499006.858337
70000586255.025558
70000831372.497543
70000306370.513718
70000022284.309326
70000476799.451920
70000208059.580429
70000652028.343170
70000350450.697998
70000022119.745239
70000817535.683212
70000739075.061691
70000891864.998138
70000394573.116562
70000210051.837982
70000432424.834015
70000276348.833435
70000110750.847214
70000876530.510864
70000513625.372437
70000829529.453079
70000518879.041412
70000671447.660980
70000467371.682693
70000661231.717026
70000819570.187805
70000180870.166931
70000293513.063293
1.000000
70000945861.082565
70000514021.259903
70000618486.474304
70000168399.077454
1.000000
70000788598.755661
70000831499.576004
70000685938.252197
70000291858.856110
70000960016.633087
70000822205.404770
70000478786.054047
70000066281.056427
70000517418.791122
70000873762.508987
70000781788.980606
70000356726.555969
70000773824.347946
70000755022.200516
1.000000
70000130994.116104
70000816456.702850
70000881347.545761
70000635554.308426
70000338827.703766
70000467517.365112
70000434031.098892
70000816098.348175
70000060684.944138
70000641556.438629
70000616443.425034
70000353084.457199
70000832472.566574
70000564341.424515
70000226518.644958
0.33
 0 0 0 0 0 0 0 0 0 0 0 0 0
