1 401
70000570569.579056
70000008285.412552
70000071885.382339
70000673863.528107
70000998586.718903
70000639001.543427
70000193301.735687
70000436693.653473
70000727614.307175
70000468309.884567
70000216071.909760
70000283598.997360
70000145376.027710
70000450935.245728
70000166127.748978
70000495954.192291
70000912339.938019
70000210040.509537
70000384488.733551
70000549166.954803
70000234613.632599
70000999463.351227
70000674116.766510
70000102510.446548
70000230292.040634
70000373774.070770
70000316643.983063
70000296773.441284
70000718289.028961
70000341823.089981
70000491136.079742
70000834551.924149
70000275498.891602
70000768076.615341
70000613581.235336
70000149201.601044
70000952935.450333
70000430281.111450
70000513762.764603
70000579781.729111
70000081028.019806
70000839604.054581
70000085798.668869
70000516964.069153
70000187136.123245
70000364902.804169
70000200570.264938
70000948115.909210
70000847000.511581
70000834765.181107
70000905915.095367
70000922823.520264
70000241626.567566
70000952584.616440
70000437631.034760
70000112384.173340
70000609371.825195
1.000000
70000872397.752640
1.000000
70000557896.962967
70000142080.629929
70000693679.838669
70000201017.742447
70000059922.998642
70000758888.018707
70000007469.142151
70000555016.067825
70000847510.027634
70000232122.668686
70000279038.639099
70000652221.438400
70000901561.578766
70000263565.535172
70000361968.702087
70000853507.723282
70000622741.637192
70000772686.360397
70000861873.772919
70000192069.827408
70000444882.269623
70000296788.632217
70000635245.489960
70000562623.697601
70000713754.562149
70000358876.601059
70000580230.110703
70000253250.702301
70000793330.461258
70000556685.371857
70000558850.432236
70000982178.748932
70000394542.997192
70000299396.279205
70000114405.120102
70000856151.702225
70000668792.507614
70000200827.563477
70000524181.051041
70000331715.471313
70000402877.426315
70000040370.729630
70000698226.810501
70000651767.434708
70000315091.264023
70000470756.375320
70000515856.985992
70000406602.623154
70000413545.049210
70000895057.075333
1.000000
70000490619.566406
70000777264.516815
70000838417.283630
70000501388.127747
70000282338.693329
70000745044.257294
70000532660.561691
70000440017.132462
70000371565.911118
70000819817.848129
70000422200.166168
70000100820.670532
70000492292.541794
1.000000
70000515582.599915
70000654496.903442
70000886848.685455
70000856114.579529
70000671393.252625
70000574955.182938
70000051093.563339
70000063695.475555
70000408999.656464
70000569453.755722
70000871109.261292
70000377569.632492
70000380534.021637
70000477665.548080
70000289624.269943
70000561044.958481
70000207357.038803
70000593230.086609
70000350163.944595
70000826584.692230
70000242119.984924
70000731107.161682
70000523152.834656
70000105384.039490
70000747991.944962
1.000000
70000999418.540649
70000988429.946823
70000285879.610550
70000297883.475052
70000118498.479507
70000886858.304962
70000440969.864655
70000576410.017487
70000601084.017990
70000623989.319305
70000089606.210434
70000908200.186600
70000800524.548157
70000598381.325882
70000858834.019150
70000259303.546402
70000762212.147110
70000738164.400009
70000521093.476700
70000615634.697388
70000775273.839920
70000296101.096527
70000963183.947174
70000445892.534180
70000441408.776566
70000034238.548950
70000795579.234055
1.000000
70000542193.757858
70000729649.024673
1.000000
70000064729.673370
70000792366.558060
70000046296.599380
70000745083.177124
1.000000
70000739649.706940
70000634982.490356
70000720613.853210
70000862432.255630
70000848656.009689
70000059646.230743
70000141384.653671
70000723603.051468
70000646679.919647
70000297837.603271
70000208755.309219
70000255996.792557
70000079633.864532
1.000000
70000553194.268082
70000196054.251816
70000850077.104630
1.000000
70000907676.313782
70000933097.499069
1.000000
70000933792.431717
70000358794.903641
70000615827.801163
1.000000
70000997614.835953
70000194647.934906
70000898459.470612
70000932003.983627
70000664092.316498
70000242476.134155
70000015040.385223
70000724778.326782
70000861403.700684
70000600483.881393
70000539991.860184
70000672497.165329
70000614255.523163
70000958567.969452
70000556065.049347
70000729392.781418
70000290517.983414
70000636430.907455
70000162746.232559
70000449635.468735
70000721905.419891
70000172748.358124
70000842096.632950
70000913785.872726
70000419742.626007
70000404622.406082
70000307205.557938
70000529504.698898
70000948777.748489
70000170961.535248
70000990640.948929
70000970600.263596
70000086036.741028
70000638862.019348
70000643590.745972
1.000000
70000678476.818985
70000082924.744415
70000283845.316666
70000418392.766907
70000825604.538605
70000232768.785690
70000207677.418762
70000911158.727173
70000281865.233490
70000636226.196274
70000499581.714035
70000107391.121567
70000681584.394379
70000453179.585358
70000213495.395874
1.000000
70000502430.050568
70000986021.276825
70000512158.370239
70000347419.634613
70000560398.748657
70000499154.016754
70000614900.121124
70000629093.716171
70000907782.668640
70000397924.644547
70000045479.307709
70000569241.881042
70000041554.815399
70000732397.297409
70000269353.968903
70000629644.766739
70000287960.995880
70000407075.776108
70000452291.467056
70000380768.881516
70000833474.448425
70000207901.430573
70000446882.347916
70000548145.659454
70000007626.290359
70000698078.383865
70000485058.341034
70000281614.760300
70000943180.525543
70000477786.824356
70000821176.422958
70000551262.455536
70000512113.869537
70000004888.120697
70000599656.132629
70000025432.369965
1.000000
70000398363.213593
70000404468.203400
70000072345.609329
70000454035.420776
70000973811.799911
70000371950.507156
70000974215.433380
70000877545.081024
70000362060.975220
70000136540.149338
70000706072.761749
70000396083.547791
70000907968.454453
70000250774.468460
70000995334.073715
70000960431.607635
70000999314.065292
1.000000
70000596865.686310
70000940875.556259
1.000000
70000090579.546326
70000067590.213806
70000927263.891388
70000880278.218170
1.000000
70000274244.526978
70000166184.478485
70000185875.428070
70000398672.089264
70000032430.468170
70000819283.979980
70000217609.027924
70000144577.039536
70000577982.351898
70000820109.244385
70000958393.074203
70000963379.234497
70000531523.511612
70000670293.030487
70000875203.744278
70000883254.083755
70000494044.354492
70000606838.061691
70000934238.443222
1.000000
70000371870.140305
70000264413.631149
70000699348.794083
70000671297.973053
70000945104.149017
70000841021.308701
70000537952.242340
70000779731.797256
70000714299.141785
70000012958.302032
70000211297.000427
70000837125.365768
1.000000
70000925202.506104
70000063154.195480
1.000000
70000633159.918640
70000529949.661957
70000377364.686615
70000937886.685028
70000545243.000534
70000674100.599747
70000306594.408463
70000455518.168762
70000019067.447586
70000351284.211823
1.000000
70000750064.833160
70000011579.035065
70000133936.549637
70000425352.970718
70000717056.237488
70000734210.198395
70000933993.422897
70000367910.839279
70000704627.930313
70000698394.018433
70000490739.945648
1.000000
70000367193.011841
70000636632.607513
1.000000
70000392993.309814
70000745008.313538
70000075504.777618
70000410787.172821
70000097856.752457
70000890369.292557
70000684108.420456
70000105182.240494
70000238949.358963
70000818795.190811
70000867869.393082
0.33
 0 0 0 0 0 0 0 0 0 0 0 0 0
