1 401
70000059139.665543
70000987827.294724
70000620379.549652
70000136595.652008
70000235896.286514
70000513787.796371
70000449704.699203
70000134103.869034
70000830338.158173
1.000000
70000100346.358612
70000602342.214920
1.000000
70000855330.422180
70000975723.581390
1.000000
70000729968.797333
70000619763.298248
70000888579.733994
70000703846.956711
1.000000
70000885805.854782
70000680593.248108
70000605737.279587
70000980425.696960
70000427106.977493
70000929121.494781
70000044523.435455
70000807395.361588
1.000000
70000372472.969543
70000537647.111847
70000118346.351059
70000474393.996399
70000968927.178299
70000114303.456619
70000047169.847687
70000363793.199493
70000058424.131546
70000655149.430023
70000205678.030045
70000506346.573456
1.000000
70000684388.616272
70000916078.948212
70000263020.369019
70000292359.884369
70000228394.194855
70000345650.794113
70000128769.112518
70000284318.786514
70000381190.656876
70000260687.413666
70000275961.300262
70000973201.151184
70000592192.338608
70000549414.895981
70000930777.388016
1.000000
70000325224.739273
70000646894.897293
70000197682.769455
70000489659.226974
70000147010.488266
70000834645.152740
70000448306.458115
70000348934.970047
70000091373.572296
70000092840.353165
70000088874.406235
70000045588.012833
70000915051.571732
70000085004.710556
70000675466.227692
70000780243.017395
70000128056.850739
70000088950.965286
70000162666.918152
70000846477.288422
70000431472.368210
70000588593.498352
70000305768.713852
70000387906.967117
70000039906.249847
70000439036.245239
70000298606.307419
70000465721.952286
70000408389.417648
70000812122.988998
70000264022.142776
70000057208.695038
70000464720.109283
70000675023.881500
1.000000
70000537955.765717
70000696048.605164
70000726153.490524
70000903153.421936
70000443493.512405
70000986465.242920
70000844760.450607
70000291879.187653
70000199409.440323
70000057719.999374
70000427104.903641
70000180512.797516
70000340201.411011
70000001853.588715
70000594109.291473
70000045907.935837
1.000000
70000657754.855484
70000874170.513977
70000483384.733139
70000176527.305374
70000541186.317581
70000706973.309769
70000048562.942352
70000251737.771530
70000749914.469604
70000910511.062607
70000879743.442734
70000189175.703079
70000304689.960846
70000732896.514648
70000105057.647629
70000042931.147369
1.000000
70000956757.094070
70000741267.506668
70000611132.612717
70000172458.704544
1.000000
70000989508.302948
1.000000
1.000000
70000758039.636917
70000356880.066040
70000737098.699371
70000300883.629074
70000222701.792084
70000191398.214615
70000428536.495148
70000123772.135361
70000583148.568771
70000140118.873840
70000927691.748932
70000669540.171204
70000201225.316269
70000387800.128159
70000494639.374878
70000898198.575134
70000298405.930161
70000747376.624725
70000534430.847290
70000728488.906082
70000983944.932709
70000847634.406799
70000166570.553299
70000162328.426437
1.000000
70000326017.222946
70000547926.369263
70000327310.663528
70000752324.236938
70000323173.095779
70000666073.315048
70000581394.733154
1.000000
70000502857.823822
70000033984.096298
70000250181.935501
70000937473.031509
70000862583.398178
70000150872.262634
70000758079.398987
70000415894.316895
70000090747.089127
70000468052.800018
70000282119.620575
70000073227.316055
70000068668.641006
70000792401.145660
70000168062.134216
70000677106.312515
70000828414.086502
70000958747.247498
70000991479.645569
1.000000
70000477883.206207
70000250821.662064
70000578142.672501
70000775493.254623
70000691444.147232
70000680274.773972
70000856266.685577
70000680077.907516
70000479437.993896
70000766797.940613
70000894738.913315
70000905394.237473
70000718830.703186
70000968768.628250
70000124510.524612
70000428550.462967
70000659041.799362
70000579253.235062
70000739535.985321
70000457713.421890
70000008903.416275
70000451717.013031
70000397745.994476
70000457867.769073
70000882002.219696
70000911829.687042
70000084186.090942
70000390370.805054
70000624805.231094
70000843616.777176
70000295322.727127
70000605671.245270
1.000000
70000488772.139755
70000055965.075531
70000572211.902145
70000960161.030258
70000406104.856766
70000865403.704498
70000188661.962585
1.000000
70000736290.163254
70000530644.357941
70000060529.275665
70000448451.363983
70000143419.588394
70000585996.438904
70000072090.694229
70000391796.105194
70000457723.847351
70000951040.457748
70000930153.503616
70000115578.874130
70000208701.199844
1.000000
70000539382.522278
70000499672.488358
70000349291.682861
70000124198.565125
70000959051.540024
70000205560.075821
70000362875.612991
70000270184.898636
70000317407.220322
70000381095.066986
70000089171.094208
70000568371.817154
70000441895.415115
70000761185.215698
70000383897.177612
70000221782.891510
70000529301.290619
70000595570.331207
70000501972.978775
70000315652.698975
70000955499.117035
70000186914.144867
1.000000
70000483922.983948
70000182983.780136
70000450199.878418
70000722512.697678
70000594546.193649
70000949151.808594
70000203166.958359
70000762089.422592
70000946053.173294
70000260902.190704
70000556217.457184
70000114793.656281
70000789019.841507
70000883059.399506
70000602406.140091
70000634237.961929
70000903767.361221
70000970123.490204
70000632671.861801
70000387536.109451
70000994601.830597
70000336737.128540
70000166741.791733
1.000000
70000574455.379623
70000288739.354111
70000531805.073639
70000254505.045807
70000339052.480423
70000197727.053482
70000539730.982361
70000171109.386566
70000415175.290741
70000447895.761581
70000724352.528442
70000760829.745132
70000125317.493378
70000357921.132401
70000265079.651505
70000070065.160675
70000283753.398178
70000144542.600220
70000435480.885635
70000304193.583939
1.000000
70000147205.265808
70000016939.678955
70000259759.832855
70000982048.114685
70000194548.878265
1.000000
70000460485.177277
70000620136.290955
70000831315.844803
70000008993.931473
70000911508.651459
70000216635.083649
70000994660.565826
70000956499.560104
70000819200.324310
70000884321.045380
70000848886.455185
70000036517.150284
1.000000
70000807346.593597
70000348960.604614
70000419548.957611
70000169639.810410
70000035912.643860
70000047840.493927
70000641672.536453
70000047751.605179
70000546593.343307
70000751706.080276
70000067207.094177
70000048274.793335
70000068115.891998
70000249057.586060
70000345816.409866
70000262948.096649
70000878121.746704
1.000000
70000251985.919693
70000539809.521088
70000252278.257492
70000656921.654404
1.000000
70000988827.160065
70000684439.019226
70000935591.341263
70000785968.273483
70000256359.547012
70000254341.985138
70000629513.881943
70000477308.904480
70000935413.494614
70000277963.426651
70000368404.945374
70000563089.418335
70000045613.491089
70000882418.281815
1.000000
70000143273.152054
70000821500.324097
70000899467.020142
70000572278.177673
70000453880.911545
70000749962.129990
70000964273.408920
70000953061.363403
70000781173.949966
70000335590.342957
70000853271.453156
70000526055.845825
70000901819.134247
70000819060.475769
70000161208.457581
70000515899.321060
70000065406.956467
70000106637.760757
70000448431.644409
70000447324.619171
70000242634.496445
1.000000
70000260691.001282
70000870230.962402
70000043884.015335
70000580868.519135
70000236130.207916
70000544648.166931
70000331997.396317
70000929802.416306
70000931765.268112
0.33
 0 0 0 0 0 0 0 0 0 0 0 0 0
