1 401
70000409585.423584
70000921273.430237
70000449769.361969
70000214370.173523
70000115293.930161
70000072357.493393
70000644988.566330
70000664496.365829
70000433419.416611
70000926551.082718
70000528711.329910
70000951593.303299
70000186319.624481
70000227600.587891
70000028390.995102
70000724377.679138
70000212539.709839
70000756435.854324
70000855353.457123
70000727337.696259
70000772802.327805
70000256620.918640
70000697929.523987
70000233640.327927
70000561808.117630
1.000000
70000866410.274658
70000431103.294159
70000613425.133011
1.000000
70000652502.369324
70000352513.386322
70000689173.397873
70000491045.047592
70000310470.487518
70000728354.029633
70000582778.284332
70000303689.530060
70000726999.406952
70000918919.979721
70000669413.185913
70000184578.488449
70000391887.602829
70000301978.002136
70000576949.581314
1.000000
70000061508.423019
70000688266.064682
70000676661.223633
70000236444.234116
1.000000
70000218836.291428
70000413337.397858
70000927363.035065
70000269164.525909
70000451955.748276
1.000000
70000574056.227234
70000227929.038437
70000977337.157654
70000254134.296783
70000551123.053848
70000541552.589783
70000556575.142624
70000664718.213669
70000134087.718506
70000635921.841904
70000274871.091064
70000090110.982742
70000838577.254166
70000072773.353592
70000710301.981552
70000722089.530655
70000183648.366867
70000268878.384872
70000974119.536194
70000995778.173584
70000334896.427704
70000206377.269577
70000469735.508667
70000962796.981720
70000092152.298004
70000848041.481049
70000337355.096298
70000526637.381714
70000295910.757462
70000972239.071136
70000818206.241165
70000147192.407318
70000354789.617874
70000229095.961746
70000250706.179764
70000251521.933685
70000737816.938873
70000145686.078094
70000799004.442184
70000432026.382767
70000660427.115280
70000655618.709351
70000521281.189804
70000640920.047455
1.000000
70000670790.772598
70000131804.280151
70000571477.474472
70000596142.835541
70000630987.259933
70000863149.552917
70000705069.017670
70000785582.438736
70000639528.763260
70000266690.919281
70000525878.678818
70000948786.288818
70000254941.789825
70000386423.762695
70000051837.045929
70000835897.393860
70000129749.287979
70000640680.219482
70000161873.903137
70000249687.700745
70000857430.173996
70000340420.082458
70000918902.298386
70000332006.543045
1.000000
70000203186.226547
70000987230.569305
70000150098.946442
70000479750.307297
70000394920.354355
70000476300.922913
70000030207.328796
70000190404.705521
70000909503.592041
70000834962.474976
70000774270.705780
70000585177.770203
1.000000
70000340985.102859
70000431840.087097
70000418313.707458
70000413400.973984
70000103025.847229
70000614840.880875
70000690465.140076
70000789657.924866
70000063159.152786
70000010372.370911
70000611041.237503
70000441434.736221
1.000000
70000499903.538269
70000517568.425613
70000161825.940460
70000084778.869675
70000652410.850647
70000943806.115356
70000107022.307724
70000790841.814560
70000035078.556763
70000550647.028946
70000051710.293564
70000448232.619736
70000983883.725159
70000983104.365448
70000074229.400146
70000402418.537811
70000136753.055710
70000969558.843582
70000457366.459671
70000153427.241776
70000909702.957367
70000618831.464279
70000604196.683182
70000552077.133057
70000008819.596756
70000356783.058640
70000537315.766907
70000012296.446045
70000183293.740891
70000586740.216904
1.000000
70000573723.368454
1.000000
70000795204.156769
70000174010.737320
70000621799.772720
70000038229.267258
70000282566.989090
70000611457.332626
70000440066.147293
70000229597.615631
70000588911.449890
70000439395.263855
70000377256.668549
70000505509.635773
70000593942.316742
70000394502.331909
70000961046.526398
70000069119.855499
70000525409.070251
70000337401.564850
70000095776.970978
70000598049.289368
70000356770.908661
70000973331.010330
70000595816.920898
1.000000
70000421586.236511
70000666010.543015
70000640763.528503
70000210077.032608
70000474158.419983
70000027877.798203
70000233746.921570
1.000000
70000947656.040192
70000106594.194031
70000946807.561386
70000568066.736572
70000272759.937164
70000467984.132095
70000141573.094788
70000818959.587570
70000225768.627151
70000261720.142975
70000193514.289871
70000573284.902451
70000264676.893402
70000101177.550018
70000747826.932785
70000820700.562943
1.000000
70000617839.986008
70000377335.540085
70000261111.288422
70000303704.863358
70000525179.051056
70000343636.242523
70000070606.975891
70000716743.756714
70000987365.341797
70000549305.772919
70000630710.413010
70000240025.207932
70000414241.900360
70000973693.652390
1.000000
70000994892.971588
70000121567.483505
70000818004.504608
1.000000
70000653543.575424
70000382666.525131
70000852143.928650
70000937171.553299
70000117878.708588
1.000000
70000861069.227417
70000308425.493500
70000210362.568054
1.000000
70000133570.802856
70000920869.082458
70000593549.693939
70000999430.478104
70000047531.631165
70000188910.333252
70000650677.070953
70000114299.907806
70000023209.970749
70000549648.565536
70000002147.486450
70000059691.252518
70000190288.471848
70000880376.237778
70000892181.847229
70000310615.596115
70000950113.561966
70000959666.428757
70000500686.123993
70000563128.211212
1.000000
70000969958.880966
70000791379.022110
70000099974.463882
70000769024.567337
70000992744.665115
1.000000
70000853698.653839
70000612884.828217
70000387744.641708
70000001605.864746
70000434310.027527
70000400518.394012
70000838814.006149
70000271461.576050
70000505166.482727
70000744595.440872
70000765136.826370
70000568584.093231
70000551104.095657
70000721019.182205
70000010745.410217
70000436287.294266
70000509606.974823
70000959978.748230
1.000000
70000113233.194473
70000790998.983109
70000927634.276566
70000516281.436005
70000477617.691086
70000312222.748184
70000099161.586700
70000463452.661606
70000455725.750473
70000842163.310028
70000308229.444580
70000144933.541779
1.000000
70000729643.207809
70000636456.853241
70000000826.548828
70000006693.850891
70000237607.183456
70000647789.507874
70000533701.159393
70000447591.551590
70000290466.332855
70000378893.021439
70000010096.862732
70000753650.265274
70000878455.577988
70000547002.909927
70000853593.116959
70000117971.909775
70000582656.830856
70000906939.805161
70000442760.222961
70000444832.033310
70000073832.775085
70000729838.703537
70000758675.972931
70000470801.832367
70000541001.054123
70000420606.083908
70000743747.174179
70000209965.436356
70000291025.166458
70000000549.893082
70000490135.226395
70000359274.789215
70000337402.494598
70000495313.973877
70000058068.657532
70000408146.140686
70000831899.777435
70000244571.798889
70000469295.314362
70000080645.490463
70000449281.679001
70000214165.641663
70000644206.344666
70000334454.339630
70000745876.522369
70000978940.055740
70000994600.658737
70000624861.009766
70000500680.791718
70000170090.804642
70000910325.940018
70000838010.128433
70000912103.149948
70000808013.352570
70000373280.390564
70000047839.917465
70000702209.640564
70000396236.460892
70000630503.963318
70000852942.789307
70000828462.726898
70000512344.485352
70000679944.036240
70000782331.418442
70000828108.129745
70000428845.279526
70000256371.205093
70000769558.186020
70000572097.262558
70000235999.205612
70000950624.334106
70000063486.655914
70000356124.613525
70000626457.214325
70000695343.534241
70000990979.634033
70000311231.552078
0.33
 0 0 0 0 0 0 0 0 0 0 0 0 0
