1 401
70000538313.229874
70000179257.158737
70000199333.634567
70000791928.460251
70000527103.578125
70000311238.474442
70000827579.682144
70000992064.522369
70000299645.867508
70000894308.978378
70000746336.335968
70000092086.425995
70000578246.700058
70000572000.717300
70000812811.292023
70000708180.652237
70000058765.872009
70000530165.254761
70000061500.713776
70000085941.441223
70000764598.682495
1.000000
70000305391.091141
70000883295.130936
70000541241.642563
70000734280.458603
70000948436.901566
70000398077.731735
70000055223.149475
70000766174.236450
70000401857.942078
70000273537.327240
70000673280.635712
70000775585.350525
70000723660.196823
70000055810.568848
70000290195.583389
70000822840.760712
70000479272.251892
70000312583.976913
70000063322.834488
70000062301.791809
70000393767.326385
70000833966.424728
70000121907.150391
70000496551.307968
70000540249.065506
70000244274.388718
70000137436.613525
70000256240.496490
70000290928.220673
70000062485.888443
70000413366.670624
70000476133.303909
70000238534.047714
70000616668.678497
70000048381.807587
70000320168.088089
70000953636.547668
70000714668.844131
70000562174.944855
70000005900.127716
70000921869.344131
70000183767.276779
70000784625.936829
70000925862.745789
70000981239.060318
70000200818.461227
1.000000
70000449629.804855
70000952781.931732
70000186605.359283
70000324210.074234
70000183545.399963
70000986925.609329
70000150716.516388
70000612485.470886
70000872733.590637
70000450737.220886
70000265760.159866
70000626255.994431
70000262015.499222
70000157782.185120
70000397793.453522
70000863004.515961
70000228284.806107
70000209259.754608
70000558423.601013
70000341883.611176
70000221706.719955
1.000000
70000911888.491196
70000809235.431122
70000084257.956299
70000380667.696533
70000961770.393463
70000649541.677338
70000497928.427460
70000412422.994980
70000018501.234848
70000455152.443253
70000227994.113876
70000097407.596390
70000154470.779526
70000055872.793381
70000699181.270950
70000641614.154388
70000067986.148514
70000197349.618805
70000330630.321182
70000188865.455002
70000378203.837936
70000485601.345673
70000407116.182251
70000258005.206314
1.000000
70000709142.787750
70000656497.859192
70000820005.247696
70000099697.542877
70000978410.377884
1.000000
70000420005.412796
70000343725.832718
70000452955.610397
70000187146.692245
70000746322.435242
70000249044.224838
70000140800.893021
70000744790.377701
70000956115.899689
70000566914.218369
70000412829.576294
70000993267.720444
1.000000
70000332337.796844
70000129632.081421
70000544351.361588
70000087290.023544
70000188418.352402
70000771632.601562
70000804640.284058
70000291887.908356
1.000000
70000874528.386368
1.000000
70000191519.837463
70000337373.141449
70000091336.531845
70000831880.333557
70000364619.472946
70000386546.308075
70000828223.167450
70000397044.699921
70000261796.099396
70000361634.359833
70000645393.376770
70000630169.850967
70000348685.759567
70000473084.891312
1.000000
70000355894.596481
70000584754.723816
70000461621.201904
70000213703.839706
70000326657.101425
70000452706.293091
70000511851.222397
70000738892.673294
70000100979.656708
70000085922.633698
70000670229.667984
70000415750.166214
70000165976.476593
70000577875.063232
70000800307.513992
70000616316.894318
70000813638.968674
70000126593.534073
70000432278.270584
70000664864.733261
70000850077.118866
70000677462.021637
1.000000
70000100447.452637
70000822767.648834
70000028520.241989
70000657726.454361
70000188715.782608
70000549857.476440
1.000000
70000229924.214676
70000299144.305084
70000804724.840530
70000178325.623703
70000209055.848892
70000527772.117554
70000827741.266464
70000698384.668304
70000385502.878693
70000400695.975754
1.000000
70000455467.660294
70000677271.004150
70000972859.210709
70000914153.001633
70000140938.382263
70000628581.663818
70000135484.123047
70000360732.721466
70000212642.939194
70000590443.378769
70000381095.450150
70000771467.243744
70000917380.164062
70000640821.601578
70000392645.677582
70000450414.620926
1.000000
70000600244.906677
70000333395.818741
70000599132.414032
70000812544.594299
70000116793.757004
70000553449.061890
70000226118.640335
70000145524.671921
70000104826.818497
70000871663.262665
70000200769.856216
70000320881.312592
70000066980.747849
70000849053.465073
70000509544.871674
70000845055.205719
70000600059.376282
70000653493.408264
70000747317.240921
70000120913.297531
1.000000
70000666184.445251
70000564855.748169
70000159891.261032
70000059324.428528
70000137935.264893
70000927270.436920
70000090721.451950
70000286979.018036
70000944406.059677
70000439321.682663
70000679531.231033
1.000000
70000430787.466080
70000041982.992416
70000502047.099701
1.000000
70000357963.435333
70000522570.095398
70000293469.429718
70000581534.337509
70000481569.420990
70000060548.505981
1.000000
70000715900.262970
70000635712.571075
70000026062.483521
70000813678.257355
1.000000
1.000000
70000153941.202652
70000080324.845779
70000073516.947815
70000008071.312683
70000286700.770493
70000966023.346252
70000806249.137131
1.000000
70000444979.080719
70000068504.184097
70000660019.913147
70000468106.901718
70000904704.151367
70000490853.082748
70000894834.812332
70000780609.088623
70000400174.564941
70000352438.852142
70000848486.904007
1.000000
70000005992.983017
70000767086.038620
70000941015.767792
70000736342.462265
70000575966.850311
1.000000
70000775380.378448
70000268583.225952
70000458347.640472
70000180771.240509
70000404827.820389
70000404566.838364
70000918190.077805
70000487978.251740
70000174091.086624
70000289270.089035
70000210733.704422
70000096610.399384
70000208353.490112
1.000000
70000812250.289886
70000606438.344498
70000038657.884552
70000915323.847107
70000012140.473694
70000828922.663345
70000764902.424957
70000675821.628250
70000839563.128723
70000497688.847717
70000567154.989014
70000183448.209091
70000990773.896286
70000388551.347198
70000618527.660568
70000507282.864807
70000797811.380081
70000369973.382126
70000558340.411224
70000191448.972855
70000361138.494583
70000388057.370651
70000545391.787735
70000287559.207214
70000939951.328873
1.000000
70000936015.534424
70000158991.903580
1.000000
70000367374.305344
70000688784.940277
70000615883.149918
70000070747.146957
70000510938.649933
70000135002.188934
70000159076.476288
70000943878.378067
70000358886.354660
70000295311.356598
70000971335.220917
70000108825.970673
70000503735.449524
70000346453.869110
70000163037.728531
70000722625.694290
70000650821.544098
70000693847.908585
70000821330.580811
70000198506.763885
70000041994.175476
70000542751.067352
70000473081.855194
70000813497.220764
70000266474.429581
70000994205.393936
70000437417.834869
70000058043.524719
70000570255.766678
70000903603.133728
70000487365.165451
70000316242.976059
70000530910.562866
70000259941.198502
70000062580.588043
70000835460.995392
1.000000
70000713572.647964
70000333425.697769
70000142706.694992
70000244654.112183
70000071412.100342
70000916912.452042
70000999208.948959
70000736917.406128
70000222940.484726
70000147717.908554
70000783704.890900
70000492543.051437
70000185171.583252
70000862353.789429
1.000000
70000724033.622650
70000242395.308105
70000968429.614975
70000265062.860626
70000144993.885071
70000543929.995132
70000780408.476334
70000283908.598389
70000039709.485748
70000400547.034164
0.33
 0 0 0 0 0 0 0 0 0 0 0 0 0
