1 401
70000334162.425827
70000531145.305634
70000243600.280136
70000167565.976166
70000584978.399597
1.000000
70000503728.923584
70000388637.700378
1.000000
70000455162.177246
70000281659.966583
70000524148.039520
70000071453.037155
70000226882.404800
70000337365.487671
1.000000
70000959410.661179
1.000000
70000396951.941101
70000138510.477676
70000757681.329132
70000958834.557404
70000958404.197556
70000570974.951096
70000953470.618622
70000737011.524841
70000992342.888123
70000048382.644257
70000451118.557938
70000283053.071045
70000652746.029327
70000964417.075195
70000790588.728241
70000176951.077469
70000092633.132156
70000844229.005386
70000779012.253708
70000002540.964828
70000397423.340439
70000832602.649033
70000928878.443741
70000289526.105255
70000220725.334381
1.000000
70000539269.913513
70000611214.514328
70000918052.566605
70000492962.256882
70000611307.103821
70000591645.218323
70000421843.674469
70000464855.919327
70000050410.820328
70000760020.228973
70000151560.157150
70000031742.646988
70000926747.248871
70000177737.221695
70000673739.084442
70000341547.610489
70000878554.624405
70000871488.063446
70000720730.272156
70000294913.196991
70000989803.047531
70000779887.038055
70000689309.155243
70000057446.223038
70000729296.830994
70000893262.370987
70000860326.319321
70000229662.839523
70000044076.084488
70000605281.863266
70000393444.557877
70000247598.547012
70000857049.345581
70000961114.028030
70000027691.384354
70000760224.720581
70000714570.327988
70000115295.202728
70000106333.033752
70000781441.532944
70000717679.731430
70000133020.148132
70000374926.817032
70000020193.667099
70000185479.827408
70000499007.233383
70000425317.654373
70000010912.288879
70000514645.835632
70000885152.899048
70000825159.379379
70000183177.445496
1.000000
1.000000
70000455049.023788
70000820188.907852
70000280691.901123
70000295444.967636
70000128344.667313
70000896969.285797
70000342852.333893
70000609677.571655
70000442948.130020
70000124326.212601
70000048076.015747
70000094685.630051
70000807113.854431
70000531690.601929
70000065468.504120
70000028057.681213
1.000000
70000828424.941132
70000239269.360580
70000560526.593872
70000951316.283066
1.000000
70000227843.555679
70000003427.874023
70000085869.149017
1.000000
70000307437.761688
70000247807.812439
70000192735.434174
70000736599.569290
70000666760.667084
70000659977.231750
70000464073.524704
70000911032.616318
70000279715.332275
70000081653.002197
70000303789.872055
70000706307.422623
70000954031.679672
70000346115.117310
70000791404.978287
1.000000
70000939355.266098
70000065756.999466
70000537645.573761
70000065251.048782
70000348117.044876
70000992345.791519
70000271751.517014
70000656007.092636
70000743403.419693
70000290115.942841
70000580736.232666
70000212537.946625
70000815522.518097
70000567142.442444
70000768418.934967
70000720105.019455
70000357877.723557
70000092068.112976
70000167634.587921
70000032894.306015
70000870355.135788
70000402151.139877
70000716951.321701
70000753463.861755
70000426344.886993
70000766293.226059
70000726283.738464
70000612720.925964
70000649257.497528
1.000000
70000626525.086197
70000406042.661316
70000318534.875259
70000241025.836533
70000259096.226425
70000193564.231461
70000451477.128342
70000673709.903534
70000918066.461731
70000627067.354126
70000130664.117371
70000800368.061890
70000637192.160370
70000749781.942413
70000715755.581787
70000169975.836670
70000224353.528717
70000561487.145370
70000914059.450760
1.000000
70000306803.361557
70000648433.240723
70000902172.596329
70000892614.374008
70000892535.766678
70000980995.422897
70000459668.721817
70000343702.498871
70000687145.761780
70000012026.968658
70000028994.770340
70000011745.960632
70000823285.020401
70000467356.224792
1.000000
70000592016.415558
70000082712.157730
70000714190.633575
70000041794.858078
70000790099.391907
70000178833.019897
70000066042.911041
70000169939.219177
70000044516.443253
70000312514.121460
70000373044.569580
70000448228.596039
70000945487.997147
70000410736.210220
70000279717.193069
70000726322.660049
70000496804.443130
70000876065.308929
70000878246.167191
70000335841.674515
70000349750.596069
70000366543.907791
70000269360.611649
70000136984.807068
70000416111.891846
70000710169.666397
70000265015.302719
70000416622.038773
70000224892.833191
70000292294.595123
70000510233.987396
70000336690.445526
70000658035.840561
70000173218.805969
70000870498.033768
70000619084.667343
70000259523.434982
70000170772.780060
70000776465.452194
1.000000
70000298838.732574
70000248931.340439
70000935866.367523
1.000000
70000929181.901138
70000713936.363007
70000564736.043396
70000919406.034042
70000603455.961243
70000074974.462830
70000691303.457962
70000363421.808243
70000900346.331100
70000879615.234024
70000388141.923889
70000549880.405746
70000981811.402481
1.000000
70000586550.606003
70000017918.118454
70000113307.789978
70000352982.696808
70000217567.831436
70000355383.800232
70000647210.546631
70000374236.170715
70000011246.782227
70000446930.472717
70000127965.895294
70000715200.695984
70000355693.959030
70000331473.123856
70000253215.482849
70000505373.132034
70000912896.803787
70000110353.731461
1.000000
70000678136.917435
70000793819.669815
70000880284.490372
70000729581.374680
70000772917.247894
70000402875.845932
70000173034.192139
70000695643.295609
70000915065.438354
70000078306.534912
70000200522.317841
70000486105.622177
70000903992.994995
70000844052.151367
70000898677.753189
70000301541.146530
70000055595.713837
70000831912.612808
70000797335.793549
70000539856.809967
70000711010.961594
70000414156.728439
70000267693.148697
70000404302.863846
70000954691.555618
70000827261.972107
70000192503.730789
70000355931.015915
70000715048.383896
70000711757.665695
70000616585.063965
70000190959.878754
70000984231.812836
70000965421.005890
70000776678.137314
70000307001.970688
70000695856.635101
70000328689.443802
70000609255.160614
70000624909.160599
70000640175.639313
70000629189.882187
70000841074.344574
70000159192.874451
70000576872.619232
70000456836.345245
70000821973.497589
70000719657.698151
70000417041.497574
70000171046.104767
70000855053.733582
70000792651.876114
70000894806.336853
70000953451.008789
1.000000
70000913830.507370
70000624824.542755
70000100622.493896
70000423550.724472
70000630135.166992
70000606695.046371
70000349035.684982
1.000000
70000569865.811935
1.000000
70000255775.244873
70000232324.868210
70000775004.048477
70000279638.164185
70000998207.563705
1.000000
70000742657.954178
70000225866.728424
70000301942.724274
70000608145.095779
70000545654.111359
70000950450.270279
70000284026.705872
70000401235.522415
70000958022.472748
70000378026.656998
70000190050.306274
70000979599.210754
70000952089.401077
70000490228.146942
70000739291.738266
70000867464.544418
70000024483.991577
70000558954.962891
70000632736.412903
1.000000
70000383098.390747
70000447470.212234
70000400976.607269
70000581576.474792
70000114921.922394
70000147633.278305
70000751289.033401
70000585157.209656
70000364011.706940
70000753233.940033
70000689798.106171
70000524618.413101
70000796077.665054
70000487476.662766
70000193647.856613
70000298801.728989
70000933288.503769
70000171340.579422
70000043426.250168
70000886318.912506
70000583166.188080
70000777810.454803
70000658050.422211
70000260729.164276
70000260097.171600
70000143410.080856
70000799034.309723
0.33
 0 0 0 0 0 0 0 0 0 0 0 0 0
