1 401
70000352631.841461
70000598897.329269
70000283788.692108
70000657514.780823
70000202721.800415
70000872675.715561
70000373462.403656
70000907773.891129
70000864636.706512
70000913175.463409
70000482674.075897
70000293653.319931
70000551171.096039
70000499915.345520
70000878877.206177
70000164003.446991
70000134651.037277
70000539460.978348
70000780032.335342
70000888001.966400
70000404170.105011
70000459162.386017
70000850263.358765
70000415976.877197
70000850043.304474
70000644857.439941
70000224615.294113
1.000000
70000624769.682404
70000261856.690872
70000096544.359497
70000833242.128204
70000453376.117737
70000660168.430038
70000567366.588272
70000904479.588577
70000473832.157211
1.000000
70000981730.194199
70000339861.898163
70000198927.590347
70000266410.362488
70000186218.312973
70000339264.530243
70000367439.228516
70000931115.516479
70000950389.693665
70000001517.242508
70000731001.997971
70000059822.524338
70000752381.096420
70000252605.221863
70000548603.512772
1.000000
70000981407.546692
70000500511.951050
70000657271.916687
1.000000
70000764624.945740
70000307363.815598
70000549661.156296
70000288160.500381
70000043950.689377
70000378784.387680
70000430661.801620
70000181095.056183
70000558183.652863
1.000000
70000426349.155075
70000227820.148834
70000812648.192352
70000747411.395554
70000279507.323532
70000526834.883011
70000991073.751053
70000566870.256134
70000084174.253052
70000597576.514832
70000090245.416061
70000671582.483124
70000722332.128174
70000638582.361374
70000779897.359207
70000027784.091751
70000863549.748459
70000602431.906555
70000859903.036987
70000319859.282913
70000487436.357803
1.000000
70000052573.357391
70000536582.886429
70000274483.543289
70000969376.911026
70000673975.229431
70000637930.370041
1.000000
70000680746.067078
70000943973.412781
70000001022.389435
70000600572.081970
70000557359.701553
70000457830.045807
70000088752.550247
70000208306.696213
70000196319.277603
70000211525.119202
70000758604.357071
70000571543.542221
70000408848.545334
70000851889.306305
70000653973.256302
70000626602.372864
70000985741.526550
70000563077.764771
70000757761.761505
70000999694.898209
70000279203.961792
70000349809.661621
70000749328.557526
70000344647.032700
70000065407.978897
70000464435.335678
1.000000
70000636978.181015
70000550386.008881
70000229955.727859
70000325841.335083
70000081718.435043
70000079337.426605
70000721492.303802
70000084059.366135
70000457026.322662
70000645717.885300
70000871948.878464
70000394912.737045
70000724192.459473
70000240577.331421
70000347629.830841
70000034212.031052
70000184006.291946
70000548318.000854
70000445907.671631
70000879944.465988
70000005283.170700
70000453460.625702
70000852658.509521
70000539920.694992
70000231805.558456
1.000000
70000729381.956055
70000060560.234299
70000991372.428391
70000569649.867355
70000350233.948425
70000126265.217941
70000296744.751221
70000734205.747650
70000484472.308640
70000716931.982697
70000730148.736618
70000113255.055313
70000816437.462433
70000569244.033829
70000028310.079315
70000231133.351608
70000385007.280670
70000401522.657623
70000541789.606064
70000448442.082214
70000518020.277191
70000910101.216064
70000442520.437897
70000578185.994888
70000753338.537354
70000534420.556137
70000433908.883438
70000759444.476608
70000844646.305649
70000482608.918304
70000684972.966553
70000255233.803284
70000270996.171265
70000663447.149643
70000550293.567917
70000118431.651917
70000342925.882370
70000224843.275955
70000950293.394379
70000138318.189545
1.000000
1.000000
70000202236.399948
70000951554.221970
70000404241.676590
1.000000
70000723796.244461
70000023439.731934
70000811224.955643
70000989755.441376
70000842481.892715
70000994529.657059
70000437773.169769
70000962201.280716
70000112122.887100
70000514020.871323
70000908638.568268
70000194916.355301
70000640798.542923
70000073457.256744
70000498566.042847
70000810156.115509
70000130678.854065
70000523002.715012
70000534610.616547
70000490572.369736
70000114831.723495
70000569386.079697
70000546889.023911
70000117177.623032
70000427801.160904
70000074234.693451
70000304789.956802
70000522468.173935
70000960800.311768
70000143960.421326
70000490984.455551
70000295687.143997
70000047379.692108
70000609131.940262
1.000000
70000516496.703934
70000496260.008850
70000391743.703018
70000313454.401779
70000589934.993912
70000005310.624939
70000568902.898132
70000839672.966888
70000541081.805557
70000978600.774567
70000098936.935349
70000168703.808273
70000685066.449997
70000890005.086227
70000393943.532761
70000554025.209381
70000951524.051636
70000623787.185394
70000115351.321259
70000831735.934631
70000097603.664261
70000759234.522064
70000348445.273651
70000721876.835800
70000405367.113449
70000943994.181412
70000888267.014343
70000546808.431152
70000739001.551971
70000589185.053375
70000454794.646027
70000283354.132126
70000797209.808731
70000764269.772049
70000005457.270081
70000104247.124359
70000456570.450043
70000083617.221588
70000906074.666000
70000794642.639984
70000443837.427994
70000849247.083054
70000796227.396255
1.000000
70000484081.610352
70000698019.427200
70000181592.998444
70000217279.928589
70000686175.164597
1.000000
70000612347.301361
70000557531.275269
70000032186.590881
70000809735.456497
70000596864.096054
70000628156.441467
70000635508.088058
70000653355.221115
70000346410.662369
70000284630.381836
70000144366.752548
70000439477.449600
70000374919.551895
1.000000
70000289289.745804
70000235875.067856
70000080661.353363
70000357204.887085
70000528732.635361
70000798492.085876
70000451197.520035
70000097367.756348
70000183525.529892
70000179973.317307
70000565502.823105
70000939224.408279
70000578573.533997
70000266698.282730
70000510150.723373
70000324599.425400
70000699539.389725
1.000000
70000708113.291656
70000052568.596558
70000214328.784241
70000214075.510635
70000161722.536530
70000936404.007721
70000977191.116608
70000096599.532303
70000950361.807770
70000706203.938690
70000514526.152634
70000243805.352219
70000837519.724701
70000780793.766083
1.000000
1.000000
70000684134.879227
70000677842.166229
70000174257.803543
70000905745.455338
1.000000
70000274124.639206
70000747578.246384
70000499810.816803
70000834509.917252
1.000000
70000345282.327728
70000433048.795807
70000983613.874588
70000404634.310379
70000639932.275864
70000424407.735931
70000406098.135437
70000408409.561432
70000279629.938126
70000351099.711197
70000688556.831223
1.000000
70000938482.675934
70000458229.831848
70000567099.847321
70000506098.174332
70000898483.311600
70000414884.170776
70000352849.591278
70000974324.543411
70000142487.773148
70000959094.765030
70000909962.041031
70000045988.317719
70000080906.819885
70000269083.401947
70000252084.989929
70000939469.594910
70000983014.145584
70000250147.109528
70000843402.470383
70000955719.246994
70000645401.065262
70000005476.988953
70000508108.265427
70000721105.627747
70000977193.622879
70000563021.580276
70000545255.073517
70000580967.536987
70000851393.781845
70000472570.658142
70000922436.045914
70000415707.627396
70000768722.138092
70000311328.414917
70000922411.033615
70000794699.260712
70000503424.237778
70000594016.577744
70000037579.505203
70000367403.079803
70000686328.402756
70000315575.027603
70000902923.654556
70000184818.349808
70000732534.980927
1.000000
70000877520.722778
70000365126.687592
70000242059.387100
0.33
 0 0 0 0 0 0 0 0 0 0 0 0 0
