1 401
70000846318.357300
70000518218.687698
70000852358.464523
70000699881.360001
70000322118.727982
70000557153.131775
70000583960.333862
70000067988.584183
1.000000
70000072323.966339
70000922915.554230
1.000000
70000388628.630005
70000376236.014633
70000622282.501282
70000463311.058777
1.000000
70000221401.706482
70000896526.000412
70000916104.283142
70000740352.080719
70000084149.872009
70000252990.710236
70000144558.064529
1.000000
70000042533.592163
70000190579.992188
70000146661.687485
70000911056.556793
70000327049.254990
70000527545.412704
70000741123.804169
70000553801.148651
70000257117.794189
70000351177.949539
70000887298.438965
70000086764.343979
70000347546.952881
70000157435.909821
70000036275.685898
70000200885.604218
70000385280.626663
70000239145.998505
70000538410.835175
70000240717.712311
1.000000
70000346149.392242
70000218935.948807
70000680939.453201
70000989837.516693
70000532906.595367
70000910404.078323
70000419697.244690
70000569081.976395
70000913055.497482
70000940880.370621
70000242531.523315
70000922995.656418
70000389463.968079
70000959750.668472
70000915056.670029
70000003215.831024
70000238733.675735
70000060658.196609
70000911106.099792
70000543087.692657
70000476463.656357
70000697455.859390
70000803339.647858
70000442526.432266
70000521586.046692
70000512858.773499
70000440681.258163
70000785163.360764
70000633754.105347
70000887404.429016
70000543843.563232
70000515538.686340
70000318104.192932
70000383223.397949
70000399149.389709
70000965137.944458
70000086329.638550
70000672173.367844
70000315755.512421
70000807405.744843
70000245722.893387
70000258480.535797
70000832798.776367
70000888183.850113
70000852954.124344
70000636086.763351
70000781862.672440
70000061382.719147
70000654861.496475
70000013042.237732
70000443198.367279
70000163702.041656
70000666446.680161
70000571679.034607
70000800077.228775
70000258446.581360
70000441652.398834
70000704149.092621
70000530474.816360
70000396018.927658
70000028411.109863
70000150631.055740
70000021110.519821
70000147502.778336
70000622760.258408
70000340077.085831
70000040673.819412
70000709261.899902
1.000000
70000344149.464569
70000181376.047806
70000632320.913940
70000639484.775360
70000424588.056641
70000013972.094925
70000072049.323303
70000417386.572128
70000684392.546188
70000030509.466080
1.000000
70000220074.926331
70000281123.528458
70000662167.032837
70000126054.072266
70000027744.277206
70000328715.125931
70000227714.278641
70000603822.917007
70000403830.413528
70000752315.923157
70000638749.261627
70000276173.241272
70000294888.258942
70000428110.630249
70000431721.381775
70000247046.532684
70000054026.945297
70000058916.417831
70000400219.233246
70000670019.169067
70000403180.367386
70000491562.754730
70000060152.103729
70000798574.332123
70000315856.168976
70000932430.059860
70000325308.465637
70000264054.099823
70000536546.576050
70000264095.323212
1.000000
1.000000
70000215814.765106
70000787752.106598
70000477896.238724
70000152614.700653
70000062548.267609
70000628007.453964
70000673343.656281
70000028260.477005
70000407536.515884
70000874013.948700
70000018965.119568
70000612013.964722
70000790629.643356
70000768069.096222
1.000000
1.000000
70000445572.993851
70000473312.150787
70000218752.478973
70000122818.642822
70000115759.631317
70000320677.969940
70000853032.129288
70000482265.444855
1.000000
70000860547.488358
70000479081.933334
70000783804.335312
70000370198.508545
70000804327.985336
70000121097.677841
70000260326.500381
70000620449.655914
70000488146.259293
70000338765.470505
70000133309.562241
70000011967.650848
70000951678.758392
70000575486.203506
70000733363.007202
70000269815.219421
70000740227.979095
70000286109.649048
70000047509.893417
70000192904.657578
70000484686.767593
70000914694.203171
1.000000
1.000000
70000352096.438019
1.000000
70000787377.712570
70000458145.498856
70000892481.983185
70000512911.226608
70000395562.468124
70000776781.901123
70000404021.191574
70000583493.438019
70000647548.860077
70000204695.281647
70000982328.257874
70000381382.032135
70000731526.221069
70000973456.371552
70000997585.577438
70000018389.483978
70000503155.217270
70000797520.799072
70000086699.083038
70000342816.512238
70000007041.071198
70000391754.642258
70000977910.611313
1.000000
70000473071.347397
70000169430.972092
70000901406.475723
70000480037.291763
70000446080.935501
70000917557.960541
70000959224.455215
70000805208.053818
70000605089.233887
70000989013.337418
70000226182.966522
70000305715.616379
70000380694.513779
70000807006.319580
70000101600.633255
70000027947.593964
70000474834.152161
70000431369.010986
1.000000
70000589229.091324
70000259010.416412
70000258001.742783
70000689610.578430
70000464507.982162
70000431964.973724
70000497863.787323
70000152513.960220
70000020030.272736
70000899867.911438
70000909108.728958
70000051425.854156
1.000000
70000354410.738770
70000482248.829971
70000914989.312622
70000653852.287918
70000431340.479309
70000333556.168442
70000702782.223007
70000137714.867416
70000264792.816818
70000768487.757095
70000669797.691666
70000635635.716797
70000858561.176636
70000437790.468521
1.000000
70000411153.470261
70000793890.190552
70000634701.862366
1.000000
70000117385.007751
70000228247.077332
1.000000
70000579407.634995
70000943884.639938
70000524315.948120
70000182065.214676
70000412980.518753
70000845645.146118
70000419062.140656
70000421998.822433
70000243671.266922
70000500565.687286
70000818913.618286
70000838162.460983
70000611703.359421
70000693505.542969
70000394228.659363
70000813339.486725
70000904057.927765
70000573307.980896
70000956492.398712
70000719494.558212
70000281253.897446
70000844653.771469
70000584463.193939
70000681036.312820
70000106500.027985
70000640977.460388
70000636391.955902
70000974365.320236
70000750884.731323
70000902913.321182
1.000000
70000723795.512482
1.000000
70000694423.107147
70000600390.169876
70000939055.652740
70000036890.055618
70000321107.792648
70000224237.414474
70000035430.261002
70000998612.995178
70000928198.090714
1.000000
70000417526.273468
70000668088.654785
70000026696.237503
70000367259.262589
70000266817.384720
70000761466.989182
70000974142.441986
70000903477.552765
70000145079.092346
70000437889.411407
70000231857.159988
70000046329.349152
70000906342.351227
70000879558.569702
70000235945.830093
70000307381.322678
70000538209.352234
70000938906.614883
70000728979.503937
70000144228.692978
70000447147.392654
70000690504.611725
70000308503.748428
70000470928.106766
70000990650.840103
70000706079.847305
70000029140.442001
70000851678.794571
1.000000
70000623566.405670
70000503669.314468
70000635279.295944
70000709504.976700
70000502390.800659
70000729949.169205
70000624719.083710
70000032945.465363
70000795832.063400
70000238979.251602
70000258318.248291
70000939490.485611
70000246859.264496
70000041118.623398
70000557659.557480
70000053004.410095
70000248950.870056
70000774607.956512
70000570572.622452
70000421774.238647
70000185537.033371
70000771792.243378
70000629040.619705
70000120626.425964
70000190609.033798
70000209791.825333
1.000000
70000425988.007523
70000900602.677094
70000224263.014450
70000633695.688873
70000663139.684799
70000593470.238403
70000624094.514404
70000195386.282898
70000639483.062088
70000611037.764664
70000070351.901825
70000735794.802536
70000639165.838135
1.000000
0.33
 0 0 0 0 0 0 0 0 0 0 0 0 0
