1 401
70000152942.946564
70000133613.832916
1.000000
70000317519.885422
70000007232.594025
70000126736.614792
70000969944.755020
70000530469.544312
70000233181.811646
70000289074.561630
70000121641.246201
1.000000
70000063286.584885
70000962767.242233
1.000000
70000751369.738190
70000053022.700760
70000528574.954010
70000213504.028000
70000361057.803116
70000254210.674362
70000394349.369003
70000534785.948288
70000337080.163849
70000408388.762497
70000685692.864609
70000890796.795380
1.000000
70000712440.815094
70000928622.296127
70000819465.629562
70000191505.709808
70000324215.409378
1.000000
70000532166.977600
70000071531.006516
70000363323.415710
70000361495.393921
70000372944.594833
1.000000
70000054520.583466
70000983298.923813
70000575496.424225
70000784232.345673
70000175841.056335
70000615674.064575
70000649056.881073
70000170953.289963
70000205294.768417
70000567045.226883
70000508097.162170
70000411166.910492
70000431087.725571
70000939831.770142
70000346472.848358
70000993366.926300
70000404692.420349
70000994014.012039
70000279744.142212
70000465353.449173
70000804033.738495
70000331937.945175
70000199372.054642
70000190539.655975
70000614641.471405
1.000000
70000187470.225662
70000550386.476105
70000820957.540726
70000330522.599670
70000578048.260574
70000011736.756546
70000674056.392303
70000500212.297012
70000041412.844376
70000377614.499161
70000696326.790878
1.000000
70000608587.917953
70000161772.899429
70000570122.318756
70000498661.451660
70000983712.181137
70000875077.271530
70000827757.934097
70000945823.627335
70000773954.715302
70000280576.121490
1.000000
1.000000
70000914475.561325
70000938636.532227
70000376020.111572
70000932161.100967
70000148630.212494
70000932815.597031
70000929962.652954
70000139059.469147
70000900915.739227
70000512894.910416
70000989696.325027
70000211720.484955
70000455804.004608
70000723324.797760
70000621428.788666
70000479485.642120
1.000000
70000092605.594833
70000594196.537979
70000215193.780746
70000388049.141602
70000856493.075272
70000702951.568726
70000405994.558319
70000899476.590897
70000876149.199265
70000064313.099197
70000469430.322861
70000144049.588776
70000793579.746506
70000505314.267181
70000793964.857773
70000775622.481461
70000423833.375351
70000301758.051331
70000180568.902878
1.000000
70000761879.167923
70000027110.775604
70000276171.837173
70000346937.470093
70000751673.070724
70000151735.506882
70000616806.972168
70000733599.833817
70000766414.732605
70000382346.572098
70000759743.061127
70000271135.531860
70000672119.673355
70000838827.430862
70000534403.910782
70000723048.667175
70000424624.376236
70000846040.900375
70000930039.217316
1.000000
70000303156.591309
70000240641.641174
70000018934.312759
70000681180.577866
70000806368.897766
70000224114.051102
70000101652.165100
70000372549.079895
70000405485.855667
70000366077.791534
70000861483.560303
70000131086.627716
70000055954.057556
70000484057.044586
70000467311.757050
70000088224.282394
70000048044.609192
70000210134.785629
70000402949.127563
70000521736.658600
70000365361.014435
70000784602.048370
70000442104.528961
70000333314.209534
70000153346.541718
70000749757.811066
70000950645.609909
70000314091.803940
70000604827.736633
70000982874.305496
70000605039.523331
70000249403.882553
70000883420.127243
70000651225.700409
70000029467.094940
70000674716.712799
70000172229.428436
70000912430.351212
70000847474.613235
70000141831.895523
70000503436.135651
70000636927.760376
70000438067.560791
70000803343.610016
70000205477.042694
70000058829.688995
70000365683.150803
70000354055.232834
70000108942.673996
70000017587.397522
70000775170.547836
70000235756.726624
70000578654.427902
70000004197.550156
70000406994.689468
70000077133.048798
1.000000
70000140447.877594
70000410144.682068
70000659931.809738
70000115003.830795
70000045333.236282
70000267936.261856
70000443482.555191
1.000000
70000225519.586884
70000750328.873718
70000387985.043457
70000478039.001007
70000589049.430130
70000287683.387726
70000628228.042694
70000276951.038620
1.000000
70000610012.679077
70000830698.797043
70000307692.379837
70000324973.563568
70000709565.376724
70000835616.331833
1.000000
70000092101.436157
70000379104.068390
70000395172.687363
70000646789.475571
70000930771.115112
70000334244.653442
70000386936.571732
70000619168.361862
70000551326.624481
70000115658.744370
70000551824.156662
70000000109.689148
70000957077.696793
70000415570.376404
1.000000
1.000000
70000879889.303070
70000914412.688461
70000844879.059174
70000068535.738113
1.000000
70000351938.010330
70000225162.265808
70000705386.864273
70000747074.370117
70000704446.253723
70000405546.834961
70000137623.608871
70000502955.971420
1.000000
70000213089.746017
1.000000
70000700116.613602
70000660658.202255
70000755670.369186
70000191012.877457
70000122437.752243
70000768669.866379
70000238128.067093
1.000000
70000301716.039215
1.000000
70000202825.335938
70000214639.927780
70000079206.578064
70000327477.172195
70000542404.690796
70000105432.827713
70000335109.504639
70000117555.552170
70000912564.757172
1.000000
1.000000
70000500235.460709
70000241769.430298
70000153396.040024
70000751864.817719
1.000000
70000861638.553024
70000212818.920349
70000874296.995956
70000989524.293015
70000279842.636597
70000284263.694138
70000727557.933044
70000865159.606857
70000206416.226700
70000958270.047348
70000893775.629944
1.000000
70000040457.847366
70000934562.794571
70000458650.955994
70000244990.035278
70000916919.430359
70000767289.384293
70000868079.947937
70000327544.899048
70000377628.376953
70000856484.220963
70000928433.016418
70000882606.427078
70000464328.124847
70000634624.148605
70000214003.278534
70000848732.781662
70000531596.379730
70000739488.297791
70000932850.519028
70000736808.413605
70000447179.098770
70000283420.266281
70000390384.871887
70000616495.884674
70000866119.992538
70000232651.389496
70000527395.178772
70000415119.737946
70000601334.688263
70000733675.198441
70000645866.788254
70000363752.563843
70000245631.256348
1.000000
70000480602.952942
70000588717.126221
70000466563.095444
70000256773.821136
70000513187.320862
70000878930.668396
70000301040.219299
70000649826.312164
70000180379.919327
70000473989.814133
70000961494.612549
70000150332.727448
70000989797.374161
70000206997.393311
70000344327.434296
70000323046.381805
70000217890.206543
70000960548.820816
70000005689.616501
70000968723.401337
70000517253.471359
70000220484.906570
70000167575.527802
70000421054.609070
70000907380.661606
70000499153.694946
70000127068.000076
70000945193.821594
70000827184.090622
70000663786.265152
70000344169.437866
70000848717.326401
70000686123.443970
70000734609.065247
70000776551.184052
70000873286.158096
70000100778.620865
70000722194.475677
70000609739.953033
70000207074.285538
70000421337.996811
70000821699.022934
70000731922.744141
70000855365.033371
70000194109.619156
70000313623.622696
70000709498.773056
70000567640.596069
70000914836.538086
70000272789.437576
70000423365.803207
70000999755.437668
70000128117.402054
1.000000
70000199880.880981
70000302675.093307
70000738148.543381
70000820099.941376
70000488978.292099
70000943586.774979
70000593386.261871
70000415380.506607
70000090444.963806
70000002062.108551
70000037751.271866
70000521952.115601
70000200673.104630
70000165317.802246
0.33
 0 0 0 0 0 0 0 0 0 0 0 0 0
