1 401
70000762451.814453
70000445883.868607
70000816082.925735
1.000000
70000867603.238708
70000189776.663574
70000808918.267548
70000308847.974335
70000429501.243301
70000676067.851318
70000136633.133957
70000182536.509125
70000818562.184082
70000539015.772751
70000610043.305176
70000405908.250412
70000653144.789139
70000028262.748993
70000895715.451920
70000142212.225555
70000051719.525543
70000969581.702942
70000509469.251404
70000354008.586395
70000200797.632065
70000662144.199554
70000969753.781906
70000906145.464920
70000390822.202164
70000895999.222763
70000275794.406769
70000639435.414780
70000220677.863327
70000172448.669907
70000105271.146103
70000686649.974533
70000997077.643799
70000721837.535553
1.000000
70000159640.040558
70000338597.871017
70000510181.319016
1.000000
70000886027.527328
70000458425.018875
70000558982.664139
70000626244.177505
70000929446.620087
70000433469.512375
70000788711.508560
1.000000
70000138164.585632
70000576903.742493
70000782340.508835
70000618103.331863
70000106614.597061
70000355853.418442
70000989121.993454
70000599424.174393
70000193071.478317
1.000000
70000331429.107864
70000275977.440659
70000113516.390656
70000872349.835861
70000243996.085037
70000261873.251190
70000550335.476852
70000497651.658157
70000411916.629074
70000760934.336365
70000723181.762573
70000154642.380722
70000678806.494080
1.000000
70000869901.934525
70000756073.282745
70000449533.991638
70000406985.785751
1.000000
70000644218.453674
70000059263.372559
70000839499.372147
70000505767.513031
70000961907.919754
70000854794.939072
70000229801.014572
70000033416.358292
70000535771.508804
70000647520.277756
1.000000
70000155712.485626
70000206610.320770
70000902957.943497
70000046838.647507
70000752219.201187
70000092204.437531
1.000000
70000322051.271423
70000477028.103806
70000239530.510559
70000386295.520218
70000931178.193787
70000151497.479950
1.000000
70000191393.757278
70000664504.129410
70000064072.547729
1.000000
70000155607.845337
70000080587.340591
70000220431.463165
70000946580.170090
70000561471.368790
70000317426.215317
70000526667.450424
70000047692.381058
70000824126.249283
70000609573.411392
70000821847.356766
70000983578.423645
70000937143.280441
70000671993.185654
70000951262.944107
70000972720.043457
70000189282.295166
70000715725.571167
70000035619.088120
70000734349.746170
70000190466.036179
70000594794.731094
70000748535.910797
70000268829.144257
70000244013.834961
70000880756.134979
70000079034.879852
70000681106.665756
70000710060.664902
70000373880.432587
70000143621.584488
70000704271.460678
70000177667.266052
70000746623.881073
70000967305.034271
70000016635.317566
70000401471.458725
70000847064.577194
70000267780.023239
70000185013.450699
70000001892.632797
70000476908.763168
70000577337.804321
70000663738.899078
70000056972.086700
70000497359.267258
70000184650.021820
70000142218.097870
70000532049.939804
70000544548.116501
1.000000
70000950256.093536
70000983189.041245
70000756942.499313
70000472788.754654
70000925599.467331
70000895003.506302
70000320703.598755
70000225972.560471
70000714156.064758
70000978448.382706
70000447362.762619
70000181560.013367
70000416579.579269
70000785916.285721
70000871373.128006
70000106547.878510
70000527241.998505
70000271570.614639
70000114492.234436
70000719983.474609
70000205142.963989
70000597110.380936
70000880127.004486
1.000000
70000105433.273468
70000298471.310303
70000768608.404739
70000001647.808365
70000222165.911957
70000654701.418869
70000366090.762772
70000158185.886444
70000754916.416672
70000921496.909210
70000444964.595657
1.000000
70000424108.675461
70000488187.430954
70000908743.683548
70000242664.582077
70000085522.720627
70000847827.720398
70000256607.220703
70000943008.215378
70000235430.807388
70000968746.644379
70000131072.944565
70000152588.673599
1.000000
70000363518.386963
70000009262.631317
70000536292.851471
70000070461.843750
70000972152.939545
70000146554.897461
70000321861.073013
1.000000
70000559582.041397
70000073321.596664
70000408747.645782
70000065758.107544
70000702072.047363
70000238088.939926
70000308245.375885
70000465894.973419
70000850554.281784
70000934992.950119
70000373415.833328
1.000000
70000973076.057358
70000948958.247498
70000209643.560043
70000926623.806656
70000273079.323730
70000538248.404694
70000153641.104904
70000972784.358734
70000693146.620392
70000048336.929123
70000331656.335403
70000235649.459137
70000608294.731201
70000996299.123962
70000848635.275848
70000066327.485886
1.000000
70000587268.697067
70000938277.921768
70000111538.428101
70000450736.193375
70000144618.887283
70000555764.450424
70000709993.597733
70000965200.060440
70000635610.222229
70000566729.988235
70000947375.629578
70000410383.085785
70000672761.737839
70000794934.101593
70000098409.896683
70000734181.626831
70000762500.125931
70000417645.705734
70000961448.024353
70000340987.959854
70000099287.376511
70000587381.909668
70000753230.977280
70000090077.579407
70000023748.004837
70000947075.519424
70000532116.504578
70000483833.190994
70000537139.803787
70000994455.220764
70000640213.323364
70000999475.043793
1.000000
70000175459.739822
70000778228.958313
70000951824.184128
70000557614.354584
70000006102.205093
70000748170.816162
70000842341.528763
70000632734.203552
70000375749.266037
70000053804.571808
70000933550.194901
70000398205.959641
70000693943.455826
70000451731.597672
70000188484.722198
70000335762.316422
70000414297.556183
1.000000
70000412888.314194
70000173891.446411
1.000000
70000051911.736420
70000549866.945953
70000588529.852478
70000005200.126541
70000634529.967010
1.000000
70000972573.454117
70000738470.444443
70000826153.104919
70000811010.059967
1.000000
70000915916.748337
70000220751.949020
70000920964.801895
70000357585.006760
70000580670.928482
70000862604.701172
70000595839.006180
70000311330.310913
70000811904.323318
70000745649.067352
70000247635.870193
70000417251.840286
70000562350.366913
70000608133.845078
70000918690.064392
70000954110.231918
70000805479.670151
70000172820.311951
70000491660.149826
70000928048.460144
70000853329.069305
70000040287.446777
1.000000
70000413639.470642
70000644174.788727
70000224883.860199
70000764549.092041
70000650531.031021
70000658241.720459
70000488091.437851
70000152258.731445
70000941789.701630
70000398985.418137
70000475622.707291
70000831437.567368
70000630710.586731
70000620722.417358
1.000000
70000036694.957108
70000048800.608658
70000368636.205338
70000557862.205276
70000823474.356796
70000148188.795441
70000065343.040237
70000898626.840271
70000105829.725891
70000597218.142029
70000510011.560165
70000509623.294937
70000960655.065842
70000828880.175034
70000690709.322952
70000400395.223083
70000333184.945175
70000121238.243088
70000385324.771103
70000172320.868011
70000635882.093460
70000384955.992004
70000056508.567551
70000055087.988159
70000708081.892212
70000154516.844818
1.000000
70000053733.184647
70000947887.038773
70000544563.968445
70000825671.899078
70000060688.494858
70000694200.399292
70000788315.744888
70000662929.296844
70000382606.498154
70000211950.732574
70000289293.562042
70000469718.965179
70000886126.291245
70000138873.675323
70000782953.741364
70000753067.226608
70000378416.990997
70000154403.402130
70000657393.534668
70000249448.958160
70000997314.820892
70000103991.903412
70000604439.902130
70000947571.026016
0.33
 0 0 0 0 0 0 0 0 0 0 0 0 0
