1 401
1.000000
70000097217.693771
70000801116.261078
70000357184.225998
70000580861.877365
70000120689.663803
70000082323.522202
1.000000
70000869951.656631
70000348384.300690
70000346016.123917
70000002273.322144
70000312115.956970
1.000000
70000137770.116470
70000293207.296646
70000458553.629349
70000286686.125656
70000596047.569473
70000205026.058548
70000509620.750900
70000801223.478455
70000583922.943970
70000592465.699448
70000528554.759537
70000749938.198914
70000650039.825760
70000918998.598083
70000705521.690109
70000576402.594330
70000725428.663666
70000456689.886826
70000914518.151199
70000741638.145279
70000984716.015106
70000348031.081161
1.000000
70000622298.259369
70000482693.810654
70000118836.882690
70000578180.109711
70000033823.691315
70000030238.766891
70000939479.728210
70000307998.724335
70000011339.851242
1.000000
70000648224.085037
1.000000
70000800536.200958
70000505896.126389
70000724297.419785
70000011232.156433
70000590269.270676
70000051601.398087
70000372499.745026
70000490013.155273
70000718780.593124
70000378426.353271
70000598835.635269
70000570858.549454
70000667007.528290
70000131747.939819
70000069787.037094
70000197487.170517
70000992359.864304
70000838968.420990
1.000000
70000352203.627655
70000809302.598892
70000333146.207184
70000415749.414658
70000395853.801453
70000118045.788101
70000386508.392487
70000369948.585266
70000923027.404968
70000490100.882523
70000556558.716110
70000678243.458893
1.000000
70000658575.994278
70000401191.582031
70000841592.317841
70000789143.066666
70000810159.024292
70000475197.095352
70000255270.983139
70000784915.093994
70000884772.647003
70000835232.582199
70000726261.432968
70000486677.056122
70000712886.166519
70000702255.188629
70000385070.458740
70000579731.126114
70000095694.314163
70000295614.464691
70000296220.727737
70000317809.885208
70000529636.562775
70000045355.972580
70000829484.573547
70000578492.807693
70000801184.786255
1.000000
70000241261.607635
1.000000
70000746179.039749
70000925471.804810
70000177059.012115
70000648043.856232
70000863905.071838
70000672748.034744
70000225416.397018
70000021813.007065
70000147102.462616
70000304327.678680
70000829490.122375
1.000000
70000762569.293106
70000384842.002197
70000793660.401398
70000967200.768875
70000255485.862595
70000818379.723694
70000681114.343063
1.000000
70000537659.897247
70000409047.128708
70000801481.216034
70000738616.493652
70000757816.081131
70000144017.640289
1.000000
70000217154.867401
70000960199.222931
70000949539.107422
70000974327.782990
70000548630.755493
70000369323.922211
70000015971.985474
70000832403.138885
70000812763.319382
70000786770.338165
70000736129.842148
70000482313.647736
70000889431.731308
1.000000
70000053193.613159
70000538711.650787
70000881697.725586
70000755983.013550
70000481903.125061
70000391698.730850
70000661690.037033
1.000000
70000446929.172791
70000929540.596756
70000690315.004425
70000048276.389862
70000201264.289337
70000134034.533661
70000007499.936630
70000187178.188385
70000047498.437790
70000481132.780624
70000600491.826355
70000755474.369461
70000313837.268860
70000470610.303970
70000570840.728928
70000731903.388580
70000412921.397690
70000951978.228546
70000437390.698959
70000668714.110901
70000812555.286407
70000208898.514404
70000358709.149689
70000491670.011002
70000477012.745239
70000361227.754517
70000098760.795319
70000282876.087158
70000793755.509659
70000827867.967545
70000470306.472229
70000282391.419769
70000116465.174576
70000676154.656113
70000559908.329102
70000671790.695602
70000069344.451172
70000724320.735413
70000557769.103989
70000980507.455429
70000206479.698227
70000144047.931824
70000641201.512894
70000786520.279602
70000476299.170105
70000003388.101761
70000553539.013367
70000787818.147079
70000376794.078186
70000013671.596848
70000057566.178986
70000981900.419968
70000790879.138474
70000879640.493134
70000838281.981445
70000171814.040527
70000275431.386032
1.000000
70000459322.764511
70000482382.944672
70000743428.898407
70000639090.010895
70000126597.364258
70000211671.012802
70000709363.446365
70000566472.339996
70000156438.499069
70000078818.880585
70000361936.841095
70000339415.056839
70000030585.455414
70000012905.884064
70000833879.840836
70000598256.769440
70000764662.217300
70000457665.368500
70000624981.181290
70000569603.977509
70000676102.105453
1.000000
70000949853.309036
70000039670.446533
70000295637.678131
70000800692.722549
70000368314.747421
70000307066.163818
70000700079.349594
70000257562.293304
70000502739.287308
70000335354.805832
70000091778.514984
70000378381.381332
70000665414.436249
70000722835.299088
70000590407.726944
70000514148.084930
70000791001.435425
1.000000
70000388309.434158
70000826780.941193
70000989116.439346
70000531148.740402
70000131708.110977
70000843535.110428
70000082768.835526
1.000000
70000988680.269348
70000706495.017242
70000693147.504990
70000515068.330475
70000552022.725281
70000802274.343765
70000431630.984604
70000203895.074402
70000655112.026428
70000648126.942627
70000240433.270920
1.000000
70000534079.630676
1.000000
70000779768.947571
70000429222.753876
70000602971.057724
70000607297.536423
70000120525.328506
70000091826.794739
70000386528.548569
70000406952.943985
70000967228.246567
70000357308.927933
70000787975.156738
70000407396.467789
70000458060.477600
70000035251.816422
70000700179.027802
70000049572.287292
70000648779.277054
70000467584.349457
70000179515.088516
70000760567.476761
70000443782.723038
70000145800.136063
70000554336.025650
70000426781.422913
1.000000
70000786999.887512
70000408232.546219
70000822083.335663
70000205223.224640
70000432761.268829
70000716857.856567
70000781092.693680
70000075610.994034
70000231686.268875
70000144476.647751
70000590404.861206
70000816152.543396
70000127343.208801
70000473868.816910
70000783148.414902
70000717098.489090
70000253718.164764
70000094371.412140
70000592582.123108
70000912295.681274
70000147661.920990
70000352725.138611
70000595531.001968
70000359172.034149
70000837317.863464
70000947560.169128
70000041542.454361
70000995730.333984
70000483697.096939
70000399160.844559
70000709464.446228
70000504458.440552
70000034727.948288
70000014020.108246
70000360998.440628
70000009715.844147
70000884906.707993
70000346543.380295
70000279279.977310
70000927559.138229
70000884497.111801
70000329076.766846
70000108036.923645
70000333165.718018
70000287547.879761
70000355404.186386
70000550732.332718
70000314638.670792
70000522395.800751
70000208720.355652
70000552894.227463
70000299977.505371
70000232248.796005
70000541752.424866
70000864923.908325
70000788886.539291
70000530934.654144
70000357210.032913
70000097995.961990
1.000000
70000225381.678864
70000176235.275360
70000126223.878555
70000149662.264450
70000084743.875122
1.000000
70000026802.919250
70000679201.964417
70000452264.276550
70000517634.018845
70000318739.840714
70000796032.216339
70000651869.399551
70000098523.252686
70000186942.922073
1.000000
70000740968.689301
70000037222.429214
70000532194.972794
70000900825.396469
70000898414.340103
70000555349.933243
70000022422.332535
70000463534.744827
70000357668.335068
70000658410.329773
70000104860.012878
1.000000
70000780145.256378
1.000000
70000416518.041733
70000983606.815948
70000749437.287369
70000053762.684082
70000267900.095276
70000309841.308624
70000266515.191818
0.33
 0 0 0 0 0 0 0 0 0 0 0 0 0
