1 401
70000548723.545059
70000534646.821228
70000679322.237793
1.000000
70000752277.967438
70000507338.050995
70000491035.570129
70000413842.031113
70000951050.133118
70000278391.671951
70000475669.469666
70000268311.886032
70000932394.107391
70000732214.014114
70000973582.087906
70000095788.718262
70000510061.079987
70000261852.001770
70000674872.325180
70000343435.250534
70000240349.583786
70000684496.477798
70000087916.487732
70000377975.216034
70000095605.224396
70000514488.585205
70000675120.825729
70000977039.171661
70000667342.671494
70000869877.695511
70000604760.887756
70000905042.621384
70000724109.879883
70000213914.031448
70000751072.837524
70000347324.383682
1.000000
70000129101.912476
1.000000
70000005542.020355
70000091498.148041
1.000000
70000880949.102798
70000713934.534698
70000973902.526947
70000866302.609604
70000346040.345718
70000712943.147110
70000964004.732971
70000481711.387848
70000067056.771576
70000815511.703415
70000934634.095566
70000653660.784729
70000433070.725937
70000056627.779236
70000362515.133301
70000463441.759232
70000826031.757492
70000731768.609589
70000736686.434479
70000423326.269135
70000643756.770706
70000135527.735229
70000070757.206955
70000168849.281723
70000908679.201996
70000380952.665771
70000354361.092361
70000925851.951828
1.000000
1.000000
70000255976.181961
70000245929.955368
70000412459.696060
1.000000
70000746462.515869
70000495887.964218
70000010526.360275
70000476077.447464
70000376673.414612
70000414113.870087
70000298805.290527
70000117857.647781
70000827879.707367
70000970816.084793
70000184665.766541
70000351403.035538
70000387395.486389
70000924065.210571
1.000000
70000911196.286209
70000730768.817505
70000846664.664642
70000420961.323898
70000870202.281174
70000975900.340637
70000562750.865204
70000902139.949570
1.000000
70000056668.304077
70000922726.558548
70000842558.914810
70000754458.102936
1.000000
70000905478.383835
70000979312.013412
70000162885.520554
70000209552.995422
70000115154.539062
70000162308.118637
70000517477.809586
70000960717.227386
1.000000
70000044458.569946
70000014601.096146
1.000000
70000338247.881760
70000201791.232468
70000780877.278458
70000349953.507050
70000026083.436234
70000124220.157806
70000074612.446808
70000658740.607346
70000456899.524658
70000852492.938065
70000560018.287262
70000617912.379562
70000957807.739548
70000196910.209076
70000784301.349564
70000752092.739243
70000090638.187912
70000352896.270782
70000062123.813522
70000451022.880066
70000646230.387787
70000298238.199005
70000930060.298569
70000700954.605057
70000458399.890121
70000707471.119080
70000416216.889893
70000248759.429123
70000222374.711014
70000961258.954727
70000852957.535477
70000846891.899338
70000581101.631866
70000386332.177628
70000013855.223511
70000124614.888824
70000304544.736053
70000241669.294022
70000211197.327377
70000190934.352646
1.000000
70000532903.697723
70000373705.735382
70000445268.526901
70000706281.630432
70000156848.798950
70000749847.817657
70000129571.391785
70000860633.525116
70000860746.278625
70000981703.357040
70000633940.971390
70000361982.993607
70000603644.953888
70000251063.429688
70000514000.853897
70000060387.917542
70000323299.980225
70000042984.859390
70000305490.613968
70000222064.868774
70000706586.501114
70000185793.946274
70000733122.044189
70000904123.817963
70000799540.096832
70000290686.680405
70000717893.594574
70000637898.335846
70000061611.644348
70000543838.737686
70000667653.555893
70000663048.346268
70000611490.423630
70000648842.706161
70000521142.980850
70000616055.083115
70000787620.747299
1.000000
70000117593.657837
70000841366.565445
70000417177.196121
70000011931.340271
70000400266.257767
70000630959.959686
70000738832.706085
70000472553.911179
70000847129.945908
70000303173.097321
70000401350.236115
70000839605.124268
70000272383.776871
70000332064.911484
70000179444.143066
70000544879.821808
70000817049.052902
70000788282.052856
70000000109.674545
70000940546.674484
70000987108.004578
70000306939.126556
70000213666.823181
70000441572.204910
70000798809.126419
1.000000
70000685041.845016
70000313462.149124
70000063530.079605
70000664832.008499
70000384289.828888
70000888124.399307
1.000000
70000194146.244476
70000032731.726852
70000541404.425583
70000779753.859726
70000138636.585342
70000115524.000549
70000446792.957199
70000956728.845184
70000385794.811935
70000395529.107727
1.000000
70000347187.435715
70000484256.385056
70000014090.717438
70000537248.935211
70000769011.679642
70000209015.489380
70000308796.163757
70000339226.404114
70000434825.624603
70000392267.287262
70000516401.261765
70000852173.195053
70000356806.079575
70000925152.285660
70000239344.954559
70000244053.703339
70000706653.022354
70000972471.661209
70000336729.748337
70000151077.447128
70000216680.244370
70000805413.865204
70000979729.213715
70000670481.659393
70000661370.737579
1.000000
70000003701.944138
1.000000
70000241742.204071
70000244576.491226
70000911920.346481
70000095968.441711
70000581629.089844
70000332547.866196
70000113961.628464
70000813410.074738
70000004163.566513
70000308009.667313
70000478771.155075
70000963614.972321
70000430863.333206
70000326164.517120
70000559142.494476
70000609702.888550
70000151468.721786
70000420179.086502
70000656367.021271
70000731781.121170
70000739403.699890
70000287581.138199
70000240786.971359
70000854324.147156
70000604649.802444
70000770163.282913
70000312071.197418
70000902047.652939
70000860012.471741
70000645723.849380
70000077076.256058
70000745435.810440
70000802343.178970
70000473194.209518
70000839534.557159
70000041941.224442
70000433316.146423
70000961745.264587
70000018480.849823
70000677932.116837
70000737505.825439
70000652060.944916
70000622524.486374
70000602394.402451
70000245163.945374
70000734786.456436
70000769252.116104
70000373234.907394
70000219522.047546
70000936880.750854
70000269546.942688
70000714749.524963
70000216614.416214
70000287711.598511
70000079536.986649
70000974686.694000
70000760594.197693
70000703972.414200
70000466054.411392
70000440483.025574
70000572222.891830
70000346268.411240
70000889193.874237
70000703212.318024
70000013846.012115
70000309807.900345
70000079775.945816
70000059260.142853
70000571754.528381
70000522355.643768
70000846574.789764
70000389590.916107
70000986478.392944
70000760458.845093
70000923481.314072
70000322112.462158
70000458127.794495
70000050408.076736
70000993568.831619
70000255940.749161
1.000000
1.000000
70000453253.293365
70000891621.791687
70000054599.591125
70000191121.772888
70000074830.168243
70000199997.944565
1.000000
70000940126.419922
70000077724.456116
70000925863.749588
70000517616.711502
70000177264.903885
70000572888.437561
1.000000
70000241552.639832
70000805917.550705
70000633697.070618
70000668650.274200
70000435513.282089
70000029992.042618
70000090433.134430
70000504186.707932
1.000000
70000930638.204269
70000907476.800156
70000271442.059662
70000194445.710312
70000804428.687195
70000008780.139389
70000647532.468231
70000921401.250565
70000401126.369949
70000271443.295593
70000883971.257156
70000843481.008316
70000342633.698975
70000436835.411575
70000068555.750809
70000367117.234680
70000449709.136993
70000959975.444748
70000490125.680725
70000006550.617599
70000243316.606476
70000712775.347229
70000346784.211182
70000297871.899521
70000273248.865219
70000854869.225677
70000637097.446808
0.33
 0 0 0 0 0 0 0 0 0 0 0 0 0
