1 401
70000998224.756699
70000135254.498032
70000083755.557648
70000166500.400253
70000849687.081833
70000339792.433823
70000484366.900146
70000608750.636124
70000323551.831421
70000761729.044052
70000189543.451233
70000495266.971405
70000839980.748260
70000443625.458572
70000731724.061447
70000534913.460449
70000580591.972000
1.000000
70000237985.538452
1.000000
70000096167.794525
70000593687.950943
70000786788.258621
70000149499.465851
70000730129.715485
70000637903.434189
70000392920.050507
70000064256.103149
1.000000
70000428229.249969
70000282755.353638
70000641091.161545
70000968011.413849
70000178271.339401
1.000000
70000244288.072693
70000058494.541687
70000715881.951492
70000801234.650864
70000843410.103012
70000270917.021896
70000408254.260544
70000322397.467575
70000165097.595413
70000093439.701431
70000147756.326981
70000962730.177612
70000462751.957748
70000611198.163483
70000686922.874695
70000601144.190643
1.000000
70000894841.929581
70000584128.519119
70000241957.528580
70000656706.184082
70000505916.781647
70000410443.138840
70000589184.592712
70000912563.122589
70000377887.444672
70000526432.530045
1.000000
70000890334.403046
70000222831.432602
70000967235.948227
70000425124.601669
70000677801.049759
70000071497.606873
70000115071.603607
70000805197.435913
70000094574.197083
70000146935.916031
70000687912.252960
70000874210.175308
70000355388.888840
70000612334.031418
70000780308.451782
70000229724.062119
70000080347.227203
70000138260.121048
70000955874.721390
70000930149.069122
70000886453.073547
1.000000
70000655884.999756
70000115324.206802
70000843448.849564
70000476195.157822
70000734157.698334
70000132598.984634
70000174690.301331
70000590623.103409
70000201748.976273
70000858394.469467
70000106841.935425
70000032957.984238
70000131957.948242
70000685095.727737
1.000000
70000853401.454300
70000881159.921829
70000165979.028809
1.000000
70000760822.900513
70000203184.699844
70000464286.925659
70000933443.446365
70000561805.784592
70000043261.779434
70000372876.868286
70000287817.917953
70000460254.564240
70000071585.342651
70000977840.788559
70000453634.709381
70000466160.682816
70000639902.848099
1.000000
70000804119.085312
70000999134.015594
70000778656.313339
1.000000
1.000000
70000889745.170242
70000488383.876266
70000484644.983047
70000567315.868256
1.000000
70000865529.712387
70000828790.491501
70000223836.394791
70000660581.247131
70000510648.891983
70000943703.142685
70000511591.439896
70000250235.910797
70000269349.986954
70000299099.248520
70000433602.209839
70000948501.596512
70000658041.205215
70000503121.282547
70000310834.235153
70000802988.025757
70000920696.291718
70000254444.300110
70000925070.153336
70000744729.939423
70000148573.527893
70000545228.543610
1.000000
70000239185.362564
70000012099.247787
70000327370.208755
70000848263.934601
70000012826.544220
70000728826.176239
70000438847.605698
70000372921.324539
70000814538.887527
70000585881.947815
70000174409.598373
70000524536.835037
70000796003.661148
70000387158.123154
70000040536.989075
70000797459.576004
70000735519.443848
70000918699.286087
70000995783.581421
70000965272.407913
70000674001.730896
70000425590.903900
70000810064.159805
1.000000
70000182056.056793
70000853426.410782
70000333059.294281
70000038422.231201
70000565449.158737
70000148343.039734
70000001144.541031
70000297663.785889
70000823202.480591
70000591056.417480
1.000000
70000526224.913437
70000907884.736740
70000358530.245255
70000494983.706863
70000723848.643173
70000083859.453384
70000307680.628937
70000675601.544907
70000528951.982208
70000825020.448227
70000303855.822098
70000608787.886124
70000744127.830368
70000772165.867996
70000602948.393021
70000953531.382645
70000126579.959824
70000761862.265244
70000470245.355927
70000005711.530029
70000151928.147430
70000116771.404053
70000410942.376892
70000728176.749344
70000689611.556259
70000131570.187256
70000023861.832031
1.000000
70000246923.866455
70000310187.431473
70000190661.809479
70000638707.966614
70000132164.367569
70000921756.405945
70000138332.202789
70000924042.563034
70000564939.889038
70000037254.302246
70000562676.012039
70000136484.565247
1.000000
70000710773.096359
70000878422.791382
1.000000
70000219874.899429
70000640655.024353
70000478925.845749
70000292703.074387
70000795093.635696
70000533824.695343
70000465875.293930
70000754508.692017
70000071224.603867
70000500177.269287
70000509476.046875
70000005253.513382
70000202913.583862
70000491261.118912
70000454790.693222
70000772603.759201
70000332573.522995
70000500406.684753
70000760089.834061
70000680540.427261
70000484960.085098
70000299243.948380
70000665032.767868
70000714862.852615
70000031685.320175
70000171926.066559
70000513524.839584
70000990791.277588
70000923734.609909
70000203998.011078
70000088436.573166
70000096864.498993
70000374058.062805
70000002382.861404
70000255313.567215
70000091419.533615
70000186220.207031
70000940526.365799
70000699383.585144
70000624516.139328
70000499591.643860
70000870476.152725
70000251428.148300
70000982693.322754
70000258989.029465
70000231147.888504
70000749989.654572
70000009229.426788
70000260256.602036
70000112994.699051
70000834069.096222
70000100152.271988
70000051003.203857
1.000000
70000490866.086960
1.000000
70000524411.650284
70000007870.203293
70000663064.026230
70000563218.879868
70000749192.005280
70000503374.114792
70000800259.995697
70000828115.700272
70000071432.786987
70000262783.740250
70000162890.607285
70000871511.418457
70000947703.782562
70000493917.503036
70000963698.202774
70000496359.094788
70000994857.472534
70000253105.557022
70000600828.602554
70000106692.332840
70000910637.787598
70000895763.881256
70000074590.783798
70000588302.419495
70000618496.793610
70000956047.793793
70000572218.138168
70000968185.239014
70000430050.958481
70000434449.832764
70000590421.743027
70000467209.738312
70000405605.134521
70000028064.641754
70000851863.881226
70000337391.322281
1.000000
70000718567.799042
70000939409.524078
70000538792.229950
70000320993.345917
70000686375.627502
70000247765.745911
70000744761.185089
70000287942.676147
70000256970.891388
70000546094.531738
70000191469.171631
70000281404.422073
70000371117.979080
70000145999.811005
70000286277.177734
70000609905.802002
70000505202.970520
70000356839.763138
70000730876.095383
70000400119.290588
70000899039.626633
70000100065.352905
70000192385.350189
70000400364.335678
70000595600.448120
70000623758.890686
70000823910.205841
70000237599.541641
70000620631.424973
70000375177.122345
70000188133.366425
70000918289.368378
70000532913.640442
70000091700.275925
70000231532.044739
70000961173.015564
70000289469.324127
70000713213.479919
70000560287.434677
70000104479.628510
70000756717.231216
70000741809.351288
70000635343.240723
70000695258.712280
70000000007.234390
70000372002.810181
70000666053.739716
70000258287.631485
70000008826.446777
70000363514.013351
70000445880.858887
70000723882.684891
70000128726.316223
70000386525.805679
70000973472.459625
1.000000
70000440187.245056
70000747976.119507
70000631506.096115
70000289576.840942
70000250324.976852
70000822775.142166
70000732774.969238
70000120001.674423
1.000000
70000662272.811447
70000347281.746338
70000390691.590332
70000914662.440781
70000869437.611847
70000453364.664627
70000758509.259491
70000552769.580505
70000530981.658295
70000107294.884811
70000135485.913574
0.33
 0 0 0 0 0 0 0 0 0 0 0 0 0
