1 401
70000614615.748627
70000042034.603470
70000456361.276703
70000673717.809326
70000395888.056213
70000349989.220978
70000543307.283005
70000925259.594818
70000549958.356369
70000147589.868866
70000639496.999023
70000823105.580261
70000449975.249725
70000132412.576904
1.000000
70000534395.224564
70000442624.000839
70000810204.551361
70000618324.214081
70000667842.027893
70000709938.952667
70000873511.448792
70000417299.408798
70000458094.849945
70000676012.892166
70000730836.453232
70000854910.194122
1.000000
70000010430.106720
70000089144.175079
70000779436.462830
70000215532.015076
70000008429.747528
70000693771.011856
70000304773.616791
70000652819.597137
70000966584.957657
70000800684.397751
70000135515.796356
70000866125.098648
70000515518.197205
70000401808.954819
70000464314.212204
70000991664.121902
1.000000
70000194804.791794
70000838716.905212
1.000000
70000030496.100296
1.000000
70000183696.062668
70000554713.568314
70000054144.835510
70000339555.224777
70000896019.297806
70000876104.270493
70000231424.722519
70000709683.597305
70000468454.381638
70000021710.107346
70000699977.169220
70000690390.296753
70000169492.519516
70000793409.847839
70000316356.617783
1.000000
70000277784.581238
70000318032.901199
70000706734.129333
70000915663.301193
70000230608.257095
70000967794.453476
70000393554.261795
70000039658.989944
70000775230.187698
70000778989.082611
70000482583.395432
70000772004.523560
70000865553.479736
1.000000
70000168184.917419
70000742861.041183
1.000000
70000712630.159744
70000224697.414093
70000943218.392441
70000988219.006302
70000457423.333252
70000220858.947525
70000004163.662262
70000020184.784348
1.000000
1.000000
70000777555.099457
70000693043.419174
70000389936.231232
70000032829.118942
70000697227.449783
70000554327.746460
70000656120.398331
70000419966.821884
70000478771.158005
70000750377.781876
70000361415.552658
70000255769.358063
70000327696.486298
70000992236.128647
70000571243.658157
70000161847.514496
70000643142.826859
70000061664.566574
70000657471.973282
70000031416.008530
70000003926.806091
70000252929.882919
70000972368.037827
70000813507.106964
1.000000
70000117139.169327
70000310976.877136
70000453248.774124
70000581651.115707
70000430029.625443
70000399088.061325
70000328045.753799
70000530597.670517
70000758078.758530
70000431704.417130
70000748606.053879
70000927363.652328
70000970962.555679
70000926535.326630
70000934624.213364
70000860568.434219
70000367060.631897
70000028642.519424
70000780728.694687
1.000000
70000035115.591187
70000441387.169403
70000826124.792984
70000223535.004257
70000517701.289780
1.000000
70000735036.328674
70000035601.963898
70000072938.950012
70000314498.915939
70000217797.616257
70000283276.674606
70000208639.969757
70000452409.941193
70000008236.226578
70000048940.612366
70000702458.195328
70000330710.843979
1.000000
70000290908.921967
70000807313.111618
70000897806.549103
1.000000
1.000000
70000857291.362244
70000540801.473572
70000668371.454147
70000850849.487762
70000461926.789780
70000739879.888489
70000241901.255936
70000644517.810074
70000577380.935165
70000374863.936493
70000830629.248291
70000843244.860077
70000426287.969101
1.000000
70000737729.436584
70000386163.357391
70000825051.358170
70000278828.265747
70000449057.189484
70000072355.853073
70000770054.393158
70000913851.092148
70000491976.921722
70000652472.205292
70000736810.077789
70000154053.401733
70000448607.028290
70000528119.985840
70000299598.432785
70000983191.283752
70000312439.191849
70000706799.684982
70000449586.014679
70000244394.795761
70000645127.673401
70000140444.041061
70000396428.753159
70000027088.320526
70000684384.134125
70000296901.794525
70000765834.620224
70000400864.240555
70000445317.159988
70000823430.536575
70000463104.140427
70000785001.043777
1.000000
70000320731.917252
1.000000
1.000000
70000066091.419037
70000634052.302231
70000320598.039963
70000740670.051926
70000728705.516541
70000220040.309052
70000209672.492142
70000764194.277176
70000802826.307449
70000674754.287567
70000231846.383408
70000123488.854385
70000769162.576599
70000140807.423599
70000661182.677246
70000281891.809555
70000701467.834290
70000103458.818100
70000929415.225677
70000266647.284470
70000992854.128052
70000852968.125275
70000839455.514160
70000251343.727905
70000951554.615234
70000991150.729736
70000060928.801559
70000210806.312546
70000048216.434448
70000971012.422409
70000031614.372025
70000463995.570374
70000145415.587280
70000375095.908569
70000688975.047760
70000912335.988708
70000108526.287140
70000857419.833542
70000165530.757935
70000597902.766190
70000107102.938248
70000144939.973175
70000949421.510376
70000591184.895721
70000179524.935913
70000626677.970886
70000639658.352066
70000394100.910461
70000380133.828293
70000955346.087952
1.000000
70000317460.437088
70000344627.030807
70000045101.244522
70000727826.483429
70000405854.062775
1.000000
70000056103.386673
70000644206.701599
70000100064.658249
70000528431.733643
70000764027.276596
70000868890.263535
1.000000
70000622641.604507
70000970973.520248
1.000000
70000841232.502808
70000674149.774124
70000567832.576035
70000413091.724686
70000231273.959290
70000901457.486450
70000035115.884903
70000923545.314377
70000298014.777191
70000042469.399124
70000302382.094513
70000835907.910675
70000344292.091064
70000824549.858124
70000015035.763763
70000885787.088806
70000304169.703293
70000056738.226868
70000686176.007629
70000347021.179703
70000349373.019897
70000951985.146179
1.000000
70000001335.957520
70000712092.478714
70000138195.914307
70000130065.648834
70000499426.002090
70000708018.456650
70000922607.477020
70000658631.258850
70000808305.261536
70000723360.785400
70000732082.742294
70000297036.147964
70000700195.820404
70000344230.016602
1.000000
70000211920.878967
70000553970.522827
70000581096.317230
70000901964.033813
70000193325.074783
70000614544.839645
70000388590.021667
70000590762.002274
70000030608.089355
70000046439.051926
70000163075.444733
70000046850.762451
70000845909.113831
70000895897.193420
70000006937.393326
70000864646.151321
70000342599.382812
70000085169.042313
70000526855.408875
70000361070.233932
70000503090.916977
70000082360.793350
70000370732.883179
70000067329.711868
70000657553.446075
70000208887.838791
70000795486.795456
70000760872.453232
70000079601.051239
70000298223.261795
70000224439.471207
70000573996.211914
70000406840.447479
70000035043.020554
70000024709.872574
70000674566.199722
1.000000
70000386311.980881
70000376601.737564
70000831262.150574
70000155479.321762
70000117109.075500
70000051434.045029
70000006029.688019
70000739427.441269
70000195342.617188
70000796127.535248
70000754827.251602
70000800843.435852
70000187551.349106
70000766231.362976
70000027956.198181
70000936606.425919
70000875142.313522
70000804109.777252
70000724708.956070
70000686691.530243
70000985446.458115
70000921627.014832
70000063754.632950
70000334328.080582
70000478444.500534
70000205402.582932
70000215086.157562
70000596786.656677
70000737472.264908
70000699576.553391
70000062435.324478
70000757986.637619
70000935413.050140
70000764153.569839
70000673587.185669
1.000000
70000794546.369812
70000818626.776978
70000858122.624252
70000229725.474075
70000911517.908981
70000069275.169113
70000121892.445374
1.000000
70000805204.975876
70000366084.166199
0.33
 0 0 0 0 0 0 0 0 0 0 0 0 0
