1 401
70000792323.934418
70000981330.667206
70000193917.778000
70000448017.409286
70000162707.137466
70000090782.162979
70000830578.941772
70000282153.421631
70000399710.392899
70000453570.474060
70000914712.272827
70000076713.226547
70000559504.591858
1.000000
70000405725.210999
70000755476.703094
70000801922.016388
70000120836.750549
1.000000
70000934824.079239
70000968279.135223
70000716523.440598
70000347608.573303
70000215884.994507
70000023128.106613
1.000000
70000773628.334122
70000104547.090515
70000451808.471954
70000451940.604553
70000315612.682205
70000169305.365158
70000933188.698929
70000490359.001450
70000464454.508972
70000480608.899155
70000825034.581665
1.000000
70000396149.695435
70000950059.981873
70000795596.874741
70000501568.897934
70000915021.095795
70000637590.009186
70000820321.735443
70000452128.930267
70000505306.180756
70000086187.122223
1.000000
70000991519.167252
70000037892.885330
70000289979.559799
70000327274.960251
1.000000
70000132760.632401
70000572554.667542
70000331832.980743
70000197512.614532
70000252687.489304
70000874732.202423
70000468005.276520
70000247011.450256
70000057291.016678
70000927479.852722
70000543856.021561
70000109196.678528
70000074953.143280
70000662072.050308
70000337378.934952
70000827678.825470
70000150374.244186
70000333207.085785
70000478085.893890
70000902483.466370
70000100133.031464
70000146479.955948
70000104656.133942
70000223248.572418
70000647681.444336
70000835119.630203
70000940870.317734
1.000000
70000192165.973785
70000165866.455017
70000184338.729538
70000780542.231247
70000497570.752197
70000744700.679718
70000447062.407166
70000733012.263184
70000982369.991287
70000187525.161087
70000434400.389023
70000168074.737350
70000348595.119568
70000019179.804657
70000288759.687515
70000516644.261505
70000125877.284149
70000961386.469727
70000726786.164658
70000434945.726685
70000302002.440216
70000940456.660324
70000935719.994644
70000434727.705383
70000265348.130539
70000142851.424545
70000893768.358887
70000103504.802795
70000852711.400772
70000133801.434860
70000474248.690353
70000691604.825775
70000909925.768539
70000683703.386536
70000758500.613861
70000210811.160660
70000907260.888489
70000390780.040329
70000889860.954422
70000584658.114639
70000978031.545364
70000529950.773788
70000379809.745377
70000497120.960983
70000674185.567032
70000707128.102768
70000087644.647507
70000019402.248428
70000481273.432465
70000710985.513199
70000274883.622009
70000068990.337646
70000270933.699127
1.000000
70000901979.263260
70000731284.512207
70000726013.558212
70000836892.964996
70000691715.798309
70000965936.434448
70000727663.237289
70000928491.979599
70000979156.759857
70000886871.912582
70000828807.346634
70000704970.721878
1.000000
70000593168.696396
70000874309.021774
70000732946.737717
1.000000
70000842415.609543
70000781141.838974
70000843818.902725
70000889457.098190
70000793028.568253
70000520514.734543
70000024647.416931
1.000000
70000489433.168320
1.000000
70000469989.641113
70000380269.164169
70000942308.027145
1.000000
70000497072.292694
70000462581.502304
70000201330.305847
70000592600.167755
70000137200.577545
70000883529.368225
70000971208.933258
70000749205.039474
70000133653.362701
70000353475.789810
70000990066.451431
70000377134.765030
70000120093.289688
70000944095.815826
70000777013.990280
70000061811.398895
70000951671.109314
70000713730.588165
70000124828.884872
70000829243.855911
70000347286.806519
70000644280.174911
70000622321.073654
70000409287.072205
70000414085.488541
1.000000
70000518815.962738
70000556235.328735
70000939869.155365
70000967780.853104
70000267235.852264
70000221028.408066
70000890542.725250
70000139309.730377
70000855795.449448
70000850186.903320
1.000000
70000555138.272095
70000054510.957687
70000593612.481903
70000947492.417465
70000432826.413986
70000531918.912308
70000185294.757156
70000290822.540039
70000727161.308762
70000875109.304184
70000044909.022217
70000404992.995193
70000761911.996414
70000204340.862976
70000490027.537872
70000100927.706177
70000800621.005173
70000325069.850876
70000832223.757782
70000383265.108780
70000268968.386963
70000534047.019302
70000598760.956467
70000655402.002914
70000890721.960327
70000628638.815353
70000204075.727798
70000654596.106033
70000637484.995331
70000307916.403305
70000441044.419739
70000461266.110474
70000756258.612991
70000528037.024078
70000485211.757706
70000190910.209457
70000116485.521530
70000305902.850464
70000279281.101410
70000294018.969604
1.000000
70000755187.949615
70000360126.329086
70000163944.376572
70000517337.443161
70000925304.698212
70000835244.441406
70000411807.680847
70000786675.515305
70000373185.808105
70000947876.831848
70000367810.336121
70000038341.767807
70000049819.151993
70000883538.286240
70000615099.100723
70000994705.128952
70000401742.127869
70000840283.219498
70000104552.486847
70000641468.692780
70000107295.672714
70000706726.529053
70000293611.173401
70000378463.418518
70000489513.257889
70000569023.468216
70000580506.403748
70000185593.193222
70000399353.226532
70000871369.249817
70000736708.005692
70000860596.139969
1.000000
1.000000
70000334898.202118
70000541294.001572
70000992169.511368
70000079060.252136
70000362447.749817
70000905884.206512
70000014685.112152
70000080406.138062
70000482075.727203
70000117307.925400
70000919145.262070
70000822554.419113
70000165333.253143
70000512266.649185
70000472289.460983
70000015923.746338
70000549079.320694
70000337958.681976
70000631954.507126
70000713563.619354
70000281714.340759
70000639479.888901
70000647762.537354
70000997033.881958
70000377586.548813
1.000000
70000438404.758865
70000259520.099686
70000553297.759369
70000868996.644653
70000444552.050674
70000705675.009384
70000761763.187836
1.000000
70000994264.191223
1.000000
70000251962.479691
70000768696.417664
70000882228.841400
70000098736.027481
70000572321.141617
1.000000
70000956672.621399
70000669380.741608
70000337720.461105
70000747987.450348
70000944676.641953
1.000000
1.000000
70000058488.087997
70000196536.400345
70000782250.607224
70000801898.619720
70000002046.888992
1.000000
70000578311.109573
70000137050.345474
70000078176.958359
70000160590.956665
70000340647.839935
70000213248.588181
70000082436.762817
70000491017.576172
70000953039.535049
70000138373.207108
70000098874.906921
70000639289.689651
70000399092.268478
70000456035.681290
70000998433.414566
70000056779.986725
70000691744.978226
70000584953.382004
70000157448.897491
70000379674.431183
70000463978.522232
70000004216.949722
70000635585.089844
70000412627.561752
70000306701.390564
70000382420.716171
70000339823.983871
70000060799.306152
70000500561.092728
70000072794.857910
70000180168.342560
70000056049.676483
70000896389.510376
70000255313.650482
70000498040.131500
70000647010.470261
70000881623.851349
1.000000
70000575505.983292
70000614141.661240
1.000000
70000045917.331711
70000195798.771393
70000795039.460983
70000618602.526291
70000884341.332642
70000226240.264114
70000982822.733475
70000275011.722137
70000626974.764771
1.000000
70000057633.984283
70000071216.886993
70000721002.729980
70000182088.017212
70000888384.171127
1.000000
70000555229.225800
70000580837.132385
70000505097.212708
70000284107.606476
70000209634.175308
70000941651.694962
70000440011.511612
70000680444.636063
70000188429.567596
0.33
 0 0 0 0 0 0 0 0 0 0 0 0 0
