1 401
70000460102.938232
70000777590.227646
70000460545.662186
70000308144.518127
70000734682.913437
70000856470.870880
70000041210.634460
70000835518.316803
70000695779.416611
70000407270.037231
70000223410.507889
70000483188.847763
70000755932.049484
70000056593.040146
70000666963.937958
70000544886.187653
70000157144.093826
70000314817.823227
70000711690.511505
70000984293.550735
70000471140.668060
70000799750.559708
70000304762.385635
1.000000
70000291055.288330
70000534993.482956
70000990412.677002
70000499510.060379
70000540602.959763
1.000000
70000103201.534210
70000422448.773148
70000997699.245026
70000202534.661133
70000274550.652924
70000456967.268372
1.000000
70000615290.170212
1.000000
70000246433.312668
70000156142.130402
70000154554.691681
70000901655.438751
70000613298.169876
70000336002.504059
70000492368.320694
70000154156.246857
70000532172.433258
70000829310.715988
70000427314.645187
70000651312.976913
70000377486.079514
70000034870.231949
70000369693.719727
70000060718.418472
70000669842.775940
70000682614.086914
70000610632.390884
70000662808.681213
70000031307.412781
70000878480.102951
70000182291.609894
70000545770.524582
70000579910.697800
70000578728.229980
70000781858.719696
70000253055.362549
70000020483.431763
70000113661.642975
70000123006.180405
70000249653.651871
70000235660.612411
70000978982.433807
70000782992.786880
70000045357.694595
70000302526.787949
70000843445.573288
70000774840.847427
70000716555.176300
70000370169.361679
70000612398.439392
70000335499.935379
70000446820.416763
70000793726.721848
70000879997.060455
70000557221.353531
70000842437.105743
70000348424.587677
70000790291.737183
70000998451.690125
70000726087.069901
70000763096.255035
70000246157.167130
70000309031.918976
70000825847.638290
70000145393.238815
70000182282.534378
70000775457.783463
70000980726.280396
70000762696.142776
70000887120.901779
70000523841.572449
70000886381.902405
70000243109.390579
70000257490.021088
70000781433.562317
1.000000
70000045751.558899
70000676905.409668
70000474796.409271
70000740027.066696
70000729710.763611
70000548060.331253
70000387286.663483
70000397228.644562
70000904422.344406
70000875286.340393
70000026661.184418
70000398251.849808
70000141769.947479
70000409540.807434
1.000000
70000618749.130966
70000691423.121368
70000973284.794861
1.000000
70000699678.764175
70000955858.395767
70000855887.244247
70000712525.754669
70000281907.045883
70000354164.344818
70000985005.934601
70000421412.173706
70000426030.571732
70000683298.375748
70000228557.590057
1.000000
1.000000
70000308441.010986
70000255325.168640
70000513298.481323
70000184004.582855
70000673701.353699
70000978793.268921
70000984972.868011
70000392859.341125
1.000000
70000251710.722809
1.000000
70000196638.179718
70000435743.642960
70000996971.442383
1.000000
70000614770.729538
70000730849.901123
70000516194.921692
70000505634.592972
1.000000
70000708848.625824
70000614658.751602
70000131465.000595
70000138171.960953
70000107813.418137
70000958104.346527
70000556428.321274
70000802587.833755
70000557035.120895
70000752305.750320
1.000000
70000638314.126846
70000186928.602600
70000201991.359268
70000744509.196228
70000630277.628693
70000943157.795197
70000272170.831818
70000680871.679047
70000743127.913284
70000305110.097000
70000863326.209778
70000376738.941223
70000752042.681091
70000797696.948700
70000733686.197113
70000755287.760376
70000997368.879364
70000616113.660599
70000308259.563095
70000342194.408096
70000749325.177078
70000135526.564697
70000684057.175278
70000471065.241302
70000622960.953003
70000452857.930054
70000990444.060959
70000485975.985901
70000810404.111557
70000757664.269119
70000754438.746109
70000672739.665924
70000744041.704117
70000837018.327042
70000299292.242294
70000134163.184219
70000719931.920761
70000290253.792664
1.000000
70000735367.540359
70000139920.293091
70000506182.646805
70000042082.639908
1.000000
70000431932.171677
70000732260.278595
70000778688.446793
70000432184.217834
1.000000
70000890754.160599
70000525365.462524
70000247860.605392
70000841442.070587
70000858241.578568
70000600159.856964
70000946346.631699
70000968097.042572
70000169903.419052
70000342728.485077
1.000000
70000035503.980713
70000224289.361176
70000621805.874985
70000109725.185043
70000479406.332047
70000015431.101013
70000870592.120438
1.000000
70000888945.877075
70000535057.920532
1.000000
70000191437.162521
70000233197.376404
70000399293.002213
70000075904.671417
1.000000
70000276702.035797
70000896646.460449
70000810353.973740
70000760802.028946
70000896226.936813
70000187071.275085
70000354372.957932
70000081361.009857
1.000000
70000456845.210617
70000182093.933975
70000345680.722076
70000851518.563644
70000086782.906860
70000510979.017456
70000186231.931473
70000463902.517334
70000708735.942810
70000546760.776459
70000261230.643158
70000986327.985504
70000319535.530060
70000661869.239014
70000360524.008453
70000729815.690460
70000578407.495209
70000248832.932922
1.000000
70000303640.239105
70000081284.090637
70000332088.991669
70000620601.533981
70000077913.915802
70000278473.787613
70000483852.837570
70000210618.828705
70000472414.507324
70000747826.074295
70000684812.607010
70000185911.521255
70000053422.708176
70000131503.015991
70000343863.293060
70000103261.433258
70000332609.974731
70000599123.062500
70000141882.552124
70000840252.126007
70000907841.008072
70000358006.190598
70000423683.554123
1.000000
70000425265.372803
70000190033.005997
70000591869.512863
70000341831.692688
70000610395.493973
70000621291.940231
70000520783.617218
70000053494.086121
70000139966.261444
70000745878.686264
70000233809.565063
70000286122.087067
70000387509.408752
1.000000
70000440547.667313
70000652417.107086
70000379681.879196
70000601008.501007
70000989320.135361
70000227644.935181
70000990284.408142
70000635979.840927
70000156270.058334
70000577239.269547
1.000000
70000880949.472961
70000265976.911087
1.000000
70000691171.511002
70000370301.934418
70000958489.728333
70000433754.054077
70000020032.581543
70000630690.459564
70000118820.863083
70000761358.806931
70000652813.170532
70000959236.044067
70000297281.551865
70000657228.066498
70000694346.638443
70000571708.487778
70000113189.607407
70000323631.150894
70000476425.916733
70000859082.107147
70000438750.939636
1.000000
70000857102.354477
70000907382.946655
70000951633.346069
70000944200.158661
70000171019.196686
70000219192.301910
70000198120.084335
70000047293.867828
70000238076.911362
70000911214.382523
70000042268.492706
70000097382.460953
70000306414.130859
1.000000
70000344390.373993
70000099285.150253
70000447933.076111
70000697932.695679
70000870529.965729
70000298363.752075
70000241719.261276
70000682949.196838
70000013419.449997
70000105058.259399
70000003561.129196
70000889035.163620
70000963889.099976
70000479177.217316
70000279214.298447
70000174276.186218
70000276470.970963
70000752420.906021
70000227763.737244
70000388311.132736
70000452118.303299
70000926266.220047
70000001974.284790
70000845501.820526
70000311741.685684
1.000000
70000807708.261078
70000252385.814987
70000501491.714600
70000676067.153183
70000931755.832291
70000476689.305527
70000158596.956223
70000334927.119186
70000960722.991135
70000282280.207825
70000008669.781448
70000960684.258347
70000068822.877136
70000008488.464905
0.33
 0 0 0 0 0 0 0 0 0 0 0 0 0
