1 401
70000576591.711288
70000601447.142288
70000922246.940765
70000898705.990189
70000567358.873947
70000807867.422318
70000309624.222198
70000800760.398148
70000164311.499695
70000930425.475174
70000186402.841003
70000487584.381287
70000429311.087402
70000636151.159805
70000561615.176285
70000931612.835388
70000248498.724899
70000478412.619278
70000690103.709244
70000878701.128708
70000168173.296249
70000762335.981430
70000843546.254227
70000955349.159790
70000441352.850464
70000233952.175873
1.000000
70000601273.470673
70000779007.886917
70000580087.517166
70000738164.113281
70000305660.695969
70000065316.593689
70000902858.271347
70000779946.089432
70000678735.481659
70000828467.565765
70000389077.819977
70000714734.837143
70000619983.660172
70000907282.158936
70000231417.937469
70000357519.252930
70000154045.305237
70000586961.706253
1.000000
70000377712.319733
70000988363.895889
70000501917.815872
70000905772.326996
70000993957.632431
70000472289.180939
70000809934.664230
70000428996.867401
70000058327.121124
70000535732.274002
70000515677.554047
70000728160.131699
70000927552.126602
70000937937.812668
70000741486.422699
1.000000
70000084095.135178
1.000000
70000853651.159866
70000316699.687607
70000291919.805634
70000280393.273941
70000973056.946686
70000777332.933075
70000440267.617233
70000815526.399582
70000469672.534607
70000060130.080139
70000911429.475739
70000479351.894363
70000267921.898514
70000942520.152832
70000251339.718948
70000739192.950058
70000963852.672256
70000171380.243774
1.000000
70000304341.658936
70000492386.339417
70000156154.984650
70000696394.856918
70000590632.648499
70000742387.634552
70000535178.045227
70000246097.992859
70000867396.865128
70000448118.002701
70000507358.137238
70000475938.513702
1.000000
70000564647.871918
70000255957.569031
70000020156.941864
1.000000
70000956410.090118
70000883118.580246
70000279490.571732
70000956351.161224
70000498172.890579
70000232319.535202
70000228999.529480
70000403879.245361
70000753357.612732
70000582259.968613
70000271600.707870
70000939535.945587
70000619346.527664
70000485899.993500
70000192517.582916
70000463979.007187
70000102349.199615
70000409263.721619
70000529820.045547
70000052518.267776
70000748624.793320
70000589820.182236
70000472066.141418
70000203836.240555
70000682398.926514
70000726167.928635
70000877626.176163
70000575087.758499
70000358051.488831
70000963166.091064
70000751046.574265
70000659105.962189
70000037244.088745
70000783829.623199
70000853374.364380
70000329835.425583
70000394047.300354
70000255043.582748
70000798756.123520
70000991697.022034
70000712419.471207
70000429773.778976
70000766494.439606
70000432442.353668
70000853864.511673
70000501242.840927
70000780461.351074
70000095940.939285
70000836768.854340
70000334027.454803
70000299017.013519
70000768565.897995
70000701507.972488
70000149229.539749
70000583513.499954
70000212528.208923
70000080105.078354
70000266108.006500
70000632504.549332
70000717288.801834
70000494875.439804
70000336951.926819
70000303144.511703
70000842628.574402
70000870092.869431
70000533604.915527
70000263203.767410
1.000000
70000213522.625443
70000885672.339142
70000146179.520721
70000436751.373611
70000615466.245544
70000614250.125626
70000413553.468033
70000949268.166672
70000345496.222885
70000601433.315704
70000753457.210083
70000340273.357025
70000008920.601868
70000968835.471313
70000560402.301956
70000759189.681580
70000131356.815750
70000065732.033203
70000536466.252136
70000720394.466354
70000718778.353806
70000901084.322708
1.000000
70000283085.700043
70000645073.536865
70000137030.823257
70000042314.001938
70000209192.954132
70000047069.477875
70000994647.384476
70000653364.182800
70000906837.129166
70000567794.702805
70000342681.717255
70000932486.192322
1.000000
70000175494.361572
70000279927.467789
70000705395.583023
70000452487.626923
70000747845.050262
70000519282.159714
70000706989.758316
1.000000
70000402595.389175
70000349949.948944
70000709435.209274
70000302989.897827
70000909952.195389
70000031542.477478
70000205541.138062
70000432335.171509
70000355085.738022
70000506535.857101
1.000000
70000843660.360550
70000328299.608948
70000530350.200684
70000785852.640839
70000856290.746201
70000690111.486008
70000873400.397873
70000181201.061523
70000696701.259705
70000571347.206131
70000974372.820114
70000769145.036636
70000058795.724365
70000205231.087097
70000324580.907516
70000815291.077835
70000983945.289841
70000829399.521469
70000456529.252319
1.000000
70000500475.936478
70000486749.475891
70000566850.363464
70000489386.092514
70000848835.988510
70000242245.751694
70000525292.402084
70000207104.663330
70000753692.764725
70000044875.539780
70000229986.518158
70000343941.254730
70000161691.539078
70000408331.414749
70000176067.644608
1.000000
1.000000
70000435766.334091
70000640845.453812
70000864092.847107
70000547406.247406
70000279149.800446
70000855847.610046
1.000000
70000477128.016418
70000146325.882278
70000273807.947525
70000350953.353714
70000739344.665619
70000140024.456985
70000666108.832626
70000285224.176331
70000800922.669540
1.000000
70000114994.539398
70000470934.122360
1.000000
70000595275.153809
70000330266.437881
70000654462.479996
70000052813.516556
70000649749.438705
70000097373.788086
70000120943.341599
70000710268.697830
70000423973.005005
70000401149.022171
70000080390.224472
70000572040.203964
70000213108.110077
1.000000
70000024679.363037
70000683590.568665
70000045444.466614
1.000000
70000062824.198669
70000582854.175125
70000840042.926056
70000034152.064636
70000407020.863983
70000795812.453888
70000813111.027145
70000021935.053421
70000199292.521729
70000546497.764053
70000370769.220688
70000310283.088943
70000760116.640747
70000554499.779205
70000919473.307297
70000357304.163925
70000135486.632294
1.000000
70000744855.321228
70000069990.054413
70000383112.219437
70000033187.272537
70000930095.304138
70000151513.852066
70000832306.372589
70000266966.622711
1.000000
70000589871.640381
70000518060.471573
70000525090.903397
70000668640.794373
70000970561.896164
70000557720.902893
70000390863.024170
70000025200.006866
70000790366.708588
70000030948.932480
70000459385.413452
70000659721.035049
70000803533.815323
1.000000
70000504148.363998
70000864328.148270
70000639733.928375
70000387671.279312
70000986822.612274
70000726286.379486
1.000000
70000942636.365768
70000369967.270889
70000881904.008209
70000636491.937698
70000315269.471375
70000385932.349930
70000850951.179153
1.000000
70000293713.594757
70000254349.468079
70000364638.072311
70000286928.828720
70000113048.773148
1.000000
70000571869.602493
70000447782.910721
70000550446.823349
70000811463.170212
70000535244.033859
70000416285.082733
70000582941.301849
70000797792.197281
70000566793.566864
70000622540.566010
70000918541.690140
70000022100.669983
70000617298.027008
1.000000
70000652357.039993
70000947966.443787
70000623345.767990
70000725183.034836
70000752153.476074
70000725269.344498
1.000000
70000279053.962921
70000555639.749664
70000367677.668365
70000512163.435806
70000757385.054565
70000841897.524109
70000083834.849182
70000437026.069702
70000142183.131271
70000583699.718597
70000378624.392242
70000218556.326736
70000966126.021698
70000556511.988281
70000537810.836563
70000582648.475540
70000765528.821899
70000300213.706528
70000060396.200394
0.33
 0 0 0 0 0 0 0 0 0 0 0 0 0
