1 401
70000255925.028717
70000860152.378922
70000632293.925461
70000287131.395905
70000927892.138885
70000992840.026001
70000689053.288574
1.000000
70000537045.298737
70000696580.921906
70000978511.259308
70000330408.876114
70000670723.841232
70000619424.263107
70000792974.839279
70000530549.412277
70000409338.806046
70000374269.874878
70000167336.744461
70000630229.936691
70000568612.742233
70000720723.588211
70000049622.388229
70000217632.234543
1.000000
70000877929.475098
70000180872.660522
70000339393.816711
70000787135.789185
70000188029.216309
70000946753.816711
70000735043.409073
70000902595.200089
70000701379.778275
70000724617.856491
70000372341.970276
70000677429.707687
70000604433.611588
70000570033.596649
70000718923.437576
70000329462.385071
70000066603.849030
70000940095.376907
70000633623.221512
70000794710.637466
70000872715.577713
70000341962.306732
70000833915.173935
70000114351.911835
70000399426.636642
70000401752.223831
70000527784.168121
70000083239.961807
70000262343.401245
70000371285.648499
70000239637.606354
70000021889.718262
70000802347.786438
70000964041.763138
70000951173.660904
70000328594.655045
70000398721.646286
70000013616.614243
70000377024.448471
70000360413.775162
70000678126.039215
70000275918.019775
70000734620.252808
70000272848.061646
70000795418.520874
70000647737.475189
70000817379.498474
70000113034.208450
70000963176.619186
1.000000
70000772450.456223
70000668649.074814
70000758501.309021
70000185933.532928
70000602396.310165
70000859028.673965
70000001153.048325
70000851387.247910
70000407181.373306
70000442825.566208
70000929050.374741
70000494071.246689
70000422131.948151
70000311644.935547
70000560248.238831
70000566701.265381
70000537554.034363
70000925147.231766
1.000000
70000572093.922775
70000627131.843903
70000081063.137115
70000060635.976242
70000993051.783463
70000986026.541748
70000052159.808426
70000504861.501541
70000419690.103424
70000758942.786057
70000934550.658844
70000112418.587021
70000266459.972931
70000557528.199921
70000930383.426407
70000901420.279434
70000912986.891846
70000936506.913818
70000625333.163895
70000997996.376831
70000644067.504807
70000321960.413254
1.000000
70000602187.053558
70000359831.464432
70000874321.777557
70000162073.266998
70000007899.711670
1.000000
70000304342.686737
70000829676.301483
70000661910.089569
70000946281.479019
70000951397.864975
70000546515.588745
70000377425.025177
70000577458.441299
70000288034.090256
70000008021.159744
70000912928.037308
70000970929.563919
1.000000
70000207787.473511
70000637469.397522
70000713567.331848
1.000000
70000328393.886108
70000522027.511963
70000668575.088715
1.000000
70000489254.584915
70000869874.718552
70000684837.494400
70000372972.486893
1.000000
1.000000
70000321136.653870
70000394135.118881
70000832980.678757
70000067931.006699
70000157038.517685
70000293512.545624
70000356693.216080
70000026727.795898
70000678110.500000
70000939353.146088
70000071777.372681
70000210559.835602
70000189006.946075
70000632622.466446
70000300765.676117
70000512963.208221
70000275388.187332
70000731736.007965
70000784042.030106
70000311453.960831
70000651340.907257
70000023485.480225
70000604047.113113
70000614284.453796
70000567309.392441
1.000000
70000837777.931381
70000735865.128036
70000797932.197327
70000823649.520615
70000875405.873688
70000292033.612030
70000570113.895615
70000318353.871704
70000090793.295456
70000074880.444412
70000913310.780518
1.000000
70000640781.825653
70000044917.671082
70000596052.328629
70000189392.522888
70000892491.143234
70000288743.304260
1.000000
70000962969.693176
70000153638.054047
70000393130.106506
70000056120.430191
70000403859.494263
70000168972.254166
70000948230.898895
70000012567.172821
70000518098.511581
70000689885.714523
70000386946.817886
70000314431.344284
70000393252.984650
70000729149.681595
70000287413.893250
70000734839.050217
70000480030.890640
70000667079.367813
70000347171.813049
70000721941.682404
70000713611.191360
70000283488.922653
70000758789.163742
1.000000
70000612273.665497
70000056662.603271
70000742969.708939
70000678832.662308
70000933370.320419
70000416101.305695
70000733969.503647
70000498952.974213
70000649442.956329
70000077791.915466
70000427467.342239
1.000000
70000945742.929520
70000622840.442383
70000067116.144531
70000212975.207062
70000189545.207626
70000924629.030731
70000995185.187988
70000091486.075455
70000756536.543808
70000721715.020096
70000961541.953064
70000067808.960495
70000801502.383163
70000350832.334549
1.000000
70000515884.181915
70000301421.419922
70000685801.485016
70000307071.406723
70000838356.309402
1.000000
70000633019.948914
70000823421.902039
70000506387.386276
70000624491.677261
70000437500.748306
70000632969.200836
70000534827.172485
70000164027.391953
70000484655.419266
70000458456.026016
70000460341.801361
1.000000
70000525877.500214
70000106324.840668
70000602654.274185
70000954898.480270
70000666159.019913
70000207234.491623
70000505626.497772
70000109392.678741
70000863037.174240
70000021430.130692
70000052473.638962
70000596553.317673
1.000000
70000838446.788284
70000696550.671967
70000601740.694962
70000857554.709183
70000612355.907944
70000054923.526321
1.000000
70000614579.650330
70000129527.879990
70000436050.879242
70000250453.689560
70000352678.571152
70000901533.977982
70000725685.794418
70000581276.572830
70000816083.607498
1.000000
70000165351.196121
70000011414.081924
70000179941.532227
70000631487.722702
70000170302.447739
70000633562.325958
70000821544.849380
70000464417.436264
70000294200.587082
70000263139.725403
1.000000
70000236935.687332
70000848697.119034
1.000000
70000069996.757416
70000032357.820648
70000703157.163666
70000184081.756516
70000528497.175949
70000472317.718430
70000326401.966324
70000483043.814804
70000484093.490265
70000328102.654999
70000867035.194748
70000912456.011078
70000917977.436829
70000869191.662262
70000022262.498123
70000498317.034073
70000816357.710617
70000630880.091354
70000777489.768311
70000126326.546356
70000666100.811768
70000364006.388626
1.000000
70000098767.131989
70000485325.256027
70000544081.344269
70000572628.209702
70000748463.869568
70000158055.879364
70000570419.053375
70000040307.256165
70000916195.037277
70000172774.203674
70000071855.972214
70000196902.763504
70000333575.311844
70000577707.834839
70000037994.217590
1.000000
70000785720.661423
70000331293.381775
70000607742.549118
70000105130.400665
70000136180.337967
70000201629.265915
70000340597.390579
70000853165.024887
70000430139.550919
70000088226.773392
70000856633.404602
70000283763.407700
70000947824.926361
70000516631.349304
1.000000
70000422338.132217
70000575829.691864
70000209947.619522
70000690699.117065
70000374786.330902
70000291180.748367
70000891409.614914
70000330264.925140
70000272773.895737
70000658618.486389
70000292434.690109
70000098321.831177
70000081649.850174
70000883501.277695
70000268844.975845
70000187806.946686
70000773742.578690
70000790816.539429
70000458415.720215
70000787682.490448
70000372530.288788
70000910967.199341
70000876847.232361
70000911958.395645
70000624816.844742
70000517485.324020
1.000000
70000720558.872482
70000059940.755951
70000710210.809647
70000241952.683121
70000939442.087677
70000246768.272034
70000297176.538544
70000872863.079895
70000664407.593353
70000449564.142319
1.000000
0.33
 0 0 0 0 0 0 0 0 0 0 0 0 0
