1 401
70000132892.684387
70000768816.311539
70000944187.228287
70000085478.811325
70000253339.863953
70000955110.233337
70000880070.756760
70000628387.328796
70000729865.035141
70000709700.871613
70000515032.820557
70000962550.661057
70000361428.672424
70000305013.566727
70000300124.048676
70000026180.427429
70000620913.786423
70000287400.854172
70000315865.543442
70000580523.032745
70000953080.404114
70000319105.667572
70000515024.104935
70000480253.603043
70000883661.169632
70000018544.827545
70000961341.252045
70000061402.550995
70000584183.010025
70000671008.411987
70000347198.794693
70000963393.652954
70000230341.153656
70000339651.277237
70000835319.112244
70000092907.102554
70000248329.862656
70000302661.783737
70000557858.867599
70000260360.731140
70000111221.700607
70000090882.922058
70000115003.969208
70000656868.466324
70000301318.459061
70000481350.234970
70000339037.470245
70000688938.535095
70000099570.965027
70000822368.181641
70000183307.272034
70000198810.955444
70000610440.344849
70000784795.943253
70000835854.061295
70000935554.671249
70000520265.955963
70000022969.393646
70000193742.931885
70000014515.549072
70000218461.649704
70000685739.355362
70000283470.878616
1.000000
70000188823.364578
70000125480.836349
70000241726.735596
70000357326.058975
70000751666.879486
70000029237.071167
70000866890.150436
70000002195.902878
70000743698.254272
70000370021.829071
70000768449.818359
70000755367.297318
70000791577.855103
70000640284.849319
70000762114.053986
1.000000
70000083641.285919
70000806271.209579
70000667489.624252
70000112323.842072
70000329161.738052
70000673071.637207
70000416980.267838
70000151267.677322
70000951051.498138
70000351494.421371
70000059022.544113
70000911819.936417
70000583381.396454
70000227355.910919
70000598587.673798
70000364268.613556
70000157689.335785
70000622776.961685
70000009945.153442
70000947696.531342
70000566473.665344
1.000000
70000245423.073578
70000871779.734344
70000297190.480087
70000328609.404892
70000822613.516937
70000821815.615326
1.000000
70000542591.452301
70000220444.513840
70000505253.455017
70000565659.221954
70000904991.206833
70000879178.609909
70000559948.872726
70000192650.662033
70000942133.257416
70000765916.346176
70000105752.802811
70000095460.213730
70000213883.257614
70000061071.828674
70000326604.659927
70000151404.817764
70000757198.173965
1.000000
70000809753.227676
70000100706.543091
70000888204.743668
70000397541.744888
70000716046.295929
70000655105.672653
70000814989.670624
70000590367.180893
70000855764.394897
70000465197.700607
70000792595.728653
70000684980.789261
70000102197.721970
70000885118.168884
70000508873.229050
70000178429.830734
70000098392.619766
70000707731.283569
70000761051.774353
70000807252.245850
70000424593.454956
70000688399.132812
70000818038.386749
70000991986.085938
70000657268.430969
70000401868.272659
70000538240.605789
70000562410.783218
70000077694.717575
70000842648.735168
70000623683.118835
1.000000
70000749711.809814
70000666328.103546
70000982885.276001
70000554064.410690
70000613318.625076
70000784768.593246
1.000000
70000996242.667389
70000884108.062088
70000194208.986618
70000299254.974899
70000183839.550293
70000358325.504059
1.000000
70000007744.824722
70000572886.458817
70000291022.790390
70000428524.525269
70000941972.456329
70000178194.249603
70000303069.827499
70000201723.235184
70000045781.084946
70000656147.006744
70000948053.332703
70000673067.335251
70000161332.903397
70000259266.192535
70000746505.052887
70000857076.913971
70000415660.922775
70000831124.587387
70000350327.122589
70000654651.914230
70000524840.198776
1.000000
70000857215.464279
70000184110.293350
70000736839.212509
70000624534.600891
70000782401.611877
70000593087.308975
70000271888.187729
70000866058.778992
70000163245.980942
70000527810.279114
70000853810.492081
70000152059.423538
70000765409.441864
70000324674.212845
70000215034.908295
70000834584.436249
70000683845.076874
70000122848.737488
70000975519.631332
70000873357.747574
70000682207.603180
70000626139.754166
70000826509.635376
70000065868.250870
70000383111.707184
70000630703.858215
70000905938.201706
70000551630.384628
70000289612.774918
70000138097.419296
70000512204.319855
70000842691.961639
70000242563.347778
70000332593.978561
70000799055.060730
70000534311.466736
70000733946.563232
1.000000
1.000000
70000869209.356979
70000387975.352081
70000690560.166718
70000561759.496994
70000065010.337646
70000525859.829819
70000960094.007233
70000842729.465179
70000161259.280701
70000991689.140533
70000143849.423569
70000194639.527283
70000916910.800293
70000586561.474030
70000420123.965393
70000975922.512009
70000301113.438248
70000205408.570663
70000730156.774948
70000180506.517334
70000435758.505966
70000754518.233276
70000935252.246872
70000461399.490250
70000468164.462524
70000305959.368530
1.000000
70000834832.239532
70000941353.044434
70000083539.088791
70000982329.133514
70000108745.771317
70000881698.313217
70000776668.465775
70000257705.419647
70000234964.409637
70000699969.639160
70000171033.872147
70000521415.588226
70000080040.354309
70000848948.981201
70000023622.113861
70000863182.077942
70000990536.377701
70000252108.577835
70000061811.095734
70000709587.673096
70000405620.197113
70000065398.384003
70000915488.318649
1.000000
70000391595.859055
70000457022.171066
70000372666.220825
70000748055.554489
70000220996.967514
70000878278.444611
70000641391.487289
1.000000
70000233246.674072
70000132288.901733
1.000000
70000778014.728912
70000381525.467285
70000378715.305344
70000092900.826538
70000859362.086029
70000510802.147293
70000929362.322372
70000498648.500656
70000169431.020706
1.000000
70000128026.440918
70000017652.960510
70000485664.002701
70000182872.901794
70000494808.283264
70000357913.273361
70000745393.958328
70000793857.191589
70000326966.724365
70000393053.608170
70000240601.456284
1.000000
70000463455.986511
70000214356.957199
70000754886.643921
70000470383.036667
1.000000
70000334397.364288
70000447550.567627
70000752520.263855
70000733539.274231
70000754837.517548
70000560238.368713
70000538169.107849
70000034323.885803
70000142409.416504
70000899243.221146
70000142681.138229
70000813127.368225
1.000000
70000799180.267899
70000012294.963074
70000178106.626694
70000362077.942810
70000605527.896606
70000062940.165146
70000559490.483322
70000631607.527344
70000546426.173691
70000520917.360062
70000168458.064575
1.000000
70000145178.138748
70000052080.591431
70000412364.920380
70000325161.631409
70000135967.075272
1.000000
70000045321.242508
70000837143.223984
70000046821.864792
70000808960.529129
70000615539.410645
70000859491.500473
70000202091.209442
70000945294.258026
70000245866.267105
70000608698.277954
70000771142.312805
70000893513.849869
70000320258.254471
70000269586.941559
70000930127.804337
70000017457.244354
70000917423.675354
70000157599.119202
70000227569.788895
70000903088.026672
70000736899.561920
70000945514.017746
70000783383.174850
70000888919.785599
1.000000
70000696399.874023
70000733902.653702
70000923586.938797
70000633637.746719
70000058511.551773
70000783606.286362
70000178016.289566
1.000000
70000112700.440826
70000788638.597198
70000085395.919418
70000731677.879791
70000577545.338806
70000934622.523834
70000773066.018890
70000969170.834167
70000842731.052231
70000126596.349426
1.000000
70000338058.717072
70000816621.370712
0.33
 0 0 0 0 0 0 0 0 0 0 0 0 0
