1 401
70000730070.266861
70000368530.204895
70000406974.946152
70000748923.902832
70000399558.368622
70000806715.252182
70000586154.534195
70000866685.784836
70000663174.283020
70000257020.474854
70000509529.514206
70000377156.536423
70000172790.696930
70000348317.266968
70000113934.714188
70000022261.566162
70000644845.846436
70000483713.385361
70000719952.135742
70000741246.300354
70000153058.789185
70000153847.222580
70000990043.600113
70000548758.729721
70000900520.317505
70000040300.497925
70000922773.911438
70000674219.866867
70000573603.431900
70000829682.511703
70000765231.103653
70000547031.061707
70000779246.944824
1.000000
70000714133.706741
70000809275.626114
70000607609.898956
70000754147.937988
1.000000
70000151550.379745
70000225116.276947
1.000000
70000713512.356812
70000308609.006042
70000320147.770660
70000200608.562653
70000637871.464890
70000148518.619904
70000093379.013565
70000717501.649139
70000396380.861694
70000919885.003754
70000136043.681351
70000800674.884079
70000471297.408936
70000101067.588379
70000043592.456909
70000095463.763809
70000523195.513702
70000601036.533279
1.000000
70000687795.932892
70000623330.167236
70000820343.333435
70000509037.080475
70000809066.864822
70000117621.261734
70000238358.033264
70000287055.655640
70000971428.155685
70000398000.296967
70000098076.612030
70000998570.962967
70000169696.354477
70000227630.687210
70000944983.050827
70000087431.100342
70000375893.119873
70000347147.759781
70000141264.822388
70000265965.643112
70000039971.766541
70000481938.706268
70000628454.329025
70000856556.169113
70000846120.212601
70000216764.893051
70000182552.242554
70000647408.457031
70000950504.256851
70000846729.132523
70000035491.436234
70000810073.939285
70000810348.701691
70000716156.993805
70000271313.072800
70000498802.064713
70000390146.230011
70000728523.197021
70000231474.430588
70000991641.795212
70000212004.089157
70000605413.979095
70000795395.933594
70000595403.345535
70000532659.105179
70000985162.005859
70000534227.562088
70000604458.518143
70000893999.141617
1.000000
70000730832.816879
70000910074.745667
1.000000
70000535348.101471
70000896476.871017
1.000000
70000205204.400925
70000998415.002655
70000844875.573288
70000636272.552048
70000513273.575165
70000800950.781296
70000166015.452209
70000017970.826080
70000827944.732651
70000899492.064392
70000891173.286453
70000598086.631607
70000543129.716843
70000055759.101044
70000879761.708267
1.000000
70000855475.487473
70000871174.714294
70000859297.116760
70000088020.496521
70000627354.624405
70000767252.209351
70000234121.208923
70000088832.672913
70000926938.412811
70000079942.349182
70000848289.040527
70000430754.893600
70000424023.707626
70000118619.525879
70000232487.137161
70000827951.689453
70000333416.511185
70000478445.420212
70000841995.245575
70000674528.318695
1.000000
70000848526.019547
70000772688.990952
70000142948.352066
70000749979.180389
70000325557.544968
70000939406.312027
70000493246.818558
70000574501.911652
70000268870.439575
70000063999.683914
70000616087.971603
70000372350.521790
70000087926.583923
70000497640.985275
70000981004.039917
1.000000
70000808587.933228
70000338738.030762
70000869217.852112
70000698088.351364
70000365745.919495
1.000000
70000732526.112411
70000381581.953964
70000188068.977463
70000889240.558411
70000546724.829224
70000680799.715057
70000779177.994690
70000932116.601883
70000148839.020020
1.000000
70000202955.418198
70000595539.880661
70000977984.170517
70000333598.028259
70000625749.647202
70000116917.944031
70000548982.851089
70000406555.912872
1.000000
70000710930.440094
70000956926.738708
70000164664.249405
70000185840.060242
70000508491.808960
1.000000
70000948319.772522
70000993539.578094
70000625868.621002
70000774840.512497
70000006845.639847
70000838993.099579
70000767153.347534
70000551714.946716
70000811747.197388
70000423383.794205
70000357434.995804
70000673967.424164
70000027044.890289
70000708072.082764
70000958414.546982
70000781061.429688
70000006473.522491
70000251553.649338
70000697229.323105
70000570343.205765
70000086278.062988
70000817366.203003
70000304823.584061
70000410723.786240
70000186100.795959
70000169190.580978
70000196077.417114
70000400494.517395
70000570002.471268
70000049262.376114
70000740090.032822
70000118439.910904
70000467883.031967
1.000000
70000068762.321274
70000902301.294449
1.000000
70000691859.536346
70000959381.229446
70000226398.078201
70000268366.481400
1.000000
70000568299.865295
70000847195.879089
70000660539.224060
70000165489.866699
70000410536.640732
70000103966.405807
70000021567.535217
70000311526.787338
70000072268.279694
70000933319.664398
1.000000
70000463896.610413
70000331738.121109
70000016251.355530
70000381295.223175
70000566459.710754
70000232378.082199
70000124508.135849
70000389131.332596
70000810181.135117
70000141742.064514
70000894619.197647
1.000000
70000571288.932755
1.000000
70000395312.981277
70000201018.252609
70000643160.520081
70000551930.929077
70000752946.619003
70000301217.775238
70000105834.771896
70000932493.028580
1.000000
70000944598.922226
70000047930.078201
1.000000
70000825223.513763
70000967273.717010
70000447898.009247
70000784751.663300
70000595491.857407
70000719964.401367
70000118946.957352
70000793597.165543
70000032816.230331
70000292742.016327
70000537446.719482
70000150663.760696
70000562692.281265
70000590558.753052
70000136585.008118
70000475609.121155
70000309029.532822
70000107871.745743
70000748588.695648
70000174866.223267
70000354194.323303
70000322676.437317
70000280418.693237
70000671480.710358
70000604693.404526
70000707176.961533
70000981456.070648
70000544804.843781
70000552118.437653
70000255145.574936
70000188430.902420
70000432600.712845
70000434461.512085
70000758779.479309
70000751711.193665
70000199894.188614
70000357216.383301
70000317174.560455
70000611463.780045
70000912855.105621
70000642018.605194
70000767676.927780
70000628050.267517
70000451075.943283
70000191691.879730
70000656510.792404
70000531912.703552
70000122346.557755
70000329108.647705
70000217747.454636
70000234801.100067
70000622439.488312
70000902619.872482
70000269045.358032
70000755517.827560
70000739328.855667
70000619947.744507
70000657670.175369
1.000000
70000848088.618607
70000784667.836121
70000335424.022781
1.000000
70000317670.740570
70000775686.334396
70000815123.985413
70000503197.599823
70000858563.334000
70000678791.785675
70000393988.704712
70000443602.480972
70000029457.672638
70000352340.717606
70000030741.173477
70000618657.585037
70000768404.798492
70000949340.623657
70000070565.828232
70000637639.513351
70000385494.405289
70000224329.514847
70000272438.338333
70000772694.339127
70000364555.865295
70000672284.498016
70000864874.794952
70000698720.746460
70000828191.946930
70000571340.516998
70000192280.462189
70000940818.568314
70000586656.712372
70000295320.913803
70000561511.917191
70000652646.748459
70000094017.529510
70000636061.662979
70000886320.189301
70000193351.559937
1.000000
70000639972.270370
70000941993.846436
70000296521.344437
70000946499.950607
1.000000
70000881467.666336
70000295580.922592
70000576625.625397
70000353889.881714
70000341505.558182
70000096789.229111
70000190156.251373
70000080758.816498
70000660555.724457
70000262794.704117
70000726894.782471
70000075535.855896
70000930088.554306
1.000000
70000096237.544907
0.33
 0 0 0 0 0 0 0 0 0 0 0 0 0
