1 401
70000167864.815460
70000194933.972214
70000870911.870026
70000301094.192551
70000748286.339279
70000649105.160934
70000091978.852570
70000670748.117462
70000473421.801987
70000480244.629486
70000439940.484756
70000165479.067642
70000941187.601608
70000267443.686707
70000645527.074478
70000728124.905014
70000185989.517929
1.000000
70000180328.047211
70000108669.553543
1.000000
70000191539.875336
70000476741.413712
70000092184.959885
70000067404.829712
70000741916.386368
70000623117.233490
70000829423.288147
70000355440.655685
70000211544.617874
70000855497.632278
1.000000
70000431054.373459
70000072341.156021
70000395546.024414
70000074517.302017
70000720691.811401
70000750551.346512
70000736551.403473
70000146673.087296
1.000000
70000317116.809647
70000574031.697784
70000747450.002106
70000647202.716599
70000058124.049988
70000565345.636917
70000561448.712967
1.000000
70000060445.392746
70000386778.505219
70000044375.523102
70000853218.378998
70000766289.744858
70000305598.051254
70000678786.174576
70000911349.364655
1.000000
70000580935.750137
70000095221.068314
70000543303.125565
70000400878.147583
70000183858.889923
70000509348.495483
70000690907.467529
70000493966.002029
70000884561.595963
70000943968.697021
70000910262.607193
70000512767.636307
70000285263.334579
70000731864.870956
70000893248.169647
70000072167.849686
1.000000
70000674794.676315
70000205735.890991
70000318396.026276
70000095447.295853
70000297079.372070
70000954603.571198
70000459220.099762
70000278820.013794
70000799298.416428
70000827980.499435
70000692575.093674
70000248504.911072
1.000000
70000310984.873901
70000018940.183563
70000899979.063385
70000346407.425247
70000220449.407181
70000051997.309937
70000682142.417526
70000346871.606812
70000748288.224152
70000181466.622849
70000188165.677902
70000218901.787811
70000184793.521835
70000483088.990097
70000336565.432465
70000122186.321136
70000310663.683868
70000052886.560593
70000835777.334137
70000148300.295364
70000943791.041351
70000685371.606720
70000484003.219788
70000673003.021179
70000815517.522400
70000015954.725876
70000304497.875687
70000571066.603210
70000370603.455612
70000920872.038696
70000574292.782501
1.000000
70000840607.198349
70000219890.617874
70000198720.070145
70000013628.438354
70000583586.571915
70000248689.469315
70000431850.852173
70000868990.719742
70000198185.558228
70000850357.695755
70000595274.729782
70000623480.957275
70000515893.861130
70000885705.880539
70000135288.201523
70000667301.066376
70000645468.509186
70000966112.428131
70000277104.275681
70000417401.417786
70000975745.463898
70000882634.397949
70000575968.870865
70000198681.581238
1.000000
70000416431.379044
70000445803.486435
70000555292.122910
70000630921.234467
70000619797.748825
70000032073.990784
70000759147.410278
70000183326.788254
70000771104.577896
70000458870.722610
70000018199.876526
70000726650.669571
70000185568.067322
70000253534.222733
70000829134.598068
70000356456.096512
70000388519.662704
70000717207.377762
70000695609.677628
70000832684.916397
70000191484.170456
70000365599.726974
70000728209.891983
1.000000
70000349918.817932
70000453679.476517
70000397701.970306
70000551945.882462
70000170291.570618
70000208452.575714
70000057537.870087
70000924463.407394
70000843120.635620
70000161061.757614
70000211764.106796
70000693559.690765
70000087708.628204
1.000000
70000647208.079041
70000722446.701004
70000190921.113388
70000526158.686890
70000203505.787186
70000461333.349243
70000189503.408203
70000963505.126648
70000984113.706116
70000652729.358994
70000758220.948517
70000270431.275543
1.000000
1.000000
70000877249.141876
70000630502.750565
70000004849.092621
70000318716.867798
70000480278.759872
70000782071.278198
70000734035.652023
70000960767.650925
70000246950.538513
1.000000
70000464811.270874
70000496830.720154
70000416275.259521
70000555738.680344
70000540902.255142
70000531323.134537
70000241188.477020
70000209027.109894
70000806025.045883
70000932670.778641
70000341690.778076
70000212242.220947
70000252838.749741
70000543807.589050
70000541612.791153
70000521025.862930
70000015909.108887
70000288791.481049
70000467794.018417
70000023523.285828
70000921828.913788
70000860682.582321
70000347463.777603
70000715414.931641
70000896778.762253
70000537003.505981
70000236849.088242
70000781321.729858
70000425788.688065
70000655869.697052
70000375025.918320
70000018834.813263
70000020753.505081
70000091878.080658
70000334085.619598
70000701857.191635
70000665063.139572
70000092474.455002
70000203280.726791
70000971948.521576
70000475182.248444
70000734871.803726
70000142501.991135
70000685422.467285
70000510484.771271
70000876464.935379
70000590914.270264
70000793239.341232
70000199059.112442
1.000000
70000978151.753860
70000770626.503403
70000299120.148407
70000911057.755569
70000466884.332108
1.000000
70000035855.947464
70000315458.585846
70000305896.324448
70000811660.878265
70000723412.800201
70000655517.649384
70000570947.131927
70000882469.078323
70000769656.410034
70000011089.124985
70000800068.897141
70000806471.589600
70000279779.310928
70000293223.378967
70000300584.021378
70000020314.545044
70000101475.071823
70000760251.325256
70000870121.208328
70000600268.369431
1.000000
70000016212.036682
70000344712.965881
70000019309.288025
70000905485.678436
70000505467.651520
70000195895.983032
1.000000
70000947198.996017
70000019140.026947
70000110111.905640
70000326838.034317
70000737997.509232
70000217066.972549
70000223830.195541
70000631214.239151
1.000000
70000728532.471146
70000400741.179489
70000434879.484802
1.000000
70000668763.603271
70000991429.163406
70000554542.474030
70000831876.019424
70000059963.901093
70000777986.657791
70000468911.958298
70000679863.290512
70000095244.350845
70000758072.668839
70000719393.024139
70000646975.374863
70000504563.002609
70000090930.050446
70000730515.123932
70000876561.158356
70000846619.414932
70000564781.555603
70000411407.662079
70000635702.403793
70000478190.980103
70000380978.102982
70000015995.883789
70000898549.877701
70000776607.220734
1.000000
70000010445.220993
70000552546.969315
70000171982.610550
70000469576.557205
70000924383.537674
70000353228.841965
70000833240.000244
70000723448.974960
70000486399.666794
70000166066.333984
70000667985.654556
70000948302.817902
70000092739.679276
70000413371.892014
70000205178.486359
70000163274.508789
70000874958.749542
70000450885.574341
70000379079.498688
70000070683.303497
70000208772.318741
70000733329.879517
70000662671.526688
70000590661.602844
70000505447.616516
70000554807.534317
70000634137.415802
1.000000
70000102292.716797
1.000000
70000639383.114182
1.000000
70000088321.860184
70000795957.789429
1.000000
70000828866.340836
70000015689.552597
70000078229.179504
70000638443.993271
70000168426.130890
70000955878.417603
1.000000
70000787500.605057
70000972646.738632
70000727575.177399
70000465544.337158
70000189620.352478
70000043939.290756
70000513797.884567
70000960057.333771
70000548316.365875
70000185213.453339
70000003774.190079
70000950976.088989
70000880540.488388
70000377172.392471
70000255802.403214
70000465302.581696
70000893381.451492
70000387675.524582
70000563750.251694
70000010021.039581
70000934597.480606
70000319972.142212
70000649941.138733
70000293100.560196
70000960869.710464
70000596466.278381
70000151616.428146
70000995498.527802
0.33
 0 0 0 0 0 0 0 0 0 0 0 0 0
