1 401
70000242180.124390
70000189609.671890
70000386052.246872
70000617588.005661
70000277540.448563
70000097075.534439
70000173170.844833
70000919181.814041
70000944684.526047
1.000000
70000373174.602509
70000306974.812317
70000915641.371368
1.000000
70000011743.665009
70000922890.590057
70000703756.510880
70000818454.353683
70000771704.060333
70000832752.041489
1.000000
70000285099.367203
70000843259.828278
70000917601.052185
70000068976.130615
70000144518.282806
70000834802.135208
70000339913.542603
70000089121.318405
70000409867.188431
1.000000
70000437307.143066
70000308692.397110
70000277249.789642
70000132849.076599
70000180608.428238
70000555659.585281
70000842486.356033
70000450519.621597
70000543320.139679
70000420142.221832
70000943770.526337
70000769971.636093
70000131412.254807
70000732497.592102
70000034960.680557
70000603490.056900
70000205321.570343
70000146617.006424
70000027291.701889
70000855770.550369
70000498589.604752
70000693387.159012
70000919828.784149
70000450070.195724
70000893667.722061
70000202259.455078
70000370991.508133
70000014130.613708
70000918918.198990
70000635072.717133
70000894324.989670
70000492481.342072
70000396936.058502
1.000000
70000495336.113297
70000649256.181534
70000707693.912842
70000652532.022400
70000761287.290710
70000874372.614319
70000335321.720352
1.000000
70000710759.498779
70000929041.971436
70000975665.404221
70000199761.042572
70000337387.537308
70000093393.758499
70000458739.692047
70000113965.326538
70000837609.785721
70000196432.361832
1.000000
70000194644.448364
70000088899.130554
70000773601.992188
70000698780.398666
70000986407.567566
70000178470.469208
70000377118.980560
70000120209.763123
70000986461.757812
70000369057.495605
70000061926.647003
70000821177.486679
70000656090.358673
70000762189.826050
70000675520.417862
70000358153.457794
70000961227.910324
70000409193.386444
70000937439.077408
70000818045.481415
70000076588.271194
1.000000
70000930549.600372
70000022359.239029
70000675010.921143
70000190417.041275
70000958992.646713
70000516102.151840
70000645993.938126
70000727584.040039
70000556410.179123
70000255938.145020
70000832161.082748
70000000231.455276
70000774982.491684
70000734779.274338
70000405591.341217
70000696729.307846
70000091597.624161
70000743086.955093
70000599369.798447
70000968830.257553
70000845774.770706
70000471934.621307
70000220564.068008
70000112341.626892
70000807406.193649
70000334857.659958
70000605228.965591
70000969806.770264
70000952292.543900
70000159347.239502
70000105987.971024
70000892652.898438
70000677479.332474
70000432116.777039
70000700248.057602
70000149575.753433
70000138972.397934
70000129843.780869
70000526185.008392
70000602328.215302
70000734486.237122
70000333119.885880
70000162787.654037
70000734623.803757
70000997196.769989
1.000000
70000335297.299408
1.000000
70000884648.210953
70000367640.150070
70000893557.561493
70000475454.145035
70000522388.859833
1.000000
70000920294.635498
70000993084.288101
70000887077.438507
70000133603.357803
70000218587.010895
70000381595.511673
70000033973.027481
70000721010.443970
70000301227.042679
70000300725.040604
70000844737.550522
70000181488.705704
70000713022.921631
70000734339.221451
70000325623.909958
70000852218.998444
1.000000
70000125654.535126
70000248793.575180
70000990606.343826
70000146994.263626
70000716887.507309
70000271001.564697
70000779108.789597
70000177490.330719
70000364471.406433
70000913193.192383
70000278822.786392
70000528657.939636
70000401287.695129
70000081615.329468
70000388558.853210
70000498984.699158
70000573704.251297
70000589682.967834
70000839230.889603
70000513394.298615
70000051555.705429
70000039450.845474
1.000000
70000021543.782318
70000309464.788391
70000165265.544540
70000441225.295563
70000421223.547653
70000230079.866791
1.000000
70000229888.671936
70000666942.482803
70000516755.448349
70000357339.049255
70000769067.864777
70000742222.352966
70000001000.131027
70000398890.083511
70000742038.750885
70000928786.685379
70000568617.245300
70000124683.979660
1.000000
70000768550.661560
70000509832.824844
70000585466.450104
70000702346.469223
70000987387.368195
70000682799.605560
70000405199.145630
70000217678.017593
1.000000
70000646346.444000
70000834337.022095
70000949863.299850
1.000000
70000023544.670807
70000534652.052551
70000791541.931778
70000726941.235291
70000756227.613480
70000309359.580963
70000585118.841492
70000768257.044159
70000442080.053635
70000183122.586380
70000240054.932724
70000384861.641510
70000583594.539795
70000676774.006042
70000392209.664200
70000951367.952744
70000539752.810043
70000017034.673584
70000927050.741821
70000628885.880447
70000924355.353470
70000581987.035904
70000678024.790298
70000977602.054993
70000399207.608368
70000236793.728119
70000362910.752731
1.000000
70000078735.423691
70000815614.340637
70000686173.897705
70000485251.875107
70000477893.450485
70000499897.562500
70000848984.264755
70000445252.393890
1.000000
70000396548.996429
70000775117.195206
70000669084.254486
70000607936.434265
70000590981.016388
70000635079.628448
70000612718.209091
70000625896.011017
70000568738.225418
70000945751.222122
70000328551.735733
70000632620.857895
70000246487.717438
70000494482.990723
70000081575.371567
70000140675.765198
70000049609.655685
1.000000
70000377807.420792
70000698225.967316
70000356130.639954
70000259969.176025
70000689712.369446
70000089320.322968
70000451074.590164
70000911359.814468
70000472846.401398
70000326315.298004
70000117311.357056
70000136580.826935
70000627208.572678
70000062664.303818
70000803828.776108
70000203624.548050
70000612309.453827
70000677324.655807
70000199508.480438
70000365767.246872
70000710584.870041
70000774639.176208
1.000000
70000714886.457565
70000698078.112366
70000302902.779724
70000814136.029251
70000569166.248077
70000591826.898285
70000942357.491592
70000091024.459763
70000215283.799728
70000704722.492828
70000792966.335587
70000576911.122559
70000068635.332550
70000832195.450760
70000430607.573593
1.000000
70000291125.660172
70000139059.401749
70000551620.757263
70000323246.568893
70000909478.888153
70000487498.290070
70000958906.865463
70000375653.581879
70000527793.862732
70000311094.012589
70000804727.191071
70000563828.180618
70000783848.475220
70000650563.142136
70000553578.621567
70000562438.444382
70000228198.742813
70000571249.162140
70000452877.208603
70000492218.782181
70000839549.985809
70000085894.057037
70000008267.277954
70000535514.401276
70000635241.395676
70000054767.515823
70000457112.067429
70000501868.329163
70000950155.716049
70000964424.310349
70000057209.049728
70000195517.437714
70000126131.651962
70000133995.094131
70000491780.323669
70000991512.558456
70000744498.731171
70000818616.686340
70000126631.684875
70000299587.310760
1.000000
70000620459.198151
1.000000
70000663200.632233
70000492783.539062
70000934546.262039
70000672370.463989
70000954639.705200
70000454895.927689
70000836152.609390
70000890603.026459
70000952204.967407
70000575814.519989
70000100599.571365
70000776591.298355
70000923497.426208
70000632026.118286
70000799175.314972
70000931049.441025
70000270329.774460
70000856810.256256
70000334564.120529
70000086103.263290
70000983752.828888
70000556220.559204
70000428503.472168
70000728106.886703
70000119029.214630
70000224493.844833
70000243984.417328
70000031410.620789
1.000000
70000234393.491913
0.33
 0 0 0 0 0 0 0 0 0 0 0 0 0
