1 401
70000444434.839310
70000441707.716568
70000974117.181503
70000052326.317566
70000108349.273773
70000057045.273697
70000868725.830109
70000438713.133072
70000659220.580872
70000607372.019302
70000923314.849854
70000048683.176926
70000263724.555450
70000739584.204575
70000026565.623535
70000384211.769760
70000117832.237900
70000972337.310196
70000860586.446869
70000294598.756577
70000792347.885208
70000926256.824799
70000532681.791000
70000119205.751770
70000130520.448608
70000998035.786240
70000372675.397522
70000931547.364777
70000507963.237076
70000912031.329636
70000777614.903503
70000932184.522003
70000396733.400131
70000602564.613708
70000562111.954788
70000145917.262863
1.000000
70000755920.252670
70000396153.339874
70000440692.032898
70000850012.510147
70000548008.627563
70000333243.591705
70000910809.429123
70000564131.875290
70000977683.078201
70000554312.964783
1.000000
70000387022.030136
70000630217.874832
70000193509.152939
70000352982.088104
70000780623.476028
70000195882.027786
70000397441.547165
1.000000
70000350033.520996
70000473735.560120
70000498790.145721
70000462859.758728
70000294926.896851
1.000000
70000867271.525970
1.000000
70000074292.976700
70000027926.690948
70000585247.486710
70000456188.501709
70000468592.409561
70000178132.386536
70000087623.338974
70000851945.220291
70000416820.013809
70000683419.212784
70000730278.121597
70000804592.250702
70000032954.694778
70000223161.600967
70000806079.152344
70000981313.861526
70000131145.540192
70000610867.927460
70000875525.471451
70000537536.348938
70000179197.537125
70000857589.860870
70000759889.532822
70000948538.658279
70000779076.803329
70000161224.712631
70000939580.871094
70000214907.095367
70000965348.737564
70000550231.739410
70000074611.526566
70000603420.747284
70000379280.167892
70000875843.638153
70000038361.009308
70000772036.642349
70000348576.106888
70000618289.684677
70000096020.893784
70000068214.806976
1.000000
70000596423.734909
70000078315.723740
70000057679.635941
70000158017.051300
70000423813.107651
70000415697.910416
1.000000
70000165341.113129
70000207736.045746
70000335768.131561
70000898348.055786
70000241936.412827
70000130783.706909
1.000000
70000573500.923981
70000324767.638641
70000334183.584778
70000083662.972473
70000195683.172485
70000571505.568848
70000952219.098373
70000302117.246811
70000102455.852112
70000176350.003113
70000981897.228928
70000561964.132278
70000728445.086105
70000034195.234390
70000484170.619141
70000201912.592224
1.000000
70000825872.144012
70000215834.075851
70000403164.642426
70000416244.283340
70000521621.946518
70000862178.288956
70000966759.982422
70000260645.353149
70000132709.053696
70000268476.429245
70000062418.143311
70000913624.516144
70000167162.916824
70000313507.961304
70000717990.262299
70000593629.319336
70000885270.742157
70000500035.279770
70000093022.526001
70000442503.615311
70000652531.163605
70000357386.747406
70000985660.474594
70000063652.081253
70000737946.106552
70000095715.278412
70000241379.867020
70000727955.988754
70000819237.189148
70000230015.188248
70000938289.452988
70000649483.391235
70000317641.044998
70000285674.046631
70000071129.710907
70000996293.374496
70000181549.518158
70000494412.889496
70000716717.598877
1.000000
70000526610.039062
70000096392.954117
70000424771.284058
70000314010.654602
70000730836.616257
70000331905.814621
70000866611.986313
70000828303.360626
70000615769.320786
70000720907.058151
70000798574.053894
1.000000
70000367553.846283
70000490522.189743
70000439233.569321
70000818572.777908
70000855209.618759
70000773971.365814
70000485267.899551
70000981933.705994
70000536857.176590
70000200411.209900
70000156858.500702
70000707271.169373
70000118863.387344
70000363437.437073
70000266312.633453
70000367451.124695
70000246679.976715
1.000000
70000049257.074997
70000466034.241806
70000755086.681808
70000931451.000122
70000507341.376450
70000985708.014526
70000276718.683655
70000739189.623550
70000474763.343765
70000411970.048325
70000169562.848022
1.000000
70000419623.823715
70000342352.667023
70000534283.515106
70000845411.815308
70000564181.885590
70000756724.749207
70000804406.182037
70000313562.494156
70000010613.463257
70000195860.661728
70000385270.081909
70000856890.529770
70000126398.216385
70000556765.799377
70000335520.992310
70000384792.469788
70000419083.184158
70000512581.627609
70000084482.186264
70000611587.152466
70000318640.673767
70000819306.580124
70000018198.202744
70000253969.743988
70000013653.078384
70000715316.615738
70000408243.014862
70000730885.401123
70000384379.511200
70000370143.190659
70000943298.010605
70000572514.979767
70000263788.398224
70000199893.315033
70000058752.046127
70000492153.244553
70000284229.050201
70000666245.798874
70000512013.454605
70000465655.054840
70000497071.490341
70000554157.564896
1.000000
70000818611.958817
70000306127.599274
1.000000
70000686008.677490
70000253865.806870
70000880425.469254
70000342350.285828
70000581930.761215
70000939494.101547
70000627948.287262
70000169875.506378
70000331403.191849
70000551585.828232
70000085432.747940
70000946921.257324
70000415634.797958
70000421430.649704
70000497734.515823
70000364982.557343
70000740997.287399
70000844915.572006
70000343632.860336
70000350475.382019
70000996866.172104
1.000000
70000651066.186996
70000452747.161407
70000199277.707245
1.000000
70000912610.611176
70000132529.158035
70000396235.149063
70000424831.912231
70000287867.088058
70000937847.039810
70000028165.681961
70000621242.297073
70000534122.482895
70000005715.718002
70000979420.615616
70000711837.893005
70000317285.218140
70000505343.902969
70000432334.270782
1.000000
70000517506.786377
70000912454.351807
70000471998.136261
70000100397.760452
70000413164.500702
70000025590.592819
70000741732.967499
70000790578.740005
70000842641.207870
70000136981.480621
70000186907.712112
70000075597.731735
70000755498.136261
70000748862.288544
70000414501.590576
70000687864.087097
70000165873.306900
70000743260.786865
70000822706.777298
70000839102.897812
70000396855.231445
70000892953.505295
70000723955.146286
70000690084.308746
70000005974.026764
70000369704.089142
1.000000
70000287539.290756
70000641628.748901
70000969491.709351
70000707711.290329
70000711021.611847
70000375348.061188
70000970443.910950
70000326980.353439
70000169044.561783
1.000000
70000180229.996689
70000559944.244583
70000831958.720520
70000611737.374542
70000666144.753601
70000062288.274445
70000968381.785278
70000992785.496124
70000021578.179977
70000826232.587006
70000088845.705658
70000718611.506378
70000748883.096390
70000471576.438080
70000583129.506210
70000700552.785492
70000688706.163925
70000340315.456146
70000471195.990875
70000282562.574966
70000907833.605682
70000403975.454819
70000405572.700912
1.000000
70000484069.898605
70000077830.841705
70000519221.667450
70000859333.788727
70000584428.754684
70000535298.141937
70000034133.446625
70000839070.890717
70000084550.266312
70000039689.943604
70000526001.614838
70000063180.824875
70000526291.512009
70000611054.013641
70000728322.810928
70000993162.874847
70000606020.973175
70000921525.934174
70000920459.292603
70000300415.657104
70000284376.384338
70000789200.528152
70000963088.973709
70000209982.957260
70000974079.017868
70000544176.398865
70000615192.194626
70000810222.561768
70000298846.048477
70000082116.636765
70000011137.903503
70000628056.976440
70000340415.107910
0.33
 0 0 0 0 0 0 0 0 0 0 0 0 0
