1 401
70000432778.428925
70000628747.992874
70000438895.986679
70000700507.989517
70000937921.664780
70000095735.825043
70000676809.248367
70000562529.152115
70000332220.685471
1.000000
70000256014.626114
70000585228.313644
70000746664.574753
70000925024.383438
70000515568.496155
70000683962.766693
70000899898.179916
70000604425.846161
70000058754.007431
70000664167.940674
70000251027.854294
70000632150.302078
70000068724.797134
1.000000
1.000000
70000531359.893616
70000446068.581131
70000066849.464981
70000820330.610733
70000517416.127426
70000741572.682129
70000122589.111771
1.000000
70000403295.886200
70000798940.817123
70000343406.773148
70000226983.613724
70000141125.792130
70000806894.711365
70000302738.263489
70000632673.859070
70000036177.666397
70000956669.778030
70000698009.005341
70000160671.582901
70000732086.047333
70000085672.887741
70000619241.890320
1.000000
70000236189.960556
70000262482.714218
1.000000
70000605711.889175
70000421884.565247
70000830137.927582
70000091890.715500
70000611113.829865
1.000000
70000347899.933182
70000627160.405304
1.000000
70000132208.009064
70000153102.764175
70000889437.946686
70000638805.940201
70000558528.254944
70000235566.362488
70000198427.625977
1.000000
70000022546.290009
70000777308.699036
70000827321.356155
70000469067.207504
70000213633.751831
70000048328.765182
70000226494.920227
70000422780.112335
70000713920.618484
70000238152.291229
70000104106.228516
70000162561.675369
70000387865.475815
70000122526.202698
1.000000
70000650967.711029
70000715456.535614
70000736184.196396
70000597747.431091
1.000000
70000096836.528488
70000821457.719162
70000363659.975571
70000000363.935287
70000265253.091782
70000294552.725525
70000713641.568970
70000208556.390091
70000012258.661057
70000758773.132019
70000465008.833344
70000364302.567642
70000970256.360489
70000280831.075317
70000123593.547348
70000775018.499893
70000825301.345245
70000164340.368317
70000520279.786545
70000723696.329361
70000629267.462738
70000915589.953476
70000793014.669907
70000166798.544205
1.000000
70000356971.106689
70000435764.418671
70000878334.904770
70000411873.297028
70000263639.907120
70000638041.126984
70000415138.887161
70000070796.451096
70000607830.766434
70000636921.706177
70000292216.566986
1.000000
70000041729.765320
70000639927.689896
70000256673.348236
1.000000
70000347971.603851
70000361786.524246
70000088358.028427
70000582581.869919
70000874230.873199
70000759513.905563
70000741392.373825
70000949221.025589
70000646273.990677
70000191541.492813
70000801428.998230
70000428614.035126
70000293069.157654
70000880096.018860
70000118391.024490
70000876941.755112
70000946774.739548
70000644011.772598
70000758645.812958
70000385271.243530
70000807190.413620
70000268859.323547
70000070145.853455
70000124195.765640
1.000000
70000020672.370560
70000878535.844147
70000997727.152466
70000349149.119293
70000366156.876495
70000459688.004883
70000672458.849304
70000932988.588547
70000541898.213181
70000683556.108749
70000230965.846817
70000213846.768906
70000653156.516876
70000649054.464508
70000529101.641235
70000429971.552231
70000414551.030518
70000352073.756119
70000460312.427811
70000598807.221634
70000827670.204880
1.000000
70000299417.404495
70000932869.382599
70000755441.819153
70000086030.622574
70000345862.846970
70000847301.689713
70000310668.539200
70000548188.105835
70000132011.482269
70000137553.967712
70000514891.826645
70000178653.906219
70000107380.627563
70000195152.141953
70000068886.763901
70000581879.868683
1.000000
70000210028.395218
70000535756.055878
70000493530.105743
70000886041.692719
70000155346.129364
70000612357.147537
70000615922.608994
70000815162.864410
70000555672.113388
70000540152.130264
70000483755.852036
70000779169.844284
1.000000
70000028759.067154
70000715056.386810
70000171375.532806
70000451363.983582
70000210184.754990
70000354728.006348
70000267718.704056
70000480941.529510
70000896488.081970
70000852255.693985
70000596902.598389
70000781612.078598
70000085003.585983
70000653510.383835
70000485672.406479
70000922929.598648
70000452517.766220
70000446664.969223
70000807208.357529
70000798601.006699
70000820414.255157
70000075435.674149
70000553780.092392
70000234990.826797
70000566526.056976
70000502123.881134
70000652569.300461
70000440934.731323
70000142011.091782
70000473251.846756
70000040125.507797
70000187525.215164
70000510694.951889
70000555474.136765
70000206770.421936
70000969954.280624
70000651741.027069
70000215993.040695
70000697871.922470
70000007182.619659
70000972119.581665
70000696776.999588
70000790187.702377
1.000000
70000627750.330429
70000303918.171906
70000116747.005066
70000501461.593216
70000014343.088303
70000627953.952713
70000546198.084152
70000239815.712265
70000825619.059677
70000659132.096756
70000194256.451950
70000221975.585281
70000230055.780609
70000105681.887894
70000544399.656601
70000120081.743790
70000630410.037155
70000517794.690140
70000460833.976837
70000390418.250809
70000178419.986130
70000693166.292816
70000476465.473434
70000825763.452881
70000115899.099319
70000472261.772644
70000511286.506119
70000285312.832809
70000175132.711319
70000461303.105133
70000460674.963135
70000831084.177002
1.000000
70000956970.924469
70000712510.808517
70000141023.908981
70000067139.850266
70000424839.346664
70000484617.232178
70000154823.621063
70000868550.019913
70000662604.822998
70000298173.740448
1.000000
70000674928.342255
70000792748.757629
1.000000
70000410808.645874
70000965436.864273
70000929099.430618
70000990818.917648
1.000000
70000840683.961258
70000922367.205307
1.000000
70000511272.549866
70000825904.716827
70000645951.526993
70000182824.953781
70000638908.606628
70000162950.964111
70000549182.033081
70000095720.199585
70000173900.411819
70000760205.643463
70000852230.004196
70000900520.126602
70000682089.163010
70000136449.589157
70000726618.337387
70000626295.670807
70000397159.562088
1.000000
70000204351.675919
70000388357.612808
70000031681.816757
70000300488.941910
70000102844.188751
1.000000
70000244013.759003
70000481839.222839
70000266343.746933
70000036637.966675
70000323330.464752
70000779112.309418
70000049809.131653
70000534585.099686
70000540161.486267
70000610675.916412
70000933028.142471
70000635233.872253
1.000000
70000697521.650955
70000682392.941757
70000446509.068985
70000076584.686813
70000472392.930603
70000536789.825378
70000415074.955353
70000969485.791748
70000487054.939102
70000556721.262146
70000334043.851639
1.000000
70000508952.042374
70000530511.818314
70000207729.418747
70000609132.939362
70000979133.303864
70000706932.693298
70000962514.354568
70000946914.994904
70000396686.723282
70000865376.288376
1.000000
70000878134.671097
70000960453.864349
70000752796.611618
70000008538.118240
70000123240.591049
70000210854.093567
70000270346.019669
70000674356.218842
70000818763.137268
70000952477.678268
70000859233.345657
70000442963.609299
70000773948.281891
70000927629.931503
70000866549.924866
70000246657.118256
70000166925.984039
70000952291.149979
70000919929.839630
70000628887.479523
70000817663.283890
70000276107.192184
70000873085.585571
1.000000
70000655716.178757
70000332732.173325
70000496857.909714
70000854761.465393
70000997572.585220
70000282519.729187
70000263136.795715
70000310826.908661
70000721958.265579
70000409158.025467
0.33
 0 0 0 0 0 0 0 0 0 0 0 0 0
