1 401
70000726710.782913
70000350117.318985
70000621293.218384
70000209827.371231
70000572280.507385
70000069134.602203
70000119967.625137
70000315156.041779
70000372559.576218
70000832098.186569
70000744594.308060
70000770966.506546
70000205853.188919
70000187688.677002
70000301539.227737
70000908301.863022
70000528109.607895
70000918488.734589
70000348151.186935
70000704403.860855
70000992628.959747
70000299107.359253
70000230957.058136
70000448293.001709
70000410509.139389
70000142054.820358
70000463321.015961
70000178968.471848
70000966666.145844
70000314685.551453
70000548758.780960
70000288279.569321
70000324327.227600
70000035356.366989
70000822683.843384
70000675070.243195
70000797162.887970
70000198487.658218
70000348106.651566
70000373189.695480
70000780066.814346
1.000000
70000460469.945938
70000651966.731781
70000344483.256531
70000562808.100571
70000991524.236191
70000114468.372528
70000274895.468369
70000531561.777542
70000265331.287308
70000363423.189606
70000471322.018448
70000139745.681686
70000507780.119263
70000998432.339325
70000449758.805115
70000021985.989471
70000141044.429398
70000512260.687347
70000759081.054123
70000010610.448746
70000802892.855011
1.000000
70000430255.415359
70000074571.539398
70000062244.366425
70000263309.748001
70000054735.513123
70000977187.051544
70000051755.624847
70000073896.602020
70000678498.246567
70000013326.370102
70000392454.071228
70000538379.402405
70000116723.620361
70000677027.057327
70000333575.573471
70000950569.958740
70000582831.429443
70000496654.009705
70000022507.440842
70000610669.152878
70000016326.516830
70000802192.403732
1.000000
70000509191.259796
70000729798.976135
1.000000
70000182452.226334
70000899373.862610
70000042536.631393
70000419055.673691
70000657078.745193
1.000000
70000390644.638977
70000221990.912201
70000390060.749176
70000363941.459274
70000253757.807526
70000628633.426697
70000774695.084122
70000362174.936737
70000058639.110260
70000202853.990768
70000265646.471146
70000439625.595917
70000424999.746887
70000153675.734619
70000642146.600616
70000376142.650909
70000816988.228912
1.000000
70000317371.530945
70000726292.864990
70000436946.391602
70000804441.078018
70000755473.938065
1.000000
70000793494.948196
70000777376.208313
70000021601.377243
70000249573.825699
70000055137.702148
1.000000
70000798568.752991
70000839248.769241
70000116668.322540
70000078928.029129
70000658188.472809
1.000000
70000783192.439972
70000336328.192657
70000443548.364822
70000218142.569427
70000305896.822586
70000592429.547333
70000213403.017395
70000364454.617828
70000924396.779510
70000420327.710602
70000996204.084839
70000172355.553406
70000804176.588959
70000167262.132141
70000154033.568222
70000498277.762222
70000168381.246124
70000226457.127396
70000667873.539215
70000159067.359467
70000820892.111511
70000185323.448578
70000691137.214615
70000468109.909607
70000707624.002350
70000461052.056747
70000924075.243896
70000802918.060837
70000318453.426346
70000850901.110626
70000824195.671906
70000040855.755203
70000858627.000031
70000007112.817261
70000137496.291870
70000249711.041321
70000413273.750305
70000869089.624985
1.000000
70000415469.503983
70000101746.411240
70000714007.188446
70000721847.160141
70000250384.413269
70000026279.391388
70000002095.893921
70000039043.727921
70000429109.004776
70000459594.604416
70000293761.261993
70000592813.424637
70000403476.938049
70000689111.570648
1.000000
70000883011.463074
70000215953.625839
70000658688.965500
70000218716.890625
1.000000
1.000000
70000919579.459518
70000783682.985489
1.000000
70000136338.485886
70000384576.793411
70000039091.008118
70000989947.769653
70000454634.001785
1.000000
70000001492.830612
70000928545.049805
70000558255.272888
70000893600.825607
70000852098.376923
70000654307.455276
70000430370.437363
70000493072.764603
70000866919.242661
70000214931.419678
70000657690.946533
70000028187.228165
70000703100.715469
70000559356.501831
70000215265.591232
70000283217.405273
70000968542.065750
70000832149.816483
70000423777.961075
70000925548.818771
70000952638.003815
70000518844.260345
70000193930.625290
70000445479.308029
70000026876.452728
70000278252.716873
70000258507.343704
70000507740.092728
70000028023.404053
70000372618.942352
70000164401.807449
70000077681.642303
70000308467.793320
70000586897.345932
70000061019.384079
70000044238.877289
70000080034.746368
70000346043.956940
70000179657.806808
70000008293.324692
70000231691.465302
70000584189.192368
70000327517.809662
70000454924.259781
70000513996.653610
70000933904.167435
70000059397.729263
70000328863.251602
70000361624.513992
70000864339.890671
70000829894.363785
70000446070.730240
70000721201.980682
70000019470.646423
1.000000
70000509949.583588
70000895611.375488
70000909988.720596
70000922301.819702
70000203440.165726
70000765098.821671
70000418777.943222
1.000000
70000642787.028137
70000130846.644150
70000533045.559174
70000708025.638733
70000983655.969833
70000986568.419891
70000389191.517960
70000605736.473389
70000825103.376480
70000779563.218246
70000235094.753326
70000047912.768860
70000003788.961395
70000228367.163940
1.000000
70000479735.903473
70000858393.972488
1.000000
70000254493.873062
70000815638.504791
70000875384.570053
70000782457.482391
70000776960.759003
70000312453.882965
70000294591.988464
70000892098.092804
70000112000.100922
70000022132.980392
70000207505.269226
70000845123.921967
70000457412.554443
70000042080.153976
70000825861.722992
70000022531.989349
70000555523.586029
70000019828.349731
70000117211.560074
70000080418.320709
70000381025.723145
70000727310.315826
70000238956.050690
70000150256.632843
70000593863.168091
70000230110.189148
70000902411.224792
70000218297.209274
70000600813.519714
70000238760.338852
70000934235.749969
70000791730.850128
70000699171.000351
70000054897.372330
70000802572.856644
1.000000
70000202428.986572
70000276075.274918
70000382115.446838
70000752187.917999
70000952447.041809
70000305354.444550
70000126857.567993
70000180932.781723
70000305262.373642
70000140319.994919
70000840802.296341
1.000000
70000136442.714890
1.000000
70000177214.750046
70000030873.713150
70000464822.946365
70000359355.072388
70000244531.855560
70000190054.982407
70000599553.403564
70000165317.139297
70000250835.797256
70000544855.524277
70000186624.643509
1.000000
70000423325.518478
70000279857.532410
70000499561.019760
70000024786.736435
70000103345.421051
70000454980.864090
70000534912.398743
70000708600.546982
1.000000
70000780499.388535
70000934775.248032
70000799540.204941
70000094423.780121
70000444604.611404
70000054716.065964
70000275992.674744
70000180991.901123
70000419948.310394
70000310657.004761
70000872646.676620
70000595164.565628
70000079079.320007
70000762941.168655
70000726244.175308
70000795888.598480
70000029290.098419
70000941564.650787
70000634860.099640
70000896962.310425
70000662965.560791
70000941429.380707
70000397018.118698
70000008459.802521
70000200842.584610
70000540978.252457
70000043502.058777
70000092583.687683
70000720277.997269
70000385019.874130
70000400793.564392
70000060335.965271
70000976061.788803
70000424546.858826
70000567728.434586
70000819199.185730
70000600382.564301
70000666119.232437
70000577432.070068
70000544229.414124
70000071190.361694
70000584015.675400
70000972114.567322
70000958118.645416
70000310125.741013
70000308804.693359
70000935568.736481
0.33
 0 0 0 0 0 0 0 0 0 0 0 0 0
