1 401
70000353527.162262
70000712581.170975
70000550127.305237
1.000000
70000164907.873047
70000018125.678833
70000913205.004211
70000700902.857269
70000936401.702087
70000335267.857773
1.000000
70000756665.686981
70000746334.229080
70000547035.982758
70000007816.444061
70000814983.785828
70000961832.459976
70000489890.526779
70000685932.413269
70000795389.130035
70000357447.705444
70000440213.068726
70000179165.462967
70000007039.490250
70000231797.960556
70000154095.297119
70000038592.714401
70000298165.682541
70000371554.476074
70000403792.048294
70000752878.929703
70000832000.275131
70000569561.402023
70000812503.607910
70000584664.670914
70000125282.363678
70000939791.155579
70000627845.257935
70000524392.935852
70000181459.102325
70000720610.041351
70000220438.545334
70000133705.433945
70000511739.119324
70000108394.414871
70000284292.826828
70000779088.091461
70000743336.800323
70000268911.305084
70000193353.693604
70000230182.446381
70000307005.309891
1.000000
70000550118.952942
70000332284.973297
70000657919.979141
70000244934.568466
70000952143.980667
70000016555.970566
70000062706.009552
70000588328.494431
70000878006.237564
70000161204.698776
70000761561.983536
70000845862.663773
70000420922.912094
70000253537.721390
70000303879.522217
70000263467.624146
70000273081.401199
70000494679.350388
70000587815.289902
1.000000
70000235073.186981
70000857638.587051
70000397303.141129
1.000000
70000966278.818954
70000246527.965836
70000379127.245331
70000455803.528351
70000167404.498291
70000883417.396774
70000390412.130051
70000383765.347626
70000416279.085907
70000951279.398712
70000950830.027451
70000388579.698975
70000406693.606094
70000352709.404556
1.000000
70000293333.568939
70000915901.927917
70000360312.541702
70000521851.474472
1.000000
70000081559.849411
70000765144.759644
70000967180.330109
70000497869.407455
70000807088.937363
70000921153.967606
70000590136.866043
70000071211.159958
70000364191.154449
70000394721.220200
70000038829.727356
70000622410.847733
70000358933.884323
70000516629.523285
1.000000
70000535932.394547
70000382622.562546
70000104475.128876
70000921779.551086
70000070013.148132
1.000000
70000784522.142593
70000884444.015945
70000648620.554611
70000342129.911911
70000151123.941696
70000493611.912323
70000448774.975555
70000898401.261475
70000323029.961761
70000542105.747421
70000658393.276764
70000679391.695984
70000990538.760727
70000997705.434906
70000082254.482300
70000187740.466461
70000933087.332962
70000130403.522095
70000780833.905411
70000909170.865631
70000216522.033997
70000627818.706512
70000769689.676880
70000981354.799530
70000579979.097473
70000327221.825974
70000807225.996490
70000450491.937576
70000450444.926544
70000743106.469513
70000360890.568878
70000566217.153442
70000346265.939514
70000499826.757965
70000839571.678528
70000417509.567993
70000451274.136215
70000869660.843536
70000224578.018997
70000590138.681641
70000240376.746277
70000423552.528152
70000059618.071350
70000381192.023880
70000197460.613632
70000023762.433212
70000767886.045731
70000904525.929504
70000610806.233002
70000714602.744446
70000569792.434921
70000468684.682693
70000008224.234314
70000486279.285614
70000362986.649567
70000128741.381226
70000894131.063782
70000394737.660217
70000227556.538605
70000447562.828476
70000739265.348770
70000153649.966995
70000043412.457321
70000947325.388672
70000310291.975128
70000881749.803574
70000262778.781067
70000678666.573196
70000232781.563080
70000380588.718597
70000726610.016754
70000017424.314468
70000025617.951645
70000123101.661972
70000032112.227631
70000977575.509460
70000852251.273056
70000332349.454681
70000798069.175598
70000776071.657837
70000112138.642242
70000123501.255936
70000048465.435379
70000823868.859329
70000888183.520264
70000356533.013184
70000921264.485321
70000323940.441788
70000225430.570892
70000412072.064728
70000934943.405258
70000145530.972839
70000782644.868362
70000308677.698257
70000773546.856766
70000729233.541199
70000667818.761948
70000106899.559631
70000340475.209671
1.000000
70000943035.665451
70000439993.932587
70000491693.015762
70000484392.431183
70000094801.758865
70000137619.191101
70000637550.979965
70000651845.975540
70000224668.465240
70000320310.667709
70000549959.306152
70000294069.152863
70000766723.024277
70000636574.773544
70000710817.377823
70000651718.509384
70000011760.931778
70000983012.175568
70000832137.664047
70000066875.215210
70000767958.471985
70000162452.410751
70000378953.794403
70000707614.449524
70000865474.448639
70000014433.350739
70000105515.557144
70000939437.450378
70000248018.934708
70000192118.304504
70000439444.449738
1.000000
70000549278.889191
70000788561.647827
70000036822.910858
70000224843.199051
70000750431.759827
70000468430.472290
70000086192.965881
70000863927.940994
1.000000
70000688961.792343
70000860263.436646
70000622747.881348
70000218823.316315
70000299138.347702
1.000000
70000316648.732346
70000507562.877930
70000107516.204178
70000247505.434433
70000354858.720139
70000487350.785202
70000893411.724731
70000591463.416748
70000809004.843018
70000059061.554871
70000015913.698639
70000303907.971558
70000889122.725021
70000602131.929474
70000769799.203552
70000606798.030365
70000203870.514694
70000877456.038727
70000327332.003357
70000704494.482361
70000628405.592590
1.000000
70000901788.112106
70000121115.638901
70000167440.614212
70000631718.557770
70000898567.230835
70000244686.392395
70000603579.103500
70000570145.516937
70000161708.891449
70000676879.108994
70000249455.205261
70000629465.128937
1.000000
70000729165.337387
70000218752.272720
70000233605.125717
70000776720.101135
70000311654.931198
70000634791.476288
70000098719.122696
70000732854.793915
70000153907.419861
70000154452.041367
70000654265.482162
70000397237.613678
70000254596.972122
70000044957.187622
70000463777.793503
70000897543.202316
70000989568.717102
1.000000
70000866049.255798
70000691187.616119
70000571465.291718
70000676237.629318
70000324142.250122
70000645710.990921
70000752667.112183
70000111855.399017
70000931549.991089
70000581869.944870
70000319203.506149
70000988799.051804
70000752807.060883
70000655152.506088
70000183478.041092
70000834234.562134
70000859024.993500
70000939326.742676
70000544611.187881
70000139171.123489
70000889405.678635
70000891099.541794
70000162927.499878
70000110941.189117
70000329602.531815
70000586015.141769
70000711347.651596
70000334767.815033
1.000000
70000858405.781082
70000588499.138550
70000018047.149277
70000050515.992325
70000263215.501404
70000029593.160797
70000157911.442368
70000352294.024063
70000469447.565536
1.000000
70000410209.637680
70000934014.307999
70000636276.027954
70000559092.038666
70000771559.032104
70000009809.390686
70000913093.555862
70000070939.818359
70000646029.398651
70000881880.323608
70000761497.051178
70000007772.380905
70000978982.922958
70000800340.694443
70000076198.973969
70000582459.382248
70000226776.487015
70000124693.561554
1.000000
70000564183.388702
70000862037.010391
1.000000
70000225653.024704
70000575474.111389
70000995720.236221
70000280282.382034
1.000000
70000539870.478180
70000099085.752747
70000228877.229980
70000677170.876862
1.000000
70000664119.611786
70000996840.089233
70000595188.239609
70000422869.285416
1.000000
1.000000
70000811769.406509
70000537766.915695
70000466811.667267
70000920834.235519
1.000000
0.33
 0 0 0 0 0 0 0 0 0 0 0 0 0
