1 401
70000976902.579819
70000317954.277924
70000249676.079895
70000727390.394623
1.000000
70000183690.328735
70000119136.273071
70000990422.571594
70000550629.950562
70000060876.602112
70000851122.894501
70000569592.621338
70000934749.864090
70000259535.239471
70000369404.938629
70000698774.018005
70000895976.985794
70000440517.421310
70000418093.868179
70000334483.421387
70000914374.812561
70000602077.675964
1.000000
70000787885.085342
70000718596.677322
70000103809.486145
70000858729.392609
70000652173.132126
70000540024.874817
70000504733.355133
70000639861.793701
70000804717.363098
70000542907.998413
70000312416.213913
70000522356.892212
70000170081.489700
70000565534.235764
70000590605.095688
70000017905.067154
70000447331.557999
70000715695.710876
70000389380.615036
70000214726.445450
70000262424.689194
70000172368.081787
70000808340.553467
70000385046.052811
70000032531.575104
70000600266.308502
1.000000
70000873073.690002
70000726158.855103
70000785206.656281
70000541453.080872
70000697130.379395
70000443470.705154
70000186884.743011
1.000000
70000425587.029556
70000268579.733643
1.000000
70000658316.326630
70000981737.912521
70000086514.237915
70000207303.075333
1.000000
70000604649.466614
70000863614.835220
1.000000
70000236186.817169
70000142367.802704
70000837486.440308
70000662364.934174
70000597327.696915
70000013401.456696
70000149463.033905
70000872999.440353
70000520408.358231
70000147603.611145
70000583501.994812
70000065788.853302
70000571781.149963
70000076079.580185
70000537220.206940
70000206056.691391
70000037966.945007
70000525245.048874
70000464438.860901
70000852235.654663
70000258557.065613
70000162486.605576
70000398522.544495
70000513640.896011
70000478206.525208
70000152927.517670
70000823919.721756
70000658211.113785
70000495932.593887
70000359173.983719
70000475338.587097
70000184340.787949
70000139778.043610
70000864523.493500
70000541898.843399
70000128115.164490
70000346018.681854
70000636300.164993
70000316054.697601
70000867389.772858
70000883009.147507
70000168437.458633
70000293084.449997
70000471681.064148
70000304491.137436
70000055276.632980
70000449303.747940
70000911152.088654
70000708874.513855
70000566283.817886
70000243604.870850
70000938342.661896
1.000000
70000440882.523972
70000662160.602798
70000556992.494598
70000853113.840591
1.000000
70000831495.541290
70000778989.831528
70000135657.005371
70000577664.890274
70000047638.287003
70000683411.259827
70000216265.219833
1.000000
70000601317.516815
70000644824.937927
70000426315.578125
70000905284.822891
70000138028.972519
70000551957.818558
70000933335.162338
70000621796.279419
70000716111.640564
70000404304.908569
70000568968.572876
70000320261.926270
70000119869.360733
70000480736.703827
70000173614.279984
1.000000
1.000000
70000445498.642822
70000147766.118958
70000059549.605606
70000415352.934891
70000646078.799835
70000533170.827118
70000582991.604614
70000567067.457016
1.000000
70000722959.689117
70000743408.273193
70000504601.503677
70000562547.779846
70000214740.150024
70000733839.422058
70000377678.793365
70000434962.808975
70000637613.093643
70000588985.014389
70000525861.856552
70000281823.630661
70000141764.323990
70000211087.529739
70000249151.577042
70000582891.588837
70000083797.372818
70000128803.859116
70000697809.122559
70000615701.857101
70000171297.626083
70000802047.135391
70000529021.617218
70000596143.931107
70000549111.079056
70000841012.379486
70000894677.801880
70000319499.467651
70000826266.953308
70000687204.475586
70000225633.026764
70000835438.574112
70000406171.724869
70000390389.616943
70000551786.147491
70000014999.237289
70000738416.911484
70000147890.903305
70000599635.714508
70000623806.398987
70000654377.662323
70000375155.508392
70000242339.882141
70000561746.864944
70000903483.866623
70000179129.250458
70000361987.347443
70000945902.263504
70000818897.174850
70000455432.092438
70000808223.229446
1.000000
70000363439.403870
70000507476.307434
70000443750.697937
70000939462.575485
70000273330.337524
70000116649.290451
70000235324.438263
70000285157.439133
70000023848.030029
70000486245.347427
70000484595.530060
70000008198.580215
70000285406.031876
70000564287.683701
70000252247.836426
70000444578.600174
70000652936.985245
70000096345.862701
70000405221.824860
70000469882.900696
70000966028.232285
70000471498.311386
70000718253.039474
70000200642.990616
70000871740.360001
1.000000
1.000000
70000909034.460663
70000482552.002594
70000528832.311249
70000735711.833115
1.000000
70000760203.037827
70000139139.894455
70000752917.293228
70000397506.535339
70000758045.383026
70000513702.257370
70000057263.869751
70000911800.417175
70000167031.317780
70000944907.581039
70000315525.601364
70000922004.094681
1.000000
70000470702.352127
70000834154.649719
70000087326.894913
70000177804.536835
70000814469.869522
70000419088.694580
70000511166.960892
70000204504.928482
70000490849.802597
70000548529.160919
70000718160.988998
70000574163.125137
70000082546.293365
70000986444.471802
70000248360.136246
70000783909.763992
70000472317.256149
70000489904.533661
70000807826.798996
70000581854.687607
70000099458.951813
70000706311.647263
70000361615.192642
70000210930.133591
70000408456.014923
70000797854.086929
70000290941.031693
70000662807.127518
70000102198.513458
70000759358.489716
70000373855.369476
70000547294.821793
70000448516.488754
70000967344.658615
70000775249.710281
70000136680.053848
70000869093.618469
70000448116.148575
70000009901.271133
70000978407.169174
70000954332.662918
70000284168.309219
1.000000
70000066779.675125
70000783608.754089
70000514808.364334
70000509171.046890
70000449648.818741
70000676361.164688
70000485376.199326
70000679213.158203
70000757840.165298
70000508709.363419
70000714289.001282
70000806155.210419
70000520998.137360
70000226715.786087
70000401482.131531
70000077606.220215
70000765507.711411
70000919222.103470
70000583773.876724
70000721060.707214
70000535247.599152
70000834125.940445
70000544576.208893
70000099766.298447
70000262210.674164
70000362711.143204
70000286696.695786
70000980223.321014
70000570202.929657
70000586270.011200
70000608632.824509
70000942987.195450
1.000000
70000686194.254303
70000902545.726395
70000651919.508026
70000108198.028473
70000033112.493088
70000854306.781937
70000090188.727585
70000427952.735016
70000299461.916306
70000236697.949158
70000893268.480042
70000505052.288177
70000684633.541031
70000777350.233856
70000159814.717178
70000791528.010162
70000937276.360733
70000414564.914032
1.000000
70000360909.903305
70000705115.264984
70000963721.166962
70000719988.440506
70000691990.050797
70000052456.331345
1.000000
70000816128.722870
70000706764.678757
70000786532.018036
70000306264.897949
70000733823.068192
70000076660.464859
70000171309.892410
70000118986.314468
70000918406.088623
70000085482.896805
70000727577.765793
70000777246.641693
70000219312.425308
70000336274.813675
70000213447.190720
70000613105.907990
70000337538.494736
70000850841.496323
70000652637.222656
70000234682.063782
70000450140.437546
70000677069.624451
70000752933.989822
70000868906.212936
70000204154.022308
70000628854.639938
70000122076.280472
70000454426.852356
70000632932.249969
70000918442.040649
70000042429.356461
70000929471.453583
70000775107.525513
70000321758.569717
70000415022.544220
70000207437.010681
70000415116.740402
70000852970.466385
70000473802.117172
70000704253.028290
0.33
 0 0 0 0 0 0 0 0 0 0 0 0 0
