1 401
70000118327.138763
70000147476.508377
70000719415.339661
70000888184.732590
70000804822.060043
70000228050.570297
1.000000
70000218353.589127
70000954928.943680
70000680180.208908
70000684779.833786
70000413744.180832
70000635361.526840
70000340569.977890
70000094309.162766
70000506827.284348
70000996838.888214
70000252113.539413
70000471191.040939
70000911779.299240
70000353562.566345
70000930006.673859
70000191844.062973
70000057133.835419
70000695059.639481
1.000000
70000241057.065125
70000331308.237762
1.000000
70000664244.786224
70000407370.420822
70000304329.659943
70000591363.314255
70000241528.401672
70000382954.109192
70000638133.935608
70000973015.891663
70000057632.859848
70000060789.488068
1.000000
70000969936.582764
70000808401.170303
70000890778.371277
70000240981.919296
70000315345.745514
70000211835.898209
70000942831.767517
70000923619.721512
70000599809.911499
70000710822.276764
70000011058.834488
70000433153.168030
70000351456.072342
70000358551.204559
70000950130.378586
70000195296.521088
70000112611.732498
70000540783.018921
70000178167.143829
70000499770.653198
70000219833.414444
70000800563.322189
1.000000
70000921687.558670
70000038987.796173
70000207961.622864
70000250086.419708
70000916011.799988
70000823680.964386
70000874832.805389
70000513114.927673
70000357076.620346
70000967642.201691
70000346712.760452
70000637959.516281
70000106190.208710
70000131427.613068
70000562070.418762
1.000000
70000616589.988586
70000440293.442078
70000217666.369476
70000767936.189545
70000636183.015182
70000563166.973343
70000062733.439240
70000075346.894058
70000112001.266556
70000084900.486099
70000126564.609497
70000842425.220383
70000787279.297546
70000397256.385681
70000903214.277145
70000486018.490143
70000909317.913528
70000080247.589554
70000424673.068741
70000793254.720825
70000168990.516220
1.000000
70000248935.680298
70000350107.563828
70000676666.364731
70000366169.672577
70000498200.326691
70000286159.068512
70000067515.216476
70000823268.931503
70000861657.743454
70000218474.339325
70000315342.863358
70000490654.849915
70000061760.425064
70000599047.483749
70000777858.728683
1.000000
70000661381.361877
70000298392.015091
70000558650.289230
70000288824.863342
70000276400.311264
70000038769.780426
70000730634.050705
70000854453.793945
70000552442.820511
70000013279.158646
70000442758.280029
70000557443.709122
70000645091.661652
70000965680.880447
70000077177.281555
70000669340.038986
70000256895.520615
70000735997.455856
70000976447.036804
70000302146.117966
1.000000
70000072237.311050
70000167394.224426
70000164697.951233
70000478677.201706
70000993326.673233
70000813230.973816
70000971885.001038
70000192419.628113
70000835060.826996
70000385105.441528
70000829070.163132
70000162542.562729
70000085952.731812
70000086279.536636
1.000000
70000774557.769089
70000843074.422623
70000880989.088821
70000602073.784149
1.000000
70000959956.137070
70000447539.415466
70000778670.333923
70000018063.924469
70000021918.566071
70000672991.393188
70000538626.596909
70000616377.555908
70000981815.145706
70000909816.810730
70000122290.552765
70000458969.929581
70000418926.252960
70000131102.841171
70000065876.628555
70000169040.285385
70000041700.548615
70000641312.386673
70000334258.358917
70000511565.893158
70000676592.995865
70000223214.405029
70000058208.080063
70000462395.554947
70000165392.303909
70000850972.094254
70000151810.200180
70000669023.760376
70000184453.362198
70000888851.187973
70000438877.778870
70000026764.347610
70000227165.409836
70000159752.389801
70000891907.708694
70000247979.563766
70000813882.103317
70000935077.255432
70000111371.917770
70000297242.243820
70000338167.129913
70000975141.776764
70000573372.181412
1.000000
70000395756.237671
70000523310.655884
70000627214.992447
70000511216.955872
70000535747.616974
70000257187.569321
70000623337.262863
70000764047.171707
70000929966.746719
70000365282.213516
70000722850.047714
70000585485.297272
70000229764.764725
70000048100.935745
70000043874.137314
70000077271.902588
70000450128.862427
70000959401.545563
70000875438.499252
70000895108.647507
70000455053.866562
70000673697.343872
70000907911.845108
70000126582.573135
70000045358.832581
70000082853.855072
70000120048.807800
70000853513.213577
70000953854.113815
70000083132.940643
70000745520.026505
1.000000
70000505453.012756
70000293241.602112
70000700862.137619
70000173980.078857
70000581405.187607
70000532378.579758
70000805370.683533
70000956097.229935
70000181825.038269
70000640387.103943
70000674130.009155
70000602392.797638
70000070177.273163
1.000000
70000698584.870209
70000510537.975250
70000826860.741867
70000687135.070297
70000642365.562134
70000813841.664001
70000721656.799225
70000363840.038956
70000056388.328461
70000619404.109009
70000867628.030411
70000574951.329773
70000528962.392654
1.000000
70000031678.946320
70000626123.111084
70000031400.606064
70000917632.860214
70000094655.434052
70000757754.332535
70000585515.743851
70000769623.196304
70000955856.446381
70000935012.201721
70000126358.452408
70000484122.775009
70000419841.493225
70000565721.669571
70000214435.810394
1.000000
70000218800.166092
70000042115.441605
70000316449.618118
70000667756.665878
70000481942.572449
70000604974.921753
70000311224.093063
70000362291.956406
70000202280.135330
70000827750.484390
70000786053.239822
70000189553.555115
70000879161.798248
70000132711.060654
70000824205.933853
70000128646.900558
70000813117.978882
70000532132.338058
70000704758.974152
70000498758.730255
70000320247.208649
70000794862.726364
1.000000
1.000000
70000313979.807159
70000988956.071625
70000407118.893021
70000636937.348129
70000328406.218155
70000121040.598358
70000256226.186996
70000486353.288849
70000914383.978302
70000326508.590515
70000830289.066208
70000924857.092438
1.000000
70000526057.795822
70000192375.991028
70000239874.119919
70000335895.950867
1.000000
70000474541.839478
70000278980.851364
70000797595.430588
70000985710.384888
70000886896.726059
70000248589.151703
70000610671.822525
70000590161.692047
1.000000
70000362490.293900
70000088722.345444
70000897905.785385
70000406556.654785
70000628372.514099
1.000000
70000328208.411758
70000302906.194489
1.000000
70000833363.097061
70000236292.599106
70000789035.342957
70000709078.830338
70000808142.339386
70000928308.523178
70000071241.448685
70000888622.231476
70000186932.738754
70000795707.691620
70000811139.848389
70000958409.045746
70000934107.406677
70000214634.686020
70000699166.845627
70000194114.897675
70000220099.387115
70000107232.795364
70000195334.475540
70000818921.032135
70000411799.207687
70000902408.686417
70000690549.585144
70000316972.633270
70000986098.067215
70000117041.230896
70000396808.897430
70000153800.552094
70000299512.584229
70000440774.196228
70000750367.307617
70000311185.290619
70000289462.651489
70000092578.047928
70000738040.618637
70000283566.788101
70000862291.088394
70000510233.236511
70000965555.113388
70000667121.089081
70000189240.454697
70000100899.372223
70000319253.755173
70000294494.176559
70000857949.027771
70000163251.097229
70000471036.885101
1.000000
70000820439.062866
70000176714.137802
70000116036.083328
70000574024.983734
70000626245.216705
70000864403.132141
70000867672.728500
70000723821.379715
70000288526.807495
70000360757.775986
70000011394.532837
70000102019.058258
70000133832.193130
70000083834.574142
0.33
 0 0 0 0 0 0 0 0 0 0 0 0 0
