1 401
70000153577.600998
70000505946.999451
70000409602.692032
70000411247.629196
70000352010.379608
70000901360.331863
70000894268.158371
70000274420.626480
70000509525.877960
70000441085.013702
70000741706.359909
70000405896.731781
70000856424.805099
70000672781.197083
70000664984.652344
70000659048.190125
70000828910.685989
70000199548.951920
70000865703.085556
70000040824.891510
70000499321.676071
70000340292.722275
70000199089.223022
70000499271.874115
70000189178.210983
70000728904.859024
70000097897.549393
70000132290.716797
70000985225.331833
70000225854.703568
70000643963.660156
1.000000
70000440275.079651
70000903624.166107
70000626829.492447
70000062410.654068
70000723638.735046
70000927764.871872
70000269366.187241
70000115199.602982
70000418725.264893
70000105407.055573
70000724779.558868
70000192162.202301
70000022064.924271
70000570370.471802
70000368411.112167
70000823677.593872
70000162317.786682
70000007581.398468
70000068489.077957
70000040825.220734
70000954154.260147
70000656511.423126
1.000000
70000516336.554398
70000787202.467255
1.000000
70000697869.203186
70000163115.979080
70000894026.285385
70000009456.165237
70000022551.285248
70000424981.457611
70000201183.136185
70000292471.761856
70000553465.438461
70000252450.232803
70000164076.903717
70000475083.447388
70000872209.165848
70000247873.509995
70000114758.582550
70000020326.894196
70000816119.083984
70000905697.480667
70000296108.589050
1.000000
70000434220.050400
70000836158.279892
70000426680.919281
70000393975.563828
70000644379.597351
70000395019.014801
70000815860.150528
70000773428.126419
70000312016.907150
70000256549.465500
70000840666.419189
70000875075.098312
70000227954.128311
70000912473.792068
70000554477.696579
70000350963.040497
70000074194.553604
70000808618.453064
1.000000
70000276449.019867
70000303433.713120
70000809697.643127
70000209322.230194
70000924595.489426
70000529266.341263
1.000000
70000158527.575851
1.000000
70000909439.644241
70000370802.661697
70000295596.461227
70000654906.519318
70000912834.510284
70000414478.940201
70000998117.551788
70000179659.782867
70000703007.293610
70000710626.636536
70000956765.288971
70000341397.203201
70000214742.960922
70000850478.214081
70000756024.422928
70000019668.465103
70000533256.869598
70000507685.975372
70000078868.878036
70000949229.239822
70000121272.825974
70000651211.073196
70000723710.761047
70000074790.785019
70000562253.802673
70000233990.122528
70000327610.093231
70000576618.418045
70000713086.836746
70000284049.219620
70000187860.994614
70000752198.967789
70000183620.795761
70000817108.361465
1.000000
70000666620.687820
1.000000
70000821335.895294
1.000000
70000144492.733582
70000119177.989349
70000944334.579437
70000257108.576187
70000852279.997864
70000586749.290817
70000100108.343262
70000661980.548325
70000205823.511703
70000069686.550827
70000008527.684692
70000314653.158600
70000071174.381439
70000724976.289566
70000909095.265640
70000780512.469818
70000202131.549255
70000071584.774460
70000233027.350693
70000803302.605057
1.000000
70000185860.611435
70000944943.189728
70000937030.982788
70000404070.911270
70000963798.885239
70000891780.623199
70000593277.689606
70000229441.703384
70000503001.040421
70000823414.169861
70000959691.832428
1.000000
70000960959.284332
70000050794.733002
70000167122.646179
70000051495.408325
70000222046.190582
70000335868.603500
70000212159.128036
70000108435.841263
70000991375.656250
70000299592.338058
70000993024.559998
70000209532.534546
70000433516.657272
70000494056.473480
70000441427.783401
70000771487.201248
70000649664.796219
70000650585.847885
70000838648.185989
70000521996.543442
70000296261.458664
70000423796.854660
70000001068.847946
70000488576.770905
70000541235.057144
70000889851.967453
70000024054.586487
70000688610.525558
70000838988.160797
70000588623.664703
70000100146.021530
70000965272.268555
70000170407.604523
70000766552.028580
70000830654.067627
70000662986.317932
70000225018.540665
70000530986.846329
70000869086.302155
70000038126.172195
70000702763.927887
70000028420.287552
70000139591.428741
70000372354.843399
70000198121.073166
70000157146.849350
70000407608.007874
70000520951.943466
70000659496.424026
70000056352.323151
70000019109.175354
70000064305.930481
1.000000
70000230637.438400
70000824335.565826
70000026888.973618
70000313695.567947
70000760236.519836
70000199812.396194
70000408764.101105
70000811643.843170
70000911781.402374
1.000000
70000158374.442825
1.000000
70000849866.710312
70000198789.693832
70000856811.506897
70000950946.630585
70000092550.337006
70000626447.483887
70000082277.025986
70000076153.011810
70000957345.892075
70000078343.944183
70000458943.452713
70000028236.857529
70000778732.240570
70000854032.283585
70000154608.252548
70000915433.309845
70000841410.550980
70000898715.275543
1.000000
1.000000
70000999278.013916
70000702270.698334
70000932773.771545
70000954962.139740
70000552344.589981
1.000000
70000242163.817230
70000678947.765442
70000174883.310989
70000256775.257584
70000171879.581848
70000533362.671967
70000154748.557556
70000525408.770386
70000102171.445724
70000432231.568832
70000632379.836136
70000782336.610367
70000968031.849731
70000043793.941772
70000692477.488937
70000272062.896820
70000855970.375992
70000906842.080475
70000271099.619537
70000538110.894363
70000320808.747208
70000933408.958740
70000457152.659897
70000151099.071533
70000682862.751968
70000961473.865738
1.000000
70000147849.370605
70000708601.117706
70000783524.345688
70000285798.768188
70000689406.577560
70000438054.211075
70000969380.975052
70000580657.590469
70000843683.665268
1.000000
1.000000
70000080593.948318
70000530916.674469
70000022190.419708
70000952357.103683
70000402784.549133
70000129809.197906
70000017287.572464
70000963326.226135
70000589860.155045
70000209869.613419
70000564893.256012
70000754965.958435
70000154194.714600
1.000000
70000781020.798309
70000974533.368958
70000169293.540604
70000251215.003143
70000567553.646027
1.000000
70000490255.973053
70000458411.904404
70000260118.843353
70000618043.469574
70000252966.872803
70000652248.618057
70000413140.653488
70000868478.546783
70000395753.062027
70000334287.331253
70000910900.523422
70000756372.931549
70000020262.311737
70000429152.498520
70000700263.361816
70000486298.708603
70000095207.824173
70000646932.197433
70000654899.166901
70000622028.386414
70000855776.407364
70000305999.599579
70000876148.737747
70000641109.330780
70000240919.367279
70000456770.141541
70000524551.540405
1.000000
70000703393.511841
70000469924.616074
70000942904.605194
70000892252.015976
70000141411.775314
70000661033.946899
1.000000
70000623242.924850
70000851741.113174
70000160728.926575
70000161735.220230
70000557730.870880
70000640967.420105
70000237119.139694
70000286333.010086
70000657278.248749
70000049485.776627
70000789044.505951
70000290318.846497
70000182161.868866
70000670523.611511
1.000000
70000971819.037048
70000691997.756912
70000516490.896423
70000184223.853409
70000916884.671371
70000743379.422226
70000785044.988815
70000997968.175232
70000604454.303146
70000227802.281113
70000823047.034058
70000484220.697708
70000720070.171875
70000649849.308075
1.000000
70000314638.853104
70000566555.601181
70000582332.196655
70000604818.139526
70000661780.670914
70000971560.843399
70000379786.228836
70000110811.977280
0.33
 0 0 0 0 0 0 0 0 0 0 0 0 0
