1 401
70000847236.228653
70000712924.724396
70000535208.180069
70000446393.351669
1.000000
70000221402.446213
70000136816.281616
70000632265.897202
70000813051.899567
70000884588.959198
70000815987.913513
70000688079.508133
70000656065.120987
70000818777.392242
70000392977.527786
70000058156.194977
70000297944.680283
70000622884.801453
70000422783.540939
70000763211.506958
70000469098.279373
70000375180.456894
70000919249.448380
70000845486.382294
70000122355.796158
70000652984.035721
70000631523.901962
70000174858.567673
70000726487.211365
70000636388.922226
70000748894.281113
70000796882.730515
70000016693.570236
70000547091.100098
70000805652.746002
70000898488.133804
70000952288.850815
70000862818.615280
70000727687.880020
70000406366.351685
70000980509.306595
70000439403.698364
70000501556.218582
70000513600.862061
70000519963.012604
1.000000
1.000000
70000383384.024841
70000785100.146942
70000892438.882172
70000201308.563110
70000536265.496384
1.000000
70000068053.894806
70000031700.767838
70000129062.736237
70000755104.014435
70000515684.898300
70000522020.277374
70000226336.507645
70000649538.236206
70000628623.115280
70000286784.787064
70000456310.889664
70000107694.140518
70000533862.570587
70000543119.939270
70000547917.058136
70000111796.284134
70000803299.633667
70000224989.607773
70000089616.587952
1.000000
70000359685.928619
70000986650.789185
70000599617.610184
70000222159.504181
70000950146.604660
70000632021.604279
70000398686.252808
70000545959.136856
70000864161.913116
70000494768.797653
70000578112.774292
70000155866.744934
70000574699.336609
70000124894.292267
1.000000
70000139645.597076
1.000000
70000157875.978928
70000517254.665833
70000969836.376419
70000363764.991959
70000696555.840897
70000862957.823761
1.000000
70000104352.747787
70000630362.242264
1.000000
70000855499.036133
70000059996.404602
70000535430.635513
70000984526.871277
70000957255.603149
70000772892.755829
70000470121.263123
70000608631.025146
1.000000
1.000000
70000085633.286087
70000781367.058701
70000647995.427795
70000902925.841080
70000637365.409973
70000104433.926117
70000567355.940598
70000180563.676666
70000311698.407578
1.000000
1.000000
70000618392.840912
1.000000
70000025475.472031
70000365258.258240
70000821303.569946
70000214105.560516
70000102444.087448
70000220912.279266
70000107397.658218
70000916019.568512
70000966479.050034
70000412555.144653
1.000000
70000562320.793900
70000967979.447006
70000663896.559464
70000252812.272293
70000318924.871567
70000782635.276718
70000634782.315460
70000723570.479492
70000999951.971466
70000129707.298233
70000814446.104675
70000373057.647293
70000494258.346939
70000192042.108871
70000622452.103409
70000492961.395981
70000043782.083542
70000143012.942917
70000416467.759277
70000329452.620422
70000230885.396118
1.000000
70000192167.276901
70000062097.553131
1.000000
70000133719.545883
70000232338.272049
70000611835.623886
70000867997.459930
1.000000
70000564777.764664
70000394795.238525
70000871095.393875
70000478032.964981
70000075487.404327
70000900334.182648
70000802313.789932
70000373199.214706
70000798081.664001
70000297421.934387
70000200305.789734
70000716025.637650
70000979980.625946
70000199522.507675
70000931519.185242
70000454921.469284
70000034667.115448
1.000000
70000007213.998459
70000228579.596619
70000303451.168289
70000102672.520386
70000673505.335556
70000322266.628220
70000441137.527435
70000444631.025009
70000592011.267883
70000568487.714310
70000342254.431808
70000053387.422684
1.000000
70000773482.593445
70000719840.954086
70000213877.648193
70000887003.091095
70000027652.218124
70000612915.376297
70000558318.197845
70000231784.465210
70000300530.511642
70000398550.260925
70000892651.365707
70000784913.661133
70000066677.498398
70000748318.623672
70000461825.547867
70000080617.204712
70000806690.310165
70000983206.937668
70000197271.122116
70000324970.001053
70000403142.996262
70000494778.914322
70000440184.149399
70000458649.114075
70000374209.308563
70000822370.239777
70000005614.736816
70000451329.393341
70000494021.251587
70000253324.621048
70000616851.658905
70000399901.565475
70000797507.394073
70000555681.503815
70000799986.847977
70000795782.880646
70000160452.159439
70000511174.366882
70000258353.122681
70000468614.072037
70000222688.766876
70000780704.359711
70000084538.199326
70000584221.753143
70000874165.851929
1.000000
70000960691.640350
70000244881.482437
70000044483.100647
70000435500.489563
70000882378.457611
70000576704.966354
70000467452.253845
1.000000
70000699647.781265
70000400880.899445
70000087754.573761
70000614358.520630
70000547948.392334
70000739458.540314
70000227993.444885
1.000000
70000200835.492752
70000596727.341751
70000598820.757477
70000047727.657883
70000927749.624084
70000860073.397888
70000686581.248764
1.000000
70000099702.538071
70000896675.290665
70000104302.966599
70000793924.734512
70000820261.112595
70000105118.550919
70000040409.406052
70000339663.723679
70000817352.506149
70000443196.156036
70000691184.055237
70000607784.999207
70000918702.223953
70000431874.451355
70000280150.528610
70000539300.538971
1.000000
70000621202.431885
70000014732.264481
70000939900.647964
70000337650.765533
70000438171.435425
70000024630.748322
70000034169.927917
70000967070.677475
70000658032.785492
70000929172.434357
70000934046.286957
70000839646.395309
70000884767.022171
70000968646.955276
70000415900.722610
70000295561.749695
70000483473.912964
70000384814.458282
70000337118.328293
70000466347.983963
70000104421.630951
70000837569.164017
70000862149.245941
70000173981.223846
70000522454.740936
70000958540.969009
70000929368.707260
70000090152.873871
70000027343.692627
70000147252.020004
70000244458.900116
70000025831.819321
1.000000
70000415510.119690
70000709519.644501
70000601588.813644
70000026747.164093
70000040587.805588
70000380184.701050
70000459378.682846
70000521608.515991
70000287540.974030
70000546171.625015
70000094179.501953
70000225551.781143
70000749252.677216
70000093198.483368
70000765044.251144
70000947589.622452
70000580393.182297
70000649931.155579
1.000000
70000477958.804550
1.000000
70000422985.058044
70000026111.272644
70000485457.716324
70000214922.819595
70000739454.422348
70000151381.939865
70000038703.947983
70000950579.876373
70000493286.039886
70000326060.425766
70000215389.188614
70000746105.309952
70000321511.958435
70000891491.685547
70000341727.126999
70000105430.582748
70000747057.422928
70000336277.859482
70000378852.216217
70000938792.549530
70000476378.422058
70000258555.168594
70000665717.166321
70000000892.508163
70000980581.161880
70000701073.747116
70000725216.000626
70000787598.653290
70000746876.115051
70000227656.122742
70000169588.434921
70000955952.169754
70000154094.997299
70000526334.767120
70000089385.556351
70000000193.037201
1.000000
70000941811.621445
70000588370.244843
70000185594.900345
70000125843.643295
70000687322.788773
70000491386.583725
70000386276.167267
70000770151.721756
70000743111.110092
70000092617.369232
70000743849.504257
70000444050.496857
70000243579.051300
70000188617.908279
70000184452.102310
70000012468.804153
70000300563.165588
70000687715.155441
70000508546.838470
1.000000
70000014465.893906
70000391787.748306
70000327101.482285
70000190616.485535
70000937517.037735
70000182374.258942
70000690323.107788
0.33
 0 0 0 0 0 0 0 0 0 0 0 0 0
