1 401
70000302385.195663
70000731478.192184
70000235801.872528
70000264479.307831
70000281289.021729
70000890733.692383
70000297377.343414
70000785702.431351
70000614136.475647
70000545394.547806
70000120033.570923
70000495915.992859
70000059204.476532
70000154805.527908
70000005604.940536
70000479389.110062
70000039769.603180
70000540531.703751
70000872733.837692
70000367722.266434
70000849420.360809
70000873635.576385
70000574322.163422
70000800157.787720
70000393192.745651
70000217310.008560
70000158518.486771
70000262815.522644
70000682944.041992
70000522085.499527
70000006553.438202
70000670910.220428
70000813984.010986
70000694429.040894
70000944732.873840
1.000000
70000149440.128616
70000188285.879013
1.000000
70000278531.541946
70000196156.914261
70000778946.389023
70000526748.906082
70000386072.886719
70000058368.806686
70000314867.958862
70000838588.660660
70000450342.219574
70000047371.719650
1.000000
70000437214.534439
70000699543.025894
1.000000
70000552695.748322
70000107115.001099
70000660482.100845
70000174266.033051
70000410756.118805
70000133285.515182
70000761702.136246
70000039353.684006
70000018461.401276
70000652619.288574
70000481759.123352
70000589877.213608
70000177668.769455
70000011351.385056
70000365649.057236
70000135175.285690
70000050140.323151
70000397764.843445
70000192964.126053
70000468351.697205
70000934919.492691
70000873486.984573
70000187245.847122
70000476043.422928
70000912341.026260
70000885776.814163
70000771914.873901
70000996603.614441
70000347984.217682
70000337257.803696
70000466876.035324
70000984816.069778
70000139851.307739
70000490944.990707
70000937798.402084
70000642533.309601
70000772053.707642
70000675352.834457
70000179195.573090
70000087620.043701
70000978294.020767
70000406051.250671
70000387943.461502
1.000000
70000641430.713882
70000361307.454498
70000221153.716934
70000760837.563950
70000806882.882172
70000381138.980728
70000383055.061462
70000625052.861359
70000848561.072632
70000650294.108704
70000330642.840927
1.000000
70000288398.368378
70000324145.373260
70000616609.453873
70000397294.019409
70000340911.441635
70000631726.189041
70000299254.458069
70000481272.497772
70000139842.682526
70000781056.345901
70000279969.688934
70000392704.212616
1.000000
70000815094.598877
70000098286.810028
70000497760.600525
70000041799.240967
70000379444.818802
70000024223.772949
70000945325.922302
70000212889.553543
70000760178.751587
70000335622.732788
70000805038.606659
70000740012.539383
70000640247.302444
70000113927.256592
70000252927.888046
70000819850.361633
70000014497.338852
70000894450.764374
70000208408.400696
70000247266.849579
70000882827.250290
70000542041.297989
70000430110.849075
70000509357.833664
70000785663.581573
70000203635.032059
70000608319.430161
70000747306.100967
70000317524.795197
70000906064.888687
70000840567.470505
70000431141.044205
70000921342.558167
70000300449.814087
70000956444.201187
70000314481.796310
70000783058.530411
70000389898.329819
1.000000
70000229188.605209
70000743927.443054
70000831949.104156
70000943651.971451
70000536343.924179
70000162967.099991
70000111307.221985
70000195916.864929
1.000000
70000861317.221756
70000214509.603180
70000029568.079712
70000346023.174881
70000957520.320450
70000666790.472351
70000767016.849472
70000559804.578629
70000050444.394547
70000947275.963730
70000056384.800797
70000741200.459549
70000467673.719208
70000051912.447525
70000533063.769592
70000566056.386490
70000760183.988083
70000762988.113159
70000204796.096466
70000453357.610703
70000842462.943069
70000224519.219879
70000707400.066879
70000063200.393127
70000875609.439209
70000536098.530411
70000233168.100922
70000298511.739273
70000094293.982468
70000697078.556931
70000504715.706680
70000344525.728546
1.000000
70000382103.131790
70000048089.716782
70000031408.005539
70000659000.669083
70000759133.583633
70000136334.790298
70000490633.799728
70000562021.805679
70000430889.557449
70000076218.533920
70000903454.610153
70000886272.486923
70000004236.800293
70000682859.820557
70000806236.714828
70000084168.945343
1.000000
70000420277.817139
70000382552.720947
70000300953.328476
70000039669.651642
70000539878.051605
70000482093.864975
70000125653.182755
70000788781.358795
70000726797.499039
1.000000
1.000000
70000451088.650757
1.000000
70000806238.439713
70000567162.290314
70000433980.917725
70000109502.056854
70000062055.285583
70000341561.751373
70000499599.396515
70000926477.312027
70000836362.223465
70000586401.578766
70000661384.666275
70000590641.875839
70000877535.689087
70000045722.127228
70000092813.745850
1.000000
70000626386.369354
70000745572.965103
70000369674.484909
70000320063.880554
70000186256.371750
70000668977.953857
1.000000
70000903372.511093
70000386062.291458
70000925509.180023
70000129359.490753
70000151335.658859
70000035055.708023
70000421605.050125
70000505343.785706
70000377268.825928
70000139212.700195
70000512988.036575
70000617178.837677
70000854201.912582
1.000000
70000362603.476807
70000806901.600220
70000724655.647003
70000869679.382629
70000563300.864044
70000817161.752045
70000819520.785812
70000424234.961884
70000304803.412552
1.000000
70000336535.769730
70000925000.439438
70000524908.914749
70000346403.559174
70000784829.705139
70000373662.943298
70000368153.560272
70000517284.124908
70000712301.307739
70000884514.229858
70000804297.883530
70000245515.436157
70000621153.779541
70000970019.773544
70000025448.647522
70000041697.156219
70000149994.629013
70000886980.796234
70000872921.237823
70000116947.682755
70000668369.993546
70000277421.490494
70000061245.860153
70000576891.541504
70000644717.704849
70000976563.407547
70000430630.542007
70000744996.677444
70000325076.881119
70000720271.088028
70000053381.031754
70000036302.855530
70000893191.375320
70000741128.737411
70000591489.054611
70000799831.671051
70000461917.078384
70000028867.153992
70000248078.990112
70000649333.319153
70000656248.534485
70000108113.626160
70000419722.929672
70000338490.858505
70000595493.451416
70000249008.830338
1.000000
70000981751.840347
70000010151.242661
70000516676.930771
70000153260.023788
70000859046.216675
70000157032.825165
70000986665.783386
70000530743.878616
70000856719.020935
70000237065.760284
70000428080.024643
70000854490.351501
70000161726.433411
70000669693.666122
70000415429.839111
70000009915.247711
70000095109.819382
70000378752.141968
70000363778.431915
70000426324.136032
70000007219.990616
1.000000
70000200584.560455
70000746219.912048
70000325748.094116
70000878313.627182
70000286430.993958
70000586293.013184
70000512955.683212
70000816074.450989
70000063427.501663
70000019839.504501
70000567595.290771
70000306011.639130
70000478711.467941
70000423910.214081
70000102719.751526
70000888106.161316
1.000000
70000669348.307358
70000557338.362839
70000239115.301605
70000489764.878372
1.000000
70000925324.623901
70000404315.538483
70000650354.531631
70000587412.743958
70000046730.503860
70000547757.358841
70000817340.682556
70000624207.310013
70000821200.819427
70000832137.140030
70000449511.355911
70000119267.949966
70000577912.541946
70000854348.258591
70000264395.345352
1.000000
70000750889.094574
70000276314.917206
70000735285.296310
70000726229.529449
70000225268.226868
70000781807.085190
70000930387.985001
1.000000
70000516087.644150
70000527493.084747
70000832554.743713
70000777937.718674
70000740528.547821
0.33
 0 0 0 0 0 0 0 0 0 0 0 0 0
