1 401
70000338694.110016
70000157625.495697
70000691501.537704
70000300002.278809
70000050577.951920
70000992638.261383
70000433152.496353
70000457810.894073
70000968336.594742
70000854893.684158
70000432241.495621
70000208979.759918
70000355642.245026
70000872102.686508
70000902904.066040
70000862529.672791
70000972233.945312
70000626984.915024
70000982287.010513
70000478469.721283
70000470888.881607
70000400732.009369
70000819065.302567
70000830315.632156
70000170576.058243
70000325070.111877
70000094162.103790
1.000000
1.000000
70000882678.113464
70000785487.680817
70000171058.733139
70000201432.024643
70000768434.525116
70000350334.203369
70000201187.572800
70000853447.552643
70000808192.119705
70000346278.345444
70000598111.059845
70000482990.687195
70000815919.953049
70000249974.658905
1.000000
70000971396.439133
70000646261.101868
70000958615.376419
70000657928.881317
70000116784.789062
70000440457.866974
70000152575.204865
70000701673.226761
70000326288.102966
70000525800.245956
70000577799.820541
70000592720.196777
70000244188.902313
70000417144.307526
70000783974.907043
70000264375.947800
70000304130.397507
70000316326.735855
70000715121.631775
70000226272.417282
70000296635.088043
70000928280.180435
70000864770.329987
70000162701.507782
70000870637.798950
70000526659.661453
70000403284.858505
70000619113.173325
70000600608.880707
70000696148.062347
70000283633.597168
70000975841.942337
70000792703.963943
70000086378.209839
70000684908.528107
70000033805.900208
70000824791.875336
70000170704.592728
70000495959.651550
70000529091.667435
1.000000
70000238995.740158
70000109089.118851
70000477899.641418
70000703637.855103
70000728641.881088
70000170839.805466
70000592531.746475
70000533773.974792
70000509864.598618
70000340262.172058
70000691495.620621
70000895512.726578
70000902284.959137
70000693123.732925
70000410861.157333
70000271080.073105
70000146782.696991
70000225347.559860
70000140083.931091
70000916162.243500
70000405921.381439
70000376756.453400
70000350952.681854
70000738723.815384
1.000000
70000574718.480743
70000714036.198334
1.000000
1.000000
70000179388.615448
70000918069.574356
70000847467.735458
70000303651.185440
70000109038.222488
70000921339.287659
1.000000
70000279680.546326
70000311589.706757
70000241788.910721
1.000000
70000322437.835464
1.000000
70000312995.615677
70000502130.906036
70000318145.982590
70000216888.345200
70000107339.734009
70000820021.447464
70000390747.529434
70000514520.036835
70000413998.036118
70000384223.215530
70000951223.495529
70000444659.334061
70000896185.983887
70000916028.872589
1.000000
70000433740.649384
70000410570.465408
70000670518.411316
1.000000
70000159298.301468
70000462735.052673
70000048522.639786
70000683663.253937
70000485163.744476
70000901860.613617
70000758312.795151
70000781823.460220
70000895051.975677
70000761007.650818
70000094711.873123
70000903481.623779
70000459703.896317
70000350335.879105
70000120780.170166
70000112162.813110
70000812991.607498
70000078983.104416
70000405891.639801
70000838481.263779
70000947838.883194
70000650945.550812
70000368892.944702
70000177668.058121
70000714719.279343
70000111767.554825
70000586035.224503
1.000000
70000051429.527145
70000357142.482452
70000135212.262558
70000819633.000519
70000744957.198181
70000457965.604828
70000952528.452377
70000946468.649017
70000602088.408936
70000924616.960266
70000118987.705795
70000822314.219482
70000035373.520416
70000452217.382217
1.000000
70000342132.940292
70000017130.078262
70000705373.248383
70000323133.661591
70000602463.114471
70000152134.318939
70000556564.065765
70000778896.868835
70000314749.520752
70000878128.148651
70000472609.726700
1.000000
70000220879.583771
70000919850.685226
70000620578.236694
70000027924.267883
70000568926.921539
70000863228.573990
70000408518.734665
70000753530.852448
70000346542.099213
70000242626.516785
70000403849.812973
70000210351.690659
70000947673.550522
70000379033.243301
70000146099.985001
70000879014.617920
70000051148.197128
70000366167.121384
70000316679.429779
70000443846.394714
70000919902.993088
70000169832.312546
70000261205.384506
70000047427.812195
70000405218.940491
70000398976.356232
70000926379.789124
70000957838.232193
70000269354.300018
70000337708.251373
70000347769.973206
70000421036.726395
70000023700.338226
70000536926.670303
70000117718.621735
70000256688.969620
70000938523.141266
70000689554.705994
70000927530.859894
70000867308.572739
70000449747.749496
70000266247.811935
70000702744.360641
70000228129.715118
70000423252.971390
70000193982.049255
70000934270.637085
70000769429.963272
70000699644.586487
70000331471.309906
70000750686.476913
70000120989.296829
70000050684.644806
70000065019.339752
70000122492.599869
70000081168.909653
70000016009.044800
70000054329.590042
70000414328.913025
70000377840.190018
70000618646.935776
1.000000
70000487152.874176
70000561038.539291
70000832855.825394
70000734998.074875
70000406640.155472
70000492493.617111
70000867514.630676
70000378084.421066
70000339200.064377
70000076565.852982
70000186405.830215
70000706337.087616
70000432505.336914
70000662164.122330
70000927981.442993
70000182692.617218
70000419755.692596
70000721489.387848
70000330194.057831
70000399826.946625
70000669694.855484
70000495341.364914
70000425063.567444
70000409220.423080
70000408165.570251
70000417920.816437
70000761419.590805
70000666378.049271
70000489019.276108
70000847407.438614
70000412805.879761
70000698638.709366
70000018165.498901
70000777865.338791
70000937705.944153
70000138154.923981
70000846900.419968
1.000000
70000244671.298996
70000879538.533340
70000942573.348206
70000831853.114258
1.000000
70000020022.528503
70000386700.609680
70000398160.893784
70000569596.452408
70000610323.980347
70000863963.427261
70000829833.301392
70000358661.084061
70000007774.124542
70000733198.499542
70000682736.337479
70000432546.445633
70000599687.065643
70000868855.043335
70000427586.196991
70000055361.682587
70000057216.771927
70000152407.672104
70000874931.834198
70000297040.809494
70000012857.613968
70000037788.110260
70000895211.672928
70000209965.383606
70000177335.438599
70000566935.538330
70000846308.650925
70000396817.474823
70000381886.340881
70000503182.267014
70000173173.397491
70000847845.297180
70000038242.172028
70000752408.268295
70000856513.700150
70000702197.573502
70000566628.256546
70000774938.873779
70000026422.700821
70000984648.282654
70000300374.331604
70000101583.498123
70000852705.738327
70000817609.981064
1.000000
70000934405.713196
70000768645.368286
70000885366.042099
70000492199.616989
70000016632.952271
70000272536.318649
70000897871.598511
70000895012.315353
70000111571.404633
70000803162.302582
70000051243.433563
70000440257.148926
70000681353.117325
70000814840.844604
70000239284.106293
70000831483.467026
70000529334.826050
70000815821.069916
70000043466.588226
70000887092.374039
1.000000
70000683165.017593
70000968229.441132
70000633598.352753
70000698288.506912
70000889011.316772
70000489390.088364
70000910743.360855
70000992332.825882
70000941892.658096
70000864633.251816
70000646919.189743
70000627557.427643
70000265504.873901
70000287300.858826
70000580342.445145
70000111799.181610
70000409745.933929
70000992506.333694
70000804420.156021
70000082466.169983
70000614386.014267
70000523584.671814
70000719309.491486
70000077577.076904
70000541494.454498
70000369268.472198
70000553166.619232
70000006399.134842
0.33
 0 0 0 0 0 0 0 0 0 0 0 0 0
