1 401
70000946076.591507
70000216796.574814
70000049142.677338
70000749727.001846
70000478624.189529
70000380458.790665
70000678623.349625
70000890370.306580
1.000000
70000915984.529785
70000971318.362076
70000431251.849075
1.000000
1.000000
70000101531.748398
70000404543.243790
70000349642.433929
70000451044.103104
70000470143.775452
70000418912.034943
70000831709.632050
70000664839.178604
70000357246.254181
70000552160.356247
70000846957.596970
70000107533.184769
70000915335.321167
70000341020.883270
70000852035.104523
70000329680.929214
70000351606.308746
70000970294.885391
70000551503.762909
70000922680.245895
70000740740.966431
70000311440.729019
1.000000
70000422933.645187
70000951125.539948
70000453139.327866
70000320901.625443
70000831844.614349
70000854130.257278
70000014118.864136
70000285881.377457
70000205661.596176
70000260277.240311
70000917499.421524
70000131582.879593
1.000000
70000622841.119812
70000313081.021622
70000325147.844269
70000616483.208374
1.000000
70000989865.300659
70000206144.037399
1.000000
70000975575.135086
70000324447.963547
70000263391.502838
70000556302.180801
70000014684.123322
70000934262.575317
70000441446.837143
70000119201.226791
70000875875.896469
70000653708.335220
70000075157.347778
70000298250.376190
70000400222.904999
70000499982.852875
70000509747.742264
70000522044.804382
1.000000
70000188793.358337
70000496264.769882
70000970777.265594
70000685972.606522
1.000000
70000469219.698639
70000525283.853058
70000448062.699982
70000330719.729919
70000726749.607529
70000255204.647110
70000089273.922073
70000472019.616867
70000988218.644516
70000764958.151871
70000521029.189514
70000277175.772278
70000931775.500336
70000271837.032928
70000653196.673599
70000967934.248215
1.000000
70000952013.303787
70000284751.445969
70000185413.789368
1.000000
70000071772.170715
70000753134.434860
70000166238.665115
70000216291.204910
70000471111.174576
70000768414.428223
70000984506.911346
1.000000
70000103260.163849
70000253826.565582
70000935809.213730
70000923936.741333
70000021896.420120
70000980228.656891
70000518520.760864
70000534134.529785
70000361536.640686
70000949741.077057
70000551669.106064
70000681446.707382
70000622864.130020
70000330318.731644
70000841801.011108
70000694528.218262
70000311399.249908
70000648706.446030
70000771542.758453
70000827520.453171
70000683024.493134
70000858677.968201
1.000000
70000326448.441116
70000425819.245895
70000417553.333603
70000840212.452957
70000282852.701218
70000949076.986450
70000287574.764893
70000914250.512634
70000314403.163467
70000806512.363922
70000363958.333725
70000518896.656693
70000171695.537949
70000076370.401779
70000626188.498306
70000950886.921951
70000880631.549088
70000971237.435944
70000589356.349762
70000538525.993225
70000188569.674301
1.000000
70000502557.914413
70000652931.520279
70000066612.690216
70000048169.166763
70000786922.198639
70000912397.919342
70000144261.241684
70000783968.447418
70000810746.809616
1.000000
70000208973.257874
70000136188.087524
70000853535.581848
70000265337.874588
70000360477.292831
70000626828.785324
70000609857.202911
70000257707.668320
70000670672.130402
1.000000
1.000000
70000394547.539307
70000760895.057236
70000606343.337494
70000770517.079147
70000867716.952408
70000551223.194992
70000537444.850906
70000274935.752808
70000820833.390594
70000354437.669800
70000771543.537781
70000676335.949524
70000260829.818542
70000860378.871796
70000126586.840057
70000591213.315536
70000106360.022888
70000111152.046936
70000171620.638275
70000697311.253464
70000919360.223801
70000813230.879288
70000374894.725250
70000306931.730576
1.000000
70000725729.335449
1.000000
70000009833.670212
70000656874.854507
70000728467.014282
70000762818.517380
70000229478.753387
70000695556.323029
70000324051.831680
70000692071.758194
70000112078.112991
70000549700.984818
70000631865.018082
70000853882.237595
70000269838.897659
70000643461.368057
70000248307.445312
70000704379.190475
70000929839.647049
70000028091.742798
70000491484.012939
70000752739.892822
70000940811.437119
70000556073.998978
70000732485.933136
70000604784.271072
70000031230.430267
70000553793.301620
70000876365.707703
70000462922.497086
70000111240.588913
70000138197.949051
70000966234.879425
70000881775.588989
70000058656.003159
70000744770.927353
70000782532.115555
70000507958.389740
70000353874.760712
70000459179.151718
1.000000
70000765469.117477
70000918429.967133
70000314228.257156
70000906170.952057
70000973632.999664
70000633125.039703
70000578157.125900
70000182114.477036
70000871016.566376
70000655232.493011
70000173063.421814
70000911113.501785
70000473744.234238
70000473154.949585
70000529523.992554
70000053301.185806
70000622391.978622
70000325532.428757
70000753455.367615
70000303487.168335
70000050319.581223
70000823026.249939
70000317198.958527
70000674661.966187
70000068674.183517
1.000000
70000722669.220078
70000411241.942398
70000341947.612000
70000790299.379150
70000900498.965576
70000256661.344757
70000366889.792831
70000849228.441742
1.000000
70000612008.321609
70000784144.854462
70000371502.700760
70000986667.145950
70000198165.242554
70000647648.160477
70000325120.466782
70000602555.388687
70000565328.254105
70000957435.261124
70000008974.827988
70000565565.738739
70000525960.530930
70000845618.802811
70000784884.921402
70000146423.264816
70000979863.173920
70000223873.737625
70000969650.596375
70000484346.377853
70000572169.900833
70000817301.801773
70000514700.446121
70000853941.762222
70000433726.211823
70000645269.207703
70000155320.443893
70000633411.554367
70000343086.998749
70000158768.964386
70000629481.591797
70000179663.249893
70000737962.609497
70000106347.483856
70000788497.174728
1.000000
70000373479.704575
70000364415.377686
70000010020.528107
70000487122.252380
70000813140.240341
1.000000
70000849609.829590
70000907747.123260
70000027917.723358
70000944247.644043
70000998699.412003
70000880941.302170
70000057104.605637
70000358755.121674
70000758600.730911
70000187809.577042
70000888470.621078
1.000000
70000722690.811218
70000569431.134567
70000729189.250534
70000532468.653778
70000453488.618881
70000063726.342361
70000185813.090668
70000148119.662521
70000104099.351471
70000529034.508652
70000538020.149155
70000398148.521118
70000224817.314957
70000736500.044785
70000334071.141983
70000978742.948868
70000175672.969177
70000895888.437698
1.000000
70000570829.615097
70000225456.008957
70000224959.208710
70000351395.910095
70000104973.093018
70000206132.240021
70000962749.037598
70000125267.341629
70000536864.752045
70000506976.415955
70000875098.299835
70000315901.103592
70000655948.882736
70000710806.420380
70000470016.466309
70000861019.113846
70000585289.455444
70000261933.022232
70000830250.476303
70000418257.046555
70000210521.543457
70000243359.287170
70000710734.950653
70000674810.368805
70000558028.370071
70000652969.401215
70000209250.917984
70000181388.997635
70000106555.790268
70000690070.847107
70000697408.841125
70000566297.600204
70000744751.589432
1.000000
70000906522.116928
70000304755.205490
70000117023.964767
1.000000
70000598919.717224
70000108861.959427
70000212135.399002
70000984544.345108
1.000000
70000646694.399368
70000273911.884277
70000844147.781876
70000408630.070114
1.000000
70000696189.274597
70000329811.915192
70000834864.928787
0.33
 0 0 0 0 0 0 0 0 0 0 0 0 0
