1 401
70000424390.793701
70000858120.248245
70000614893.980728
70000250081.055420
70000380674.403610
70000079515.287460
70000263384.970108
70000935919.075607
70000032659.103622
70000381796.594650
70000909280.287384
70000268509.841278
1.000000
70000624703.304794
70000770575.539749
70000124257.377991
70000592424.660431
70000344917.716629
70000245405.536911
70000490765.487091
70000558578.774597
70000461358.941315
70000022266.707611
70000343987.205612
1.000000
70000880324.479218
70000046321.672104
70000097881.325531
70000095484.717102
70000126458.663193
70000078836.928024
70000721304.995987
70000151098.926849
1.000000
70000703445.386505
70000519316.326645
70000846251.595367
70000446014.412689
70000590189.497498
70000332332.799042
70000176677.101440
70000242016.257309
70000033655.048538
70000026847.181274
70000802355.408173
70000184371.529800
70000360351.560822
70000319073.476746
70000294488.439911
70000270146.075165
70000389524.912643
70000865745.892868
70000041402.243362
70000497631.969162
70000034455.995041
70000502548.950745
70000966710.207260
70000594630.268433
70000230705.085739
1.000000
70000282643.909882
70000250693.331451
70000543994.736588
70000319674.427032
70000835348.390671
70000738971.713272
70000652280.219193
70000119782.679718
70000700801.017136
70000295537.582153
70000654815.808716
70000933957.591583
70000638697.221146
70000046280.259247
70000220111.688705
70000724899.343246
70000581943.042404
70000279011.779221
70000474250.013550
70000716222.707108
70000180180.481369
70000368520.744858
70000552780.701904
70000648264.834442
70000002190.364334
70000822723.493042
70000124811.089355
70000198510.251465
70000658615.092896
70000787391.983032
70000535886.307892
70000123262.123413
70000482529.992142
70000773882.771561
70000690939.714554
70000528602.025238
70000012944.090149
70000313522.108643
70000340627.650833
70000072459.802216
70000262418.822205
70000120831.040848
70000453664.170120
70000451795.546295
70000930091.912186
70000040056.088943
70000797208.932022
70000939716.133957
70000504658.490616
70000667976.718933
70000783833.291443
70000299278.667770
70000039675.313950
70000370240.077881
70000243421.726776
1.000000
70000495030.213852
1.000000
1.000000
70000523101.022369
70000314273.229431
70000043030.620865
70000025104.898941
70000971833.193481
70000727766.949051
70000351351.775772
70000299037.724014
70000094475.211594
70000292334.525406
70000145863.795410
70000419943.330246
70000611339.863083
1.000000
70000024708.912811
70000860381.625717
70000821449.156174
70000435667.612778
70000076519.726013
70000690453.022614
70000585161.125046
70000751322.125885
70000112680.177551
70000337081.519501
70000755972.170914
70000943904.777023
70000837952.206360
70000781485.357239
70000356262.448090
1.000000
70000167863.826843
70000072825.295242
70000715808.499100
70000158717.803253
70000012897.924820
70000023201.914108
70000840004.173248
70000783200.491730
70000863023.090408
1.000000
70000644045.208603
1.000000
70000822371.809723
70000815271.296432
70000835873.831985
70000489441.077988
70000489771.114792
70000688607.497940
70000385897.518234
70000989869.265533
70000638757.954056
70000868971.767654
70000577925.478073
70000141681.274460
70000972621.010208
70000120357.986237
70000795387.789047
70000920912.420105
70000782740.904846
70000287722.441895
70000011296.900650
70000215158.768066
1.000000
70000597021.015076
70000091379.160492
1.000000
70000307610.688171
70000853684.505112
70000625901.966492
70000816745.465652
70000026186.548462
70000253609.744888
70000410816.124466
1.000000
70000134425.267319
70000273549.230194
70000591864.909683
70000900196.620239
70000381478.477097
70000550028.973892
70000732812.101868
70000621469.196060
70000621853.435745
70000075654.725037
70000227554.921066
70000291659.390472
70000527302.966034
70000742287.578079
70000335039.371078
70000973711.869385
70000386576.745636
70000900612.958069
70000752458.347412
70000237400.959869
70000510769.306076
70000246746.896774
70000237552.722351
70000240119.729874
1.000000
70000349155.156204
70000101034.057983
70000420736.999283
70000806808.111786
70000034388.817352
70000739402.340744
70000187253.979156
70000420009.425629
70000741373.850388
70000842289.108231
70000616699.856186
70000304094.631592
70000770686.822372
70000758157.430573
1.000000
70000723416.311279
70000656964.306030
70000253416.651657
1.000000
70000756779.588135
70000223654.913879
70000108245.665970
70000036510.584641
70000984709.025650
70000426356.692566
70000910103.272842
70000851361.021820
70000639661.479614
70000607819.428223
1.000000
70000900519.002899
70000372421.303635
70000614845.975128
70000880657.903458
70000203907.283691
70000473517.023361
70000599646.318817
70000463440.059952
70000187229.179504
70000754779.921432
70000789371.957764
70000342308.545349
70000293153.328278
70000899163.024124
70000032264.319153
70000127112.579559
70000921095.761398
70000300068.972641
70000409019.966995
70000270027.514679
70000554501.221695
70000754405.240616
70000637761.473557
70000841747.448151
70000958239.284088
70000856327.327988
70000877263.195404
70000587771.330505
70000639692.947906
70000372741.376205
70000459074.394211
70000594896.869400
70000039052.129272
70000343735.145142
70000902853.264557
70000167025.341721
70000292389.175842
70000664116.092285
70000612862.718903
1.000000
70000873250.679611
70000622526.920425
70000986793.389267
70000872331.774750
70000892080.206207
70000370194.486816
70000408016.787521
70000393887.974777
70000975088.078842
70000461438.348419
70000543485.453537
70000927547.132889
1.000000
70000363340.576294
70000247038.401535
70000013917.663528
70000865548.011124
1.000000
70000170290.859024
70000939980.643784
70000060426.446182
70000118830.235703
70000998006.165405
70000940692.795578
70000598520.217194
70000564848.227676
70000768225.266312
70000508891.064362
70000325742.374222
70000291678.166245
70000334738.550034
70000453262.529343
70000737237.710892
1.000000
70000644916.915710
70000859360.326584
70000860503.760071
70000567973.923172
70000877600.188736
70000404143.599625
70000071060.159195
70000349907.692993
70000208365.939774
70000118628.557175
70000363831.747177
70000348739.528900
70000675662.188400
70000725215.317307
70000569290.894867
70000052408.313522
70000532548.636383
70000802502.318405
70000095997.678818
70000669723.119644
70000800096.397964
1.000000
70000746785.708603
70000019608.360657
70000195645.273575
70000304923.533798
70000137412.122131
70000255620.888428
70000441497.118729
70000271565.766724
70000049452.513809
70000242513.504150
70000382580.569885
70000859904.652878
70000494312.128250
70000157355.679596
70000277937.797897
70000838734.745621
70000909655.231781
70000273571.708221
70000614943.441620
70000938459.407043
70000305440.008438
70000392350.691132
70000618693.204391
1.000000
70000193542.033096
70000205790.507202
70000868392.593460
70000615968.357254
1.000000
70000164248.161850
70000688761.010620
70000498543.657440
70000281479.422241
70000382836.854156
70000361641.264008
70000521800.961304
70000490426.762695
70000502218.128021
70000562768.603333
70000640347.149643
70000162244.125290
70000612586.691025
70000220807.815842
70000980693.411819
70000468570.499374
70000180182.688126
70000206868.527954
70000207421.082230
70000830841.198837
70000479526.621841
70000044561.122528
1.000000
70000671573.150085
70000022801.460846
70000115069.697632
70000354656.988174
0.33
 0 0 0 0 0 0 0 0 0 0 0 0 0
