1 401
70000320045.001465
70000250604.128281
70000981996.082886
70000568038.211487
70000015710.635147
70000053525.226837
70000161704.087250
70000769151.886719
70000799633.561996
70000480348.224106
70000923120.592148
70000413749.159439
70000419417.495087
70000317459.194870
70000454161.667953
70000982010.140427
70000512060.672348
70000003292.861557
70000239279.533493
70000249570.247543
70000054599.610764
70000878425.126266
70000038364.582550
70000349703.617508
70000863532.217285
70000466629.961243
70000260685.474213
70000529898.490356
70000479094.394348
70000925177.249985
70000574477.053757
70000465527.519226
70000850062.169357
70000227827.605240
70000184657.328125
70000091140.975784
70000268244.642365
70000532669.351273
70000669086.762268
70000094991.779587
70000326489.283463
70000217317.949905
70000086751.257309
70000756942.827744
70000714867.631805
70000569360.603699
70000346882.065628
70000832042.975464
70000224836.981247
70000573378.882843
70000664094.117157
70000585202.893005
70000097873.471817
70000585000.734695
70000058131.802246
70000303022.027985
70000744444.518402
70000926811.413696
70000391426.973694
70000713854.450073
70000118206.403137
1.000000
70000704116.642960
70000910021.808182
70000196475.138275
70000995159.099701
70000143808.190735
70000924317.536041
70000195888.763870
70000508610.498337
70000384208.472137
70000630438.231339
70000704637.682983
70000513581.982224
70000473045.788696
70000567765.031372
70000269395.044357
70000488512.512344
70000179173.041260
70000713452.380600
70000433577.129929
70000710499.526352
70000176245.986038
70000211488.631561
70000410189.024918
70000022635.592026
70000175329.309265
70000002936.662033
70000735989.343307
70000787527.093445
70000194003.043671
70000678439.537506
70000900250.718628
70000626859.962067
70000773023.431808
70000595658.877457
70000293487.001511
70000751826.656265
70000524601.527039
70000975894.103790
70000485093.723404
1.000000
70000679271.790665
70000404168.069656
70000876095.746384
70000249605.083557
1.000000
1.000000
70000820118.935272
70000640823.919418
70000460010.427734
70000115223.732132
1.000000
70000109424.878342
70000117122.647446
70000906932.969681
70000259688.457184
70000189608.723618
70000792879.863647
70000258163.872726
70000703267.648804
1.000000
70000129777.424423
70000206950.179108
70000552747.609985
70000300098.289291
70000704686.829483
70000866530.168549
70000677622.939285
70000948490.345551
70000820858.858994
70000535804.637085
70000129319.530914
70000024823.028442
70000933612.003616
70000698271.860275
1.000000
70000651274.778625
70000704864.474503
70000037977.115402
70000206941.599548
70000380634.570587
70000332637.353104
70000548219.708878
70000371319.580078
70000875700.257965
70000699673.169006
70000886208.287537
70000802255.108383
70000305872.371704
70000168664.298401
70000512936.377899
1.000000
70000227435.535263
70000828207.094696
70000922989.661133
70000065213.954910
70000036081.173508
1.000000
70000821651.739471
70000134731.730576
70000533185.839783
70000192576.873077
70000571672.845001
1.000000
70000523890.537781
70000324493.390793
70000113832.675446
70000407924.607208
70000465739.596161
70000078500.437805
70000458120.494720
70000726463.814590
70000577663.282547
70000086368.382568
70000352438.210709
70000828817.968033
70000766070.571365
70000045316.855835
70000755098.445740
70000727321.407654
70000126802.502228
70000288908.816818
70000229910.462128
70000691671.893311
70000756538.167007
70000891606.590378
70000418312.782928
70000826215.603256
70000919447.918411
70000555210.770630
70000167571.319092
70000134835.019135
70000578368.364807
70000462482.617493
1.000000
70000140276.115158
70000877374.782608
1.000000
70000843727.655289
70000372709.611862
70000550338.547058
70000645077.106552
70000794892.497238
70000073819.329758
70000956406.452301
70000624872.322281
70000698336.047348
70000732203.901062
70000474821.081360
70000904741.579666
70000189896.430817
70000684812.474960
70000036525.172470
70000646263.337799
70000573115.555511
70000319753.966888
70000503952.171783
70000485782.905411
70000432547.417114
70000136926.584839
70000754970.075882
70000638867.225937
70000792160.254593
70000425789.900864
70000139099.503326
70000245286.854965
70000813615.878952
70000324906.285828
70000286941.175644
70000927660.415787
70000062138.739365
70000465081.225052
70000848392.638306
70000716109.167953
70000943124.675903
70000623420.324234
70000831889.341415
70000695269.564636
70000528094.588257
70000659335.305099
70000137577.452301
70000739759.921661
1.000000
70000558164.122879
70000422371.827393
70000299833.729538
70000535367.750778
70000102581.411179
70000349522.658279
70000482911.318039
70000663155.035950
70000097619.716812
70000269064.792038
70000449492.888672
70000311563.276184
70000448092.895126
1.000000
70000483131.975220
70000157840.095810
70000243396.646561
70000051230.312393
70000855030.316559
70000042391.320572
70000313758.955643
70000419654.244934
70000359813.243546
1.000000
70000828909.383926
1.000000
70000511115.299820
70000236350.288498
70000870832.933777
1.000000
70000082991.067841
70000804093.216919
70000665092.711014
70000132376.899460
70000947095.708710
70000814096.448868
70000518473.480072
70000563044.587357
70000486722.141968
70000690233.300110
70000666709.152847
70000280281.624725
70000096097.528137
70000615572.922226
70000380511.869705
70000252363.369202
70000546071.181961
70000817479.867767
70000787573.597305
70000035773.042862
70000101028.506042
1.000000
1.000000
70000745417.024841
70000151972.649536
70000865216.324921
70000665514.035583
70000919998.904312
70000490704.225830
70000493174.659607
70000451179.460403
1.000000
70000446869.893692
70000304856.261078
70000453731.662689
70000845975.636658
70000781895.378708
70000036562.596817
70000281492.382446
70000974726.329269
70000712702.097610
70000645115.794083
70000421527.054016
70000111231.632828
70000543557.633072
70000984111.230072
70000983525.906113
70000912014.510101
70000478229.657318
70000114372.821365
70000349127.928970
70000287260.750626
70000894932.305145
70000065775.869278
70000470285.060257
70000777752.124527
70000122702.566177
70000564249.210953
70000271723.716400
70000911014.504272
70000645328.970184
70000026136.432785
70000220718.008850
70000989068.695480
70000765739.909485
70000084451.498062
70000285314.366867
70000288864.747726
70000599948.345291
70000098918.664124
70000489810.713104
70000276155.801514
70000360997.211380
70000518048.328903
70000372374.452255
70000651918.746475
70000501617.211090
70000803490.497498
70000042486.769409
70000954515.338455
70000292580.943405
70000100898.155807
70000276186.258591
1.000000
70000304790.609283
70000007891.521439
70000870094.295578
70000890198.049103
70000993614.093567
70000891987.867661
70000984658.385513
70000637953.717667
1.000000
70000646489.510422
70000618453.354431
70000517891.796371
70000088924.316742
1.000000
70000486913.492203
70000863451.167007
70000357879.196075
70000287236.025970
70000429533.468933
70000859682.522095
70000312062.856415
70000206572.502716
70000888740.367844
70000510731.996429
70000555332.797318
70000461007.235489
70000284272.076370
70000381056.450424
70000289957.821609
1.000000
70000619350.261322
70000709150.560608
70000106151.132111
70000911785.664795
70000726141.673843
70000972113.270462
70000013057.099930
70000150893.556244
70000383734.024368
70000631568.134964
70000174730.358109
70000843463.453827
0.33
 0 0 0 0 0 0 0 0 0 0 0 0 0
