1 401
70000066009.339584
70000983196.480743
1.000000
70000392944.615463
70000647218.033524
70000633539.964081
70000245138.329178
70000012734.362350
70000870787.818497
1.000000
70000948630.325607
70000738603.355957
70000984598.473709
70000999026.943420
70000853197.887527
70000576618.707321
70000483833.722702
70000945642.303940
70000558351.568665
70000124744.867828
70000060559.925110
70000575124.695786
70000947772.765762
70000587783.844467
70000495030.448685
70000229441.108170
70000581003.879272
70000584621.055801
70000467341.737564
70000975159.346405
70000079438.678116
70000470186.099747
70000169815.969803
1.000000
70000785362.241135
70000485054.853210
70000062165.397797
70000438024.392303
1.000000
70000560685.094543
70000997043.129074
70000528723.292908
70000566177.136185
70000925499.431717
70000274082.369797
70000687729.855881
70000439527.429108
70000132903.149216
70000462242.368607
70000645208.133820
1.000000
70000280784.380951
70000011739.207886
70000693232.085663
70000811084.893555
70000167699.182510
70000726812.031464
1.000000
70000372201.736496
70000031640.999130
70000643102.171143
70000484913.861160
70000807456.022095
70000117519.308670
70000554881.874664
70000326205.986328
70000160354.155167
70000465715.790726
70000272187.673553
70000362000.784027
70000351015.228149
70000984832.948593
70000488187.773834
70000724011.365997
70000394605.857712
70000135651.555801
70000292627.192352
70000800277.219727
70000703689.282990
70000636527.728729
70000660338.784409
70000214862.739578
70000196059.958420
70000017545.691895
70000010919.688354
70000238628.387497
1.000000
70000212571.658524
1.000000
70000596496.887421
70000080336.805054
70000057912.395844
70000664950.946411
70000627992.374741
70000269191.242981
70000464493.901871
1.000000
70000632987.736755
70000238264.891159
70000108764.195038
70000769617.700211
70000285293.170334
70000596574.073303
70000294673.772797
70000069301.493591
70000246482.809387
70000399330.570572
70000008222.394119
70000523404.141724
70000064935.850433
1.000000
70000255621.438812
70000444839.649200
70000723262.214752
70000816727.951752
70000487266.333786
70000057717.949371
70000649149.988266
70000407171.461258
70000688451.483749
70000457163.623718
70000275805.922852
70000046325.693542
1.000000
70000442269.558548
70000739879.047150
70000537611.045288
70000794148.040100
70000311653.413010
70000761434.005234
70000608220.630310
70000406055.014618
70000867021.396896
70000671297.558685
70000018266.074905
70000770240.201920
70000533949.347580
1.000000
1.000000
70000331690.886993
70000752338.433136
70000498031.037857
70000965342.957291
70000433222.399368
70000067940.026703
70000829084.746002
70000058127.067032
70000713903.414352
70000925885.661575
70000974382.907394
70000554392.523117
70000171143.626022
70000306599.426437
70000469812.183792
70000446077.337997
70000122513.708313
70000729605.550385
70000976355.745728
70000973636.155899
70000280972.255066
70000919162.493057
70000326718.697678
1.000000
70000183063.039169
1.000000
70000945272.367432
70000626784.391891
70000123540.486130
70000864659.025070
1.000000
70000841386.152161
70000676118.778915
70000185025.797714
70000607145.222061
70000371511.650375
70000304747.270294
70000713500.810364
70000214300.867889
70000711681.685654
70000075611.516586
70000560540.519577
70000635930.218140
70000066473.013107
70000276837.827209
70000958995.614151
70000514517.216080
70000511156.954422
70000725674.272034
1.000000
70000392455.721252
70000768940.418457
70000628074.646057
70000389375.646973
70000863754.390533
70000707460.745834
1.000000
70000974246.918442
70000997700.120758
70000105999.134903
70000190551.795258
70000533887.390961
70000707160.865280
70000961673.861801
70000466098.936432
70000004942.831467
70000949311.763840
70000445794.364349
70000279289.301163
70000364620.792053
70000457504.637756
70000672113.322571
70000682189.472046
70000068860.552231
70000848417.357513
1.000000
70000845442.568832
70000466151.717209
70000439758.529129
1.000000
70000969651.682693
70000715313.414810
70000610561.120148
70000859646.923447
70000326818.378021
70000382655.652267
70000963378.057053
70000772068.580048
70000563501.481918
70000023479.056335
70000340698.625549
70000378306.852814
70000575456.491898
70000714541.135559
70000124864.618637
70000894050.389221
70000987418.224564
70000906032.612946
70000171971.792038
70000126882.635147
70000076523.928101
70000167640.342972
70000849267.235779
70000878449.642746
70000266029.402527
70000897957.826950
70000220743.735077
70000543475.503220
70000144046.039322
70000610687.469772
70000299995.461685
70000924577.746063
70000488503.440186
70000390279.250534
70000708039.514694
70000904307.482483
70000445522.894608
70000790629.339157
70000335179.337021
70000864444.629135
70000096183.411118
70000225848.522568
70000900616.319763
70000726159.628983
70000874285.122513
70000678766.427551
70000197671.520981
70000953593.555161
70000514029.653610
70000552680.790817
1.000000
70000114629.503830
70000782319.561600
70000574685.053268
70000659793.029007
70000668564.164993
70000165590.026321
70000365106.814545
70000006728.275772
70000421232.646484
70000554345.119492
1.000000
70000950111.329498
70000547402.202667
70000759267.140640
70000857439.599457
70000676909.918839
70000986956.970871
70000909709.413757
70000335293.436493
70000201084.323318
70000387986.454254
70000900386.982956
70000971290.022949
70000470279.368713
70000478794.028641
70000105508.123474
70000729064.433456
70000519256.530457
70000057365.023666
70000087637.276505
70000543014.368515
70000789503.787445
1.000000
70000844914.112595
70000241906.823608
70000971536.534851
70000088338.211212
70000391088.600128
70000049015.602432
70000587459.843491
70000357510.240128
70000242596.620636
70000288702.711563
70000927493.328369
1.000000
70000816805.787872
1.000000
70000884251.020508
70000042652.145874
70000621857.905991
70000298898.164627
70000802999.395615
70000938823.451828
70000717883.329025
70000160572.705032
70000156743.616684
70000295200.271667
70000272177.684525
70000927698.279510
70000256257.353027
70000814504.680740
70000681786.744171
70000660770.806076
70000173282.607834
70000992944.161682
70000254624.358521
70000987111.843704
70000204261.317856
70000450106.336746
70000468669.441391
70000213184.104996
70000973249.737015
70000383742.589310
70000689970.486969
70000784679.906418
70000255843.029938
70000221664.799423
70000386424.424149
70000069388.837204
70000658103.479843
70000737589.048447
70000238244.308990
70000014615.662842
70000967550.679230
1.000000
70000665365.859833
70000179734.525330
70000830630.767334
70000988905.504349
70000956936.383087
70000422585.599335
70000678502.643494
70000420532.814117
70000686481.784882
70000213688.366501
70000215807.782013
70000934371.127899
70000779946.984543
70000308615.151230
70000717806.965775
1.000000
70000397592.934235
70000146483.283447
70000275497.771805
70000387383.085068
70000454132.283646
70000683642.684814
70000834164.288773
70000983160.738220
70000468714.348495
70000633299.320114
70000716306.898697
70000116078.405197
70000666752.682571
70000116030.698227
70000377023.141129
1.000000
70000200717.935440
70000462789.741608
1.000000
70000381634.228729
70000624089.028137
70000746706.604645
70000465155.815430
70000624558.047638
70000789781.889053
70000562145.973434
70000582926.705994
70000612751.655457
70000666338.367142
0.33
 0 0 0 0 0 0 0 0 0 0 0 0 0
