1 401
70000518610.071289
70000869334.775986
70000156623.470093
70000472135.748413
70000146770.724945
70000638086.209885
70000396803.366241
1.000000
70000618520.845642
70000559818.697540
70000591153.122604
70000232113.921005
70000378928.590668
70000773181.043427
70000538676.286438
70000012591.018005
70000138182.818863
70000090151.946884
70000958909.629349
1.000000
70000717018.982208
70000250161.435623
70000298568.863327
70000245417.798248
70000996644.567352
70000310696.843506
70000262861.316025
70000149987.245926
70000954805.295990
70000658223.105652
70000818599.343048
70000459523.945221
1.000000
70000941309.901062
70000544054.858124
70000038058.631897
70000975543.802643
70000688638.820343
70000333334.669495
70000498883.262589
70000284077.918961
70000094308.335785
1.000000
70000181194.819977
70000490291.953674
70000385268.720810
70000064405.864822
70000790802.877060
70000635194.810349
70000023752.952805
70000461773.314835
70000644181.128876
70000184206.942444
70000444053.626312
70000107458.457504
70000260657.495560
70000660769.479782
70000210768.828506
70000232157.237976
70000772567.855911
70000573141.737335
70000846766.178207
70000134952.001709
1.000000
70000690356.030640
70000119261.747437
70000406318.422241
70000351920.130478
70000345218.920532
70000067724.022156
1.000000
70000297034.709869
70000736855.531769
70000794884.230042
70000991733.096695
70000322807.050415
70000310334.147217
70000922643.330978
70000880352.758972
70000238402.020248
70000821555.902328
70000513459.264023
1.000000
70000892069.491531
70000011472.683167
70000655976.045410
70000499463.453979
70000483811.553680
70000062704.148209
70000178137.750885
70000163742.793442
70000563278.785507
1.000000
70000526429.870560
70000849579.745773
70000411328.526810
70000463662.160751
70000086366.554901
70000394884.791275
1.000000
70000662462.771332
70000757870.948364
70000478045.317841
70000974582.428177
70000576085.349014
70000760883.180618
70000314921.126862
1.000000
70000941567.010666
70000976418.448700
70000756629.714462
70000379359.183304
70000599955.314316
70000879341.221573
70000579986.278351
70000145356.422562
70000557203.018600
1.000000
70000283555.592468
70000490149.731003
70000751076.856094
70000536780.989426
70000722602.995422
70000950212.148392
70000444774.462921
70000072925.230545
70000021645.889832
70000849190.240677
70000944352.442093
70000355875.725555
70000332206.801041
70000256224.258057
70000806081.423019
70000361106.339478
70000713655.617416
70000042597.610626
70000904003.922531
70000028875.874817
70000194276.553345
70000378889.414886
70000254806.581360
70000834371.157928
70000240461.138733
70000684386.532669
70000136077.536560
70000065498.911469
70000899841.042755
70000935897.600037
70000487200.850632
70000935388.040314
70000370369.818100
70000266332.306885
70000771249.611542
70000967625.016983
70000164960.963211
70000697073.040405
70000710565.715424
70000678243.759705
70000789789.817917
70000165338.402756
70000028641.230988
70000468952.713715
70000523323.414108
70000990934.124359
70000579413.546097
70000785050.331589
70000942036.787354
70000669630.274429
70000473702.228378
70000586280.519257
70000377050.380554
70000304452.447876
70000988850.085236
70000923937.361038
70000117604.063583
70000127646.592941
70000642675.295395
1.000000
70000264328.199387
70000181872.219894
70000074592.719864
70000455100.527893
70000618472.975433
70000179555.495728
70000219387.571487
70000094082.214050
70000428660.139847
70000964205.689041
70000579880.738358
70000573112.908295
70000295697.645538
70000362492.610672
70000720863.997345
70000830500.713196
70000256461.381760
70000262516.687454
70000003264.703735
70000661002.082809
70000930952.987640
70000155826.320480
70000859242.457886
70000621464.161453
70000221917.586273
70000191205.207565
70000909734.953354
70000021479.050842
70000924393.494797
1.000000
70000802413.685699
70000445890.045319
70000816974.473297
70000033649.292450
70000307633.246765
70000268739.645004
70000578773.784698
70000619758.252731
70000214404.162033
70000486787.543808
70000369320.350052
70000915351.274612
1.000000
70000653480.717102
70000131213.669876
1.000000
70000200670.496887
70000496846.707870
70000119255.689133
70000945702.346329
70000098758.759293
70000251552.088425
70000697611.134857
70000988381.333023
70000262271.713562
70000264730.110504
70000821203.150055
70000101070.486832
1.000000
70000750715.836060
70000725972.417297
70000667290.778214
70000033911.327499
70000693304.182755
1.000000
70000693193.466156
70000471891.273422
70000681359.777206
70000237843.700974
70000110725.759354
70000944405.467987
70000712691.558594
70000841216.598236
70000951572.008453
70000430378.936142
70000187879.206497
70000998633.079391
70000930669.061569
70000850666.788452
1.000000
70000291329.219421
70000915307.489243
70000142174.765594
70000977661.774368
70000970671.496643
1.000000
1.000000
70000007786.963913
70000982962.215500
70000211535.703918
70000476035.506470
70000855133.714767
70000203899.365326
70000829163.163071
70000677859.184036
70000264226.095795
70000215906.112839
70000153285.039734
1.000000
70000674463.463577
70000364441.131577
1.000000
70000610170.494614
70000082961.807449
1.000000
70000356696.695099
70000263696.587616
70000049156.273117
70000408006.925491
70000328262.088486
70000995742.638306
70000376178.628540
70000249639.463333
70000985517.883011
70000471295.538559
70000576318.386383
70000580956.880264
70000386272.833481
70000259802.571625
70000552733.336838
70000062131.195969
70000933135.016006
70000915671.683167
70000286031.271896
70000487631.608078
70000102678.977463
70000329677.908524
70000941957.449341
70000307720.073105
70000418044.792206
70000084270.236130
70000765778.052505
70000111274.964371
70000975581.649780
70000009450.898209
70000996864.376114
70000554667.083603
70000872357.231293
70000263948.514114
70000728017.132141
70000391662.013916
70000509954.388672
70000549081.712158
70000197006.482773
70000592726.142166
70000322033.296005
70000731909.563812
70000024722.741104
70000997720.612747
70000490958.694748
70000936070.451904
70000585863.940643
70000388612.100555
70000302596.084869
70000406320.296158
70000105084.546616
70000055037.554489
70000577920.814682
70000178518.250946
70000428381.313431
70000424255.102905
70000264439.141678
70000245502.443100
70000351427.864273
70000607171.556244
70000537067.580414
70000039605.348297
70000189881.176010
70000594675.628311
1.000000
70000879068.650833
70000045937.552002
70000106445.050659
70000562179.663315
70000113263.201431
70000104101.437042
70000850005.602356
70000283369.347427
70000046151.135818
70000330168.753143
70000504630.773666
70000487718.083557
70000600341.867081
70000838190.197845
70000943937.209641
70000643636.668259
70000962078.646393
70000758341.184891
70000758342.625702
70000181544.191620
70000551522.909225
70000776866.979980
70000044555.353302
70000315600.276642
70000541762.616165
70000516636.375595
70000159232.896118
70000897844.714218
70000097771.851212
70000003338.094482
70000847394.554840
70000797244.138123
70000010545.413132
70000321045.980728
70000775940.142090
70000093877.723160
70000752986.604309
70000517315.567657
70000559624.837036
70000279449.748947
70000413703.805817
70000490032.919846
70000900175.884415
70000689867.317551
70000983254.996185
70000716241.213791
70000332051.997894
70000196754.875580
70000608726.813080
70000677821.596786
70000760069.348663
1.000000
0.33
 0 0 0 0 0 0 0 0 0 0 0 0 0
