1 401
70000341336.091629
70000450840.178177
70000581220.136871
70000017452.416367
1.000000
70000727823.398224
70000116897.615479
70000327932.701050
70000115391.958786
70000370070.700485
70000391032.861267
70000378073.970108
70000901807.981674
70000844290.480392
70000093610.472061
70000161113.245438
70000565753.489410
70000905209.043823
70000269415.707657
70000830662.433777
1.000000
70000015731.604233
70000348247.672684
70000224287.003464
70000553403.656921
70000121623.320633
1.000000
70000561851.789185
70000330880.346664
70000513473.282806
70000822843.317993
70000997407.136093
70000511791.862595
70000520735.383041
70000981571.997940
70000530324.119003
70000984244.781509
70000185245.119308
70000067651.969177
70000571378.331482
70000108571.348175
70000564031.266678
70000312288.074280
70000645415.598129
70000190280.410141
70000999118.880341
70000302822.710556
70000123263.454758
70000906174.069016
70000669554.171432
70000942578.336090
70000815668.843277
70000732418.384766
70000792021.676331
70000512923.192413
70000967943.318527
70000365897.958191
70000668532.302414
70000348578.487305
70000121599.042877
70000829796.096527
70000793891.022491
70000247489.478256
70000055611.478378
70000332905.439697
70000622349.749588
70000666322.248749
70000101094.627151
70000058619.261429
70000499388.831970
70000610645.607880
70000302111.175110
1.000000
70000858631.252090
70000483808.110336
70000656200.824554
70000936662.685760
70000320190.965302
70000025426.678406
70000942575.800507
70000069762.636688
70000134518.918732
70000998845.641190
70000477640.482040
70000484706.384186
70000585905.888367
70000277754.766968
70000390692.902008
70000629736.099548
1.000000
70000511898.229675
70000311811.827652
1.000000
70000675362.033157
70000608827.390030
1.000000
70000361695.626862
70000393157.522964
70000298811.806763
70000032447.986008
70000110552.327148
70000895563.243500
70000387963.239731
70000306737.318222
70000848411.244492
70000698113.111496
70000905418.264008
70000399446.970337
70000819724.603302
70000622947.777466
70000436021.512817
70000076639.812790
70000609984.493164
70000372087.914978
70000047218.956055
70000982793.672470
70000276735.395889
70000737256.995056
70000953630.461884
70000357452.878616
70000894717.618652
70000225128.471237
1.000000
70000678804.723557
70000539941.552261
70000145493.880524
70000308221.213623
70000609791.860016
70000234165.348099
70000116306.856384
70000703967.243362
70000025891.396561
70000710340.777969
70000286936.628708
70000298997.189804
70000954815.032379
70000587744.172516
70000995078.891388
70000684666.239944
70000804608.532776
70000634085.518494
70000554732.520584
70000731809.334808
70000881726.000687
70000728043.563766
70000500710.302582
70000224047.386932
70000850523.977127
70000204015.760376
70000062964.539597
70000048756.625946
70000978603.205811
70000326695.136292
70000235638.186829
70000096484.493683
70000106730.086273
70000414913.839890
70000240597.711777
70000680871.543137
70000346043.629120
70000858967.807098
70000611462.356064
70000289406.174591
70000838904.123383
70000819818.375732
70000350863.777588
70000647087.783432
70000020698.538391
70000450791.945206
70000537467.558807
70000867667.916763
70000458272.202286
70000728016.228882
70000280448.972885
1.000000
70000379036.434433
70000895468.881577
70000971673.539871
70000627198.557083
70000548134.030640
70000624794.311783
70000524015.756195
70000550349.629623
70000922562.953690
70000877845.652573
70000721219.527878
70000735585.023453
70000364523.516159
70000189939.815079
70000208390.231995
70000374690.411514
70000068393.942123
70000394998.549973
70000715084.206650
70000064164.316422
70000154432.053268
70000864198.219635
70000540209.510803
70000186124.451340
70000315245.375427
70000512212.942764
70000728889.559265
1.000000
70000671480.802979
70000962926.622787
70000199339.507599
70000667599.552521
70000261007.660904
70000807531.167038
70000857854.903030
70000273384.371994
70000788696.365051
70000959291.995880
70000688015.092133
70000555262.188416
70000571216.581924
70000781901.525131
70000962829.471848
70000673461.912476
70000048600.453903
70000556997.250336
70000420927.669815
70000017397.688309
70000902103.613129
70000658696.399948
70000196929.081024
70000406786.635986
70000623009.485764
70000326325.156876
70000204911.568832
70000582449.241470
70000637909.252014
70000616825.905594
70000022878.669617
70000480504.325485
70000438985.879608
70000940452.907684
70000157781.695786
70000969941.910904
70000114680.070526
70000580787.630753
70000572347.368378
70000557260.512619
70000017101.855759
70000384207.138306
70000039831.799194
70000872365.568375
70000786025.260513
70000610017.547867
70000064523.330399
1.000000
70000343917.836243
70000891915.263794
70000297100.497192
1.000000
70000530181.490417
70000013338.128571
70000661001.834625
70000014821.925537
70000614606.401138
70000322521.551544
70000883192.556046
70000074412.993866
70000754382.522156
70000480375.711929
70000348544.625946
70000502016.455185
70000144097.508942
70000815948.227310
70000194003.308929
70000676968.651337
70000087491.846466
70000927112.873459
70000529483.576523
70000259437.644211
70000890141.117661
70000515271.098984
70000972934.020996
70000231804.921082
70000537179.828903
70000924817.768707
70000602765.519318
70000663555.688538
70000917597.981720
70000007894.421753
70000254026.469254
70000887181.736465
70000052033.306763
70000435043.639954
70000500045.138443
70000569863.819366
70000336914.233475
70000465361.220932
70000394124.752518
70000722841.700851
70000508281.248917
70000473484.180908
70000450804.361816
70000893714.478119
70000809142.098557
70000109962.322495
1.000000
70000168142.084702
70000372685.765472
70000292015.438217
70000104534.082031
70000142261.336975
70000308199.875702
70000352531.480240
70000376843.602158
70000525601.739532
70000019282.499802
70000391861.098434
70000706015.051224
70000822865.445236
70000441036.498398
70000508040.757767
70000934253.246948
70000160354.983475
70000331956.534454
70000666067.643326
1.000000
70000441945.435150
70000932174.021851
1.000000
1.000000
70000897535.971024
70000347406.734695
70000385639.402679
70000326570.113846
70000196365.598709
70000922806.300766
70000123460.178467
70000846504.874084
70000489034.466904
70000741661.285233
70000832401.532242
70000536395.988480
70000023281.840988
70000305561.697174
70000602061.866028
70000593496.485031
70000291810.865021
70000862184.749695
70000819774.890045
70000676361.638168
70000417343.130295
70000542644.017929
70000072672.299362
70000294184.244095
70000217900.214325
70000096853.660049
70000973312.218246
70000834259.743408
70000060381.107773
70000375053.233170
70000263987.372498
70000547626.398361
1.000000
70000711675.144318
70000104096.864471
70000922934.121078
70000432460.836060
70000810781.839630
1.000000
70000679159.262177
70000000871.663147
1.000000
70000861000.649750
70000737492.785446
70000390598.701584
1.000000
70000738556.136688
1.000000
70000038231.647339
70000730826.391159
70000004465.025085
70000080333.257187
70000744541.569351
70000196391.278427
70000645233.389786
70000932672.779297
70000517606.596924
70000187554.012543
70000210869.139648
70000771260.881134
70000191050.650528
70000102040.116638
70000807187.463654
70000122492.171906
70000151083.589645
1.000000
70000274580.185608
70000069552.931259
70000450917.600494
70000856338.838364
70000632993.496780
70000427714.040131
70000434921.759415
70000142078.319519
0.33
 0 0 0 0 0 0 0 0 0 0 0 0 0
