1 401
70000473162.371933
70000647607.819153
70000941799.406235
70000220051.404648
70000027189.230499
70000853299.764694
70000786090.957306
70000341011.078445
70000449649.863892
70000914628.313766
70000266174.474380
70000350602.230560
70000420343.746262
70000481926.111038
70000914898.926849
70000747643.696182
70000555592.851913
70000702656.066925
70000819161.398880
70000716695.359802
70000530682.882004
70000276117.920502
70000637843.257156
70000335630.150482
70000193659.063171
70000281812.812042
70000109055.541733
70000953387.547363
70000499242.648956
70000959642.738892
70000309335.767181
70000473100.287338
70000813104.717804
70000923896.059937
70000532720.618668
70000072970.323990
70000343745.293213
70000407825.550507
70000569868.695984
70000251997.731003
70000285777.810974
70000425177.878906
70000066498.150085
70000084060.322845
70000005301.042404
70000904927.303925
70000616668.586380
70000038104.453827
70000356325.662277
70000381753.956177
70000055288.402344
70000020917.260071
70000216855.947510
70000710658.644226
70000104590.036163
70000376434.373276
70000783978.207306
70000972376.925034
70000656691.370514
70000997246.575424
70000326062.512192
70000784664.755676
70000405270.030670
70000637833.073257
70000409498.919754
70000579490.027649
70000513546.452545
70000490466.057602
1.000000
70000817490.371658
70000650723.855759
1.000000
70000463985.212448
70000043393.345642
1.000000
70000478758.702545
70000295252.771118
70000383329.080399
70000531609.703918
70000935537.293198
70000449035.434891
70000214239.452545
70000330891.372253
70000357140.374557
70000468960.667297
70000500175.683762
1.000000
70000757809.253708
70000133916.050903
70000081958.345490
70000613672.279266
70000053089.455994
70000815758.284454
70000739122.784637
70000203496.601471
70000313929.463211
70000869707.478378
70000160442.930664
70000730148.563644
70000466337.396866
70000711033.410126
70000467883.993881
70000881251.726059
70000580325.638870
70000595001.867828
70000836387.663971
70000206854.783325
70000267920.832809
70000890142.405746
1.000000
70000001096.355072
70000908950.583221
70000799772.195297
70000705658.082642
70000941815.340317
70000445717.898514
70000850357.220276
70000277334.805847
70000532035.461365
70000574030.709946
1.000000
70000642455.058197
70000234894.183945
70000885004.429657
70000375979.339233
70000277319.790222
70000148285.600739
1.000000
70000337377.896622
70000893403.003799
70000980852.754440
1.000000
70000867123.405670
70000429238.232666
70000451963.421066
70000804515.661087
70000024030.587830
70000266432.387161
70000597828.017456
70000893023.278900
70000354854.116394
70000132806.670227
70000674243.762283
1.000000
70000065456.600998
70000345531.265472
70000949093.285812
70000848718.555725
1.000000
70000149619.178177
70000292912.467209
70000467142.541260
70000930532.963867
70000166801.702759
1.000000
70000794334.174377
70000921227.660767
1.000000
70000734482.420166
70000569881.199875
70000599300.219696
1.000000
70000698553.001938
70000753570.373993
70000450216.114777
70000480136.133148
70000520250.847198
70000091302.957077
70000692277.067642
70000876446.391830
70000809029.985535
70000684140.059631
70000617599.549072
70000024123.310455
70000977688.988632
70000838689.883942
70000811253.845306
70000108918.393539
70000024576.314911
70000120328.203323
70000641266.165375
70000976434.291183
70000574304.551025
70000009681.757019
70000091333.466156
70000143404.157425
70000778855.803925
70000596989.715881
70000776338.162842
70000616564.782806
70000243086.890396
70000933931.528748
70000012152.711792
70000108962.804596
70000963634.326874
70000480873.614090
70000265531.109375
70000615971.650711
70000482647.127487
70000007852.200195
70000680274.891434
70000474071.546570
70000038460.197586
70000655850.033844
70000416379.470505
70000583789.732925
70000332840.200027
70000566667.350372
70000932586.362869
70000207082.854645
70000734535.683517
70000765795.610443
70000810219.597137
70000549030.403992
1.000000
1.000000
70000323552.518906
70000803392.637543
70000781975.995850
70000916742.150574
70000280769.119308
70000853258.009430
70000247163.088348
70000993306.676971
70000062884.009247
70000660028.658569
70000322710.400635
70000771680.396164
70000739348.418457
70000187967.056686
70000487974.327560
70000045202.354950
70000689581.532333
70000212388.417267
70000506382.566162
70000967742.406311
70000008242.138733
70000168822.141205
70000005587.013321
70000293269.848755
70000465548.425003
70000483000.542419
70000620273.820465
70000221522.317276
70000469248.009171
70000841742.181091
70000581580.952881
70000376110.975204
70000468041.428024
70000698269.861694
70000914738.731522
70000860534.377457
70000323292.002975
70000973711.247177
1.000000
70000890064.593185
70000329739.154678
70000793489.886017
70000484878.945236
70000520728.140961
70000948517.079041
70000406285.063797
70000766804.110764
70000483128.237900
70000592884.240723
70000303015.379044
70000097186.098282
70000651999.705261
70000197594.721527
70000818860.685272
70000585614.825684
70000896099.479568
70000743690.362961
70000538281.781204
70000981186.926086
70000785472.928375
70000609472.285599
70000508920.576370
70000046831.101227
70000238625.848923
70000089830.653458
70000667530.670853
70000221880.040863
70000906952.201187
70000601486.638885
70000130267.842590
70000816621.563416
70000618301.760483
70000803925.209763
70000258305.885880
70000567250.014374
70000809977.820190
70000115057.643524
70000453714.525345
70000818050.284332
70000908297.185394
70000668005.871750
70000168435.980820
70000167725.430740
70000887917.822617
70000482443.728821
70000635033.110443
70000256590.743698
70000192464.795364
70000707449.841995
70000874292.029587
70000493738.083252
1.000000
70000085936.215439
1.000000
70000892403.465271
70000548735.151550
70000123582.831375
70000490214.798401
70000538897.343994
70000247727.465256
70000962094.188568
70000839769.699463
70000558192.612686
70000675121.843674
70000518918.272858
70000715183.477722
70000416485.098587
70000536846.525131
70000967973.066422
70000653856.045288
70000388480.491547
70000362383.239014
70000223196.127151
70000265433.647064
70000656493.690002
70000659339.751541
70000246821.265366
70000184741.695450
70000776870.887146
70000388297.562592
70000646052.108643
70000731021.375473
70000627203.115540
70000742906.430069
1.000000
70000835666.473602
1.000000
70000177750.842819
70000950949.004242
70000282105.943680
70000643568.445175
70000970477.777267
1.000000
70000978795.375885
70000660841.804932
70000284085.149643
70000766490.104050
70000024972.569458
70000811130.248047
70000081051.271042
70000048450.588806
70000640205.836868
70000087731.142258
70000232503.620987
70000358673.058624
70000132357.541794
70000615011.455124
70000503440.998322
70000733127.053513
70000173729.019608
70000231998.071045
70000124239.898163
70000361388.137772
70000005305.074509
70000577113.122177
70000186380.750961
70000502987.147690
70000840779.768066
70000367122.870651
70000178339.401077
70000555872.054871
70000763266.682556
70000859347.948532
70000175397.577255
70000045237.464401
70000883567.604248
70000599744.043015
70000817562.276566
70000351214.435989
70000463827.003250
70000731757.666779
70000120245.938934
70000984681.888519
70000474788.723053
70000948804.345901
70000846122.707336
70000041251.768021
70000216671.293945
70000465248.044083
70000938008.737656
70000974969.277496
70000055241.422989
70000503910.807434
70000296235.058670
0.33
 0 0 0 0 0 0 0 0 0 0 0 0 0
