1 401
70000946851.523270
70000304533.890228
70000446399.488953
70000684309.832794
70000070784.727585
70000483749.860306
1.000000
70000718878.256714
70000682756.573212
70000360593.558121
70000616044.572281
70000414691.070190
70000240747.319382
70000240503.861984
70000238344.859787
70000297841.981216
70000991646.717331
70000790243.135803
70000019529.080704
70000915532.429108
70000883275.539627
70000635458.254425
70000866227.994507
70000459913.957733
70000216774.092087
70000343004.955399
70000904540.189896
70000326566.255768
70000548500.277512
70000858985.794968
70000109466.428879
70000418612.230820
70000923398.425629
70000334884.852127
70000965094.598129
70000662803.941071
70000991329.540436
70000083945.866760
1.000000
70000332565.783585
70000456593.840469
70000792541.763702
1.000000
70000802307.467117
70000492961.994095
70000536715.542877
70000687219.498047
70000396733.421585
70000698223.971130
70000366995.422226
70000143822.718781
70000032079.975433
70000123382.146790
70000738285.553589
70000253601.028152
70000865570.178101
70000894207.224976
70000973362.388931
70000637851.687164
70000536119.746277
70000863596.359894
70000527221.158859
70000967274.551147
70000271132.735580
70000483678.092987
70000843700.363525
70000469931.726562
70000727563.453110
70000827205.304382
70000264887.091446
70000693661.735306
70000410207.629044
70000054454.520248
70000490299.799820
70000148643.698730
1.000000
70000955010.664459
70000643060.967941
70000316383.967499
70000607411.251328
70000285252.521713
70000186462.634537
70000290397.337814
70000603585.727875
70000931239.139145
70000479644.239075
70000322813.651154
70000738295.591354
70000255267.313904
70000385243.147568
70000181477.165237
70000697131.083176
70000253663.599426
70000436151.909668
70000070278.792175
70000588359.251373
70000222328.204483
70000663744.480698
70000191172.652878
70000578600.629898
70000245525.333847
70000795540.596344
70000124056.281174
70000560230.420670
70000003891.701126
70000938787.817459
70000090610.362213
70000150857.287613
70000450692.121536
70000203583.835968
70000634434.027237
70000636063.411850
70000738992.862839
70000040609.582047
70000871017.403931
70000099172.955734
70000722823.004837
70000067257.943497
70000757617.279861
70000353061.775238
70000157272.907425
70000911093.928696
70000633113.006302
70000226255.377136
70000808737.023331
70000477004.845200
70000760573.792923
1.000000
70000789274.137543
70000137250.096252
70000480564.428009
70000198453.671234
70000781826.798050
70000167504.525070
70000282132.952026
70000000893.769180
70000077470.868225
70000950387.434174
70000588447.041901
70000412969.372437
70000004753.070786
70000801576.147339
70000562754.745316
1.000000
70000595186.633179
70000927779.189316
70000467061.985657
70000230306.980667
70000316868.515930
70000739174.439545
70000165380.230347
70000126794.908859
70000667736.516159
70000861210.102188
70000248683.431778
70000899356.031616
70000938277.900589
70000658726.611359
70000153121.944717
70000492710.942001
70000969891.144455
70000366265.857147
70000096258.574493
70000767365.348633
70000736107.949066
70000483445.897598
70000580349.256470
1.000000
70000169636.700607
70000360837.964081
70000297388.834579
70000612322.476578
70000542548.119446
70000137290.750748
70000001878.230881
70000002828.458344
70000043386.239929
1.000000
70000568974.334534
70000802431.959503
70000012063.699646
70000886499.441681
70000003739.452499
70000168319.329636
70000049814.868332
70000671054.164948
70000653621.212219
70000268227.481400
70000135831.550156
70000726417.000320
70000142677.797134
70000695373.172470
70000371086.975067
1.000000
70000727756.057968
70000644112.703888
70000766929.475845
70000450546.775269
70000724909.933762
70000799949.099045
70000027570.594620
70000161665.233688
70000187863.007126
70000864157.773743
70000941792.564560
70000061233.881302
70000437148.681992
70000054286.251526
70000658499.981888
70000369638.489075
70000913672.457184
70000847381.266846
70000195089.749908
70000503196.209213
1.000000
1.000000
70000431615.881378
70000638830.079865
70000674891.780716
70000527155.075180
70000220529.955170
70000508605.211868
70000973342.833206
70000829015.091690
70000446423.893387
70000739417.001495
70000386112.016251
70000891831.972656
70000848103.865234
70000009787.023499
70000902867.254639
70000112692.834885
70000692381.160599
1.000000
70000231670.960815
70000944210.692490
70000216256.450821
70000467126.217773
70000044289.086807
70000350059.687180
1.000000
70000064626.233719
70000975015.858612
70000027259.721695
70000582724.302765
70000436771.359970
70000173884.496643
70000491026.145050
70000426788.886017
70000607690.696655
70000735965.860168
70000882911.389435
70000137259.305710
70000362333.650803
70000721928.913864
70000411708.588943
70000519486.055573
70000586435.533646
1.000000
70000512326.674286
70000576871.395401
70000064788.508209
70000308122.628067
70000914046.555298
70000479409.765427
70000860276.163986
70000768527.402634
1.000000
70000274687.127380
70000432055.031937
70000292876.913116
70000435671.915802
70000159263.552094
70000932898.703461
70000571842.558044
70000367609.363846
1.000000
70000278935.780151
70000438319.785538
70000575241.997681
70000743105.510437
70000316834.344727
70000686219.847687
70000918666.075317
70000002123.261353
70000596025.293365
70000356292.168274
70000849631.480759
70000423281.997971
1.000000
70000780422.332367
70000997659.897125
70000901739.798416
70000426806.015884
70000019241.010559
70000487405.942856
70000376881.153976
70000322759.238495
70000025800.479218
70000715732.509781
70000072099.276978
70000182439.674622
70000366687.169342
1.000000
70000014802.148819
70000454269.545746
70000713679.923355
70000407604.019424
70000115713.373642
70000176479.962997
70000600244.209702
70000694850.931259
70000892831.799210
70000328560.584030
70000273915.150558
70000179769.487091
70000520598.099976
70000819374.007812
70000469765.571899
70000438976.737167
70000696541.707993
70000715110.477798
70000138874.672470
70000287550.150360
70000674192.525513
70000280211.114594
70000864181.289581
70000483985.378845
70000970823.952820
70000841545.401260
70000264879.773163
70000043244.108490
70000785763.830841
70000331494.371353
70000224593.984360
70000110021.731171
1.000000
70000374074.906631
70000107946.995270
70000070090.549591
70000291833.986160
70000907670.243393
70000354801.719238
70000063239.363159
70000554123.254761
70000796634.072205
70000527811.291901
70000690120.677689
70000340129.365143
70000669975.913727
70000860050.250153
70000581389.138519
70000269320.957260
70000415215.273880
70000395612.859695
70000738552.114731
70000499836.035507
70000749140.809265
70000853249.887695
70000739459.341095
70000881644.643097
70000290879.231476
70000515409.023254
70000060483.290314
70000150322.292374
70000212020.774780
70000312157.643463
70000457457.133774
70000890990.850311
70000327345.856918
70000176799.207794
70000569069.712082
70000017742.530594
70000621316.379257
70000739644.017868
70000040204.808746
1.000000
70000854704.610596
70000775058.115509
70000327993.492615
70000445420.603317
70000334567.374954
1.000000
70000931392.109940
70000563578.125916
70000213217.115799
70000290705.761658
1.000000
70000378365.653046
70000816278.595383
70000496484.969696
70000026644.828430
70000402653.342209
70000959699.300110
70000837028.175491
70000250989.979019
70000190007.217743
1.000000
70000563958.649933
70000323888.239944
0.33
 0 0 0 0 0 0 0 0 0 0 0 0 0
