1 401
70000741254.830139
70000956774.055237
70000081838.525284
70000253449.378708
70000471336.570572
70000310912.424179
70000208597.191513
70000449362.346695
70000290502.458130
70000115347.924377
70000913663.929916
70000750884.794571
70000320724.104385
70000697336.222900
70000568287.361206
70000915192.676605
70000418362.003433
70000492923.692062
70000181141.150284
70000430118.662704
70000768535.598602
70000044014.271469
70000386076.592102
70000295363.401093
70000613207.669647
70000873333.137589
70000188382.864716
70000462868.802460
70000756640.320282
70000677459.109039
70000798610.716110
70000007781.450668
70000978621.092667
70000412409.237656
70000428400.799911
70000611323.133133
70000090684.559998
70000140033.312134
70000674096.449615
70000873071.304596
70000531327.883469
70000775342.983307
70000847482.960709
70000773781.627869
70000010497.839035
70000179089.549408
70000109428.167923
70000048292.398376
70000251486.617050
70000597804.301788
70000104635.490250
70000677920.323761
70000484724.400650
70000343236.852478
70000151506.216446
70000181997.582062
70000285808.108444
70000797808.097305
70000517253.586411
70000109607.155014
70000010794.210648
70000577230.392975
70000592445.069489
70000158623.995407
70000434994.196320
70000772429.404526
70000214353.134537
70000684168.383972
70000568608.784668
70000830200.158295
70000608543.086395
70000933022.721222
70000202559.430771
70000819750.113022
70000432040.156876
70000241379.769867
70000208562.518433
70000235592.324554
70000666134.447586
70000650659.088791
70000995958.682770
70000550926.963974
70000502464.531281
70000609637.209641
1.000000
70000615769.501801
1.000000
70000447642.646088
70000565771.010849
70000148680.094406
70000185922.726089
70000099538.719269
70000464062.582245
70000163993.326584
70000006922.183212
70000260525.700439
70000356337.904236
70000545659.557709
70000714726.511536
70000876903.777817
70000915647.346420
1.000000
70000298486.194321
70000830433.119019
70000919847.213913
70000874463.250427
70000638772.986160
70000825572.805237
1.000000
70000250001.916626
70000064554.132492
70000582477.827713
70000232161.068924
70000372726.058609
70000618251.873688
70000220135.576233
70000180345.864822
70000922064.324097
70000201665.621094
70000111772.317261
1.000000
70000650868.585861
70000370863.369720
70000445739.185791
70000066840.154114
70000857126.356888
70000105197.912735
1.000000
70000034531.090027
70000471531.246552
70000976734.616501
70000006236.815216
70000666247.313797
70000351754.529312
70000696703.510162
70000853523.682037
70000240424.202042
70000957368.481308
70000727054.342026
70000695471.586670
70000122001.933365
70000810574.402008
70000388715.588821
70000277871.144196
70000453260.553085
70000917145.448349
70000575685.606720
70000853956.192215
70000078601.700531
70000466589.924500
70000224529.890976
70000918166.121567
70000583953.867279
70000719247.740829
70000373734.403412
70000865098.296204
70000635502.285736
70000918737.294937
70000861887.099991
70000641467.027283
1.000000
70000491375.743378
70000376245.649033
70000014847.851791
70000424718.933334
70000263459.733215
70000895588.408554
70000388382.088409
70000455303.137054
70000242830.942856
70000451140.900558
70000394493.310242
70000818100.553864
70000313668.715759
70000659711.549393
70000567104.450958
70000156832.599442
70000998237.017273
70000917748.017242
70000402620.114548
70000130712.337616
70000074750.288940
70000912435.359421
70000930992.684769
70000751571.000488
70000836913.516586
70000286693.583008
70000400353.819611
70000619542.067261
70000480413.496964
1.000000
70000795460.880875
70000080880.078079
70000459827.172653
70000915798.772629
1.000000
70000381283.766144
70000443302.999115
70000488730.392685
70000518959.080811
70000265492.557281
70000916045.844711
70000228438.500916
1.000000
70000922371.502243
70000796425.306900
70000155713.022278
70000434655.883118
70000855003.464279
70000612222.543411
70000127347.087753
70000022274.256241
70000981014.555359
70000124655.687958
70000251877.257629
70000367397.378403
1.000000
70000305491.613251
70000445544.012726
70000644681.368744
70000165477.873047
70000517484.059631
70000863469.085709
1.000000
70000135716.807083
70000195618.253586
70000159884.470642
70000555838.495850
70000915812.655121
70000982443.952530
70000727247.804871
70000892945.714615
70000215792.558167
70000781351.647964
70000136764.139023
70000661950.089050
70000242400.978455
70000020555.957916
70000085287.796112
70000535475.993042
70000751917.494461
70000158507.735748
70000977259.241104
70000605690.171997
70000146421.871445
70000804099.347244
70000113790.600494
70000072579.895233
70000727966.196899
70000796961.799286
70000776343.803665
70000727024.223633
70000227320.246231
70000101255.566376
70000006922.124100
70000655239.114075
1.000000
70000803558.661346
70000027683.580643
70000586153.489883
70000873232.345352
70000358042.245575
70000010545.871780
70000124774.098495
70000591167.497513
70000329704.331802
70000571497.076782
70000493244.422882
70000740990.142868
70000194498.430786
70000067582.001358
70000448366.683792
70000988115.498062
70000673974.872665
70000637516.791046
70000151130.498749
70000586539.154739
70000589464.230469
70000768042.344559
70000420120.258667
70000347022.323471
70000018616.440155
70000345632.074829
70000503035.265991
70000952175.753677
70000095097.299866
70000934539.151047
70000873109.422928
1.000000
70000191485.314209
70000413463.766144
70000717355.375031
70000634098.276245
70000705823.324249
70000628364.204605
70000660585.961594
70000665429.748611
70000466504.985794
70000782128.207962
70000401792.719757
70000870482.155640
70000722393.031006
70000813604.627701
70000455028.343628
70000484452.753922
70000631285.493408
70000649328.124283
70000206310.884109
1.000000
70000451238.860046
70000047493.608582
70000907964.879654
70000752241.463715
70000766174.480301
70000114855.222305
70000902983.590286
70000738680.607559
70000796212.386215
70000331746.476364
70000987012.772736
70000668774.394669
70000490322.303131
70000680806.659897
70000889618.867630
70000578465.765442
70000451976.654724
70000775060.419144
70000872821.326981
1.000000
70000428469.461121
70000099818.709732
70000887400.643799
70000457794.246887
70000699879.872070
70000425438.244415
70000631194.966400
70000945636.291260
70000376188.509842
70000083543.888031
70000142628.323318
70000777477.903046
70000349308.245499
70000291656.530594
70000165651.754791
70000133774.068542
70000002952.342743
70000430793.153061
70000174148.769058
70000194210.275299
1.000000
70000554502.376389
70000332290.149918
1.000000
70000980800.737350
70000565537.668610
70000239458.267532
70000296516.626282
70000452961.650269
70000562759.454514
70000337962.766144
70000315958.882919
70000460148.808899
70000373773.835831
70000932281.631927
70000631493.905930
70000868252.185364
70000861151.739563
70000308565.414902
70000937103.962311
70000805332.348190
70000253478.125061
70000839503.953278
70000497319.342056
70000334323.425552
70000680292.022705
70000926118.454117
70000557968.837006
70000246034.622955
70000326706.516510
70000905135.337402
70000050618.276321
70000405075.006592
70000042354.420685
70000985570.866959
70000885005.871323
70000039113.945068
70000706891.140961
1.000000
70000481839.174698
70000297972.163193
70000163447.933426
70000820336.896027
70000655372.281418
70000878850.695389
70000058093.499023
1.000000
70000937837.923553
70000675176.472366
70000424157.230713
70000780778.122086
0.33
 0 0 0 0 0 0 0 0 0 0 0 0 0
