1 401
70000129362.762360
70000947041.192337
70000215110.978134
70000053434.165588
70000551018.118378
70000517275.949280
70000394293.939255
70000045440.265259
70000783606.824432
70000338584.354630
70000376974.041168
70000550919.374786
70000102943.399841
70000040300.156174
70000518711.264145
70000134740.525375
70000007633.157196
70000572396.852402
70000068154.572983
70000957414.743668
70000998191.768066
70000908525.603348
70000187402.807312
1.000000
70000453942.479004
70000132652.145432
70000640967.160126
70000914397.604797
70000458755.504471
70000083431.993011
70000482511.562790
70000795199.639999
70000075068.144714
70000308253.713348
70000743598.080215
1.000000
70000785243.097366
70000851970.555908
1.000000
70000270729.768814
70000910345.753784
70000729787.832001
70000165103.636261
70000848858.421677
70000965292.578140
70000429084.325699
1.000000
70000892952.581024
70000947945.244064
70000744083.528397
70000687211.793549
70000936295.026428
70000596913.668335
70000006793.089279
70000678260.077667
1.000000
70000688854.569855
70000918224.819946
70000602339.270294
70000325249.046280
70000681735.303818
70000340871.553101
70000575794.751129
70000749335.630661
70000247080.074493
70000078724.143646
70000386038.827713
70000702434.704742
70000807326.907852
70000650858.737350
70000069107.526474
70000420506.206619
70000723365.507706
70000325044.267456
70000089947.286407
70000630606.090958
70000622265.502075
70000930520.891495
1.000000
70000544828.868881
70000874739.734085
70000919618.929779
70000583963.502121
70000530872.769943
70000606929.414459
70000152306.203857
70000996421.115204
70000284624.271713
70000053191.000473
70000239867.128754
70000056769.078796
1.000000
70000714822.400757
70000945598.847092
70000060380.805725
70000148396.591034
70000092753.724854
70000469188.705109
70000604833.828156
70000635808.608490
70000283453.559235
70000616656.874374
70000172283.393417
70000565460.724884
70000052154.474487
70000198714.695328
70000196927.683853
70000976711.264832
1.000000
70000186832.457504
70000466881.720047
1.000000
70000693767.731552
70000940187.429810
70000155417.777390
70000600327.970764
70000740444.885956
70000537810.376862
70000871836.982300
70000738054.780029
70000474782.297348
70000643640.170364
70000494950.049271
70000887109.119171
70000269827.453186
70000963123.303040
70000552174.711792
1.000000
70000696184.586182
70000510780.179718
70000820358.727676
70000512237.049072
70000684372.969360
70000430765.546295
70000273005.694839
70000624462.435760
70000394644.031036
70000993186.507339
70000366758.220200
70000877289.440033
70000507307.210541
70000772956.058273
70000988463.134674
70000289962.679184
1.000000
1.000000
70000757146.202118
1.000000
70000824539.074875
70000574904.972275
70000489082.766724
70000035657.150360
70000458829.946228
70000478348.456345
70000906764.418793
70000335515.772491
70000239070.973526
70000120489.860611
70000061081.237061
70000537753.648346
70000494382.063202
70000085478.166473
70000461476.909729
70000847472.660446
70000412156.734741
70000737638.183945
70000110790.847641
70000972303.507034
70000966821.671783
70000528255.127823
70000365707.202087
70000090067.781601
70000711133.398956
70000787921.789001
70000464732.811646
70000820043.179260
70000509814.724289
70000683916.223480
70000699662.906021
70000262947.571823
70000863030.220459
70000333967.694641
70000930290.630508
70000771019.537857
70000770200.753479
70000246020.896194
70000778104.404724
70000019543.703598
70000474164.223877
70000966892.972290
70000513498.138489
70000221944.504150
70000073318.131943
70000424548.431595
70000769285.942871
70000710461.144043
70000343239.213287
70000837321.952744
70000584821.884079
70000532911.053070
70000261842.492508
70000393651.242859
70000050799.730988
70000372715.592514
70000743787.608246
70000512275.950821
70000021609.094833
70000815129.174088
70000688784.863632
70000114126.971893
1.000000
70000582558.866516
70000426259.982742
70000543995.785385
70000594892.748413
70000121151.362030
70000722985.211273
70000993028.695831
70000585332.950287
70000863431.359772
70000359400.127106
70000686042.501968
70000010862.237000
1.000000
70000789386.353760
70000300728.292313
70000429190.216003
70000221445.238052
70000981994.525269
70000487490.172653
1.000000
70000055332.466370
1.000000
70000464809.384583
70000480013.818405
70000630161.951035
70000421802.724808
70000018891.297958
70000899137.329742
70000706978.180496
70000115279.294815
70000148722.860825
1.000000
70000973511.977112
70000913855.320587
70000175528.456009
70000194708.135162
70000256768.174957
1.000000
70000177651.020401
70000782273.175812
70000135954.244156
70000671335.444809
70000078924.996613
70000111993.277573
1.000000
70000829337.651505
70000591191.282623
70000537492.223679
70000600318.966003
70000120227.508423
70000224155.823669
70000736060.317093
70000438066.524933
70000895610.451279
70000074259.861481
70000492386.650070
70000158939.301468
70000903568.264282
70000553674.864594
70000982417.343948
70000172294.680237
70000297193.672256
70000417039.873657
70000064328.406265
70000590543.392319
70000844173.063705
70000497038.226028
70000046926.877411
70000183977.831116
70000123345.028702
1.000000
70000074724.403122
70000952645.527115
70000055716.926666
70000367435.856735
70000226120.310760
70000763509.153549
70000862529.014145
70000017484.770813
70000549730.654175
70000036854.909409
70000984452.833496
70000133215.806961
70000031055.825119
1.000000
70000811059.284805
70000527223.884491
70000882176.345978
70000405794.938904
70000104291.097824
70000764961.421112
1.000000
70000670388.994247
70000794764.663269
70000579064.223175
70000519989.172638
70000836264.203537
70000418483.233124
70000756354.296249
70000772799.971893
70000384244.331635
70000065315.173798
70000407752.144730
70000532161.379562
70000539503.895325
70000675337.079132
70000490323.005676
70000283438.333084
70000217075.544739
70000246954.902588
70000148846.992859
70000143298.337860
70000310531.974884
70000185143.652542
70000323667.964767
70000921904.933945
70000233317.471405
70000618391.409683
70000135863.042755
70000759534.560822
70000498565.035919
70000103722.798477
70000295938.907059
70000973476.167419
70000151175.063019
1.000000
70000359718.908600
70000061771.776733
70000813330.442261
70000214767.299957
70000099085.686203
70000730282.779892
70000065666.518845
70000537838.314865
70000880464.252762
70000096544.049332
70000065057.287399
1.000000
70000828697.070572
70000372148.112625
70000185287.381729
70000485317.455658
70000308402.637604
70000393649.377533
70000343929.377808
70000636725.106140
70000476531.590240
70000117303.499985
70000559452.517639
70000051015.193497
70000981081.024796
70000298500.514984
70000984963.526917
70000400954.695297
70000973649.919037
70000944000.785049
70000908278.792770
70000783065.577133
1.000000
70000508435.571716
70000338957.938553
70000552630.186295
70000566347.551529
70000841212.536514
70000212093.084839
70000973457.146103
1.000000
70000336543.621460
70000217658.477066
70000317364.180328
70000753218.210220
1.000000
70000259494.184158
1.000000
70000997953.503967
70000650366.463837
70000020024.839798
70000028599.086380
70000789326.775253
70000381261.291473
1.000000
70000620222.119568
70000403639.371185
70000989706.081100
70000644762.470840
70000112056.229141
70000195548.285461
70000749470.515198
70000621576.969864
0.33
 0 0 0 0 0 0 0 0 0 0 0 0 0
