1 401
70000378943.588699
70000904688.232590
70000973319.722763
70000810654.923965
1.000000
70000651131.135910
70000070090.410278
70000109994.427612
1.000000
70000296335.052109
70000653975.684250
70000405407.519241
70000452414.851379
70000843878.486801
70000646581.651779
70000721804.231094
70000153186.272156
70000025890.125778
70000641888.313293
1.000000
70000523473.858688
70000871054.396225
70000132341.418259
70000887697.716721
70000445326.531631
70000099291.225967
70000747771.721344
70000265830.990479
70000072250.167313
70000883482.924469
1.000000
70000897961.072205
70000174904.890610
70000594159.047577
1.000000
70000467668.717285
70000906803.388275
1.000000
70000206828.083466
70000014233.260681
70000113320.031860
70000803691.570282
70000942182.168106
70000972914.708664
70000581922.910660
70000196206.876236
70000476545.184311
70000368545.096558
70000642143.615341
70000393097.070404
70000330725.923065
70000035015.977585
70000459088.253159
70000665879.564880
70000174990.538361
70000482187.081421
70000973988.219940
70000228410.660324
70000644729.822800
70000423935.360275
70000558059.949982
70000609753.311142
70000738068.208557
70000035079.425797
70000957993.754257
70000360717.321167
70000922952.965866
70000413591.192032
70000203160.565750
70000868839.097397
70000026001.646194
70000270133.915451
70000528547.929092
70000270586.893158
70000080776.962860
70000850552.725235
70000488592.830826
70000024683.599823
70000857457.432724
70000586493.663818
70000425074.916321
70000809405.153275
70000019794.519531
70000534996.562653
70000309426.962204
70000731229.647705
70000197930.869476
70000540756.261490
70000572810.799545
70000500125.412064
70000386078.114044
70000011473.271942
70000744054.891937
70000458599.218506
70000200353.625000
70000172649.457840
70000727154.063293
70000799092.298141
70000548501.730530
70000978341.586105
70000498979.114883
70000039502.863144
70000071189.881516
70000672444.879028
70000504557.507980
70000568876.589142
70000225489.302567
70000641244.339172
70000852193.908478
70000407040.449783
70000162642.839371
70000536729.703079
1.000000
70000826318.823502
70000941222.764481
70000071872.221664
70000269742.467484
70000204483.838959
70000368346.093796
1.000000
70000652460.858124
70000604350.662903
70000716387.100769
70000852361.346863
70000743075.646530
70000610653.922073
70000139879.306992
70000621530.969193
70000616386.651550
70000327898.735825
70000996790.364273
70000333807.997330
70000224193.971466
70000670845.053711
70000490667.247269
70000724019.020157
1.000000
70000246599.638702
70000777023.540176
70000623666.542114
70000561999.000153
70000324711.767502
70000810586.413376
70000705700.872116
70000323247.293854
70000790053.080933
70000884145.918579
70000115805.599487
70000573472.247971
70000360342.087875
70000343487.997604
70000129646.566513
70000658393.946960
70000839899.397293
70000661726.647598
70000708899.371674
70000175447.592300
70000144415.416275
70000972294.746521
70000274289.142715
70000372095.080872
70000832827.513107
70000118457.316147
70000759817.690079
70000354236.740891
70000872690.183426
70000846598.108521
70000495809.306595
70000465067.729736
70000038449.664841
70000202269.146881
70000977945.327682
70000234849.227448
70000404672.798843
70000121755.236633
70000813405.822250
70000823474.897766
70000560905.240845
70000097908.441025
70000837031.295502
70000851194.728836
70000605518.186050
70000059249.940247
70000366839.017822
70000614133.390091
70000720950.084518
70000612351.613251
1.000000
70000735272.262238
70000837647.350586
70000889305.353348
70000401931.825806
70000267603.571884
70000660919.132797
70000069354.607330
70000949711.671158
70000837779.750443
70000692995.843674
70000850848.755692
1.000000
1.000000
70000940408.833069
70000190432.137863
70000028940.035965
70000684814.270493
1.000000
70000793189.313492
70000018593.519836
70000381460.100601
70000752758.834564
70000498280.777405
70000546156.241425
70000298558.002060
70000496746.385315
70000572427.118484
70000116469.178116
70000549450.298782
70000642953.710449
70000604970.798782
1.000000
70000707594.865906
70000390905.205734
70000509119.918076
70000589645.385620
70000834645.624191
70000963279.939056
70000843042.637268
70000210999.310440
1.000000
70000221621.582718
1.000000
70000292330.476852
70000334022.560837
70000514589.448624
70000400861.702835
70000173399.140076
70000581438.443253
70000799158.728973
70000138122.337524
70000949735.293945
70000157490.000671
70000454427.330811
70000177028.894699
70000010114.552155
70000653723.973175
70000900243.319550
70000144730.814697
70000990346.172409
70000683284.446640
70000313259.847260
70000213767.241699
70000060638.685257
70000282980.738724
70000002362.323517
70000493660.211441
70000951961.881348
70000231442.757233
70000764700.328003
70000703966.303497
1.000000
70000915683.596680
70000938587.996338
70000905360.224121
70000274631.219757
70000512449.658142
70000865851.390503
70000746538.689316
70000372485.415802
70000923047.712677
70000407778.928192
1.000000
70000197795.923203
70000328483.266556
70000466536.099411
70000857987.474915
70000279714.707352
70000587600.334183
70000192110.925873
70000837185.446732
1.000000
70000928510.668900
70000319199.503357
70000797063.096817
70000102587.222305
70000170052.041000
70000854191.389908
70000515763.485458
70000404811.094696
70000784139.602936
70000194934.495453
70000704144.665695
70000963600.332169
70000097178.853409
1.000000
1.000000
70000883408.522110
70000641205.597427
70000612761.397247
70000142172.324387
70000206594.103638
70000399683.185074
70000773159.367645
70000146912.178650
70000764578.263794
70000499382.557022
70000726314.951447
70000041614.977066
70000735903.845703
70000439066.962585
70000167929.202957
70000698947.182983
70000131678.434540
70000611116.064362
70000784349.036331
70000916860.710983
1.000000
70000114546.333221
70000074340.381531
70000970884.941071
70000907027.477814
70000352082.064651
70000942047.274521
70000423035.328979
1.000000
70000256499.899780
70000028049.507004
70000645136.821182
70000801067.538025
70000455260.901932
70000791094.192719
70000434481.459579
70000461058.536499
70000602736.198074
70000753272.283127
70000068614.354965
70000120443.689499
70000410097.863724
70000899898.722855
70000658871.630814
70000362670.741318
70000712774.079514
70000448083.355179
70000812711.740311
70000608670.891342
70000891562.031342
70000618118.713043
70000916568.956635
70000739116.351822
70000762707.402100
70000435887.933792
1.000000
70000298829.304718
70000144461.733170
70000261968.084137
70000849923.796463
70000956832.300491
70000529834.437622
70000631611.876068
1.000000
70000421122.514145
70000525745.336746
70000048029.927765
70000305294.250839
70000206546.890182
70000507688.935791
70000365535.781815
70000774065.654236
70000592405.554474
70000512026.376755
70000242445.393387
70000659531.790329
70000588841.409027
70000929055.328400
70000612096.421722
70000015891.690552
70000844165.567337
70000229494.871231
70000196707.760269
70000926386.772354
70000713979.886627
70000681386.802734
70000881150.807983
70000491333.172882
70000946688.776230
70000347225.818970
70000742327.787003
70000122495.075104
70000340400.406891
70000020510.195404
70000496662.729721
70000076775.265976
70000110652.273010
70000240591.946594
70000919052.109528
70000475894.932343
70000477257.764343
70000045953.214615
70000517751.392029
70000927647.299973
70000803070.588409
0.33
 0 0 0 0 0 0 0 0 0 0 0 0 0
