1 401
70000396743.477921
70000047254.920654
70000668647.211044
1.000000
70000234930.103790
1.000000
70000979367.874847
70000996952.624710
1.000000
70000570516.935150
70000360198.340088
70000435201.912903
70000638620.372543
70000264494.639191
70000018860.497650
70000490673.317902
70000313361.437607
70000455724.316650
70000949536.856873
70000474945.805176
70000845114.731110
70000441897.744537
70000198342.888092
70000655638.550095
70000653389.112442
70000712895.991959
70000331587.035889
70000290236.843018
70000818220.305283
70000995364.446121
70000120322.947662
70000407176.765640
70000944394.237106
70000697284.793381
70000232573.206055
1.000000
70000979834.373749
70000262159.009018
70000147828.417496
70000727550.347214
70000747934.343124
70000628775.510193
70000113928.830627
70000361425.497528
70000967775.895187
70000385804.845169
70000044768.210419
70000017700.937042
70000806256.572021
70000667771.760757
70000980443.133286
70000008452.949707
70000639483.093018
70000321950.049530
1.000000
70000928258.838089
70000676252.945618
70000330201.475861
70000908600.696320
70000106252.286484
70000351084.425125
70000845138.479904
1.000000
70000309714.332520
70000655070.696075
70000932056.889267
70000185212.848160
70000181657.426392
70000662122.865524
70000219111.441101
70000763085.160645
70000871250.543015
70000662674.818298
70000063067.751633
70000379357.018448
70000686989.659027
70000011647.782181
70000258951.068665
70000253382.533752
70000082863.164474
70000052544.192322
70000480015.333984
70000498230.403519
70000246191.651642
70000190976.513016
70000531476.744644
70000972025.017288
1.000000
70000958315.204803
70000625342.202011
70000041833.433014
70000384997.790344
70000269218.231873
70000460454.994949
70000167883.885880
70000366524.853561
70000209314.378906
70000932551.086853
70000523688.651169
70000750764.989532
70000114039.173126
70000125090.874344
70000777055.700180
1.000000
1.000000
70000410622.660858
70000793102.126907
70000741261.104965
70000327902.590347
70000909311.978012
70000446227.994888
70000236088.725494
70000209471.008377
70000380502.435364
70000974443.674530
1.000000
70000487746.780762
1.000000
70000532148.112854
70000502352.069916
70000162434.377899
70000404823.364883
70000931927.806396
70000071792.849304
70000882831.868210
1.000000
1.000000
70000953292.243301
70000781284.565277
70000532510.279205
70000702325.732117
70000962115.607452
70000066797.865311
70000583160.923141
70000321349.206436
70000860380.224258
70000653615.486313
70000636711.404037
70000544232.831375
70000412221.608566
70000741775.533127
70000614422.923447
70000469415.785782
70000971269.041611
70000030743.659714
70000778462.554764
70000203202.515488
70000116646.592911
70000269691.611359
70000653144.303894
70000332279.555588
70000583732.435242
70000808935.075958
70000758352.715973
70000051402.700912
70000273973.553177
70000789139.028259
70000164365.996155
70000315317.849518
70000496159.296112
70000066489.136749
70000531294.800278
70000061857.560760
70000647244.206558
70000349011.728058
70000226023.557327
70000589802.520401
70000176882.230957
70000267745.061554
70000847948.895493
70000731241.729874
70000714807.523682
70000343939.772049
70000280706.328583
70000281307.062622
70000484015.345688
70000816072.496811
70000610735.207764
70000754313.186905
70000421705.951767
70000244038.263626
70000668694.510880
70000989792.937241
70000781752.637070
70000893127.906876
70000054403.089584
70000986259.953247
1.000000
70000583701.210724
70000416192.127640
70000531830.821014
70000255175.034836
70000237711.090164
70000766380.085342
70000034854.508667
70000978205.282410
70000327024.549149
70000389615.791214
70000023863.112793
70000868162.625061
70000590110.394562
1.000000
70000508662.386597
70000553122.692383
70000641879.440826
70000944560.694870
70000868924.213821
70000104580.159271
70000877850.373413
70000037343.359146
70000654500.019928
70000363429.565231
70000660429.204819
70000183925.342300
70000900442.898544
70000388464.212967
70000197278.498276
70000654683.663223
70000758747.695450
70000327637.455063
70000611950.285416
70000005475.175568
70000929891.985107
70000140729.186325
70000458083.003555
70000218796.858704
70000686825.096939
70000556998.775909
1.000000
70000090133.162018
70000386039.975861
70000420983.041351
70000068443.802597
70000562843.892441
70000818129.950104
70000869286.720581
70000957536.376144
70000317077.667343
70000708368.980881
70000073953.490662
70000252011.680573
70000538062.116318
70000562825.422714
70000568874.138519
70000680519.229050
70000548897.080292
70000058604.118958
70000509423.431213
70000046337.310654
70000410620.582993
70000377364.260742
70000854520.252151
70000502008.646729
70000522029.784225
70000812914.714157
1.000000
70000032365.871719
70000677673.585678
70000571614.129501
70000705538.182114
70000796523.086151
70000375601.366394
70000722563.696045
70000079313.799820
70000564917.840881
70000219649.270981
70000901200.401917
70000325353.476959
70000749723.130432
70000203384.116821
70000445826.682846
70000073450.667694
70000504601.523224
70000058029.225937
70000626346.202942
70000706001.053223
70000391584.003357
70000023453.997238
70000706192.198013
70000180616.104553
70000626404.975540
70000294068.867844
70000097572.845779
70000863970.800049
70000490426.136490
70000316149.482620
70000872460.740555
70000708864.091965
70000124246.101685
70000687975.635117
70000274345.043671
70000089072.188232
70000547681.431442
70000577705.727020
70000409415.478134
70000187198.946609
70000345111.240646
70000265761.367508
70000955200.996826
70000819925.248840
70000246229.185287
70000028900.806335
70000589119.239136
70000954615.946411
70000100216.279404
70000458259.488602
70000949755.491196
70000711779.422195
1.000000
70000448348.113861
70000680343.031311
70000317771.221375
70000826775.953888
70000688116.283279
70000954033.778839
70000804285.513168
70000100047.269516
70000538789.789261
70000974897.456375
70000233234.407974
70000477218.134964
1.000000
70000968094.354309
70000883207.561142
70000727005.771927
70000736080.440140
70000420359.904449
70000359589.217407
70000283840.667511
70000280784.147369
70000255180.851349
70000957824.374603
70000299307.158859
70000700879.014404
70000192286.466110
70000523597.539124
70000167338.262054
70000276084.455811
70000527917.103775
70000281589.210510
70000528763.481354
70000923065.094589
70000855774.203339
70000452213.891647
70000260097.000412
70000407539.203293
70000623674.259033
70000918667.553864
70000569141.128860
70000915708.146545
1.000000
70000730800.559616
70000867750.144165
70000961272.264511
70000508930.303757
70000844676.193802
70000774004.770615
70000585484.305359
70000254197.261490
70000465897.664230
70000575753.856445
70000874069.410751
70000682186.747101
70000630138.084854
70000896592.585922
70000600931.057999
70000653172.197632
70000516534.326981
70000537019.214340
70000895664.931870
1.000000
70000873960.359360
70000305724.965378
70000610412.606232
70000563696.080933
70000554644.089081
70000804818.693787
70000487025.455276
70000764082.321091
70000976401.141663
70000615259.876541
70000713106.581680
70000245065.572937
70000165292.032516
70000451922.941940
70000969592.587433
70000956216.897903
70000504981.408951
70000422678.745605
70000003506.524109
70000966135.062164
70000290400.297607
70000719762.913040
70000696835.549347
70000948428.661713
70000795210.076675
70000789093.461029
70000423279.388901
70000597809.808014
70000917309.170776
0.33
 0 0 0 0 0 0 0 0 0 0 0 0 0
