1 401
70000159450.870239
70000527215.059128
70000557900.421555
70000981473.375351
70000960448.030823
70000787277.293304
70000421669.178345
70000934070.755142
70000094167.441605
70000920016.892609
70000661241.112396
70000204016.594345
70000961221.606033
70000280264.635330
70000763099.350555
70000430610.705719
70000673046.435165
70000298690.016724
70000417336.253845
70000497448.812027
70000168362.365753
70000867210.832825
70000664350.025131
70000514260.350067
70000014245.659546
70000723532.536377
70000783304.442490
70000212890.796646
70000895483.996826
70000071387.172119
70000398024.188705
70000213463.547455
70000916530.940933
70000730367.918793
70000010739.226837
70000248454.271545
70000796083.301941
70000284611.840302
70000020520.428619
70000632123.748825
70000329091.855103
70000071339.428436
70000684440.459579
70000083116.508026
70000419052.370667
70000381507.463882
70000475366.381180
1.000000
70000679107.469955
70000185940.532303
1.000000
70000322010.338287
70000349389.322067
70000879251.046875
70000630602.295853
70000318283.072021
70000561290.588043
1.000000
70000752157.912415
70000925839.680969
70000122185.525833
70000580192.652206
70000492966.654892
70000095131.642288
70000656261.561493
70000456007.807648
70000150902.417664
70000429678.243011
70000895936.870239
70000126144.950348
70000457962.405487
70000035964.334396
70000595752.282562
70000131259.202209
70000764772.318954
70000895203.873520
70000787208.378937
70000579769.609070
70000302553.884781
70000767360.631805
70000352117.709549
70000961335.140045
70000512855.674561
70000092303.898300
70000076156.093018
70000053449.275253
70000352582.515808
1.000000
70000957437.485214
70000135596.416229
70000544951.383972
70000832620.014954
70000862251.816025
1.000000
70000275996.751053
70000654414.426605
70000690459.363449
70000990960.437088
70000615463.622665
70000820886.788910
70000255367.376678
70000997515.127335
70000820398.813202
70000608288.211487
70000343452.460022
70000980903.004166
70000878028.301208
70000028995.195435
70000029999.265472
70000670357.484894
70000800324.297516
70000182250.367538
70000847008.615982
70000059983.601166
70000453650.601044
70000262581.457321
70000476266.440460
70000211672.038452
70000622432.748505
70000958303.841309
70000881445.996719
70000167250.565323
70000584065.289917
70000856078.170303
70000910508.406479
70000359052.096512
70000320680.146454
70000966028.280167
1.000000
70000753164.501129
70000981069.237854
1.000000
1.000000
70000706524.557800
70000087805.704300
70000665156.214600
70000532584.961487
70000373477.281967
70000275874.928009
70000556896.554825
70000414679.067688
70000863347.144928
70000828663.791733
70000498702.452850
70000426430.362503
70000777861.006332
70000621182.836853
70000808201.351929
70000263003.487839
70000900756.763199
70000116767.791779
70000638362.697662
70000202471.107101
70000880682.495865
70000981588.707916
70000769196.944092
70000539975.367798
70000529205.344620
70000718513.919235
70000378851.460983
70000130453.281967
70000062065.560211
70000920813.951294
70000740236.540787
70000391979.411453
70000445623.991196
70000087724.149521
70000771281.669785
70000942612.185715
1.000000
70000599991.296570
70000354547.020142
70000525197.359329
70000643285.754166
70000245567.934143
70000831488.715988
70000122947.510422
70000626784.491806
70000481940.916153
70000787650.132492
70000183608.150558
70000452532.451752
70000336854.951355
70000972942.068848
70000983323.846054
70000472957.933228
70000087204.716232
70000128041.478348
70000001994.472229
70000690718.633057
70000924682.616379
70000793782.253494
70000752131.439835
70000091349.462479
70000477419.263672
70000740961.141907
70000634620.580887
70000527661.192947
70000910386.527374
70000515985.789719
70000669889.717163
70000338466.197006
70000599977.773483
70000647108.242569
70000060830.374161
70000893083.990448
70000665576.549637
70000249672.969193
70000039492.486771
70000460346.880005
70000824964.211807
70000334997.246582
70000979163.755814
70000961912.732635
70000455839.631363
70000516995.497391
70000857186.653122
70000386007.734268
70000635123.784866
70000900667.846924
70000260803.959808
70000018476.951248
70000183609.780106
70000067527.131836
70000511953.846313
70000143200.688156
70000416483.298157
1.000000
70000443790.921265
70000818570.193665
70000591703.157364
70000437214.458710
70000508006.356201
70000865050.445114
70000941170.134247
70000593905.930588
70000489699.134659
70000498226.141495
70000989068.126877
70000123934.893509
70000382214.158386
70000669442.093307
70000977469.603302
70000521465.522217
70000991045.569534
70000805024.599487
70000849328.138351
70000353916.197037
70000535536.755356
70000654420.699844
70000856911.549500
70000339674.754211
70000234939.936905
70000820824.523056
70000344997.227997
70000014722.541733
70000975047.425858
70000166856.661636
70000923405.640976
70000679585.203140
70000952152.531387
70000852339.684174
70000115981.100357
70000016821.024857
70000285815.338303
70000910557.776276
70000091900.838394
70000132038.315445
70000642668.444031
70000605283.573166
70000715775.854172
70000833194.422455
70000899235.355469
70000481600.958572
1.000000
1.000000
70000288007.637360
70000885331.664124
70000650565.193146
70000967545.995285
1.000000
70000940088.402176
1.000000
70000602342.413727
70000967730.281357
70000737073.020218
1.000000
70000935172.039307
70000220117.485657
70000381003.708664
70000181198.634399
70000455528.531998
70000703120.464874
70000164792.452759
70000797410.332031
70000611726.370117
70000004003.467087
70000916543.530289
70000238921.475281
70000017019.194214
70000430864.194611
70000692981.290649
70000163117.304871
70000533464.536377
70000635756.836166
70000856461.239960
70000437270.865112
70000316473.432007
70000407466.940155
70000641565.633530
70000063141.599762
70000183853.674927
70000660313.145828
70000654341.517075
70000260568.636322
70000169912.493195
70000931512.518875
70000135069.947128
70000581692.076752
70000786880.129807
70000463375.375870
70000558487.291901
70000028065.810806
70000492460.163116
70000987599.059189
70000967858.851624
70000853105.901413
70000900510.462875
70000267216.119263
70000385776.712524
70000622320.710541
70000296125.657913
70000214714.446152
70000037211.918091
70000015443.745544
70000559694.209305
70000480689.755447
70000053694.167053
70000915704.310440
70000809606.456528
70000719144.570496
70000717359.346466
70000330853.451080
70000158307.791901
70000114828.004135
70000258991.751556
70000142382.223816
70000175027.663803
70000510884.313202
70000999637.507690
70000163681.676651
70000098923.860229
70000683978.036942
70000695539.110825
1.000000
70000954465.020615
70000744607.631195
70000039499.647949
70000276520.450668
70000916867.442734
70000681481.624557
70000743834.857529
70000373266.890564
1.000000
70000589001.141785
1.000000
70000577221.069290
70000331923.965073
70000199244.266830
70000836405.336594
70000120675.899796
70000380560.273926
1.000000
70000935101.365555
70000623600.229523
70000939385.387436
70000615755.002335
70000730105.190414
1.000000
1.000000
70000388878.300720
70000595090.779953
70000141439.667831
70000561917.572632
70000490966.394653
1.000000
70000312529.150070
70000694748.944946
70000179868.183609
70000408633.873764
70000941398.733032
70000560535.238083
70000289989.373871
70000588814.640839
70000717133.635590
70000452317.264893
70000644521.289429
70000518679.230911
70000173166.313019
70000129242.614059
0.33
 0 0 0 0 0 0 0 0 0 0 0 0 0
