1 401
70000551479.260193
70000487297.671875
70000794771.760590
70000308099.086243
70000014562.796783
70000482468.855820
70000542238.534195
1.000000
70000103416.167496
70000718702.723648
1.000000
70000065872.860550
70000030704.828384
70000350002.561996
70000892233.938522
70000247350.848709
70000390822.053131
70000231715.117813
70000088580.416550
70000838848.640121
1.000000
70000380380.321854
70000068906.567795
70000135396.137177
1.000000
70000630796.045959
70000514602.155792
70000710047.490448
70000516708.974640
1.000000
70000395644.544754
70000092514.597870
70000077364.696777
70000288260.220581
70000210802.221375
70000078742.697403
70000347004.970490
70000376627.243759
70000598380.269821
70000692550.433762
70000535086.889755
70000473065.259674
70000428885.621643
70000010448.448547
70000607355.100357
70000381537.390976
70000486789.052734
70000008052.157547
70000657068.671799
70000358446.247620
70000221541.851059
70000991983.700943
70000760667.658875
70000354761.352417
70000308923.198380
70000392653.905563
70000143741.851486
70000319716.726959
70000032567.338058
70000166422.569016
70000227745.062378
70000711030.262665
70000285195.578125
70000329583.002090
70000967454.339691
70000173716.977554
70000171056.524292
70000482023.725128
70000296707.324341
70000312088.437012
70000557942.521591
70000099025.286453
70000690811.211990
70000317210.778732
70000763824.813049
70000065311.692657
70000805858.180786
70000831981.792236
70000585277.028381
70000891459.684143
70000528101.890991
70000484703.859863
70000200491.506943
1.000000
70000117561.956161
70000709926.853180
70000270868.192673
70000442253.143860
1.000000
70000711093.712967
70000920177.437088
70000465289.223877
70000957687.239502
70000468981.553253
70000891693.598083
1.000000
70000518918.525238
1.000000
70000185270.164062
70000434869.844864
70000779028.114944
70000904785.664566
70000937266.399277
70000715272.373398
70000284014.138641
1.000000
70000906551.051727
70000202947.499680
70000106934.106506
70000095659.215851
70000727947.866318
1.000000
70000634910.935608
70000424361.033691
70000547272.752975
70000856444.017334
70000960253.693863
70000628652.797958
70000346965.967010
70000586149.912216
70000977076.585663
70000498929.157410
70000022629.670441
70000445375.043320
70000767904.257660
70000789023.067062
70000285665.838364
70000013131.386444
70000225547.009247
70000251124.366241
70000054105.777847
70000720636.787598
1.000000
70000639726.249802
70000018207.894135
70000335972.909363
70000910763.875015
70000628940.504959
70000909183.624893
70000324963.870850
70000124251.102722
70000968760.624329
70000420984.299194
70000914960.768356
70000625252.458878
70000623623.438766
70000177127.561905
70000794099.508270
70000583612.080154
70000459410.164825
70000232822.969208
70000576151.180099
70000731563.787415
1.000000
70000717711.354385
70000600610.202469
70000937571.549026
70000269796.982895
70000382988.691452
70000807991.690308
70000902633.722549
70000291712.701248
70000221832.079056
70000133194.566025
70000704810.566833
70000011342.001846
70000424402.557465
70000020706.019318
70000919266.341232
1.000000
70000854534.047363
70000804704.822327
70000219884.201172
70000812420.231995
70000785480.783951
70000173738.091766
70000755951.719360
70000524039.584717
1.000000
70000956137.371033
70000071041.455414
70000352139.658951
70000235905.951004
70000785213.986160
70000401701.659256
70000674243.097992
70000604616.850342
70000575047.230377
70000622128.607056
70000571683.763412
70000266567.193893
70000219926.044891
70000595303.945801
70000637631.617065
70000498938.608093
1.000000
70000263532.157425
1.000000
70000620744.852798
70000765116.692078
70000779487.317780
70000757817.746155
70000023779.820282
70000668962.502457
70000337852.778183
1.000000
70000274268.250290
70000679383.443985
70000758487.807632
70000659617.174911
70000089019.208221
70000176068.088959
70000201727.733582
70000193017.665741
70000578579.340454
70000120042.474121
70000307400.475586
70000603703.044830
70000200914.134521
70000495249.652908
70000386383.585236
70000316915.273163
70000848608.147308
70000097943.906479
70000313945.025848
1.000000
70000244764.675491
70000831404.796860
70000897409.685745
70000084869.964706
70000528817.717392
70000117258.194809
70000255829.051941
70000667498.897079
70000432175.439804
70000611910.760345
70000380002.655975
70000914288.206299
70000811969.963074
70000751164.497055
70000394305.522690
70000756871.867661
70000466564.554276
70000954668.017227
70000991299.094971
70000037691.689941
70000349434.059723
70000626956.200485
70000278880.606216
70000426652.403076
70000586626.812943
70000051285.398041
70000928268.407547
70000479284.319717
70000003646.246353
70000187456.365891
1.000000
70000632234.616638
70000934631.862305
70000803075.425827
70000091147.625168
70000271750.029343
70000367921.022446
70000386924.826172
1.000000
70000013490.209595
70000111555.417801
70000171139.441360
70000561500.004150
1.000000
70000527057.335419
70000841625.575668
70000515290.320847
70000437428.159180
70000171183.369247
70000695813.308090
70000844651.819748
70000623469.992859
70000685887.004074
70000945702.272980
70000604180.832901
70000356529.189407
70000964603.140701
70000286750.055786
70000831234.329636
70000801843.713821
70000063371.851425
70000117953.184601
70000473466.472305
70000936546.602646
70000404573.139725
70000305234.036346
70000288163.557571
70000128028.579117
70000940807.508392
70000085963.843674
70000289985.627609
70000954502.684402
70000643005.089554
70000006643.868896
70000259246.476807
70000660656.693100
70000867736.684036
70000904946.081940
70000436672.298431
70000475765.450089
70000153811.606964
70000222546.933304
70000220561.078674
70000104998.483521
70000879181.632477
70000161893.743118
70000157189.075378
70000104495.204758
70000020243.822800
70000533471.887115
70000410039.724426
70000943625.163574
70000549993.998550
70000109581.226288
1.000000
70000556705.862488
70000496790.035339
70000600512.464310
70000583719.869736
70000117695.442642
70000667730.012665
70000063974.482239
70000353367.527298
70000129854.959610
70000143936.969223
1.000000
70000833403.908035
70000654238.989365
70000711326.295288
70000146230.708572
70000283789.720306
70000465048.129364
70000586076.261398
70000173208.262787
70000345320.274796
70000377883.192535
70000034396.482208
70000868917.232620
70000033484.896820
70000286915.500854
70000238301.074097
70000925968.337311
70000603854.910263
70000139920.347641
70000014549.873688
70000289320.491180
70000257412.142120
70000644389.451508
70000736110.403427
70000295076.122192
70000852684.172180
70000974680.064575
70000876813.681549
70000175055.811707
1.000000
70000228670.200867
70000915156.054779
70000540989.552536
70000839847.308182
70000198167.716415
70000839153.464066
70000535375.198090
70000044684.219635
70000142521.716461
70000948570.959442
70000500622.390121
70000509237.042480
70000187484.746735
70000609613.791168
70000589710.802933
70000729556.784775
70000523059.276718
70000094776.675751
70000469038.444305
70000398098.576721
70000873931.110138
70000933020.182968
70000832680.092346
70000100327.800949
1.000000
70000491985.741913
70000043952.252472
70000860359.498825
70000807495.900986
70000000905.332870
70000250655.058792
70000181964.438614
70000238016.443115
70000570217.227127
70000283087.856949
70000147483.673996
70000022436.795471
70000839604.991791
70000184272.127701
0.33
 0 0 0 0 0 0 0 0 0 0 0 0 0
