1 401
70000666186.575851
70000380529.891647
70000051186.672150
70000844391.701523
70000753930.583817
70000655352.457840
70000017169.715836
70000861043.683136
70000661036.155762
70000101235.785141
70000869046.218628
70000152276.152832
70000694459.021393
70000128930.573364
70000314264.963379
70000109235.607437
70000669414.061829
70000240547.629837
1.000000
70000741646.474533
70000936550.226044
70000187337.495529
70000762145.881073
70000881892.241226
70000021376.265686
70000606869.068787
70000443549.411926
70000147222.446915
70000408107.864822
70000554059.894913
70000787862.543228
70000993502.071152
70000688747.933182
70000700206.460541
70000833411.391373
70000738216.988205
70000467804.817978
70000089434.974091
70000763919.871780
70000783588.651703
70000466854.985611
70000256904.733353
70000763036.414978
70000465193.445221
70000341683.286942
70000366651.689423
70000024655.836975
70000544943.819977
70000688323.479370
70000951631.939514
70000428565.012924
70000855729.951218
70000706785.503815
70000916889.675095
70000605425.641113
70000046693.939362
70000224713.790848
70000091368.076401
70000768573.522400
70000429877.851669
70000189235.964294
70000713996.841034
70000840728.035278
1.000000
70000363173.580582
70000742512.359085
70000275670.469803
70000449194.266998
70000654968.961960
70000661692.520508
70000010664.987946
70000712179.273300
70000172621.733444
70000597681.093018
70000406762.672073
70000652986.891205
70000052371.277298
1.000000
70000592041.857071
70000354655.911499
70000963678.991653
70000527614.939346
70000051587.480423
70000938355.593018
70000343216.217590
1.000000
70000395754.378738
70000787058.851440
70000558742.936188
70000617108.171494
70000259403.268707
70000664240.169098
70000876644.606125
70000312940.893143
70000908990.443542
70000726195.546265
70000059323.837326
70000382436.389435
70000833655.240128
70000266522.632645
70000551711.403503
70000997652.655579
70000614156.051666
70000547805.799866
70000112986.966614
70000308525.662842
70000056130.197067
70000616356.748047
1.000000
70000494962.148819
70000033806.526230
70000189477.025818
70000109438.501266
70000125101.049316
70000405715.956772
70000955338.346878
70000481293.796707
70000556810.426926
70000303370.033432
70000449677.520065
70000930645.228271
70000856879.256393
70000838461.940216
70000185563.130676
70000509886.931778
70000209454.129791
1.000000
70000421333.236267
70000069327.112381
70000611431.312195
70000592279.530472
1.000000
70000227118.969620
70000217490.987534
70000502826.502396
70000348654.141678
70000919735.434204
70000647122.184006
70000280811.129715
70000609092.664810
70000566110.420807
70000639837.375763
70000013763.702042
70000655690.223099
70000382147.140747
70000222024.216614
70000627522.228760
70000852026.122528
1.000000
70000730275.491058
70000370948.514740
70000650929.989517
70000562131.377396
70000841058.724289
70000773105.235062
70000290938.349136
70000453004.299591
70000356134.484711
70000219587.427277
70000500335.081573
70000304660.019257
70000664293.478104
70000907251.587967
70000908674.149658
70000915342.718307
70000463919.412628
70000268990.819244
70000254929.955963
70000117397.069748
70000413974.997025
70000322239.205444
70000065519.034882
70000384932.746674
70000105705.681229
70000668345.732956
70000212242.595673
70000515467.703400
70000456081.593857
70000377901.741043
70000344715.934052
70000456305.762909
1.000000
70000636267.530182
70000306793.316147
70000823468.519531
1.000000
70000516540.777908
70000316119.024490
70000346965.089325
70000282317.633331
70000073440.368896
70000742074.493271
70000253158.022125
70000642037.397217
70000821296.760605
70000349869.947235
1.000000
1.000000
70000031797.251678
70000892492.509186
70000228492.910400
70000787285.060791
70000505452.070099
70000730765.638412
70000031112.456772
70000152738.538361
70000501814.614517
70000054512.750153
70000755104.979034
70000028310.825058
70000392759.625778
70000349146.346664
70000011873.733292
70000750567.336807
70000181564.154083
70000061489.650650
1.000000
70000545832.127548
70000988338.148544
70000286817.430542
70000223850.685135
70000272827.571060
70000039586.370178
70000041008.116943
1.000000
70000739315.533844
70000153556.909409
70000388541.289017
70000381801.258179
70000621527.815063
70000249122.364929
70000654165.544662
70000985641.320419
70000946784.792419
70000861603.709885
70000653077.711746
70000949601.565536
70000591172.652573
70000785297.519516
70000736964.359573
70000623969.939346
70000630772.261505
70000676972.805771
70000394002.813217
70000218814.846756
70000077248.506470
70000220643.054031
70000598108.540909
70000753629.371246
70000030358.308929
70000908373.786285
70000843157.776428
70000057067.807068
1.000000
70000942245.467072
70000633797.553497
70000118840.256668
70000725689.487762
70000409916.714020
70000072492.372574
70000825797.062576
70000980282.504440
1.000000
1.000000
70000215371.951660
1.000000
70000168165.283005
70000253725.116989
70000083166.783859
70000621478.481476
70000730975.457336
70000777072.840256
70000434358.512177
1.000000
70000661799.407013
1.000000
70000005165.961945
70000212079.273483
70000463104.090012
70000834271.031723
70000876265.307663
70000287656.682144
70000867341.856247
70000066812.265915
70000398121.694458
70000735831.126709
70000643019.559509
70000824636.946243
70000199513.160294
70000738231.270157
70000609036.559464
70000735417.190521
70000248165.924225
70000852187.821930
70000953375.189667
70000009241.549149
70000971244.170395
70000838070.245346
70000344608.581970
70000643979.325272
70000647544.105057
70000938581.241653
1.000000
70000264358.125137
70000123887.381088
70000769672.092453
70000120728.815186
70000707386.108444
70000890461.438034
70000186122.650391
70000135061.573624
70000419852.366943
70000258772.601837
70000990704.797775
70000389977.668060
70000694901.071960
70000047931.641068
70000572707.228577
70000748144.701889
70000789820.109222
70000256361.125397
70000743399.444443
70000809296.087952
70000531847.213943
70000913362.339233
70000258934.102264
70000848562.548035
70000549356.158768
70000966421.977020
70000784640.605713
70000596949.249496
70000377233.602600
70000280631.556503
70000858286.193832
70000701062.062943
70000782933.057709
70000326813.081146
70000311146.545319
70000371568.353500
70000142572.569901
70000655808.103516
70000514436.029510
70000607922.398422
70000421606.877502
70000327167.987213
70000239182.642593
70000351123.087173
70000040329.787689
70000074236.137558
70000018474.187805
70000555310.421234
70000874437.069656
70000545293.574966
70000989724.023087
70000385584.327255
1.000000
70000971621.157410
70000952197.523560
70000302673.603226
70000009516.203598
1.000000
70000772150.535217
70000742737.464447
70000409315.097733
70000102637.217010
70000411339.621063
70000182129.616470
70000962825.284927
70000612721.563309
70000004648.162399
70000746053.964417
70000759487.333923
1.000000
70000076884.566406
70000152904.724762
70000576078.186432
70000403179.623505
1.000000
70000567455.355515
70000873454.810867
70000947762.388733
70000201796.878021
70000325803.403687
1.000000
70000806210.572754
70000435124.980469
70000786376.704086
70000190848.858215
70000174680.364227
70000559029.944168
70000885340.525208
70000857171.519287
70000275058.105194
70000881949.243530
70000573264.792313
70000063249.330566
70000850594.900497
70000169357.046936
70000626089.588150
70000631465.987518
0.33
 0 0 0 0 0 0 0 0 0 0 0 0 0
