1 401
70000185646.131012
70000320847.418945
70000717745.265778
70000386031.030182
70000007953.806641
70000852575.674225
1.000000
70000191999.466415
70000273925.657822
70000043916.355347
70000138633.421341
70000482698.938766
70000532128.507782
70000901435.556091
70000739484.204163
1.000000
70000750160.626938
70000902595.158432
70000334408.712723
70000840429.310364
70000510176.312225
70000022112.674469
70000963075.187714
70000595618.999557
70000605663.674545
70000560763.425888
1.000000
70000577995.144516
70000230867.592422
70000239344.962921
70000719366.561935
70000418176.944107
70000425239.583740
70000019894.395325
70000128417.915421
70000029302.205261
1.000000
70000865570.378021
70000270390.582794
1.000000
70000670602.284302
70000605152.178375
70000365151.575623
70000266607.141251
70000002449.399475
70000691385.119324
70000294575.802658
70000860934.751907
70000840245.746750
70000578250.351959
70000890355.144485
70000857504.216187
70000466305.440170
70000973689.077118
70000053943.722214
70000013753.947418
70000237110.795181
70000991675.734726
70000597858.850418
70000350727.501282
70000470192.574966
70000162298.141129
70000639555.567413
70000100855.001419
70000730566.671585
1.000000
70000245358.626404
70000762688.930481
70000293453.461502
70000111962.299484
70000908725.662262
70000040559.760193
70000221841.333206
70000380821.874710
70000424938.993469
1.000000
70000047110.564987
70000447515.745300
70000460566.357117
70000174996.280869
70000956201.061279
70000062206.259506
70000612225.765717
70000976835.532669
70000793971.364471
70000905431.736801
70000589848.625275
70000374472.572693
70000420839.717148
70000699346.907089
70000258449.886261
70000780404.363510
70000669819.832764
70000536324.361984
70000219130.985504
70000729976.593185
70000498157.193466
70000128005.029221
70000314453.620651
1.000000
70000505067.543686
70000508700.871780
70000371487.433456
70000978193.220932
70000906843.332764
70000630365.022720
70000096479.429977
70000020084.263916
70000234019.965240
70000353366.608078
70000634379.937943
70000473790.770279
70000992252.498764
70000040584.279526
70000462613.368439
70000017232.457993
70000029573.124191
70000049630.092072
70000360176.926895
1.000000
70000164455.059113
70000418158.516693
70000208631.895721
70000720577.382263
70000446593.883545
70000063329.628311
70000879750.774353
70000332765.776550
70000713070.374573
70000980733.639771
70000547645.970383
70000816492.964493
70000113747.964310
70000941130.392593
1.000000
70000336390.650345
70000162151.805328
1.000000
70000621711.496399
70000090864.357788
70000414899.634705
70000817016.154526
70000711492.500702
70000408535.432266
70000248844.400345
70000471945.671463
1.000000
70000299160.388901
70000354679.654297
70000582767.744385
70000846251.367844
1.000000
70000734497.139114
70000657131.930054
70000279809.465805
70000416868.078369
70000746891.306076
70000502146.490891
70000422805.088226
70000137431.807098
70000972626.059814
70000613085.308792
1.000000
70000142574.233292
70000142871.601318
70000771953.020782
70000667722.111832
70000609830.715973
70000966852.826141
70000147343.512192
1.000000
70000115400.737076
70000840960.647736
70000009177.830582
70000764887.902557
70000686482.166626
70000430719.941254
70000333032.449707
70000869917.227997
70000224368.489670
70000211477.660522
1.000000
70000133470.967346
1.000000
70000764800.616333
70000593780.738785
70000400298.001083
70000431834.387711
70000514166.698425
70000859175.792297
70000696432.225479
70000389205.701111
70000825557.646973
70000089039.981552
70000145039.117081
70000267501.381195
70000011419.653000
70000086921.889023
70000835480.257889
70000452180.402237
70000242133.316940
70000682686.553009
70000821394.554214
70000023299.102539
70000166914.002487
70000569944.213425
70000252757.024475
70000480286.586319
70000684221.981079
1.000000
70000378685.901917
70000077888.714737
70000217340.200928
70000651149.697357
70000025422.762466
70000114940.506760
70000747729.184204
70000807067.926666
1.000000
70000605013.596390
70000690763.557373
70000179891.449020
70000586855.670044
70000388607.457916
70000835673.051392
70000177241.583817
70000542604.414948
70000476563.074005
70000837465.329163
70000560495.745087
1.000000
70000405726.111786
70000183879.323959
70000036943.840286
70000173567.107224
70000277714.990387
70000976442.962723
70000623075.310440
70000853760.485229
1.000000
70000473410.385727
70000010144.752243
70000177005.320190
70000988715.284546
70000480845.954117
70000338514.338882
70000333471.090347
70000169230.025330
70000771199.214005
70000104949.072266
70000222306.653473
70000685236.308975
70000275444.384720
70000237957.203323
70000507323.572083
70000921309.071625
70000640567.707092
70000651514.623383
70000611145.862122
70000349677.988098
70000701622.489548
70000413672.323334
70000836807.321823
70000603545.827957
70000730731.414856
70000264877.680862
70000364511.784256
70000382422.179810
70000468399.069916
70000207522.724197
70000808777.916595
70000017249.821472
70000774430.532089
1.000000
70000718586.948776
70000319144.891373
70000772453.649170
70000283455.647919
70000975250.554916
70000748603.633896
70000617508.382675
70000578877.707855
70000852929.015778
70000798415.401428
70000541179.047165
70000926591.765915
70000465091.393585
70000093372.040375
70000579659.092224
70000679606.206451
70000002547.918640
70000030350.330734
70000715996.384888
1.000000
70000972040.008545
70000429623.119751
1.000000
70000273547.341461
70000415914.489807
70000557852.686493
70000917224.490753
70000882246.854385
70000086385.712357
70000927604.052399
70000191736.175217
70000758815.558762
70000566411.346390
70000994458.357986
70000619976.186264
70000218441.019775
70000358946.197922
70000546435.790955
70000520188.517914
70000966367.659821
70000567146.375992
70000708218.742203
70000117953.686066
70000547079.488419
70000365271.904007
70000437843.853912
70000713675.906021
70000414851.193802
70000044196.830688
70000107545.563568
70000662055.814941
70000209394.339188
1.000000
70000297349.045395
70000256621.560089
70000271253.266968
70000394214.405121
70000531727.910065
70000141076.615814
70000355591.554214
70000838316.394363
70000610497.508835
70000192293.945923
70000736680.642456
70000553955.255539
70000357917.387512
70000676061.421112
70000541293.614349
70000666742.462906
70000362679.176331
70000673532.654999
70000777717.877808
70000680823.257523
70000676458.128815
70000004371.564346
70000593606.077148
70000855602.114822
70000750641.041901
70000929182.543961
70000322741.225769
70000062256.638306
70000226831.783966
70000360654.889954
70000696341.015335
70000397743.737167
70000073993.392975
70000099514.686493
1.000000
70000002155.260468
70000480825.399078
70000664382.300873
1.000000
70000451540.882629
70000169708.655807
70000778682.226410
70000215670.398300
70000519780.936554
70000370476.354065
70000961264.576385
70000711515.471848
70000042905.092682
70000277063.584671
70000009463.139755
70000702450.135666
70000718601.644714
70000862830.554611
70000780457.761078
70000732899.723099
70000885797.364960
70000273257.134445
70000784171.097214
70000341952.319992
1.000000
70000513599.825638
70000384054.293198
70000543319.462662
70000637227.005463
70000000618.386581
70000613725.253235
70000012627.930618
70000930657.293457
70000531243.558365
70000408456.420807
70000934096.670761
70000991923.301132
70000723040.968643
0.33
 0 0 0 0 0 0 0 0 0 0 0 0 0
