1 401
70000971345.989853
70000972541.015305
70000626544.443161
70000633713.015244
70000758136.788422
70000155947.828964
70000313053.946869
70000722618.222595
70000694860.415375
70000647408.621918
70000971392.381424
70000309125.274719
70000429237.509811
70000599762.093094
70000949105.884903
70000962007.182205
70000122848.985641
70000868753.393906
70000891757.354202
70000899921.365585
70000026647.216705
70000489823.193909
70000119262.537292
70000995859.420624
70000522122.316238
70000285279.266495
70000135834.241333
70000763732.589355
70000632569.308075
70000661246.570511
70000787471.022995
70000422181.295471
1.000000
70000130231.881958
70000635214.690384
70000715789.195648
70000996307.453125
70000999797.557892
70000473675.034805
70000069122.538101
70000232852.379883
70000949823.070175
70000271914.199799
70000254805.449127
70000090245.040726
70000942232.028259
70000674886.782166
70000901691.596710
70000448212.355026
70000193823.966736
70000025916.463303
70000726710.782288
70000028751.426666
70000207769.381317
70000533304.395447
1.000000
70000810697.050308
70000362825.792297
70000579320.846390
70000607750.964096
70000912304.685318
70000360592.265915
70000731829.530304
70000231282.704453
70000191120.748764
1.000000
70000904860.878036
70000056401.206268
70000400979.452576
70000157598.465225
70000417827.610977
1.000000
70000622966.545273
70000225230.929550
70000584025.405579
70000266272.272171
70000711305.532028
70000193829.082962
70000543324.371765
70000793772.780441
70000541906.536926
70000490527.886963
1.000000
70000695092.552124
70000561351.757248
70000910394.604294
70000459996.717972
70000500719.663361
1.000000
70000684917.962418
70000163094.415298
70000034052.420319
70000250682.289841
70000641119.677841
70000643404.093857
70000967686.760040
70000937130.546539
70000607330.031265
70000373282.921768
70000746166.190887
1.000000
70000060431.552338
70000338409.152084
70000705725.041656
70000582701.872971
70000770146.697754
70000967905.952454
1.000000
1.000000
70000545776.235428
70000406007.806885
70000727373.026230
70000685099.940765
70000394218.907669
70000710337.545456
70000436278.088318
70000695624.240570
70000609426.478683
70000349504.454208
70000206933.081482
70000767225.726074
1.000000
70000359952.241013
70000568374.694672
70000317561.523880
70000066079.210464
70000271225.078827
70000917512.916382
70000050860.868713
1.000000
70000890846.493820
70000607722.861664
70000932143.584671
70000978443.379547
70000712985.301071
70000073261.692276
70000578506.883545
70000447693.058701
70000781272.260559
70000007916.075684
70000094653.195450
70000984560.263290
1.000000
70000270605.132095
70000726783.668655
70000012899.528885
70000669208.624512
70000646538.159409
70000659589.043869
70000512523.939529
70000801882.160263
70000978468.744019
70000045068.808090
70000225085.737976
70000949853.184128
1.000000
70000372378.783875
70000330194.420517
1.000000
70000788966.284683
70000649885.214447
70000618176.803101
1.000000
70000326238.627762
70000358717.720963
70000144907.236740
70000950395.087646
70000618158.453552
70000775610.550323
70000764906.818008
70000193826.323822
70000897207.305786
70000051109.161133
70000050771.578705
70000908963.628098
70000034157.137726
70000174955.815582
70000844210.813721
70000198907.948135
70000921119.653076
70000072956.775314
70000968821.367279
70000525071.417221
70000209293.983383
70000682947.419571
70000771480.737289
70000665809.374619
70000122229.404343
70000749854.661835
70000249180.824417
70000519426.118851
70000360884.290222
70000648442.442642
70000890071.363480
70000917510.804810
70000341619.597260
70000163493.310089
70000880000.447845
70000843203.297745
70000975959.371246
70000174823.507065
70000800769.025879
70000098911.273071
70000458354.739975
1.000000
70000491132.156601
70000594644.767441
70000532203.984726
1.000000
70000675880.062332
70000044098.140747
70000572450.365234
70000646598.915192
70000314207.846207
70000642838.052826
70000190536.199600
70000348758.904358
70000556783.994446
70000220496.935379
70000969801.076279
70000642475.274384
70000065984.214859
70000404889.580627
70000228091.163696
70000804103.590866
70000459317.576218
70000206329.887711
70000504075.591644
70000038532.469955
70000738877.271561
70000449265.813644
70000665391.456223
70000886866.934555
70000824629.744293
70000165341.000748
70000398817.402069
70000194928.394547
70000251475.017883
70000626899.885284
70000869546.374802
70000405359.318542
70000138818.661163
70000216215.511810
70000011311.510223
70000507766.120911
1.000000
70000031021.470642
70000431659.559418
70000443021.438690
70000446951.089523
70000236172.312195
1.000000
70000064599.108185
70000244675.606125
70000269575.209717
70000184641.481659
70000507210.538300
70000617186.236755
70000206861.883179
70000926176.304382
70000621115.793884
70000475152.407608
70000219898.369293
70000816221.399551
70000865492.431046
70000288771.140747
70000770008.914734
70000498154.380707
70000642308.343475
70000470203.727264
70000771326.099976
70000514542.403275
70000915090.737061
1.000000
70000843265.408112
1.000000
70000278432.698303
70000373687.744217
70000854229.575378
70000445178.751984
70000543670.608795
70000146759.215042
70000749627.509476
70000537282.723022
70000790693.213928
70000417156.344391
70000320343.713638
70000688322.389084
70000369318.975891
70000608514.288528
70000298495.964020
70000258632.817291
70000295428.717941
70000183421.504501
70000475078.099548
70000545298.568665
1.000000
70000161493.059372
70000145890.489120
70000526402.199707
70000940808.361374
70000514281.405212
70000466606.413116
70000263409.829224
70000847546.998215
70000041318.681213
70000178212.877151
70000234358.985336
70000450492.931000
70000126410.116928
70000679841.415024
70000346120.329391
70000243957.423294
70000141497.310165
70000485663.419739
70000362577.588425
70000787449.977890
70000125032.231857
70000080368.166733
70000044156.807800
70000030731.026459
70000388176.672882
70000820197.832352
70000797737.142303
1.000000
70000518849.133667
1.000000
70000213400.252014
70000392933.360413
70000607163.270081
70000948486.452988
70000035991.462234
70000561811.607605
70000780513.533737
70000563053.750397
70000238552.829590
70000256267.969193
70000720193.169449
70000055342.051849
70000568104.384140
70000343201.355682
70000459402.438004
70000474720.623810
70000599118.622391
70000233229.797791
70000029268.119949
70000148609.084183
70000326414.186874
70000118991.212830
70000414787.932800
70000017335.083527
70000063051.910950
70000872405.135406
70000132486.300812
70000160963.361603
70000427354.000641
70000438751.539490
70000232085.940582
70000635721.140594
70000823378.210892
70000784954.520233
70000784149.714706
70000081846.590927
70000173714.152390
70000317242.048737
70000055254.153595
70000178700.399384
1.000000
70000552364.162506
70000991151.381256
70000439120.949341
70000139037.873856
70000740270.285553
70000991962.211639
70000275259.307938
70000109157.688202
70000655257.370621
70000725781.507523
70000496420.777359
70000917059.737244
70000573010.887863
70000270858.315826
70000160679.376556
70000498795.118698
70000525121.020966
70000942873.693832
70000475981.520828
70000388523.216202
70000534955.248917
70000555727.588318
70000186735.505615
70000173379.838272
70000798799.139435
70000781770.374298
70000119948.898880
70000486959.522141
70000236466.427536
70000624410.441818
70000242152.358780
70000223404.976151
0.33
 0 0 0 0 0 0 0 0 0 0 0 0 0
