1 401
70000420671.226181
70000704813.948959
70000140007.762421
70000404961.165466
70000130393.353256
70000357307.050491
70000458676.097488
70000487222.480957
70000704852.129013
70000957145.326202
70000022248.847900
1.000000
70000635510.564987
70000161552.858109
70000400716.315277
70000678136.174072
70000468597.798187
1.000000
70000164643.444931
70000180006.778519
70000911574.829849
70000801868.184296
70000331902.757690
70000207896.583206
70000291854.440201
70000708904.023941
70000434262.825287
70000177302.343613
70000707158.630249
70000050106.458023
70000294288.360657
70000914196.894043
70000157853.181793
70000423482.543091
70000708270.285400
70000950780.914917
70000852573.048218
1.000000
70000703788.611847
70000005489.341171
70000509225.980148
70000043662.101669
70000414957.744797
70000762365.123138
70000654429.111511
70000457240.468323
70000739113.564178
70000017237.730057
70000378661.958939
70000555856.666016
70000152645.844009
70000519062.228973
1.000000
70000024944.547318
70000312573.739548
70000523816.482346
70000212339.604248
70000049787.222885
70000776821.373215
70000725675.183502
70000709419.994827
70000360035.822388
70000474227.576447
70000502215.845963
70000761001.372574
70000298791.948425
70000570592.761627
70000867878.902359
70000906665.771240
70000174582.143982
70000094976.169693
70000770043.261398
70000263863.507034
70000522597.804749
70000015932.079910
70000167281.614151
70000939166.608261
70000072083.364044
70000947279.020996
70000096238.394150
70000696158.664047
70000935289.673965
70000419361.081802
70000048287.749100
70000116517.345703
70000387866.214233
70000551757.770065
70000073947.786972
70000216365.988617
70000241157.480057
70000857524.908173
70000662961.214706
70000623056.759933
70000774884.486343
70000058561.793365
70000000586.273132
70000435615.686508
70000345242.695129
70000933618.987518
70000606016.307770
70000412797.822021
70000117647.367096
70000222976.400528
70000819156.872345
1.000000
70000161269.151382
70000679494.035385
70000318642.380951
70000936988.636917
70000721289.262802
70000552318.911545
70000774659.649475
1.000000
70000073326.834229
70000905572.972794
70000118624.991745
70000061175.791138
70000107532.223114
70000509884.642944
70000867073.041351
70000538238.987488
70000502211.236557
70000065830.786102
70000225956.198288
70000442771.200607
70000728616.297012
70000362905.107529
70000329706.101501
70000630730.384125
70000343097.515091
70000499885.460205
70000764783.218643
70000523533.017471
70000010085.832733
70000892762.642334
1.000000
70000715898.120453
70000091737.693939
70000945742.926804
1.000000
70000343437.649918
70000466279.795822
70000115182.984146
70000516660.065384
70000801670.144699
70000786048.580719
70000946166.487625
70000837446.597198
70000645861.324249
70000124086.201065
70000552995.532104
70000637648.807816
70000644603.920044
70000581699.666229
1.000000
70000792738.720032
70000421544.523026
70000861619.283600
70000380840.416077
70000060965.778900
70000958430.459274
70000252917.963547
70000926637.781387
70000998092.401428
1.000000
70000071357.664139
70000856369.125824
70000352776.183060
70000311054.530304
70000745129.029160
70000681477.965866
70000199825.006699
70000635714.248718
70000473062.747437
70000647243.241669
70000341991.049149
70000174101.127991
70000540907.060181
70000274907.314911
70000187845.832596
70000198443.865829
70000558039.336578
70000477919.489380
1.000000
70000696817.071747
70000620818.152328
70000348103.477158
70000158673.081909
70000492869.253082
70000966742.789062
70000646615.797089
70000498854.375732
70000429608.799744
70000853805.632950
70000336319.707108
70000808204.815552
70000760617.763474
70000597075.541763
1.000000
70000390839.889313
70000554947.034851
70000100327.963043
70000936134.488739
70000848178.228577
70000977180.216644
1.000000
70000631480.212662
70000556544.115204
70000295994.377975
70000149700.468201
70000875549.102921
70000080948.989349
70000627487.345139
70000022281.819916
70000668496.176926
70000457643.548965
70000367723.478714
70000693426.448547
1.000000
70000313991.513489
1.000000
70000732230.844498
70000926994.009689
70000772358.705276
70000940282.639267
70000334277.990814
70000296238.303604
1.000000
70000116819.298920
70000133656.239883
70000098497.735046
70000631125.997391
70000565196.119797
70000125028.696518
70000564499.311386
70000585850.495071
70000858095.376862
70000837392.885925
70000510209.697510
70000484106.995529
1.000000
70000378962.078690
70000270368.549042
70000996462.281647
70000147519.014969
70000008361.726913
70000095380.956635
70000997430.730453
70000035950.168945
70000782486.149582
70000213500.856323
70000935344.857605
70000158298.268280
70000584776.226089
70000403719.318726
70000768541.194839
1.000000
70000172205.869812
70000094414.442535
70000313500.571457
70000834248.488831
70000242850.510056
70000317581.044998
70000969274.290344
70000833693.276840
70000304674.950333
70000415514.769745
70000484763.118851
70000481871.752686
70000973856.643982
70000138390.304810
70000169555.002869
1.000000
70000084338.831375
70000783847.214569
70000951679.549118
70000177129.793808
70000767165.885834
70000336184.042999
1.000000
70000799812.906006
70000004471.608566
70000951046.476044
70000598593.354233
70000366638.001724
70000605116.724426
70000954208.108200
70000251473.113205
70000238064.975754
1.000000
70000775953.318207
70000029784.488892
70000320049.399582
70000418479.663773
70000583047.765778
70000843479.515320
70000091842.251419
70000035674.778275
70000668140.424103
70000092155.194641
70000507093.989182
70000062006.928528
70000353534.353989
70000749921.759293
70000941917.957809
70000163824.884293
70000300053.552551
70000928796.357651
70000797994.146698
70000907312.361908
70000269397.236969
70000912680.201614
70000353916.335617
70000782452.429840
1.000000
70000724845.991074
70000058388.522552
70000935942.592712
70000779690.984406
70000327757.708847
70000722625.164047
70000437056.263306
70000944844.044678
70000848800.307281
70000349488.459442
70000103403.113419
70000143637.076218
70000232101.035919
70000428116.086456
70000405278.726944
70000517932.214722
70000258916.454147
70000621847.998215
70000839291.293869
70000382146.099579
70000371108.950272
70000181202.187042
70000259678.185425
70000826305.784225
70000571263.276031
70000203390.272034
70000437125.300964
70000030074.529312
70000841494.809799
1.000000
70000946415.381546
70000710913.690628
70000917722.562149
70000326483.309326
70000946185.832993
70000932670.639664
70000211182.726791
70000871575.318787
1.000000
70000548668.021606
70000435663.839600
70000898987.780380
70000485327.045609
1.000000
70000154003.560181
70000127765.865952
70000931315.481720
70000310815.015930
70000181108.235184
70000171567.315948
70000345302.295319
70000471521.438675
70000610030.259415
70000053508.148849
70000205931.137299
70000081187.215454
70000478229.741180
70000633124.218750
70000020856.228607
70000221609.849838
70000929787.730255
70000144150.877533
70000525939.763931
70000829914.976288
70000215570.473724
70000443710.300156
70000288390.617966
70000176070.000793
70000444937.521530
70000107220.418381
70000900652.267471
70000388111.698364
70000740483.524216
70000924902.560150
70000009212.208694
70000499103.147766
70000779898.554108
70000700408.109192
70000373320.764450
70000042746.365341
70000611672.715546
70000370206.626297
70000061490.401871
70000698633.563492
1.000000
0.33
 0 0 0 0 0 0 0 0 0 0 0 0 0
