1 401
70000053383.131348
70000543365.168427
70000999138.376984
70000183870.307220
70000245383.506927
70000914737.571625
70000265698.830444
70000552606.458969
70000882119.099976
70000322314.069855
70000964152.229507
1.000000
70000097389.023758
70000836848.900787
70000071414.813919
70000557428.371552
70000645212.855072
70000631684.643097
70000023590.761627
70000326542.990295
70000338822.132767
70000964419.928116
70000114758.468506
70000725704.538910
70000487067.255112
70000830669.305008
70000137994.326431
70000137858.953934
70000410008.779083
70000138929.349274
1.000000
70000009181.663864
70000185219.838989
70000092502.858704
70000510916.600845
70000207676.127838
70000496812.892395
70000365386.490280
70000258318.552063
70000090480.374176
70000234870.959244
70000768988.910385
70000280238.649292
70000243553.967865
70000154733.541153
70000214429.826691
70000119626.577408
70000377889.844681
1.000000
70000623528.511063
70000308979.074677
1.000000
70000409957.850220
70000495209.857910
1.000000
70000366674.505569
70000290121.224869
70000256840.250229
70000747748.311005
70000063660.089340
70000427347.856949
70000416543.585495
70000056866.027115
70000932137.730865
70000332039.751480
70000450024.199677
70000983454.744949
70000620379.113678
70000452885.774704
70000461327.367920
70000317655.289612
70000162912.201447
70000408811.756561
70000928940.215393
70000878350.186111
70000654567.771133
70000393307.688583
70000942295.448776
70000654849.582092
70000132613.574951
70000856165.854813
70000580363.789963
70000225440.609238
70000041810.228958
70000076420.066345
70000033260.996536
70000259723.830658
70000765487.105789
70000697911.795609
70000037167.663132
70000482758.089752
70000838730.231415
1.000000
70000097541.367386
70000241713.218933
70000964565.992737
70000387773.056015
70000207936.976242
70000378325.202255
1.000000
70000080653.384644
70000688435.273483
70000376169.616989
70000315499.143799
70000331680.030579
70000131609.971985
70000359619.830002
70000052577.570114
1.000000
70000597733.454910
70000935417.836685
70000225117.679321
70000753649.424103
70000037508.172043
70000910779.864853
70000008715.651978
70000309813.378632
70000099627.080872
70000109125.788513
70000150243.318314
70000047877.347229
70000955975.021347
70000578772.925217
70000699618.922882
70000523565.362427
70000491865.058502
70000713659.671478
70000172724.170959
70000193819.223877
70000113105.620438
70000041900.079956
70000284785.083084
70000249843.661758
70000585370.977249
70000771756.789597
70000172188.207092
70000733836.543472
70000404790.454285
70000615277.547073
70000345175.878082
70000856963.334412
70000731853.914642
1.000000
70000909348.856171
70000664281.872467
70000720078.906952
70000038681.278458
70000760240.405045
1.000000
70000124850.368423
70000529440.928787
70000487899.121277
70000414903.803329
70000772026.889587
70000518163.355621
70000270554.421494
70000335951.191528
70000582563.378479
70000561384.010910
70000159472.623566
1.000000
70000161933.564209
70000036435.320786
70000493037.018631
70000387598.786987
70000595429.398346
70000996564.535172
70000738758.138550
70000800456.852905
70000211821.585892
70000062728.755569
70000375610.951782
70000020106.579132
70000400205.925385
70000016781.338699
70000235897.946426
70000224208.400818
70000095465.739792
1.000000
70000310873.629471
70000348411.282776
70000931754.511353
70000910765.403809
70000356707.707306
70000252971.443451
70000783253.798233
70000460705.874588
70000847341.407104
70000590313.697845
70000418440.184555
70000193694.758133
70000069003.483459
70000123500.405167
70000181775.156204
70000315268.947876
70000181055.830353
70000283166.911423
70000741751.829697
1.000000
70000817909.331970
70000784045.496841
70000421202.456924
70000639754.277695
70000650349.710678
70000661245.808624
70000195290.396194
70000750622.509872
70000298930.822693
70000759832.908768
70000556361.436707
70000425542.791183
70000288354.056168
1.000000
70000768179.642105
70000800543.385712
70000707573.942688
70000150622.163010
70000699817.828522
70000919714.600220
70000379554.664505
70000896387.804169
70000606349.356003
70000059136.808411
70000359085.963333
70000641636.112549
70000183669.143829
70000946570.176147
70000698237.888916
70000208896.149918
1.000000
70000779319.212677
70000783289.945526
70000884551.420258
70000827834.874359
70000757267.952820
70000651549.656036
70000128823.927002
70000197749.293732
70000728220.334503
70000640859.294693
70000982956.073349
70000418867.038147
70000097124.161774
70000222003.766449
70000757856.681839
70000924921.598541
70000719104.961105
70000337863.099579
70000588981.014832
70000520651.159897
70000664394.249557
70000103985.160217
70000722315.416367
70000353570.356995
70000089206.703217
70000099948.774246
70000195514.579300
70000121678.449738
70000279942.176636
70000472203.312775
70000034251.372116
70000314916.069519
70000748679.949219
70000553358.968521
70000260729.257523
70000737084.213196
70000246390.155884
70000914384.010727
70000845213.940964
70000868908.950287
70000855518.936203
70000940846.517212
70000460218.980316
1.000000
70000450042.581238
70000017610.536987
70000303232.743576
70000859368.701767
70000562432.435226
70000926047.998993
70000623852.771881
70000455446.532700
70000831986.970306
70000220358.231873
70000842543.644012
70000199066.003036
70000721970.589951
70000853639.404846
70000194599.871521
70000633531.771057
1.000000
70000849539.154175
70000053087.227585
70000504333.856079
1.000000
70000156829.349869
1.000000
70000023780.546417
70000637628.743103
70000620761.781189
70000349161.535172
70000233939.415985
70000849617.192551
70000058089.175644
70000440528.981476
70000434224.065216
70000701350.682220
70000321414.333862
70000514617.171509
70000264701.311783
70000915558.600311
70000608865.789825
70000107103.714935
70000958548.395905
70000594470.186249
70000915005.667114
70000009436.600021
70000662845.385635
70000764192.331543
70000703041.925568
1.000000
70000677292.839676
70000093856.142075
70000636450.503098
70000487978.232788
70000087046.412445
70000869378.298874
70000090748.714996
70000191890.103241
70000095160.597824
70000030870.254059
70000130914.245087
70000717148.004578
70000550643.654922
70000163406.614319
1.000000
1.000000
70000567034.115463
70000810904.166260
70000839175.155594
70000879960.213974
70000837206.678329
70000737200.619232
70000820845.534180
70000326293.683533
70000369706.653412
70000904577.704956
70000948996.674774
70000157985.205063
70000498877.606262
70000600547.159653
70000883198.416992
70000518059.572357
70000102654.782166
70000776405.545700
70000630798.499573
70000233460.719589
70000785226.465775
70000943110.856720
70000237453.959946
70000560482.718140
70000960730.560501
70000918455.281647
70000547798.532806
70000389252.045395
70000593223.799835
70000717326.393173
70000072964.803345
70000093432.236511
70000606063.436432
70000724970.734650
70000703979.989014
70000717806.496353
70000244473.124695
70000381734.550995
70000763998.320877
70000292675.604126
70000365338.767960
1.000000
1.000000
70000800827.196106
70000214894.627548
70000773356.434875
70000640222.021683
70000959284.582291
70000051617.313065
70000557866.915100
70000514816.876205
70000759682.034012
70000247453.868286
70000791103.159119
1.000000
70000163563.062027
70000337793.049713
70000338935.245056
70000147082.896423
70000519491.782654
1.000000
1.000000
1.000000
0.33
 0 0 0 0 0 0 0 0 0 0 0 0 0
