1 401
70000976004.545349
70000629340.875183
70000740730.598267
70000776829.442871
70000026893.754654
1.000000
70000029984.017975
70000243585.295868
70000164874.418243
70000613279.790787
70000539892.349579
70000734447.081787
70000718963.103577
70000900332.283432
70000275438.951019
70000170266.842255
70000741546.729645
70000618676.495560
70000790392.982880
70000383458.499420
70000220526.452820
70000638256.297165
70000377749.999496
1.000000
70000525011.928955
70000625304.296951
70000647062.815399
70000331562.704666
70000809746.051086
70000372020.714905
70000968439.874329
70000643165.637009
70000233827.867828
70000488483.467239
70000160516.296906
70000602677.514633
70000846210.251602
70000261263.640427
70000901984.774719
70000014503.141083
70000305611.581772
70000273442.625580
70000374803.519257
70000017072.280441
70000906666.838440
70000584256.765152
70000624328.044739
70000177411.696060
70000048967.852814
70000322560.454193
70000756794.447998
70000520219.630539
70000451628.195633
70000095337.024872
70000577124.369049
70000736713.287796
70000592132.634949
70000839421.116165
70000842662.897430
70000832290.939575
70000444928.734940
70000516213.772583
70000302625.746887
70000164510.765381
70000566228.228363
70000344451.207962
70000423623.621063
70000590786.512207
70000291479.547791
70000521076.077026
70000731883.288284
70000198223.971146
70000477262.699783
70000432749.268784
70000921025.213486
70000667974.478287
70000047015.215805
70000883211.867706
70000489944.598465
70000765514.233109
70000752733.251083
70000798314.782150
1.000000
70000798383.706451
70000794156.949188
70000266781.246841
70000132714.136719
70000794898.283524
70000973624.551666
70000442398.028610
70000240811.501221
70000782491.639343
70000595517.269409
70000233039.317444
1.000000
70000908720.880081
70000985150.411621
70000622127.067169
70000062476.707611
70000118368.014160
70000154461.875290
70000510679.682938
70000617697.417252
1.000000
70000750516.918976
70000448088.523941
70000287871.581940
70000162121.268967
70000131200.280777
70000861609.456055
70000748099.439240
70000911681.162460
70000946715.350891
70000208013.101959
70000169533.087769
70000380228.738510
70000706050.575775
70000024945.019760
70000604231.041565
70000631018.885788
70000178792.337753
70000839424.437042
70000165247.066757
70000543763.693329
70000441533.229523
70000760549.008743
70000334733.815567
70000438900.366531
70000209574.771347
70000163441.008102
70000412751.314224
1.000000
70000711126.061218
70000315577.288132
70000768372.572998
70000540256.434143
70000007598.885681
70000924117.757751
70000980101.782547
70000884232.649933
70000965941.551575
70000227088.837326
70000878370.639832
70000982408.665482
70000709211.621780
70000868422.676239
70000968511.303940
70000526654.602127
70000384261.244827
70000269897.141220
70000563366.624741
70000609795.429520
70000326304.768402
70000595937.733902
70000686711.209213
70000732656.822144
70000751481.795715
1.000000
70000120278.907776
70000397678.108551
70000921477.423569
70000048140.061127
70000618990.093201
1.000000
70000882330.463013
70000593861.093079
70000212601.138840
70000793418.253357
1.000000
70000709408.297226
70000756442.653915
1.000000
70000501248.499405
70000920244.558563
70000594641.846817
70000106972.529327
70000069092.320724
70000637607.140121
70000638886.656799
70000221932.757751
70000107121.774277
70000532335.715103
70000511711.000809
70000342284.413940
70000662516.480103
70000404759.047318
70000963523.934372
70000278138.637192
1.000000
70000866533.920166
70000813636.178665
70000337643.030029
70000426011.944504
70000353271.053726
70000291064.727310
70000595679.709549
70000894418.647354
70000347619.485794
70000320910.047791
70000190379.391205
70000939188.446655
70000546006.061447
70000910833.895584
70000486312.448105
1.000000
70000103157.213593
70000214189.581268
70000204473.125198
70000976320.255783
70000474828.261917
70000433534.791672
70000812735.390778
70000054736.395828
70000254286.463058
70000204026.737549
70000867544.358215
70000555796.965973
70000669024.543961
70000209937.028641
70000587457.562881
70000034160.655334
70000730762.503952
70000120812.202362
70000560615.597931
70000459439.383636
70000739857.847351
70000304466.714294
70000786266.548447
70000099584.854950
70000931856.686829
70000113434.722168
70000541495.088013
70000755587.148895
70000351253.948532
70000862014.431534
70000149157.330276
70000637570.082169
70000173764.964249
70000169062.262848
70000952991.279922
70000963419.387024
70000130308.618500
70000113224.301880
70000863774.143845
70000214475.204300
1.000000
70000525599.326370
70000635117.757935
70000238072.789490
70000592030.383652
70000365126.720322
70000920396.461060
70000213790.490417
70000643384.220047
70000306351.313095
70000748725.579636
70000824213.051315
70000442418.026611
70000586129.956268
70000204039.272415
70000469698.073868
70000982662.028122
70000555678.294891
70000335939.212982
70000991884.310104
70000287909.030975
70000881650.005005
70000870563.896759
70000926132.194794
70000153924.522903
70000289342.248016
70000162438.402557
70000328905.109390
70000765618.659164
70000778123.994202
70000931308.241928
70000201665.454147
70000650828.697281
70000157643.011230
70000913628.452850
70000956212.677841
70000573749.356140
70000240728.146683
70000276238.539352
70000057080.423157
1.000000
70000979241.489456
70000292612.961639
70000876448.527115
70000338900.982971
70000387840.856476
1.000000
70000675857.009705
70000613550.636841
70000582369.177567
70000106698.561859
70000783577.069183
70000953683.403992
1.000000
70000629565.819382
70000229493.242737
70000237572.220825
70000620131.372101
70000420261.093948
70000510346.496857
70000593520.929443
70000259652.404053
70000452871.405197
70000308011.600433
70000429547.181351
70000178988.991486
70000163635.386139
70000334266.865448
70000098243.120560
70000973930.654907
70000263607.045578
70000182349.520294
70000114978.417160
70000750241.438004
70000604310.062180
70000162249.843155
70000797958.016953
70000690817.636154
70000820161.100876
70000511331.171661
70000764145.534882
70000147014.470718
70000422122.018967
70000387685.843933
70000617982.550140
70000739409.525787
70000844147.057068
70000378796.900986
1.000000
70000636154.910492
70000419691.447800
70000314491.188965
70000654731.972534
70000921253.047226
70000278337.117203
70000791415.796310
70000565981.333527
70000819876.332062
70000156863.224243
70000752135.450943
70000525734.765213
70000954261.546844
70000572318.816833
70000740164.023865
70000240661.086746
70000658638.776123
70000443967.027328
70000562737.860153
70000866491.896942
70000114060.745819
70000645641.813766
70000538290.019135
70000514671.694824
70000745955.658432
70000334574.995026
1.000000
70000141717.391449
70000789953.147430
70000379625.498505
1.000000
70000172721.782333
70000415933.287888
70000929446.753647
70000404180.029572
70000973109.872559
70000909691.371826
70000506262.754669
1.000000
70000240915.311096
70000459865.132645
70000378897.189148
70000784120.648468
70000410570.700470
70000215955.586960
70000352534.637878
70000916560.524216
70000047821.298447
70000994587.889221
70000933108.400024
70000146959.770813
70000616823.249924
70000402075.887756
70000331785.799103
70000568320.972641
70000963316.356812
70000646906.796829
70000510483.380264
70000486716.200882
70000339658.543152
70000397912.883011
70000335513.732452
70000068686.002396
1.000000
70000628299.285706
70000698157.454346
0.33
 0 0 0 0 0 0 0 0 0 0 0 0 0
