1 401
70000061288.162781
70000023875.012817
70000164185.451340
70000866225.408813
70000100338.485077
70000617452.399399
70000000624.916275
70000290837.646652
70000645696.728775
70000202809.082367
70000624718.611252
70000222195.068039
70000428949.076614
70000163567.859970
70000505290.879501
70000297611.508713
70000384176.588287
70000670375.274734
70000519388.626129
70000684772.476166
70000191309.340302
70000190674.731018
70000411207.073044
1.000000
70000825379.965179
70000532120.409409
70000572301.070511
70000277533.353363
70000709475.861664
70000607796.167191
70000395830.789886
70000115705.599976
70000831240.751129
70000309910.414352
1.000000
1.000000
70000281136.063553
70000503457.895996
70000559784.519501
70000859575.067795
70000039577.888962
70000681206.688858
70000399814.067215
70000514011.431259
70000219538.214035
70000140829.735458
70000997072.852600
70000899073.643112
70000921109.540146
70000728770.412949
70000250038.150925
70000242912.762970
70000721064.749725
70000155752.240326
70000069865.323349
70000563247.902710
70000369031.417297
70000612953.153519
70000858814.529938
70000206648.912613
70000461230.192886
70000660588.333710
70000925355.285980
70000001678.436371
70000734733.026917
70000686570.199219
70000266634.515427
70000325767.003448
1.000000
70000989613.002487
70000625018.732437
70000384415.725052
1.000000
70000150718.236221
70000131115.822403
70000147745.716919
70000635706.222366
70000281076.343811
70000946646.834610
70000838208.392395
70000751882.856476
70000787969.834778
70000589868.899597
1.000000
70000790221.277267
1.000000
70000721475.627930
70000872650.072830
70000282847.929718
70000760838.584869
70000279376.010010
70000401225.036957
70000186338.998291
70000223840.701080
70000180901.410492
70000496954.784592
70000767291.249893
70000440246.886322
70000217621.606033
1.000000
70000124887.820602
70000381364.448624
70000921233.595612
70000844084.018768
70000734364.432388
70000282973.789810
1.000000
70000519614.063843
70000209978.793091
70000734126.467896
70000150318.963867
70000172814.272766
70000730836.971405
70000544540.432175
70000374018.420349
70000553145.926437
70000535425.576263
70000077749.757767
1.000000
70000901527.207932
70000897280.050034
70000437309.231079
70000535342.388275
70000489405.877533
70000501097.376373
70000557555.772141
70000604671.336182
70000783055.107849
70000103845.709915
70000469381.886871
70000498832.278336
70000180510.316574
70000858439.045883
70000732470.347824
70000877099.648193
70000478719.463165
70000442905.612885
70000814699.300888
70000475555.667191
70000063535.680649
70000946697.780319
70000983289.857086
70000305437.587036
70000679277.901474
70000508644.899246
1.000000
1.000000
70000608127.769714
70000211219.569092
70000183836.209412
70000220031.194077
70000535950.371979
70000183450.882309
70000165085.102539
70000187053.255753
70000836167.986694
1.000000
70000995865.756851
70000668360.065445
70000213712.171280
70000287680.082230
70000265563.192291
70000709459.617325
70000284234.013855
1.000000
1.000000
70000148887.037064
70000588563.385025
70000521554.911758
70000312753.202576
70000735073.121048
70000381785.231796
70000324858.099335
70000553074.467102
70000552746.671677
1.000000
70000975263.695328
1.000000
70000399958.150406
70000808394.386597
70000929532.199265
70000118493.443924
70000989846.316330
70000393115.559677
70000156426.493210
70000133377.397064
70000484702.775421
70000632855.820328
70000268811.248108
70000020254.888611
70000939530.112244
70000486488.163101
70000111860.283035
70000345971.901825
70000634880.662079
70000108452.638992
70000139723.273773
70000655609.396393
70000913604.924042
70000298900.741516
70000060059.207458
70000869014.077850
70000298369.494720
70000077202.821777
70000739053.926437
70000251360.164413
70000017075.464249
70000994277.660156
70000301002.449722
70000264555.208862
70000900234.068909
70000635933.417679
70000327921.403671
70000003246.530579
70000784045.634277
70000587749.321213
70000556820.781158
70000914323.676300
70000288070.219986
70000499860.832809
70000971854.708008
70000393266.635727
70000108940.993988
70000274461.016983
70000606532.429001
70000939189.091064
70000295105.337189
70000613445.394943
70000010348.566254
70000280648.790649
70000828820.236115
70000628957.383392
70000233319.504883
70000068929.242661
70000054216.821167
70000006815.054123
70000027367.789902
70000250648.863403
70000572092.883255
1.000000
70000124443.079025
70000353125.983383
70000262855.182343
70000738224.011520
70000444588.561829
1.000000
70000663230.731979
70000398427.668961
70000499893.686539
70000743499.737137
70000002867.220520
70000257843.599655
70000290560.530975
70000182485.967773
70000994767.775238
70000590096.935837
70000857872.587479
70000505155.905518
70000571142.388229
70000299007.547394
70000540303.307938
70000461292.757187
70000349799.504425
70000746516.814362
70000861163.555954
70000439656.133438
70000619276.065796
70000497520.628326
70000439131.482666
70000054018.221451
70000280773.996017
70000761381.527939
70000357404.631638
70000033591.390121
70000870637.478821
70000052427.831635
70000284550.206650
70000911594.323868
70000245411.601608
70000491805.283188
70000317390.576721
70000806307.516846
70000447303.799942
70000799830.315613
70000585003.809387
70000731285.392868
70000583094.875854
70000190015.391602
70000878186.266525
70000102336.394272
70000316535.364639
70000599378.587311
70000971392.427979
70000375906.668182
70000495294.575439
70000002234.689301
70000954306.220139
70000226136.318054
70000568522.697891
70000277450.215851
70000881192.930420
70000624259.955414
70000223486.396713
70000222956.032578
70000430970.962265
70000516393.846603
70000433616.777008
70000507349.902130
70000726111.266479
70000959716.808655
70000740392.199127
70000969685.271500
70000682582.172058
70000046929.648697
70000351436.905640
70000945337.223557
70000554123.235809
70000481584.935867
70000730209.881775
70000595131.091202
70000219983.575974
70000174607.968185
70000497843.109390
70000569128.945511
70000976587.541489
70000467670.279022
70000387939.593002
70000521416.335754
70000116127.746124
70000845266.136200
70000514700.080109
70000059414.611877
70000018091.409744
70000484502.341431
70000002287.134171
70000706370.927750
70000512961.483292
70000918602.205383
70000995421.985672
70000083918.970261
70000127543.335388
70000084209.890366
70000559929.896194
70000308100.139526
70000298277.493759
70000866892.670883
70000973453.592331
70000820488.350113
70000484923.127014
70000454739.932953
1.000000
70000458345.676285
70000347425.388474
70000598265.576309
70000814475.227066
70000982948.167801
70000695724.638596
70000847424.582108
70000361369.791245
70000089988.602432
70000151520.337936
70000533157.243164
70000851393.197403
70000011489.013046
70000150127.064606
70000735077.676239
70000597505.458572
70000519151.249069
70000382446.249313
70000339160.403427
70000916788.340729
70000855803.281296
1.000000
70000329566.190369
70000445681.495117
70000938267.049255
70000082057.821487
70000949376.874680
70000783990.676422
70000298877.798630
70000499011.892838
70000028824.843979
70000646594.239151
70000244150.205612
70000963272.642792
70000767919.582245
70000044413.780182
70000873197.991684
70000652048.064941
70000891994.047409
70000960353.106415
70000815129.518478
70000003082.772781
70000683091.589233
70000247235.575485
70000099007.108063
70000886637.421051
70000336449.876343
70000034153.568069
70000280310.865829
0.33
 0 0 0 0 0 0 0 0 0 0 0 0 0
