1 401
70000290282.189133
70000384220.965179
70000043921.377960
70000893211.626846
70000545948.366608
70000415992.631287
70000159044.587753
70000308135.099426
70000769168.241974
70000407552.364410
70000893612.527298
70000472937.840149
70000080557.514343
70000036804.928329
70000442621.555298
70000808038.253265
70000280723.753571
70000409620.299423
70000035785.586533
70000074885.121979
70000801336.325470
70000957668.712723
70000636330.382629
70000328656.295746
70000567312.927948
70000420452.697968
70000685786.149841
70000593985.736816
70000965534.091980
70000402361.098923
70000116928.313156
70000212659.042984
70000915266.359375
70000101950.830948
1.000000
70000174328.609802
70000762417.503784
70000692396.869476
70000593795.602676
1.000000
70000348073.302444
70000714166.113953
70000982908.795029
70000911162.887482
70000794103.753006
70000432887.251419
70000403819.775497
70000637895.051651
70000867616.507095
70000838459.766083
70000584551.911392
70000612369.655716
70000724660.585999
70000403606.909912
70000902669.973953
70000928042.454437
70000686071.153366
70000800161.364655
70000994402.602783
70000914706.559479
70000727782.466980
70000883079.598938
70000289264.166168
70000680969.134613
70000906834.566544
70000343260.131088
70000725659.728943
1.000000
1.000000
70000621264.389038
70000994026.921326
70000499137.934799
70000288061.737869
70000488590.660614
70000071409.284271
70000632207.923553
70000260538.407532
70000674604.102707
70000553186.774734
70000912519.365021
70000030049.305908
70000388067.445847
70000056001.488083
70000645826.006653
70000182340.221375
70000255217.644043
1.000000
70000733329.793320
70000629899.431778
70000775693.039719
70000240876.197220
70000521170.500168
70000590195.834824
1.000000
70000048029.016953
70000091030.806381
70000594268.781265
70000651713.443817
70000502555.549820
70000549314.751465
1.000000
70000739418.104935
70000288578.163208
70000218679.650574
70000296360.257843
70000970507.552429
70000399588.799820
70000567220.169159
70000541314.605972
70000572656.277023
70000474645.160538
70000474709.468872
70000579163.248001
70000192287.766342
70000413047.468292
70000588655.688004
70000463878.450638
70000243612.984436
70000969042.570190
70000394607.540726
70000277726.662064
70000334015.778732
70000253045.388779
70000963848.376801
70000224649.080307
70000939921.586395
70000279184.272491
70000525453.732880
70000528225.293686
70000702120.159439
70000016902.583374
1.000000
70000074431.586777
70000927599.779861
70000714527.480621
70000494843.991745
70000105657.719772
70000144849.113953
70000619316.756470
70000560349.656708
1.000000
70000235998.379150
70000054134.258957
1.000000
70000613422.388748
70000889379.882431
70000822119.713196
1.000000
70000381257.558746
70000646018.936707
70000743092.546844
70000325420.111267
70000520015.307526
70000654481.708954
70000689037.937454
70000496979.489029
70000888374.104538
70000046752.671112
70000261153.261292
70000812283.417465
70000653594.002319
70000566468.544708
70000827028.759537
70000734371.692810
70000964174.338699
70000242748.882111
70000895655.990051
70000943620.818497
70000694621.264374
70000461831.933533
70000265297.761459
1.000000
70000020277.717041
70000658937.925262
70000187028.291565
70000463314.817200
70000852188.901108
1.000000
70000617606.642990
1.000000
70000134331.358765
70000211671.780472
70000067887.266113
70000205802.513672
70000301124.949570
70000861718.649979
70000284066.712387
70000936356.712463
70000660270.151367
70000078788.422592
70000800439.424469
70000386543.471558
70000290914.704376
70000355074.045044
70000834496.810425
70000832338.667862
70000938058.913055
70000204135.215073
70000479200.976425
1.000000
70000203657.640213
70000820556.265579
70000808074.817047
70000591591.881180
70000441384.481369
70000260221.701706
70000356634.553497
70000713010.546219
70000213239.205688
70000697255.069427
70000554602.095078
70000159289.282593
70000885003.274017
70000063848.746979
70000263787.464645
70000524052.843216
70000644459.581253
70000300632.559006
70000254188.340118
70000951910.220627
70000049395.470398
70000632477.778564
70000377907.072922
70000156812.300125
70000658697.598251
70000982281.996094
70000656274.659775
70000950741.227448
70000458024.020767
70000320162.698013
70000292530.503036
70000951842.789185
70000399520.333542
70000947309.901154
70000616454.288162
70000853438.373856
70000979879.554901
70000297174.782028
70000484818.663010
1.000000
70000271149.564301
70000533093.995483
70000892742.772507
70000644106.822479
70000808447.197601
70000496828.061707
70000577678.911942
70000259925.231216
70000452668.979538
70000594422.431366
70000119580.161011
70000381978.157944
70000751194.414093
1.000000
70000970718.529770
70000966320.046509
70000979359.169495
70000703055.610199
70000545194.836731
70000710865.757050
70000791590.829041
70000205184.380554
70000612434.706512
70000015610.702545
70000192350.630646
70000000324.692978
70000556242.479462
70000182368.225113
70000041744.761215
70000010097.961502
70000230793.052383
70000890949.099457
70000128386.061295
70000450417.073334
70000921272.498581
70000074096.068359
70000458203.517197
70000784160.565460
70000816403.179031
70000923544.959961
70000750791.243759
70000261365.857758
70000721858.696045
70000069974.456177
70000878404.667709
70000153246.730820
70000776582.122574
70000730753.753418
70000723562.873672
70000173316.452713
70000217005.818527
70000930192.484131
70000534133.950027
70000208699.002457
70000359865.459045
70000705822.144562
70000708230.204834
70000236319.751129
70000333871.266220
70000348759.466919
70000363091.003616
1.000000
70000032565.737396
70000212272.554382
70000966414.677399
1.000000
70000318095.665070
70000321508.574799
70000423349.577545
70000873943.992218
70000606032.569870
70000273509.575974
70000896598.647125
70000130715.664413
70000053640.527725
70000688753.239258
70000335418.310104
70000720815.993942
70000190762.074570
70000810076.024521
70000925265.110794
70000299320.052414
70000105768.048599
70000217633.069305
70000488424.800095
70000863138.937286
70000174231.714340
70000414250.106903
70000412268.487930
70000785191.292343
70000605309.405106
70000255986.407867
70000588618.230942
70000747078.181137
70000073599.948059
70000396900.834366
70000786401.490799
70000404994.642792
70000012098.211838
70000458716.240402
70000531396.624191
1.000000
70000523150.671951
70000135344.460449
70000861430.008484
70000366905.382584
70000049252.895798
70000546011.338776
70000984254.980103
70000707888.899521
70000931504.361084
70000075496.512146
70000713405.866211
70000963294.749435
70000029420.294937
70000995901.808945
70000709052.656967
70000071180.484009
70000766920.456955
70000962614.594330
70000432559.293991
70000683729.418549
70000096512.235580
1.000000
70000426908.886856
70000424501.691040
1.000000
70000890150.677078
70000688674.438324
1.000000
70000389416.922638
70000716238.783249
70000585424.047119
70000545392.495636
70000579093.384399
70000723581.382294
1.000000
70000092445.225143
70000547519.083572
70000280147.516724
70000446095.284119
70000533161.085770
1.000000
70000808105.582809
70000465771.962067
70000597110.037399
70000192642.174423
70000404671.743942
70000844553.961716
70000762608.478577
70000791392.606445
70000587999.207535
70000748478.137939
70000416292.673065
1.000000
70000797938.062607
70000765428.256317
70000096358.318253
70000530825.662247
70000637679.095520
0.33
 0 0 0 0 0 0 0 0 0 0 0 0 0
