1 401
70000535385.413696
70000413846.703461
70000055754.297562
70000640557.004913
70000606167.184723
70000453611.736511
70000801169.891815
70000757549.099991
70000285593.071060
1.000000
70000596200.180252
70000011542.090240
70000571639.057648
70000891090.369354
70000248794.604630
70000995167.201187
70000026536.955643
70000764692.406754
1.000000
70000216926.815109
70000553342.187866
70000446051.753754
70000767829.591339
70000191569.788528
70000698090.365433
70000550004.921692
70000889356.294342
70000343327.725464
70000071701.589035
70000795305.558792
70000411838.102753
70000617879.971619
70000617088.688843
70000373416.901230
70000759958.401306
70000775840.658310
70000632981.412598
70000256827.927368
70000379657.562424
70000676837.905624
70000309417.932358
70000077320.557144
70000994829.002121
1.000000
70000329378.525757
70000340933.884369
70000176884.833023
70000321389.917999
70000750866.350601
70000318350.108002
70000005690.828049
1.000000
70000390866.867493
70000268949.849792
70000456273.932907
70000687841.656769
70000027388.869324
70000134228.708466
70000585208.618362
1.000000
70000764891.818192
70000079365.298920
70000225817.369293
70000721187.355453
70000148678.090546
70000784909.013779
70000698525.936691
70000366424.880219
70000042304.678665
70000109354.631393
70000865696.193222
70000718472.585327
70000619079.306717
70000074801.367035
70000745628.698318
70000233174.820541
70000107940.160645
70000488035.873550
70000569083.351898
70000530832.140366
70000616294.307236
70000790876.250443
70000318281.856461
1.000000
1.000000
70000625988.320877
70000517649.715622
70000551981.441345
70000785944.821793
70000105173.828796
70000763252.192764
70000353969.772095
70000423810.700592
70000144999.346359
70000172779.617523
70000043912.121490
70000453191.211380
70000634339.289536
70000629150.198715
70000959249.751877
1.000000
70000357483.287079
70000957847.549667
70000579045.619751
70000789013.487137
70000587777.556046
70000948121.797745
70000921281.483215
70000831376.930511
70000413952.786972
70000315429.763809
70000485083.336670
70000394452.895981
70000651973.505844
70000995449.722214
70000801224.834686
70000850954.038223
70000592601.688812
70000145067.465118
70000977208.255493
70000296225.182617
70000727724.033386
70000934833.299408
70000711241.263031
70000923766.676620
70000437217.102509
70000304625.125351
70000325501.301010
70000464574.560013
70000247475.177902
70000113863.831635
70000653226.003784
70000710695.554443
70000861909.835297
70000944893.590057
70000281105.540436
70000586922.601517
70000604648.542999
70000797125.618149
70000709202.523026
70000771448.818222
70000406988.856216
70000079773.302704
1.000000
70000344229.295227
70000447871.004730
70000123779.758331
70000826304.273758
70000566395.223526
70000321097.396057
70000494621.032730
70000098399.159393
70000580233.651901
70000554366.651535
70000486060.481842
70000339586.375183
70000809496.478775
70000749201.198944
1.000000
70000508508.937317
70000774862.205551
70000140095.939835
70000275450.329147
70000880104.791687
70000992496.377594
70000805620.973068
70000679350.124252
70000512861.236389
70000760989.876038
70000752161.183502
70000991410.152145
70000364550.923203
70000890152.399521
70000590697.035706
70000195182.546112
70000208998.202301
70000753778.058456
70000943355.860245
70000738468.049271
70000330694.955994
70000248169.299835
70000028461.755508
70000772719.830246
70000634865.769165
70000216575.233826
70000732059.670654
70000340559.585526
70000679437.787155
70000666561.722397
70000400793.666306
70000503757.114120
70000142473.564087
70000602450.316681
70000550588.444260
1.000000
70000175449.786301
70000342660.459778
1.000000
70000387255.508713
70000812875.661942
70000211254.502716
70000824245.368927
70000957559.610733
70000549259.706558
70000556215.620285
70000901092.860336
70000217271.984360
70000890007.731918
70000406054.161896
70000648373.427383
70000824803.356628
1.000000
70000868588.379166
70000504942.479752
70000675273.388824
70000557037.476547
70000492736.723404
70000562551.829330
70000906458.354141
70000273018.311478
70000176471.173645
70000856754.894363
70000140441.470490
70000309354.420410
70000596555.937439
70000006362.651627
70000066251.176651
70000989366.512634
70000757422.471863
70000339359.489731
70000653251.404755
70000816066.001892
70000921421.691040
70000760378.090820
70000061327.525421
70000362606.282440
70000727198.000702
70000592963.377304
70000693333.040833
70000991971.201080
70000961169.681198
70000675850.741837
70000548837.440903
70000400647.536407
70000934846.033737
70000819977.209320
70000457483.624680
70000154537.188034
70000734667.904037
70000033432.413315
1.000000
70000005269.680298
70000121558.946732
70000657401.871918
70000732581.269287
70000396551.503387
70000369158.422928
70000165723.704651
70000578283.743500
70000161224.140930
70000553282.372025
1.000000
70000590668.509201
1.000000
70000033146.585388
70000622700.761307
70000658093.699539
70000536350.905472
70000065890.536438
70000485590.008682
70000764164.048325
70000961168.766357
70000933681.544724
70000600303.753220
70000930267.908524
70000271376.326080
70000671633.431305
70000954469.541656
70000673702.139130
70000829470.642334
70000404764.457031
1.000000
70000599786.765625
70000424975.955368
70000492632.726547
70000299737.411636
70000782792.329544
70000350927.811600
70000841928.884796
70000344083.419373
1.000000
70000691090.675858
70000897037.262024
70000942779.056885
70000892998.272018
70000094764.280396
70000068629.815903
70000725151.347488
70000538376.362442
70000648683.324402
70000529661.771072
70000081481.370529
70000469583.913681
70000957056.638748
70000266095.393417
70000431398.534851
70000876607.890320
70000443456.621826
1.000000
70000310869.918564
70000286387.690125
70000322901.975739
70000053186.635330
70000588929.266052
70000409866.821793
70000831263.186356
70000139701.525024
70000420378.730820
70000528845.343536
70000687994.638550
70000272844.243240
70000766490.701477
70000644201.031158
70000065890.403748
70000409595.082016
70000953264.613678
70000899819.464554
70000992479.739700
70000086804.265228
70000052938.292511
70000049835.063156
70000934620.776825
70000474614.192719
70000407687.953522
1.000000
70000214850.920959
70000496460.358688
70000385953.159927
70000363765.094376
70000109015.977158
70000583084.196640
70000152371.434540
70000541674.921661
70000597700.984207
70000294384.096436
70000519362.489838
70000220921.827911
70000243880.752426
70000262518.522400
70000975792.946899
70000142248.973694
70000663729.706879
70000569546.043121
70000102259.674545
70000470050.029617
70000794561.848282
70000836409.386932
70000536655.671661
70000663052.365158
70000476646.463120
70000770996.733414
70000121907.264359
70000380433.673462
70000516755.245819
1.000000
70000598794.992676
1.000000
70000321003.427643
70000151497.018631
70000418918.408554
70000297871.719254
70000860827.086624
70000736808.986389
70000265781.034729
70000465428.715836
70000509996.050415
70000130330.941650
70000181595.658493
70000845299.584045
70000648679.521820
70000272125.382416
70000434639.267990
70000624277.491806
70000537073.155121
70000782411.232666
70000101190.487579
70000671158.742203
70000911314.738541
70000352634.588165
70000708786.100571
70000871635.802094
70000329344.795059
1.000000
70000137106.026688
70000359596.994507
70000896494.404190
70000002047.446518
70000825497.891800
70000188529.270172
70000429260.640472
0.33
 0 0 0 0 0 0 0 0 0 0 0 0 0
