1 401
1.000000
70000847561.493866
70000010092.393967
70000615222.017868
70000378141.403931
70000341543.467453
70000160711.677780
1.000000
70000425494.406921
70000911115.549133
1.000000
1.000000
70000334598.446854
70000650855.056000
70000659668.331482
70000922566.146744
70000443345.645538
70000176921.885818
70000053357.570435
70000241042.551361
70000514635.204910
70000876029.557236
70000485289.945633
70000163356.585327
70000481814.125717
70000721805.626312
70000816065.060486
70000733546.465057
70000111019.002396
70000891772.109100
70000814831.232254
70000954705.469040
70000172398.220932
70000932289.112122
70000301468.198364
70000415499.176285
1.000000
70000804476.248871
70000096076.205139
70000082373.433151
70000308318.106705
70000289355.034790
1.000000
70000662836.034012
70000655446.815216
1.000000
70000327622.014984
70000599130.979797
70000989933.201111
70000851287.232712
70000271584.770676
70000419119.441833
70000363780.211594
70000612619.413498
70000721117.436630
70000133913.691116
70000597432.170914
70000299568.728973
70000482879.494812
70000599879.962982
70000933122.717255
70000487108.714478
70000952514.005478
1.000000
70000567172.557648
70000150788.141541
70000979096.716385
70000840924.852615
70000095990.920349
70000257724.285034
1.000000
70000900337.116486
70000109012.579681
70000319816.078140
70000350210.420334
70000729215.339371
70000042965.697678
70000193669.688370
70000890433.816513
70000394632.307419
70000559455.754608
70000735916.218781
70000912640.941833
70000520591.238464
70000557235.714279
70000800972.887375
70000409587.362137
70000068150.425369
70000729517.702438
70000872607.636978
70000979994.273117
70000166897.689529
70000546813.119614
70000862948.999451
70000055292.185898
70000924141.774612
70000431433.825668
70000620452.072433
70000425378.425766
1.000000
70000750470.451172
70000913634.690567
1.000000
70000486570.883743
70000618010.173874
70000425405.052002
70000892767.308731
70000285392.075974
70000822380.775604
70000486737.412079
70000251444.746323
70000115066.918045
70000078355.956421
70000766651.226288
70000752897.491257
70000295930.670715
70000823960.007187
70000642600.636032
70000830687.347168
70000978115.218430
70000771459.389481
70000495957.251297
70000995856.104874
70000219844.842697
70000217579.259155
1.000000
70000753000.787811
70000075130.913116
70000348316.095993
70000518825.770782
70000156041.718460
70000511188.469376
70000025699.073563
70000884065.236359
70000220981.742203
70000454324.674484
70000372801.778671
70000045157.367126
70000186804.636185
70000244107.228256
70000532788.566193
70000982459.904297
70000426967.890167
70000428430.663681
70000930102.163742
70000195795.850037
70000012357.015823
70000120764.692078
70000934907.409546
70000557689.565475
70000410231.748657
70000724632.336884
70000889364.301208
70000936984.544220
70000233064.629272
70000048209.031937
70000873319.284805
70000214502.135864
70000128918.476547
70000956723.554169
70000582611.014099
70000151636.653519
70000173313.687683
70000934426.119171
70000190810.432709
70000521499.007370
70000877527.521072
70000311108.279922
70000784838.440430
70000642926.207031
70000263289.045654
70000283463.038406
70000884203.846634
70000021796.329117
70000126432.135086
70000994092.404572
70000922379.871689
70000617360.237885
70000082635.583847
70000833940.576950
70000308767.572250
70000279844.964813
70000301325.097778
70000933020.682297
70000076446.317123
1.000000
70000570762.957565
70000144064.620819
70000657874.594437
70000609371.799133
70000448602.369675
70000767515.450592
70000393451.633255
70000100227.001572
70000564029.858871
70000863382.621521
70000437158.294220
70000689113.352554
70000285286.610703
70000527866.107910
70000351751.126938
70000891775.737854
70000118144.985931
70000746372.428436
70000702542.771851
70000540547.311325
70000628595.158005
70000336704.685730
70000553815.044434
1.000000
70000907049.692291
70000144420.166153
70000769632.632309
70000577946.922928
70000945497.299393
70000306445.110825
70000826498.216461
70000689352.762253
70000512980.046295
70000124979.965775
70000367056.359695
70000275778.369843
70000851555.664337
70000775397.964554
70000687135.562851
70000169952.318146
70000454108.201065
70000979226.030167
70000963024.160812
70000360142.161316
70000966176.061798
70000948488.028397
70000986480.576309
70000998939.004730
1.000000
70000550409.476242
70000364016.494858
70000962863.098450
70000983481.748962
70000915084.023544
70000328341.120819
70000813447.225967
70000219323.754486
70000894152.868256
70000761480.533844
70000170672.904114
1.000000
70000320360.573929
70000015952.359726
70000352353.130737
1.000000
70000790708.883163
70000487232.522552
70000440200.900620
1.000000
70000930685.805893
70000600674.631042
70000933313.919128
70000063143.119354
70000713764.908264
70000848265.140457
70000788494.135956
70000409630.897629
70000631339.969513
70000171440.412277
70000641649.772949
70000312820.037994
70000297582.680588
70000461089.270966
70000746750.430191
70000857328.008041
70000991044.517242
70000761163.379974
70000927525.784500
70000881590.556641
70000573336.474243
70000340751.390045
70000705589.547333
70000143926.616348
70000112797.848404
70000536011.873337
70000451000.691818
70000096516.504105
70000048670.256287
70000946443.454010
70000796216.742371
70000997605.111755
70000612779.312561
1.000000
70000943569.431107
70000700742.779358
70000593520.945740
70000742663.282288
70000142510.190948
70000424795.496872
70000107453.156891
70000914882.890259
70000606599.606140
70000401551.526764
70000886369.677551
70000856511.615631
70000148762.029739
70000095378.724655
70000944027.265869
70000200587.309601
70000100090.221710
70000965230.921616
70000880079.319000
70000155971.773193
70000444513.145294
70000406452.530853
70000259671.609360
1.000000
70000713959.486008
70000713473.571579
1.000000
70000729372.601700
70000001479.507431
70000383439.136749
70000873017.643402
70000772689.266113
70000500978.242706
70000085965.704865
70000837222.707886
70000081393.868912
70000057752.505371
70000240442.518723
70000987421.806030
70000310882.308609
70000325183.456726
70000998137.740585
70000881658.118927
70000228974.206635
70000384102.516602
70000895309.257614
70000480199.384109
70000090103.090240
70000249265.835938
70000754020.654343
70000914531.847458
70000418774.406708
70000668887.602402
70000708292.360474
70000856964.886780
70000094433.800293
70000757475.055130
70000196918.839020
70000027495.615433
70000515388.552689
70000866437.143387
70000972564.717255
70000981527.930496
1.000000
70000340834.436523
70000912801.264359
70000636530.171982
70000109259.927170
70000399045.741440
70000482734.218201
70000836597.667633
70000155933.101181
70000887116.752563
1.000000
70000163539.777893
70000381983.930588
70000798920.361282
70000808021.049637
70000624781.387680
70000520327.040863
70000923052.530151
70000350080.552734
70000951623.535980
70000113372.526230
70000886243.398132
70000035039.245651
70000492755.014435
70000039877.329926
70000466419.797989
1.000000
70000638826.169266
70000259884.865799
70000861367.718536
70000893365.382721
1.000000
70000726459.974380
70000973588.483597
70000552579.407867
70000037061.712341
70000351942.650314
70000731837.004089
70000031960.088898
70000800466.631027
70000335995.508987
70000755855.846512
70000124773.456436
70000427673.364258
70000803527.101273
70000419653.833588
70000005508.759796
70000472444.635941
0.33
 0 0 0 0 0 0 0 0 0 0 0 0 0
