1 401
70000140083.163727
70000383185.947342
70000739386.920670
70000800445.811432
1.000000
70000693415.388611
70000491760.499863
70000172406.805298
70000627414.395279
70000567989.694077
70000846115.063370
70000830016.727493
70000583415.535767
70000021985.288361
70000502743.412445
70000865079.905396
70000888126.107071
1.000000
70000963701.810410
70000764440.572052
70000529406.910110
70000875356.713608
70000016184.915314
70000499147.383118
70000019165.988922
70000360356.238251
70000255160.952988
70000614758.925797
70000362581.343735
70000773624.863388
70000883076.819183
70000706374.377045
70000312005.139160
70000064157.684967
70000829662.556595
70000272928.438263
70000832455.416718
70000614311.123001
1.000000
70000668314.466751
70000132146.933273
70000687655.768188
1.000000
70000483190.101578
70000750410.932602
70000128022.565018
70000077950.667770
70000069006.962112
70000652938.552658
70000692326.397675
70000050775.069733
70000909348.737381
70000811924.167191
70000172810.676025
70000385240.728821
70000390234.132294
70000990903.056107
70000007778.018875
70000706087.926758
70000787162.231766
70000401561.073364
70000996045.705460
70000077023.689789
70000631964.821945
70000982740.174927
70000234626.224899
70000342213.927994
70000198017.027679
70000942103.138000
70000588789.489792
70000240176.097458
1.000000
70000335243.201584
70000446617.761917
70000546766.049820
70000784377.104736
70000162241.178452
70000262361.449738
70000779165.549957
70000039217.935791
70000029965.634460
70000374624.018417
70000903465.748001
70000272340.094971
70000353357.719025
70000705339.003555
70000664382.540283
1.000000
70000972675.278870
1.000000
70000213714.385666
70000540033.459869
70000837976.925323
70000578490.999878
70000727117.883484
70000360260.104202
70000445438.204651
70000923878.322739
70000684206.411362
70000018218.854614
70000462298.853104
70000826918.926651
70000033296.308716
70000621928.394852
70000207456.897736
70000683746.189972
70000265171.295944
70000812454.784805
70000227958.825836
70000641642.536545
70000204982.320770
70000891057.089539
70000287945.016632
70000375463.403580
1.000000
70000959772.037949
70000404739.453918
70000090644.939850
70000998877.408386
70000833105.761002
70000284806.536453
70000771395.466843
70000815102.412292
70000193713.359390
70000689288.254410
70000801034.667892
70000828858.982239
70000868852.379959
70000442258.832535
70000495704.705078
70000861785.845856
70000823581.757019
70000326524.476440
70000260677.113388
70000605948.750092
70000157142.177841
70000281294.995575
70000861260.089615
70000321840.379852
70000812331.041901
70000564087.657410
70000365268.776535
70000772368.562225
70000407815.461960
70000170863.697647
70000788836.025162
70000101323.108170
70000868717.833282
70000863562.368744
70000417654.772720
70000568724.296143
70000532263.735291
70000181561.508179
70000402768.650131
70000519122.468277
70000529695.112137
70000443160.624817
70000141516.366455
70000090807.861862
70000038552.750305
70000015836.780685
70000817700.389496
70000873168.715347
70000786631.746796
70000215573.438675
70000872962.484055
70000826882.860092
70000031564.480087
70000182605.902893
70000172639.173630
70000008131.401657
70000562708.255280
70000958590.103928
70000549166.167587
70000215534.628128
70000032893.957001
70000091405.851990
70000357235.948669
70000740278.701874
70000318405.823334
70000401435.778870
70000581357.372070
70000490749.463028
70000494342.260864
70000673162.864532
1.000000
70000645508.350388
70000114252.372375
70000972707.433777
1.000000
70000316402.108978
70000693205.820145
70000422119.863449
70000928496.267380
70000628474.573273
70000545386.482346
70000142675.523712
70000847379.168625
70000905655.379959
70000327790.330872
70000658676.649139
70000472672.777832
70000046868.680710
70000010925.349380
70000084094.582031
70000202998.336899
70000745648.520782
70000897366.816666
70000372711.490646
70000154685.934814
70000335604.939072
70000919386.127792
1.000000
70000989546.000641
70000832091.568192
70000289189.082214
70000714191.343948
70000665208.579987
1.000000
70000595596.055511
70000832098.217697
70000228396.945602
70000848293.480850
70000896065.271072
70000524991.721481
70000914074.240448
70000497520.623474
70000588715.566971
70000579125.454224
70000951156.735916
70000555196.628586
70000288546.016998
70000553630.497696
70000426469.616348
70000677774.612167
70000597740.193985
1.000000
70000380224.220047
70000657998.563385
70000815324.297729
70000717830.546188
70000921981.039902
70000618620.031647
70000349993.235489
70000649010.746338
1.000000
70000373656.274506
70000021522.012863
70000270748.567474
70000042002.534103
70000414119.836166
70000232073.511749
70000994070.129028
70000533814.212189
70000593190.978729
70000667323.432068
70000232022.711655
70000231409.059067
70000007147.788986
70000432405.277435
70000028427.448715
70000927719.252411
70000638163.423920
70000555985.809387
70000784168.542587
70000690573.688583
70000714649.787216
70000977628.426559
70000979778.558807
70000953455.021301
70000186163.044312
1.000000
1.000000
70000462636.662445
70000844734.532913
70000567250.533234
70000124581.812744
70000216121.330307
70000565279.477844
70000769794.269211
70000423223.202271
70000086551.717590
70000646165.196060
70000675729.239639
1.000000
70000980046.594437
1.000000
70000117014.733414
70000682497.667892
1.000000
70000640022.021423
70000751355.342758
70000056144.452942
70000041192.740829
70000195310.560898
70000226275.694122
70000999081.009583
70000101974.991730
70000788849.063446
70000060935.590485
70000209098.458328
70000145275.853119
70000529719.003113
70000263469.744293
70000122840.794037
70000760349.403168
70000783472.927338
70000709930.673721
70000945213.889389
1.000000
70000683667.671677
70000447691.142288
70000342158.809128
70000796073.655685
70000682186.382446
70000535465.259689
70000964085.568985
70000029464.895523
70000760643.644730
70000860990.308563
70000476592.681625
70000927902.249695
70000907194.727539
70000663358.498932
1.000000
70000824406.507599
70000824706.213303
70000046385.764145
1.000000
70000288800.997147
70000210751.156738
70000671522.740952
1.000000
70000867297.122040
70000960836.285492
1.000000
70000626025.212006
70000081206.306854
70000418388.153717
70000732952.990387
70000260949.352493
70000782990.876389
70000784015.826736
70000131887.477325
70000217761.946457
70000496297.148712
70000649220.344238
70000286323.802612
70000461068.441727
70000104472.456238
70000622124.047409
70000773034.010544
70000050453.876114
70000660069.688919
70000640630.498856
70000837886.595398
70000629111.685806
70000317441.228912
70000222274.754669
70000267384.387695
70000010352.192230
70000199190.683762
70000180926.620026
70000079582.718384
70000674877.871933
70000034932.240448
70000589787.542114
70000489606.396759
70000585291.882614
70000571192.611984
70000945262.596832
70000698469.733704
70000590063.926376
70000340118.215424
70000263827.396423
70000631085.661301
70000154812.839264
70000107961.826553
70000690086.500900
70000571253.316330
70000379911.373154
70000346475.311752
70000288717.630341
70000748464.424835
70000292391.173798
70000018716.301361
70000695480.406815
1.000000
70000785450.376740
70000621931.930405
70000189651.651855
70000976079.905350
70000590073.958572
70000727581.595840
70000339906.560654
70000970243.376648
70000043535.137619
70000218421.121262
70000717822.808151
70000512886.092697
0.33
 0 0 0 0 0 0 0 0 0 0 0 0 0
