1 401
70000484688.614487
70000495041.877289
70000587872.171127
70000375343.880417
70000254374.145584
70000007862.815369
70000892246.051865
70000018998.189133
70000202276.260895
70000006963.357407
70000185443.695648
1.000000
70000392033.368073
70000251940.609497
70000377106.268555
70000006783.262375
70000184094.040756
70000900605.113663
70000201686.542526
70000588071.235062
1.000000
70000342009.894394
70000257824.037018
70000596327.850174
70000476124.501343
70000419969.177780
70000099642.490936
70000040204.850693
70000465315.328583
70000438209.348511
70000412778.956085
70000198572.529648
70000028411.449783
70000647366.064178
70000701828.121170
70000143577.028427
70000968261.384720
70000138768.380692
70000221685.116821
70000374520.608139
70000557680.049271
70000950783.921295
70000025122.250000
70000861091.177673
70000638079.169571
70000876812.947235
70000092877.601395
70000629012.586349
70000222445.626663
70000173867.415390
70000329538.116928
70000423236.503891
70000159475.451797
70000410746.726715
70000216101.129959
70000952369.535080
70000159656.873642
70000157897.817673
70000885951.390472
70000801484.510193
70000920493.775040
70000325892.321915
70000375113.967606
70000205800.505188
70000669863.781799
70000781976.084656
70000715847.601089
70000941414.786316
70000509172.337509
70000163363.096359
70000825498.784073
70000690760.178925
70000650898.931839
70000790876.537186
70000885646.426727
70000336556.077545
70000604091.383362
70000643751.955780
70000412286.802673
70000452510.412186
70000578808.684067
70000992893.023712
70000199414.831482
70000540290.915436
70000246825.197449
70000510905.639893
70000836826.924408
70000672026.482941
70000481861.588379
70000230472.529449
70000256207.821411
70000222439.447281
70000997224.371216
70000133845.710144
70000085694.659317
70000293149.392029
70000816065.572174
70000865365.135483
70000251700.228958
70000627910.779144
1.000000
70000370814.217026
70000935030.936081
70000489998.027557
70000852308.892319
1.000000
70000812606.825180
70000848629.929138
70000453656.239334
70000128796.694138
70000381497.876892
70000557060.734894
70000578601.029648
70000936011.109711
70000565936.882889
70000581693.066650
70000044519.976013
1.000000
70000829094.505554
70000904815.515823
70000394552.171188
70000219745.837204
70000387217.809158
1.000000
70000382498.567917
70000145925.931656
70000148271.807938
70000895812.610321
70000749681.204422
70000209476.668442
70000669100.485260
70000955508.523438
70000563960.261963
70000862430.894409
70000162559.571350
70000519244.149155
70000931381.080170
70000232472.256439
70000959196.466019
70000766410.410919
70000846898.589539
70000646585.559921
70000119267.938675
70000719628.355545
70000411983.679184
70000418963.339890
70000210757.643661
1.000000
70000029609.780289
70000181704.297913
70000788189.480377
70000152498.170181
70000271952.150955
70000903981.156784
70000398241.416565
1.000000
70000176362.107239
70000002044.554749
70000494353.717926
70000804294.815140
70000949817.578415
70000185168.398956
70000009272.573853
70000727235.914734
1.000000
70000476817.299515
1.000000
70000252623.312164
70000073369.563461
70000276813.669586
70000151763.286514
70000003879.812424
70000666337.860809
70000061391.348480
70000206989.932816
70000605781.391617
70000332425.568970
70000949531.978699
70000460031.912567
70000657608.481949
1.000000
70000019740.080872
70000081531.267136
70000759388.678146
70000424276.259491
70000468986.321228
70000026281.908859
70000163091.059235
70000649132.303192
70000062471.126160
1.000000
70000427555.367889
70000783088.039200
70000142237.344772
70000871653.547607
70000868215.411850
70000779927.714813
70000686169.777817
70000407614.366730
70000006547.018723
70000375250.224670
70000773925.364914
70000778388.846909
70000875729.180862
70000784307.335724
70000418571.074463
70000620832.278885
70000500764.081345
70000104616.132111
70000191366.133118
70000439263.158539
70000038433.199875
1.000000
70000341504.984329
70000971365.014664
70000546648.583389
70000241636.505280
70000134157.898788
70000697747.802124
70000405251.503326
70000199598.464676
70000802760.875610
70000649148.532761
70000005428.742020
70000517976.049973
70000447213.764740
70000965554.713791
70000980863.029846
70000814306.524002
70000308123.279755
70000906501.710938
70000742137.439850
70000329605.608459
70000619368.444122
1.000000
70000274595.997070
70000307888.444138
70000649550.622269
70000697399.024765
70000121852.820190
70000292680.045578
70000675093.931610
70000077237.147659
70000680036.703064
70000530664.703476
70000822201.997147
70000353954.796860
70000010729.294418
70000157100.118195
70000971563.817596
70000053032.837402
70000202505.714828
70000521173.138123
70000287455.028122
70000116208.502472
70000710926.069351
70000718149.263962
70000115885.922577
70000401013.247116
70000341603.714203
70000195239.602921
70000385782.902802
70000013122.495743
70000376024.529953
70000903582.840057
70000354258.410233
70000796177.660233
70000971153.929382
70000551644.113297
70000315952.349762
70000226612.773071
70000989829.933273
70000857648.695877
70000200340.856598
70000090246.694534
70000344822.043457
70000720130.894455
70000560978.801910
70000942153.980774
70000425339.246796
70000667607.141739
70000989740.801270
70000672292.278000
70000542883.488678
70000944751.794357
70000931257.579712
70000299321.854523
70000168758.913574
70000008889.980545
70000592952.411179
70000371818.495392
1.000000
70000379460.988770
70000951890.594894
70000535017.227646
70000873962.822769
70000751384.575394
70000878988.055893
70000416258.907425
70000722616.361069
70000996145.874741
70000618402.301544
70000461378.450302
70000101915.101105
70000250034.865402
70000615562.687653
70000024939.004623
70000140805.015091
70000054426.738419
70000417432.777313
70000399007.420410
70000548314.465363
70000775550.070084
70000705400.834885
70000116243.733932
70000114082.762024
70000960599.309570
70000489863.091171
70000607551.376999
70000060010.632538
1.000000
70000629692.295105
70000861264.908096
70000646750.778442
70000501093.003616
70000526972.022369
70000238661.404205
70000598808.572250
70000039772.553925
70000569353.037323
70000073241.598740
70000958401.490601
70000149642.046036
70000093683.580963
70000696568.647812
70000205331.423386
70000748139.926193
70000613875.007431
70000222577.125107
70000791170.607056
70000919186.037048
70000690267.175217
70000275700.395096
70000357345.277237
70000975208.659225
70000620954.313324
70000102962.346954
70000976856.289169
70000712823.131882
1.000000
70000481799.883789
70000294693.980057
70000341424.032837
70000334485.178116
70000481148.090622
70000448064.425613
70000041474.436172
70000047963.158951
70000488964.290192
70000329331.807236
70000496934.393982
70000302352.176697
70000655396.877243
1.000000
70000242006.298843
70000271897.407089
70000547075.111221
70000050760.175659
70000678093.960037
70000872933.708313
70000184162.409683
70000424983.995010
1.000000
70000402442.869675
70000765962.282333
70000946282.346161
70000812799.599030
70000019338.194717
70000666051.967224
1.000000
70000406141.875534
70000201503.602173
70000768192.844101
70000449030.583618
1.000000
70000049294.443222
70000090509.914383
1.000000
70000353775.029053
70000085395.361176
70000540073.349579
70000911364.179535
70000136467.119965
70000560759.837036
70000772537.752274
70000557000.304718
1.000000
70000815093.858627
70000627216.677063
70000245890.534134
0.33
 0 0 0 0 0 0 0 0 0 0 0 0 0
