1 401
70000767054.486145
70000105272.616684
70000294762.942139
70000738307.868042
70000812449.057190
70000243059.437164
70000432399.160385
70000626022.959473
70000329083.944824
70000854393.679153
70000356273.197525
70000061684.324936
70000256936.005951
70000072626.506912
70000929488.198700
70000413994.124557
70000655685.675751
70000685007.349945
1.000000
70000977685.564865
70000810363.047180
70000190940.796921
70000816161.079483
70000492723.489029
70000276912.077698
1.000000
70000029581.661972
70000316679.983292
70000461631.980469
70000676340.965714
70000746725.500061
70000049184.915268
70000319743.178589
70000468421.494644
70000277125.644882
70000902210.224792
70000394538.195160
70000503588.618301
70000926439.556717
70000758227.524399
70000772809.418259
70000100998.883926
70000636272.017334
70000725477.535843
70000245756.787277
70000893587.239822
70000481587.651352
1.000000
1.000000
70000259944.246155
70000424307.501984
70000379656.245743
70000722812.832138
1.000000
70000478117.768005
70000156787.591446
70000796642.633377
70000395016.473587
70000960447.202377
1.000000
70000606844.033203
70000214114.668137
70000637506.776505
70000545187.372131
70000011801.224487
70000836558.476471
70000747636.407364
70000908765.388290
70000582205.286819
70000515544.699249
70000808729.672272
70000789811.978989
70000916867.159897
70000347107.678558
70000144441.010422
70000982389.993835
70000546187.138397
70000068180.362854
70000113580.323471
70000310565.128296
70000546280.016449
70000973826.243515
70000931456.527191
70000970828.382111
70000905912.951096
70000073244.634506
70000486843.990768
70000576402.862717
70000300607.816879
70000253124.843460
70000725470.744217
70000834758.286682
70000053121.910873
70000330959.758820
70000233737.831482
70000005995.335114
70000477187.927338
70000221986.990280
70000502802.863220
70000467551.689987
1.000000
70000217320.786819
70000883089.146835
70000413242.242935
70000914189.419540
70000871433.584579
70000214289.898651
70000338740.770264
70000505087.332779
70000679366.886795
70000565706.317993
70000283903.418594
70000482830.215622
70000415011.631699
70000631796.806564
70000596557.450775
70000250166.070938
70000824734.575287
70000403300.876556
70000965429.783752
70000645013.325684
70000465287.591949
1.000000
70000288035.048309
70000575184.981812
70000722052.871078
70000109054.733459
70000528264.840149
70000361271.117874
70000475696.562256
70000329763.324341
70000748282.318832
70000695127.280426
70000195994.622574
70000644356.722656
70000317147.334076
70000337403.526154
70000551903.397171
70000509709.923904
70000906751.090500
70000475972.498840
70000458068.210968
70000657118.980835
70000200901.666275
70000123635.004898
70000665316.700912
70000536432.173203
70000249930.378906
70000450846.705917
70000226688.762222
70000450188.655350
70000827081.709427
70000876043.345810
70000404616.936859
70000087373.117493
70000819566.922546
70000932161.188339
70000966911.424011
70000904878.389191
70000202204.575333
70000857405.229675
70000701956.612518
70000197981.166199
70000617151.554962
70000658155.602097
70000463312.536667
70000665964.938187
70000601767.898590
70000527558.757004
70000080545.170975
70000345697.772141
70000088004.042923
70000368609.098618
70000244074.405121
70000139203.211716
70000930207.921082
70000150923.810318
70000327118.218597
70000338284.133102
70000103651.753616
70000722621.515625
1.000000
70000386588.597107
1.000000
70000705347.911865
70000374210.799866
70000273207.921127
70000736010.843872
70000092361.543533
70000249359.935501
70000673901.040833
70000878846.167267
70000952599.042557
70000622858.072281
70000759326.562790
1.000000
70000256431.050079
70000143928.548080
70000283711.421997
70000533242.673920
70000446240.234924
70000601948.627777
70000788596.590164
70000783027.542526
70000933218.250641
70000188400.418564
70000268659.694641
1.000000
70000435536.696640
70000026746.739899
1.000000
70000154018.450760
70000166892.441940
70000363401.022415
70000101655.101624
70000023189.705490
70000188317.408783
70000809416.443375
70000170146.587265
70000542243.066711
70000997616.168488
70000951056.835800
70000673584.163559
70000718332.218948
70000441944.167923
70000232310.857101
70000394130.421402
70000245193.580215
70000752466.333542
70000061856.231033
70000736705.332260
70000357638.757721
70000906886.849091
70000878527.972992
70000824878.033371
70000543271.729462
70000608083.819107
70000499412.055527
70000803928.719162
70000679537.706268
70000096870.542694
70000659163.813156
70000277280.554428
70000020690.047363
1.000000
70000939150.381622
70000323904.834946
70000753771.034805
70000691773.460068
70000070777.370697
70000330385.481430
70000560190.243668
70000208223.923828
70000326406.751648
70000100274.612320
70000258291.525726
1.000000
70000917446.723801
70000241558.238998
1.000000
70000792954.831100
70000071391.038376
70000137210.455460
70000379118.051422
70000426308.445206
70000555925.188126
70000833526.689941
70000774256.247070
70000956875.554352
70000289859.489044
70000419799.230835
70000676441.831238
70000576107.049820
70000575394.779877
70000550790.044724
70000567090.188324
70000267766.324478
70000165010.234146
70000052179.908951
70000018995.705902
70000090140.193130
70000374971.304520
70000068925.213226
70000229442.428284
70000667589.128418
70000246828.006134
70000720522.639587
70000944563.836975
70000043480.433350
70000483838.037521
70000308635.561600
70000915670.692825
70000816283.302658
70000902543.493362
70000247647.042542
70000388489.073135
70000043487.716919
70000226223.935486
70000153316.821701
70000300116.959747
70000256746.524124
70000609493.181885
70000312425.816147
70000706027.628372
70000600513.379929
70000998357.390015
70000924021.139755
70000074742.442276
70000484631.275940
70000844297.086411
70000166206.429214
70000669308.774124
70000858411.309479
70000944117.565277
70000296381.266663
1.000000
70000072916.138947
70000167901.168533
1.000000
70000303469.057449
70000781299.120956
70000685518.969711
70000669600.317657
70000634894.405457
1.000000
70000313937.606232
70000682787.947845
70000050738.060242
70000223697.481918
1.000000
70000042954.016510
70000902759.143631
70000882527.261993
70000339484.576187
70000492890.641083
70000855204.398453
70000064504.528320
70000469854.336395
70000903197.478790
70000841320.799606
1.000000
70000270030.465561
70000417273.639206
1.000000
1.000000
70000541357.092514
70000169464.820587
70000015649.767776
70000603536.242523
1.000000
70000390037.599335
70000540516.153732
70000818338.720123
70000647542.039536
70000289009.355072
70000078242.836166
70000947482.082947
70000620675.055923
70000322949.192108
70000297135.289932
70000142378.159653
70000474166.667557
70000645500.983826
70000062397.941742
70000837935.880020
1.000000
70000040554.936188
70000011175.134308
1.000000
70000375407.560699
70000333666.714111
70000778066.328278
70000346890.191864
70000551791.581451
70000628070.095078
70000163602.481995
70000082515.667725
70000057346.299362
1.000000
1.000000
70000795499.622253
70000596179.427307
70000645872.897964
70000105966.244949
70000443767.561371
70000645842.408463
70000204997.191696
70000952652.028610
70000770360.957947
70000755445.996933
70000127901.835373
70000512352.591644
70000504938.649139
70000799791.770248
70000858269.505600
70000687878.247635
70000646762.727768
70000643353.764130
70000482333.762527
70000581678.326508
0.33
 0 0 0 0 0 0 0 0 0 0 0 0 0
