1 401
70000629270.552612
70000266113.809525
70000719372.057724
70000385935.029770
70000278277.180099
70000598122.272125
70000798179.581268
70000274300.203598
70000717019.946106
70000213034.240677
70000294455.311462
70000778427.735123
70000890315.784286
70000971491.563507
70000988475.213989
70000020224.373413
70000597642.006409
70000590258.120651
70000473238.202011
70000262795.316376
70000811719.559952
70000510509.195267
1.000000
70000721200.577087
70000442251.217163
70000137140.229736
70000632876.570435
70000662738.968658
70000682894.953323
70000776537.152893
70000652527.842239
70000670192.024078
70000560384.580750
70000831322.972549
70000502133.818573
70000976748.524567
70000117370.212357
70000242516.665161
1.000000
70000597137.296371
70000363783.246643
70000269676.418289
70000817123.527527
70000318963.198380
70000065666.761505
70000533715.149094
70000529353.922958
70000744880.221085
70000802357.627014
70000689368.169998
70000599464.132858
70000945737.884735
70000844382.694992
70000338127.854584
70000743290.509674
70000355370.214142
70000674209.389465
70000175410.057297
1.000000
70000744019.872910
70000742227.631271
70000658101.689270
70000659904.474380
70000867018.733124
70000698811.243027
1.000000
1.000000
70000129165.429764
70000589692.854507
70000356169.061905
70000902512.158691
70000874873.676514
70000374932.799133
70000552298.345963
70000822392.537857
70000159895.569427
70000524524.940002
70000244349.474976
70000579796.208832
70000586404.426926
70000596645.096970
70000665503.308838
70000886999.636383
70000787003.964859
70000533918.124176
70000272903.001434
70000556482.223755
70000314489.662567
70000927576.077362
70000448725.752457
70000515585.262909
70000563321.599457
70000418195.773636
1.000000
70000409862.931168
70000608567.542664
70000123891.526382
70000859396.270508
70000749672.228836
70000651468.414169
70000862458.701935
70000155776.760895
70000001780.468887
70000369990.189545
70000145356.068115
70000469554.265488
1.000000
70000063179.193283
70000463255.245789
70000353017.080002
70000826721.666016
70000943165.618805
70000976830.971481
70000278466.042328
70000845058.238205
70000067732.602417
70000019270.095383
1.000000
70000240588.228546
70000536412.462494
70000079733.465683
70000053755.906235
70000175075.929718
70000212521.914062
70000941078.299683
70000053783.526932
70000660634.255341
70000425747.618057
70000226646.913605
70000154896.466599
70000700328.101212
70000987766.256073
70000380578.927597
70000816252.207672
70000339715.427567
70000094189.322830
70000798970.435043
70000363955.667984
70000524072.932358
70000033528.491394
70000235799.996536
70000604193.990997
70000959060.125900
70000767250.302032
70000127399.709045
70000724708.032547
70000326221.704758
70000382626.646744
70000090898.142960
70000186343.177521
70000061109.811813
70000187820.717987
70000851296.954330
70000332986.149307
70000039395.701233
70000274646.554810
70000964819.590179
70000151381.552429
70000448911.998978
70000586858.160172
70000547760.108627
70000963053.926620
70000800297.527710
70000505915.072601
70000696144.964462
70000693868.266739
70000473876.782944
70000525088.011948
70000556084.209641
70000828751.597458
70000520477.438629
70000295742.380920
70000692634.269196
70000922244.401505
70000139464.290253
70000012925.860123
1.000000
70000677967.525162
70000320783.663101
70000691293.159790
70000815323.666977
70000088912.610001
70000235690.994034
70000645641.926743
1.000000
70000056530.292877
70000947006.348053
70000597877.467285
70000447489.574417
70000615011.766312
70000864337.453888
70000926425.501892
1.000000
70000067401.081284
70000027653.845505
70000949279.385849
70000282064.822845
70000008975.932816
70000810373.664764
70000128851.166656
70000111027.325012
70000557332.135849
70000312165.406174
70000018528.774155
70000418166.877762
70000061620.106079
70000395291.890656
70000986050.479187
70000670645.102158
1.000000
70000118511.670944
70000476563.658768
70000085147.761246
70000346190.391251
70000234319.531921
70000214904.302185
70000525144.399826
70000417113.026169
70000182183.815216
70000856584.182480
70000568054.274628
70000620533.421692
70000674368.404785
70000692325.875198
70000400939.302673
70000913113.986374
70000449775.489166
70000162609.129074
70000829259.579910
70000878038.021317
70000440570.183929
70000665160.188278
70000590748.101028
70000381285.311249
70000541914.774536
70000279153.373642
70000476959.117050
1.000000
1.000000
70000103390.106995
70000149123.662888
70000433530.026428
70000847891.072723
70000997944.587082
70000964461.131775
70000533287.812408
70000667937.741898
70000097212.477417
70000543451.881760
1.000000
70000018362.455811
70000509029.039185
70000756845.764771
70000893094.130707
70000983698.626923
70000053988.223938
70000337299.232803
70000414108.357666
70000378563.298416
70000080215.540710
70000831029.693481
70000641907.762024
1.000000
70000167592.032730
70000394830.411682
70000719366.941193
70000244965.366302
70000203186.750259
70000067885.926453
70000560437.848541
70000411880.187531
70000286742.288834
1.000000
70000373063.111328
70000303107.652573
70000668106.187698
70000934262.954590
70000950688.131760
70000660195.358780
70000922276.114685
70000319778.090271
70000072331.017761
70000274781.847504
70000313974.713333
70000570744.630844
70000435956.515793
70000101698.178375
70000416485.011246
70000076989.009003
70000335600.382812
70000804754.664703
70000114770.733124
70000232516.943359
70000845299.268600
70000894130.972412
70000582707.050751
70000621758.824463
70000766089.534073
70000365552.081894
70000051133.147797
70000744452.444885
70000767964.486862
70000291898.382416
70000898387.202988
70000253532.309845
1.000000
1.000000
70000766386.983261
70000234658.847580
70000349450.968704
70000892318.946671
70000307507.561066
70000867752.339615
70000493399.317749
70000197646.678360
70000983640.481339
70000037904.680801
70000855656.351608
70000229006.291473
70000575457.290726
70000106637.430466
70000549547.607666
70000872537.610519
70000680804.927826
70000910438.250885
70000919341.808182
1.000000
70000390632.940903
70000089792.325867
70000021110.074860
70000646592.136505
1.000000
70000929917.249313
70000548977.904297
70000738092.517029
70000181604.441299
70000879512.078445
1.000000
70000619582.312515
70000410019.215012
70000424850.893097
70000917822.121750
70000495787.230286
70000965203.651154
70000708165.188095
70000544995.950546
70000615405.123108
70000508460.130722
70000586220.401520
70000409222.129120
70000850964.531158
70000310161.874481
1.000000
70000145745.692368
70000453816.408127
70000339372.215210
70000078616.412521
70000328896.560425
70000089731.650421
70000431478.639694
70000854977.247681
70000201720.681564
70000762388.062164
70000837078.769791
70000565437.435181
70000892804.712341
70000959673.703888
70000292416.808807
70000823346.149719
1.000000
70000259712.723160
70000085353.151962
70000860551.327225
70000957822.060165
70000708360.663101
70000942071.715958
70000015898.033096
70000230541.210388
70000497373.282639
70000321228.931259
70000152816.513214
70000916780.581833
70000698927.507568
70000778999.525864
70000356430.748138
70000608603.663681
70000346903.146637
70000468129.340271
70000208702.018112
70000728732.333694
70000237225.397980
70000481430.233871
70000499527.184677
70000163253.811295
70000723788.705933
70000042209.707794
70000911943.629547
70000943765.574600
70000185895.523163
70000081926.160187
0.33
 0 0 0 0 0 0 0 0 0 0 0 0 0
