1 401
70000845983.996216
70000065002.177917
70000671972.317657
70000572830.661819
1.000000
1.000000
70000238874.834167
70000269418.945084
70000997884.622147
70000738462.143509
70000421496.182098
70000846434.543350
70000701465.040588
70000369518.399460
70000280895.505524
70000233388.022568
70000527653.077652
70000671205.215668
70000349856.712662
70000261709.141266
1.000000
70000029291.415863
70000102443.915710
70000541063.821747
70000851256.586472
70000655309.629868
70000054815.488068
70000195097.817230
70000500732.477158
70000211542.134644
70000379702.048386
1.000000
70000527625.987747
70000582446.593872
70000666573.624115
70000929022.273666
70000042721.898941
1.000000
70000311913.045654
1.000000
70000652114.519852
1.000000
70000621491.608170
70000481391.295120
70000657731.347763
70000577108.842102
70000275000.967789
70000925438.809906
70000499311.453491
70000148080.158859
70000688218.930054
1.000000
70000096372.543976
70000826828.751724
70000416995.233856
70000827227.281357
70000746226.022705
70000752649.834625
70000378641.216583
70000183677.846176
70000339632.739304
70000100549.338287
70000866723.421585
70000603811.301346
1.000000
70000360280.289322
70000712321.852051
70000021035.417389
70000011077.714767
70000807045.841202
70000083643.764847
70000869747.108383
70000126139.957260
70000845594.304047
70000114748.464951
70000115238.440521
70000637610.655945
70000887649.101151
70000565740.362701
70000967948.723663
70000967223.504822
70000959139.738632
70000810785.535324
70000072495.793198
70000434263.942154
70000941689.835449
70000912605.868591
70000957684.464722
70000500129.361679
70000950018.920883
70000368797.541672
70000911950.772400
70000231790.478775
70000827504.971176
70000182326.521744
70000620910.769958
70000456517.563965
70000691887.390823
70000611702.451981
70000386725.570251
70000870505.885422
70000672881.886551
70000655133.269485
70000985695.378555
70000056433.376724
1.000000
70000489931.445663
70000098989.124680
70000193272.100250
70000747037.565201
70000187911.726105
70000419056.584869
70000942831.492493
70000197393.874390
70000899721.995941
1.000000
70000999021.933990
70000902692.006210
70000119736.412231
1.000000
70000716132.778259
70000613247.520294
70000315707.072083
1.000000
70000165351.629608
70000160320.694260
70000495640.164047
70000706512.831253
70000848383.146210
70000941222.242966
70000258751.213837
70000239108.368927
70000635540.592972
70000410258.466843
70000230104.202682
70000577428.126923
70000843415.089279
70000038089.770813
70000895751.714310
70000924705.720078
70000024938.368286
70000107869.146500
70000253849.404602
70000241244.531769
70000339087.939804
70000931473.849365
70000332961.707382
70000822655.884933
70000952965.251724
70000601497.563324
70000955173.641510
70000137996.299103
70000140785.774078
70000887318.335602
70000256072.264633
70000899591.106583
70000909115.568436
70000278275.852814
70000862221.786560
70000808099.429550
70000905945.768250
70000557518.303284
70000784367.422913
70000392286.690720
70000469330.541656
1.000000
70000092420.331818
70000608602.347626
70000461947.137390
70000043479.722046
70000868032.428406
70000199042.376770
70000432397.543884
70000338399.427002
70000905355.628616
70000087430.258636
70000685458.820145
1.000000
70000835782.527557
70000036140.753036
70000906654.741318
70000830478.899872
70000342505.308823
70000452630.238922
70000522836.438293
70000430426.688171
70000483032.136322
70000975479.475540
70000861743.883759
1.000000
1.000000
70000261428.611267
1.000000
70000272387.155899
70000302598.156952
70000535667.153885
70000239489.459763
70000210385.075058
70000150209.072037
70000239332.825745
70000730988.519775
70000482105.066833
70000217529.578873
70000309266.969910
70000987788.896149
70000536925.601089
70000514187.598938
70000964772.106857
70000003588.140594
70000559379.843033
70000710530.448563
70000719271.512344
70000328054.540329
70000390396.692337
70000830824.180130
70000303706.824722
70000622899.708191
70000060323.502731
70000502053.936050
70000641263.120728
70000785993.905243
70000661925.325897
70000261516.805786
70000037035.927582
70000263991.766815
70000281741.223862
70000398735.593674
70000653789.861908
70000204484.077057
70000319482.008926
70000444238.903595
70000711406.740021
70000787473.537292
70000745147.034821
70000899181.090759
70000473721.086197
70000250882.340714
70000921921.084030
70000326162.358734
70000731603.021317
70000283891.886917
70000089570.410416
70000909280.488617
70000144675.702957
70000911841.055832
70000933549.131317
70000175787.245300
70000234329.283142
70000192382.214371
70000466095.549805
70000256216.774826
70000058112.975204
70000674639.925613
70000709044.317444
70000496920.854767
70000212736.889374
70000371615.845032
70000122484.760834
1.000000
70000761782.142990
1.000000
70000275880.652252
70000347347.010971
70000504649.090347
1.000000
70000050508.056656
70000053230.187653
70000445257.262695
70000675065.222046
70000294845.141190
70000739084.836823
70000741627.577545
70000002738.393478
1.000000
70000935635.443207
70000880467.441299
70000925282.147430
70000407252.051132
70000995163.304611
70000941645.365723
70000643649.093460
70000252459.698364
70000952196.101303
70000090065.799469
70000386778.781143
70000228016.587662
70000913560.804398
70000745680.442459
70000253592.903320
70000252196.709656
70000008718.675873
70000034962.975037
70000505861.677643
70000426282.398270
70000521517.719589
70000571158.537170
70000952300.487411
70000241001.295792
70000709295.015915
70000325487.945343
70000957125.234985
70000251054.592911
70000520464.473007
70000491626.335556
70000484943.004196
70000975022.133957
70000089151.728317
70000071628.982498
70000008297.451767
70000179109.070160
70000674318.495834
70000234810.042038
70000057873.289185
70000472389.823196
70000850040.956604
70000118800.960739
70000008159.827194
1.000000
70000904515.381210
70000730892.978210
70000228375.943573
70000523227.270538
1.000000
1.000000
70000703421.697281
70000579294.373108
70000928490.967392
70000169227.501236
70000803297.869797
70000122788.729187
70000739620.772247
70000296440.544861
70000066057.767349
70000860976.161057
70000933972.811996
70000834836.705994
70000030432.865387
70000426666.388397
70000581719.933685
70000070144.861481
70000596798.207413
70000613895.264023
70000094912.649429
70000511750.435547
70000230937.530457
70000820874.558350
70000789229.741760
70000706526.790527
1.000000
1.000000
70000023417.868851
70000706081.103287
70000205896.060440
70000807633.272003
70000250341.043579
70000103950.062881
70000176418.395096
70000163134.059921
70000636821.540222
70000297827.058655
70000600163.333557
70000798706.053406
70000740688.946945
70000311113.826859
70000238757.538712
70000945060.415497
70000381753.828766
70000576890.144531
70000844538.413376
70000137544.912354
70000621392.178680
70000201897.998993
70000884493.302643
70000293135.577423
70000793233.436340
70000185878.599335
70000540710.662491
70000134796.335068
70000304241.759476
70000234954.719955
70000842584.426422
70000930170.326675
70000853373.518539
70000795661.955109
70000114634.719925
1.000000
70000837096.379974
70000511594.967804
70000397770.015060
70000182753.941772
70000130409.565186
70000652484.872528
70000971804.368927
70000659258.089920
70000155943.744400
70000462283.559921
70000964247.026169
70000329438.828613
70000154309.093307
70000139967.052658
0.33
 0 0 0 0 0 0 0 0 0 0 0 0 0
