1 401
70000756526.025803
70000648641.086517
70000965192.096069
70000398812.108627
70000823450.122192
70000713457.811661
70000484084.410477
70000035231.153702
70000582664.354218
70000856705.736328
1.000000
70000049888.399429
70000681793.434067
70000589334.686554
70000727068.557358
70000901257.647903
70000707811.556976
1.000000
70000212236.525375
70000618679.060745
70000834929.648331
70000639197.738861
1.000000
70000341145.384827
70000621585.472656
70000202744.887772
1.000000
70000993051.636246
70000538677.619659
70000760476.105896
70000265581.564270
70000953727.967163
70000180141.079819
70000253647.190353
70000218763.776535
70000452520.056641
70000547215.106232
70000530662.401093
70000570427.152634
70000542670.972168
70000070018.871460
70000596638.313339
70000015869.549103
70000918670.884415
70000072598.848831
70000352169.231140
70000214669.252884
70000661464.966614
70000911776.666000
70000578899.636642
70000583508.148636
70000037736.137573
70000189497.356140
70000329108.801483
70000243592.831558
70000380317.533112
70000002115.517609
70000543797.029800
70000916035.974396
70000093592.188354
70000489640.718216
1.000000
70000551914.757278
70000730119.635040
70000476684.059357
70000510817.434967
70000126446.841034
70000610143.662720
70000580019.787109
70000596933.815231
70000165258.290115
70000702538.058990
70000265512.367645
1.000000
70000365646.654099
70000984323.120224
1.000000
70000411246.451096
70000365678.791809
1.000000
70000496526.172379
70000926486.286163
70000051137.807114
70000525842.928436
70000811030.443558
1.000000
70000104784.260117
70000390410.353836
70000526634.925171
70000484170.375885
70000493229.021851
70000147859.443024
70000451418.737564
70000663097.432739
70000027582.189209
70000370211.018906
70000367146.675034
70000196870.843704
70000288441.016586
70000204498.479080
1.000000
70000521507.366013
70000834231.633591
70000059495.476868
70000553227.441757
70000783498.722946
70000934516.731491
70000979281.117249
70000591741.120743
70000194389.315536
70000337728.390610
70000382034.420853
70000557452.271790
1.000000
1.000000
70000050032.008286
70000531941.042984
70000200942.884720
70000707270.153702
70000698447.348419
70000794280.501892
70000117789.176270
70000082888.881424
70000964553.524200
70000656572.076492
70000808466.003052
1.000000
70000487222.270676
70000453707.231445
1.000000
70000772673.364670
70000174774.666260
70000127996.155411
70000423401.692627
70000942337.444641
70000079770.767593
70000487805.160248
70000648134.637436
70000328781.242996
70000720934.834763
70000818213.740906
70000302487.214157
70000384951.769455
70000861913.665512
70000153558.748886
70000876172.196411
70000547505.188477
70000630750.644043
70000104386.190033
70000606089.087616
70000703255.115677
70000544746.777802
70000477468.843216
70000445046.717911
70000912614.968948
70000633408.349045
70000137494.737732
70000415916.681458
70000254195.559586
70000793742.616669
70000562450.970978
70000605845.321243
70000917325.439056
70000067102.354706
70000623220.534775
70000913090.220734
70000903443.767746
70000235259.949554
70000274544.299728
70000523731.676758
70000895991.423523
1.000000
70000063974.507462
70000186051.090500
70000442275.678177
70000442270.823669
70000788689.864502
70000080683.621399
70000956613.145645
70000497263.689758
70000773875.902832
70000815774.852448
70000532574.240524
70000919709.146210
70000734910.526901
70000287770.192032
70000454990.743149
70000916722.132675
70000321907.438843
70000915423.074280
70000919798.033798
70000325346.967453
70000949744.323959
70000886436.363663
70000686131.533340
70000444230.241806
70000240981.005417
70000006403.759796
70000914392.457687
70000642402.622925
70000045129.087982
70000543964.986237
70000845115.202194
70000412824.600082
70000286200.093292
70000328742.574203
70000356931.339722
1.000000
70000804847.846375
70000620038.210052
70000497475.903015
70000621006.129196
70000885103.719345
70000629602.068253
70000882626.622574
70000672710.947861
70000507118.251526
70000167295.463318
70000652620.174835
70000567292.177811
70000460602.611740
70000370742.521622
70000863459.664444
70000353108.651581
70000209811.632584
70000903646.652176
70000810419.377838
70000959618.323517
70000354481.652924
70000282358.384460
70000189419.518051
70000814165.341766
70000739096.279221
70000962580.848633
70000771877.489319
70000492876.959763
70000015612.743362
70000124186.857956
70000435866.349884
70000137518.927597
70000900972.392929
70000439907.548096
70000473988.319412
70000755425.509415
70000378279.123199
70000039333.098114
70000377639.400208
70000000672.465851
70000273237.368271
70000551120.238983
70000042265.022705
70000640162.720627
70000401600.506653
70000103548.808823
70000924134.063751
70000824985.972214
70000811471.765640
70000868755.416092
70000355070.827026
70000488651.453430
70000005348.508163
70000133141.082932
70000426472.543350
70000845700.817322
70000266627.475830
70000243373.580582
70000183446.361542
70000854789.422150
70000188620.804108
70000353362.274658
70000822745.557526
70000037154.555923
70000715727.397385
70000404253.717041
70000857903.733963
70000760435.087540
70000889728.764801
70000429452.025436
1.000000
70000906937.480957
70000388322.313538
70000339321.713333
70000886511.017517
70000494410.008881
70000716508.677429
70000941182.877365
70000373985.553131
70000378884.919067
70000839445.702271
70000522801.541534
70000649865.453873
70000975815.281967
70000984059.017075
70000438726.908417
70000587964.466293
70000270142.185425
1.000000
70000443857.302155
70000074615.384979
70000158385.921967
1.000000
70000145074.009613
70000945623.507263
70000070362.494400
70000509444.875366
70000795353.492859
70000484153.116135
70000665876.248016
70000829989.004456
70000187579.286606
1.000000
70000263036.651031
70000300508.550095
70000249696.881409
1.000000
70000126381.472778
70000863826.224365
70000160980.533356
70000090700.128479
70000414385.265457
70000053652.456528
70000099643.313080
70000985958.130966
70000561293.778122
70000181357.610260
70000976042.834427
70000168523.034042
70000752820.003571
70000091159.654892
1.000000
70000766020.341934
70000969004.950821
70000125922.803970
70000917626.922516
70000802972.201569
70000004882.176300
70000404193.287247
70000827020.905624
70000797950.421158
70000021811.748566
70000285061.461411
70000446072.826843
70000516477.772217
70000675828.793259
70000786801.009140
70000174593.307816
70000228073.239166
70000336627.086685
70000021180.651642
70000645860.425095
70000901386.104950
70000464364.836945
70000870458.353638
70000374477.598038
1.000000
70000481216.187378
70000819338.821106
70000245630.074814
70000087819.233078
70000302117.910690
70000881780.849319
70000463543.700684
70000538479.580139
70000866160.789871
70000762127.621506
70000401132.081177
70000880892.064453
70000470362.843246
70000714478.218460
70000295575.401596
70000798748.165329
70000686184.105698
70000334772.119675
70000323914.838821
70000901045.983170
70000798813.326553
70000772494.452194
70000750969.366547
70000106520.727142
70000482029.028366
70000153181.667938
70000322488.449188
70000825772.513565
70000246770.054382
1.000000
70000079406.506760
70000263914.901138
70000085495.248291
70000429974.538116
70000579535.932693
70000102264.608353
70000440430.917007
70000634687.824921
70000354177.065979
70000010092.667664
70000315591.306259
70000365505.009476
70000272108.135391
70000858903.193451
70000583013.153137
0.33
 0 0 0 0 0 0 0 0 0 0 0 0 0
