1 401
70000680245.819122
70000812541.810303
70000860756.552322
70000889455.660278
70000970992.527893
70000092934.373886
70000773958.852554
70000919666.679581
70000980794.422638
70000153399.733719
70000198209.439590
70000103518.496338
70000700915.425888
70000439706.292038
70000183529.532242
70000174267.776215
70000001389.880432
70000652827.692886
70000620281.006500
70000826223.272125
70000592576.847092
70000652041.128860
70000588909.125793
70000007408.512512
70000313701.626511
1.000000
70000650235.039047
70000526155.467010
70000095910.674026
70000133185.462128
1.000000
70000393306.652878
70000701409.491135
70000683880.230087
70000873509.873856
70000244767.190979
70000035120.267227
70000863188.540161
70000725972.477249
70000697680.463379
70000853866.469391
70000103670.910400
70000401453.700333
70000550505.706070
70000659268.920731
70000521130.692947
70000083916.432877
70000247001.835861
70000007789.743408
70000793332.054474
70000374591.617523
70000847007.862854
70000473242.267532
70000943646.349792
70000870001.158813
70000553600.352966
70000965456.770859
70000081346.900482
70000335056.531631
70000597828.773880
70000566739.835281
70000549876.131393
70000548501.077194
70000027569.690048
70000463278.485657
70000051605.890045
70000438840.624542
70000881567.638229
70000855983.255188
70000878994.963745
70000647618.737488
70000036753.111145
70000242113.079468
70000098167.728500
70000564846.893631
70000646492.657867
70000336793.206451
70000950901.560211
70000683744.592285
70000001781.170288
70000266902.137268
70000098716.339813
70000439798.642258
70000854848.324219
70000268445.754654
70000462779.884293
70000062711.579636
70000265483.034958
70000273377.980774
70000373697.383530
70000943056.397720
70000371458.803406
70000592153.316391
70000757007.094238
70000139722.979218
70000813213.305252
70000561176.697327
70000948111.096786
1.000000
70000307455.536652
1.000000
70000203697.965378
70000550431.260300
70000688627.272247
70000653483.739120
70000172739.633331
70000585272.070740
70000417036.847580
70000790735.759476
70000937193.581985
70000784455.246063
70000639897.296249
70000233091.258133
70000000336.810486
1.000000
70000632980.274231
70000525834.528809
70000273359.500214
70000227305.655701
70000136173.728851
70000980269.758560
70000520296.521439
70000408048.638443
70000524639.672531
70000075701.447998
1.000000
70000744711.873032
70000318261.967682
70000721544.614655
70000028678.786346
70000086802.740082
70000681595.798294
70000532216.041870
1.000000
70000240570.117905
70000855003.287949
70000636200.610062
1.000000
70000711681.285645
70000530829.401733
70000791705.456635
70000054978.446899
70000576345.761047
70000310306.389252
70000972071.448105
70000107837.796829
70000236137.073700
1.000000
70000830093.875290
70000888760.478622
70000563544.226440
70000087353.362061
70000897332.253235
70000968083.894028
70000843917.270691
70000970522.002228
70000814462.670410
70000583746.440155
70000426418.229050
70000886761.850693
70000059577.071747
70000964086.802444
70000219915.923447
70000299743.784515
70000768681.904266
70000821271.007111
70000048915.058350
70000649270.105164
1.000000
70000995795.744461
70000262757.062836
70000271984.675842
70000509108.189514
70000166746.965988
1.000000
70000785006.128479
70000539854.885208
70000333424.163452
70000159797.583969
70000168870.396332
70000034092.671692
70000477747.215225
1.000000
70000351660.114151
70000838710.718689
70000949364.664658
1.000000
70000518655.208984
70000530206.051041
70000196835.382080
70000685061.288162
70000311126.472107
70000909051.579086
70000482586.021088
70000236193.610382
1.000000
70000152719.486145
70000892079.196945
70000417228.094437
70000535813.491257
70000798051.631104
70000917522.606308
70000059184.025925
70000308904.360413
70000322388.582184
70000344918.145859
70000139498.109238
70000731423.628906
70000172114.883041
70000700003.004700
70000108050.641678
70000521912.796875
1.000000
70000320656.915634
70000958970.614197
70000922052.175964
70000355280.221939
70000792376.676651
70000714646.244751
70000483966.585754
70000107832.227066
70000005162.150467
70000291487.755615
70000401104.554886
70000772526.536758
70000125578.522675
70000825506.302353
1.000000
70000100258.627426
70000209549.267075
70000574341.563583
70000325817.421631
70000178057.907639
70000271573.146622
1.000000
70000897707.791428
70000302037.374435
70000559295.502716
70000642215.161453
70000809308.621048
70000469068.852676
70000325482.003021
70000770131.759995
70000785624.362686
1.000000
70000291010.831024
70000276540.383820
70000916297.530518
70000767257.165665
70000943081.394547
70000885994.075775
70000132563.864761
70000824287.369156
70000826368.701584
70000534392.290482
70000104608.513504
70000989287.836731
70000808020.013275
70000541244.629349
70000019219.791687
70000954706.284546
70000839051.899124
70000498326.357513
70000427800.564011
70000540252.200165
70000320112.757996
70000696600.134064
70000659842.870270
70000324180.529434
70000048476.218048
70000976652.132080
70000278193.179062
70000773727.334686
70000385039.668518
70000876417.132904
70000308243.519073
70000217038.297882
70000725014.178925
70000197607.219376
70000774546.461594
70000824064.539581
70000695716.096588
70000768171.683685
70000807742.311066
70000873791.098785
70000904089.335480
70000795465.896652
70000994467.808472
1.000000
70000342273.706009
70000755006.046265
70000204853.123169
70000971223.589096
70000676101.177139
70000100904.676422
70000704671.812836
70000470149.289230
70000561410.504013
1.000000
70000341883.082901
70000752714.717285
70000798688.382065
1.000000
70000857540.318344
70000809875.490616
70000882290.654190
70000402101.645157
70000971176.874496
70000418699.509430
70000246214.035553
70000842603.201248
1.000000
70000766920.417145
1.000000
70000004617.105698
70000570714.510635
70000687408.036209
70000864955.832138
70000791881.970459
70000864156.995911
70000155618.389984
70000069974.181335
70000580518.238968
70000877673.602829
70000186349.426804
70000671725.498917
70000104341.202942
70000866549.580811
70000619995.401031
1.000000
1.000000
70000328339.356598
70000101139.687683
70000135004.982437
70000793204.470444
70000137910.796463
70000813361.955154
70000885917.225021
70000971038.150467
70000155274.071793
70000584703.142792
70000935755.494080
70000197675.941345
70000867974.078705
70000982746.627670
70000990431.458466
70000446008.038361
1.000000
70000907334.657349
70000549237.364624
70000196859.352509
70000957254.944839
70000792041.363586
70000533406.373444
70000487004.645676
70000293130.688354
70000884870.199020
70000554529.580185
70000221059.722412
70000985500.435440
70000345140.806137
70000376345.623184
70000905293.133331
70000632123.710526
70000081147.926987
70000949164.117157
70000480495.952499
70000133463.541626
70000276953.311432
70000203352.060196
70000955137.425003
70000146383.542709
70000354144.481232
70000038306.765884
70000859165.122253
70000593629.705124
70000992200.788986
70000665436.206726
1.000000
70000549230.333344
70000312210.481705
70000252241.828003
1.000000
70000484360.096695
70000981923.398727
70000381842.483688
70000304538.840103
70000050817.780502
70000130848.333054
70000460579.610657
70000905236.910797
70000058755.401917
70000196365.863785
70000545568.563095
70000515974.716461
70000059360.609207
70000656998.372665
70000839681.186188
70000572235.051743
70000186115.618942
0.33
 0 0 0 0 0 0 0 0 0 0 0 0 0
