1 401
70000672405.176651
70000421640.289444
1.000000
70000490988.945404
70000545225.502304
70000212756.266571
70000108293.252930
70000966103.273361
70000872729.573120
70000906164.235840
70000157139.691238
70000310141.623215
70000391341.432205
70000876378.554626
70000731180.135300
70000184506.800369
70000974354.770416
70000433447.443085
1.000000
70000883829.004776
70000855736.584152
70000324444.421143
70000556099.075928
70000609975.835144
70000704091.323242
70000229186.794327
70000255275.555679
70000401479.484482
70000153016.653931
70000546225.724030
1.000000
70000504693.953842
70000869606.600586
70000119377.562500
70000125800.650314
70000010616.874390
70000139154.988525
1.000000
70000119944.505371
1.000000
70000914009.257523
70000736913.480469
70000025467.436676
70000344182.183029
70000263301.629471
70000205633.291595
70000900628.693588
70000827628.123550
70000560192.133881
70000291047.191925
70000207467.232422
70000048309.342957
70000855253.708176
70000523928.606720
70000720542.660568
70000687970.486755
70000522719.273453
70000260262.952286
70000492511.694641
70000053108.879364
70000776659.567154
70000847855.720810
70000718181.968826
1.000000
70000061549.863388
70000285169.820023
1.000000
70000612829.267258
1.000000
70000891899.499237
70000094938.188614
70000658269.520126
1.000000
70000933208.173264
70000201220.196243
70000907107.349304
70000296799.270569
70000745015.434341
70000090248.623688
70000323903.681763
70000403246.246887
70000636600.131134
70000950580.594009
70000714613.600800
70000450465.614182
70000606985.583466
70000504729.001465
70000964527.642685
70000191669.897705
70000871092.536682
70000309120.349152
70000696104.252350
70000518164.725677
1.000000
70000418706.710449
70000083522.998245
1.000000
70000460521.045624
70000070734.784210
70000843029.589401
70000679023.503540
70000867592.675339
70000216590.497467
70000106097.711792
70000208069.836288
70000397252.097351
70000590934.241516
70000151285.276718
70000620051.588165
70000244009.893295
70000912421.493454
70000362518.870697
70000497964.179947
70000875935.932251
70000689431.766556
70000846503.688980
70000721074.158966
70000246656.368820
70000235365.228424
70000069404.116318
70000693580.756180
1.000000
1.000000
70000109693.602432
70000567381.611816
70000348719.763184
70000029398.849457
70000213738.919357
70000963680.271347
70000486040.761139
70000846991.490952
70000937997.725052
70000768697.964279
1.000000
70000962661.316666
70000555757.863571
70000808293.201843
70000630978.021210
70000393162.891113
70000821895.031021
70000070686.410812
70000620791.145782
70000592325.238678
70000985693.039856
70000178931.371475
70000304953.944489
1.000000
70000080619.216812
70000140818.315857
70000810909.287216
70000331276.479996
70000586773.408691
70000709795.445404
70000398516.930542
70000062924.869522
70000473809.416168
70000933085.234299
70000019743.150711
70000263140.780090
70000874453.674728
70000151811.154434
1.000000
70000777075.275497
70000521106.938461
70000898031.227615
70000171569.754303
70000393116.043777
70000392872.396255
70000588759.727524
70000196965.376404
70000607943.171722
1.000000
70000866563.299133
70000711018.175568
70000444278.065308
70000227163.469406
70000670617.164398
70000846903.971130
70000853742.430954
1.000000
70000141436.539932
70000219397.317200
70000129128.620667
70000698972.238373
70000537146.335617
70000150444.420944
70000681948.585220
70000308893.086380
70000017794.440842
70000627777.402527
70000131949.574585
70000542896.423660
70000573366.261719
70000835196.249298
70000545535.050507
70000287152.543259
70000837763.747238
70000942231.455063
70000822928.493362
70000266241.705185
70000547587.867783
70000533129.104065
70000510735.993912
1.000000
70000580580.377487
70000360198.752396
70000723534.720215
70000740737.184891
70000605273.902069
70000039408.634125
70000700549.040955
70000697161.045975
70000126185.683212
70000759449.423965
70000279835.469147
70000290330.778488
70000083540.285202
70000672007.836761
70000868416.318039
1.000000
70000955345.318802
70000025933.427460
70000785532.896225
70000029450.082901
70000696524.902176
70000414572.759186
70000877092.121872
70000249539.106750
70000653200.541107
70000557690.951950
70000187209.089081
70000402235.628189
70000511985.713379
70000339036.329300
70000212802.741516
70000182419.469833
70000391141.688812
70000670369.986328
70000917644.106323
70000263238.953186
70000743193.204254
70000460349.705750
70000900394.308609
70000760968.701965
70000733647.597656
70000100015.554138
70000747124.724121
70000353228.927429
70000785440.485687
70000701851.096695
70000336413.292053
70000052238.728134
70000949728.946594
70000386848.480392
70000123982.502472
70000775802.570221
1.000000
70000687348.215729
70000241540.947205
70000784600.625900
70000491940.863464
70000458418.418152
70000287390.433762
70000067711.304779
70000654269.379654
70000257199.743362
70000815938.685364
1.000000
70000985603.580246
1.000000
70000046752.361069
70000140594.869675
70000158995.323334
70000221757.741135
70000161647.491898
70000033822.120667
70000285467.400116
70000553314.042358
70000008776.430618
70000897137.781418
70000014858.864532
1.000000
1.000000
70000136426.191147
70000343142.522125
70000005042.279190
70000136948.521683
70000744879.415268
70000183497.624908
70000418286.463821
70000142306.384094
70000259118.871689
70000404347.772690
70000683237.758118
70000711914.942947
70000510890.381638
70000397973.378067
1.000000
70000274861.875092
70000311348.412491
70000883143.609375
70000454553.148087
70000185034.943115
70000543272.272064
70000981867.006485
70000735252.320236
70000039313.713242
70000266109.220581
70000438565.344299
70000173156.544357
70000615912.990982
70000497848.508850
70000590192.813354
70000272674.642593
70000760842.494904
70000011942.080704
70000996874.313141
70000080025.816940
70000987320.453445
70000178837.006393
70000081383.041550
70000367946.456818
70000653444.713135
70000564712.453949
70000229662.103409
70000000363.210571
70000533138.031601
70000237427.273407
70000912494.159622
70000167779.187485
70000419502.772949
70000242085.010330
70000349705.759079
70000724350.472305
70000233099.007645
70000920669.371735
70000210593.747681
70000143270.391266
70000487121.071136
70000803572.758224
70000947763.806000
70000622247.294754
70000881046.860672
70000362778.084442
1.000000
70000266747.604202
70000679092.679962
70000473115.028091
70000765687.522537
70000305376.609451
70000806675.287277
70000784463.177628
70000813251.910461
70000561357.508224
1.000000
70000416307.665100
70000430221.737320
70000752589.948944
70000751242.565506
70000636995.064026
70000047578.909439
70000035585.117233
70000416532.825378
70000439491.610367
70000575780.811401
70000288990.716888
70000962050.993256
70000300329.322449
70000664992.654236
70000726682.550476
70000513435.625565
70000382202.260666
70000682093.392746
70000064657.837814
70000338940.560501
70000106466.611786
70000947356.060776
70000403009.039536
70000032018.566940
70000848331.281891
70000873202.981659
70000733664.058075
70000341272.128967
70000419944.207672
70000059419.558838
70000775634.592072
1.000000
70000813669.528244
70000864380.826355
70000672146.871140
70000441301.977722
70000838909.053009
1.000000
70000255024.714157
70000649573.055405
70000723492.763794
70000678149.601715
70000806237.845627
70000291769.755310
70000416014.639969
0.33
 0 0 0 0 0 0 0 0 0 0 0 0 0
