1 401
70000004774.366547
70000180331.242264
70000116732.330124
70000652978.790329
1.000000
70000719524.756683
70000348306.805740
70000977802.066177
70000339372.736923
70000013461.021851
1.000000
70000948806.021027
70000051436.017807
70000687717.429428
70000810629.585632
70000470180.223572
70000343594.302139
70000561362.275757
70000770958.071243
70000710660.110291
70000063686.955002
70000723117.962769
70000360951.339066
1.000000
70000910795.652283
70000035054.634048
1.000000
70000912543.349060
70000009307.973740
70000045978.922485
70000882417.104691
70000119944.891083
70000377399.342651
1.000000
70000451292.533691
70000876486.210297
70000186545.438187
70000860033.694000
70000479416.246597
1.000000
70000462247.685226
70000977004.282928
70000988610.409393
70000186977.617325
70000591419.800598
70000946906.134888
70000561319.065582
70000201404.723267
70000218971.324158
70000700218.906189
70000698012.854095
70000232279.650711
70000185926.712219
1.000000
70000564682.798477
1.000000
70000846929.902710
70000543062.942291
70000220975.243317
70000411620.898743
70000012669.339661
70000179177.090775
70000026681.559708
70000751969.380936
70000796626.272537
70000363889.513306
70000310420.173248
70000674472.784225
70000742555.172089
70000929157.985382
1.000000
70000913285.355545
70000420098.086411
70000279148.663330
70000814057.875732
70000404686.343445
70000323958.912064
70000755502.854202
70000183383.466537
70000054646.498367
70000067883.168121
70000123907.048111
70000329832.463058
70000433323.644348
70000141844.652451
70000974507.110825
70000148847.930923
70000200115.573868
70000398374.368103
70000395135.038605
70000314480.233658
70000058332.153778
70000381237.531235
70000870520.725861
70000935216.942139
70000724350.215668
70000709147.903641
70000951122.034836
70000130848.674606
70000568489.094254
70000219908.654282
70000576559.882278
70000600111.330322
70000556783.618149
70000108118.770493
70000937367.946533
70000494602.924850
70000569718.523163
70000927854.506348
70000558750.802094
70000472395.935333
70000135039.056595
70000702332.978989
70000477079.733200
70000682119.100250
70000734918.350311
1.000000
70000697526.884079
70000055346.604507
70000601231.443481
70000937788.873917
70000313084.440964
70000946458.127518
1.000000
70000286122.219238
70000029103.772629
70000716785.749496
70000842236.935318
1.000000
70000237871.976562
70000078591.767868
70000827192.115616
70000307737.772736
70000108903.390930
70000447109.160248
70000739207.709412
70000975153.660294
70000773494.098007
70000239596.205963
70000837598.433594
70000064056.230118
70000613883.037064
70000942094.946060
70000167583.088440
70000074175.656235
70000774783.723633
70000960648.626389
70000773681.652695
70000226200.643082
70000578350.278976
70000703968.669052
70000408124.279449
70000482649.054016
70000996573.967453
70000510296.533813
70000561716.868408
70000677442.265915
1.000000
70000937656.360138
70000360129.134872
70000569763.018616
70000449892.315720
70000283762.435928
70000704021.294174
70000763623.193298
70000155695.552734
70000807310.450333
70000071731.644943
70000651050.728500
70000618666.361160
70000147935.756775
70000247852.834564
70000619311.528702
1.000000
70000358020.693634
70000732912.128693
70000601735.048935
70000733506.499710
70000983727.928131
70000931755.474869
70000565800.851151
70000991462.812607
70000742902.675598
70000131147.955185
70000840806.367874
70000895501.488190
70000228505.351685
70000514040.351837
70000527176.734085
70000722682.144073
70000789515.206528
70000542332.321060
70000679643.042770
70000453556.018890
70000480511.931793
70000306470.432205
1.000000
70000187772.552536
70000235188.804596
70000163692.225067
70000398978.369492
70000033321.625824
1.000000
70000258435.104141
70000890651.582581
70000133129.737106
70000258832.806137
70000926717.338440
70000606465.637253
70000758107.000320
70000444087.373077
1.000000
70000864406.041199
70000933715.506989
70000835216.298706
70000124021.714325
70000101703.972046
70000956167.655472
70000054190.867844
70000801148.791351
70000088486.852676
70000379691.369217
70000835854.754822
70000010092.889633
70000297559.511765
70000885631.931671
70000780413.326660
70000679986.888107
70000542652.796921
70000189930.648132
70000532800.611908
70000193201.225845
70000304053.043198
70000049124.726456
70000018084.640503
70000037068.901123
70000911602.114319
70000027189.481049
70000833622.943985
70000977453.154114
70000701782.064301
1.000000
1.000000
70000413665.798035
70000040466.615356
70000960063.102600
70000002755.182770
70000284180.255829
70000240693.149002
70000281389.167908
70000839746.243118
70000864848.657181
70000631953.267776
70000203530.252502
70000162738.454559
70000207916.069153
70000628994.033600
70000433174.708145
1.000000
70000045627.861938
70000775719.231033
70000248258.821503
70000412364.803024
70000431224.317810
70000455630.690216
70000110349.643982
1.000000
1.000000
70000220627.088699
70000052575.705551
70000606159.075089
70000008504.824188
70000179072.271164
70000845735.218353
70000697383.074158
70000317468.210846
70000197252.559570
70000042324.353333
70000943633.650848
70000170824.038467
70000388507.185760
70000066695.410309
70000237429.622299
70000428220.332794
70000629667.840271
70000994133.225967
70000712994.654358
70000170229.603027
70000534130.705963
70000240422.214615
70000479825.125015
70000266022.538284
70000793700.586502
70000795608.858200
70000322374.803085
70000351995.483551
70000521362.837509
70000507878.516159
70000189448.033432
70000641754.739304
70000730845.626205
70000113041.119644
70000317876.747986
70000102194.752762
70000524468.892624
70000163778.915619
70000451382.423813
70000411266.496582
70000006224.845322
1.000000
70000851863.173904
70000850081.121399
70000403680.760620
70000969371.941437
70000577801.982422
70000009001.538544
70000548202.142517
70000411063.986771
70000924422.635437
70000458612.656509
70000256652.778854
70000971916.855804
70000575749.284561
70000591644.684860
70000666752.859879
70000355062.632950
70000352610.676819
70000114080.691727
70000638700.120575
70000613058.042084
70000928378.697220
70000424443.029083
70000909662.686691
70000281501.106628
70000628945.710938
1.000000
70000806457.421844
70000626425.339752
70000702840.317688
70000290780.045120
70000883658.373718
70000422685.167725
70000278407.962341
70000744948.228745
70000299333.243149
70000051770.925720
70000878020.521637
70000193463.958878
70000235410.203247
70000340190.613556
70000802470.135605
70000354507.138611
70000030820.304443
70000268469.138916
70000167547.672012
70000094665.424500
70000009313.846893
70000462701.830185
1.000000
70000524455.444946
70000639742.889709
70000110487.595795
70000322794.022705
70000543776.163544
70000696940.063721
70000470585.437790
70000051481.700912
70000789636.168472
70000606630.886810
70000455314.870987
70000394165.475250
70000007204.683563
1.000000
1.000000
70000067170.770981
70000624379.909714
70000499664.635468
70000820374.203873
70000568984.470322
70000406095.915192
70000848147.456924
70000313915.301132
70000058418.433060
70000672575.173737
70000603691.134171
70000444616.090591
70000761393.093048
70000223811.792709
70000320942.767166
70000538746.256790
70000019741.553040
70000663003.307846
70000245304.401184
70000518924.034622
70000853628.265732
70000814342.507706
70000681147.557602
70000619317.199265
70000772582.885483
1.000000
0.33
 0 0 0 0 0 0 0 0 0 0 0 0 0
