1 401
70000265910.193802
70000896956.867401
70000160643.495392
70000236134.752991
70000637900.201721
70000596745.871017
70000758791.660492
70000606305.033020
70000772250.258530
70000671886.571930
70000220897.521194
70000971902.748444
1.000000
70000136930.073227
70000880962.254364
70000611025.300491
70000127105.076202
1.000000
70000035066.522995
70000449012.520889
1.000000
70000956898.632812
70000026253.200104
70000655026.280228
70000414043.574295
70000504964.430893
70000601318.720398
1.000000
70000432502.678802
70000413956.352310
1.000000
70000920980.446579
70000466234.365845
70000255851.456696
70000595657.673309
70000552774.395309
70000741017.782150
70000232810.419708
70000032358.893936
70000050557.726349
1.000000
70000547846.243637
70000821447.818771
70000210005.423309
70000309894.217514
70000883773.070526
70000458479.759491
70000682505.945740
70000802769.354538
70000750815.836563
70000775150.118256
70000065445.271927
70000271163.244446
1.000000
70000675859.203629
70000730133.478119
70000682875.240662
70000503201.411392
70000007216.855392
70000684332.615891
70000711190.039352
70000172212.817764
70000338211.260452
70000233025.205338
70000829490.051895
70000837720.558731
70000791048.988632
1.000000
70000864786.537079
1.000000
70000137079.726379
70000996172.554703
70000325889.641830
70000000580.958176
1.000000
70000981152.244385
70000826938.880920
70000791416.159073
70000744260.305344
70000566700.085632
70000341991.453323
70000389138.477905
70000958511.954697
70000346921.311218
70000167147.012772
70000522235.293503
70000687367.517685
70000738951.621323
70000385876.562851
70000467228.425262
70000576664.816925
70000339086.858292
70000250394.896194
70000399329.338684
70000249076.919434
70000047194.801804
1.000000
70000865810.449524
70000584471.497513
70000734191.316162
70000115571.574753
70000197754.715820
70000648121.894165
1.000000
70000977605.742310
70000537470.860764
70000597168.071198
70000612544.975769
70000428106.224640
70000642078.572708
70000100437.564255
1.000000
70000792384.637299
70000183427.416245
70000539581.689987
70000741294.858124
70000886019.867294
70000214789.135666
70000282199.208588
70000722491.241943
70000913191.635117
70000469076.303467
70000969209.535629
1.000000
70000528334.756714
70000701889.535233
70000839953.246323
70000610247.343460
70000985075.544098
70000416449.659897
70000611780.412369
70000115216.541382
1.000000
70000744648.977341
70000436166.032272
70000848923.360153
70000520611.613724
70000369024.825180
70000459889.181458
70000647808.983978
70000468286.633804
70000725832.874466
1.000000
70000156664.311722
70000157022.940048
70000790079.950653
70000719614.155472
70000220395.225235
70000999205.322952
70000885217.392975
70000295169.013275
70000986859.248489
70000878725.146439
70000755005.412125
70000451071.915558
70000156805.951584
70000529351.746887
1.000000
70000047877.551895
70000467901.099869
70000043331.731262
70000377682.343185
70000816296.878799
70000877299.044357
70000650408.301743
70000235936.804367
70000027429.287949
70000921118.987305
70000377691.839661
70000033320.038391
70000885336.231552
70000655895.887177
70000450086.632538
70000336205.934525
70000929304.881683
70000958582.424423
70000483019.273193
70000338206.994995
70000254798.704422
1.000000
70000481575.786362
70000358191.646057
70000685536.674362
70000973253.980316
70000969337.385132
70000927368.751282
70000734218.208160
70000919277.822311
70000317136.226974
70000226800.515030
70000899949.317810
70000163476.380997
70000086509.972092
70000317040.939178
70000338951.422073
70000058472.966034
70000822324.892853
70000624886.174393
70000300679.296967
70000204485.125580
70000043912.454178
70000511346.651474
70000719259.062836
70000513294.843597
70000326429.436356
70000139764.604538
70000775826.530243
70000814705.348022
70000252384.165878
70000267071.040619
70000577777.605621
70000427772.148987
70000933679.586624
70000194059.468872
70000286625.507782
70000511142.976181
70000293342.282654
70000922317.328201
70000837258.114136
70000901152.311768
70000965037.011810
70000955111.787277
70000878743.599442
70000377239.548279
70000345222.982361
70000607978.375549
70000871083.348892
70000870320.368103
70000841768.079453
70000222794.946365
70000406008.618362
70000979678.797424
70000649367.885513
70000812014.003891
70000195375.953934
70000106441.866165
70000049612.064041
70000135338.960510
70000641386.226868
70000490487.249786
70000325739.776993
70000319229.896179
70000273785.471634
70000660339.082870
1.000000
70000075784.743881
70000898143.254486
70000211816.052414
70000505682.809845
70000055572.059647
70000612484.809921
70000523263.279861
70000118060.432831
70000844049.643631
70000707221.800491
70000303754.972214
70000364385.292023
70000119746.736328
70000978653.044861
70000016025.253983
70000437673.216034
70000119129.920105
70000985955.544510
70000574391.412399
1.000000
70000105748.238449
70000987479.674973
70000254306.168869
70000093441.744736
70000833079.521072
70000744183.238693
1.000000
70000994433.347885
70000724852.522263
1.000000
70000344535.745316
70000979427.121246
70000380045.957123
70000858805.188644
70000975944.249191
1.000000
70000016903.306473
70000409175.431519
70000946112.725525
1.000000
70000856274.761581
70000196115.653748
70000045923.476456
70000918490.084717
70000432480.763779
70000726019.285675
70000205411.094574
70000712595.651443
70000903354.930283
70000310503.623215
70000191199.000366
70000565011.724518
70000459176.253586
70000273024.948990
70000953920.657501
70000723642.024673
70000057634.182816
70000385928.156433
70000600036.133881
70000495743.728226
70000209264.535400
70000583483.995438
70000668274.481094
70000100351.134232
70000625312.882004
70000696079.580994
70000149622.867737
70000714486.484497
70000433500.530960
70000403051.186417
70000572594.382935
70000415748.661133
70000327032.690948
70000075405.683273
70000634792.110687
70000283896.274902
70000100425.079529
70000169234.435379
70000917680.885544
70000035126.264404
70000549324.921722
70000359802.695816
70000209606.694717
70000078445.883804
70000682159.870407
70000854509.169525
70000945022.790604
70000282969.546188
70000135321.383835
70000455547.350708
70000667618.037598
70000449739.306808
70000356787.187927
70000986607.519745
70000940443.088150
70000659162.807678
70000373956.150574
70000811277.198563
70000808671.726456
70000703416.649460
70000626971.741318
70000326404.448669
70000242161.323883
70000320269.449387
70000664821.060944
70000837145.572525
70000259437.550140
70000024835.473038
70000869268.113556
70000466552.297546
70000738010.259506
70000435480.210251
70000391744.400177
70000549292.694763
70000351102.617294
70000884925.873428
70000059803.019501
70000680733.594818
70000324563.722397
70000041149.160263
70000973541.736053
70000914830.074905
1.000000
70000676862.611649
70000771856.712494
70000816914.388184
70000967822.874023
70000732532.331360
70000140909.709198
70000265988.188568
70000273394.504974
70000013146.399567
70000553452.740585
70000519638.440201
70000757940.420731
70000334410.061218
70000859597.346298
70000065729.162308
70000640889.395142
70000664446.097549
70000652374.745850
70000338243.414642
70000513562.557892
70000379933.860809
70000535280.342697
70000382853.707001
70000088645.137253
70000838356.359680
70000395195.766846
70000552781.194992
70000395974.474152
70000238864.998688
1.000000
70000715438.866028
70000819701.317001
0.33
 0 0 0 0 0 0 0 0 0 0 0 0 0
