1 401
70000520745.157303
70000056860.416367
1.000000
70000059934.521515
70000932122.882523
70000227879.803162
70000347557.200165
1.000000
70000117013.815247
70000670449.706696
70000455407.844467
70000258607.059219
70000057918.065155
1.000000
70000375192.917679
70000012560.656281
70000635913.504669
70000198907.720230
70000009558.185089
70000925466.493378
70000526545.543472
70000867305.187775
70000428498.698730
70000269998.485657
70000416173.467712
70000912878.172241
70000905167.331787
70000247783.579330
70000002860.902084
70000347186.976669
70000029210.391556
70000176910.166565
70000518040.632751
70000390877.431000
70000066351.619949
70000268453.142776
70000555742.823288
1.000000
70000349793.871140
70000084198.003815
70000552237.500946
70000487497.842941
70000871599.484909
70000854342.166473
70000227194.128387
70000888835.016907
70000379892.104996
70000420915.662064
70000180791.906082
70000912641.251266
70000940328.418396
70000413461.079758
70000867804.022598
70000061021.496811
70000964693.907333
70000825274.334381
70000331146.817490
70000508394.766037
70000937622.081268
70000459377.199722
70000350093.667618
70000509221.150650
70000382439.514648
70000270188.509079
70000175180.242493
70000211124.752090
70000460382.082870
70000521958.185989
70000025853.489029
70000896405.676926
70000496775.979477
70000392706.354828
70000639113.136307
70000530346.545135
70000465841.722733
70000646570.696625
70000987361.206146
70000024438.300568
70000414215.605820
70000375071.933472
70000702489.299423
70000080910.327835
70000476540.757019
70000051018.535538
70000899617.480545
70000296443.134109
70000415725.881027
70000402025.102798
70000678386.608871
70000167193.274307
70000516615.412247
70000973063.832916
70000448256.068436
70000252342.804306
70000465899.792130
70000247643.896835
70000733677.703369
70000199601.747864
70000529569.289764
70000575930.482086
70000312578.393951
70000966862.009354
70000048308.627884
1.000000
70000008282.888672
70000860324.965225
70000040334.673355
70000938752.016525
70000621615.037720
1.000000
70000859985.986984
70000713923.958481
70000537216.577362
70000795157.744049
1.000000
70000248476.414001
70000388806.478104
70000080609.878174
70000555070.160385
70000032060.190842
70000342382.503265
70000598729.007126
70000553798.051147
70000754539.175491
70000222690.768585
1.000000
70000650981.331696
70000855571.639023
70000931400.007248
70000207607.305389
1.000000
70000454707.589539
70000573265.862885
70000897248.794449
70000558633.448685
70000046550.002655
70000186672.689575
70000631878.663635
70000148438.941254
70000206455.490570
70000095471.515106
70000469904.751846
1.000000
70000809113.440826
70000905786.629837
70000372186.378403
70000940128.425949
70000917491.493927
70000454482.792877
70000355780.720505
70000535966.154419
70000725362.314148
70000537638.077988
70000805127.730515
70000564556.873978
70000292463.055435
70000653017.079315
70000334790.857986
70000863933.439468
70000095044.156738
70000272170.014343
70000857314.877014
70000843396.330322
70000193832.552490
70000588861.381531
70000137902.781738
70000860943.503647
70000181918.002411
70000199117.340042
70000005512.472092
70000134610.564407
70000455206.328033
70000545169.189011
70000787627.496216
70000481202.868881
70000924516.056229
70000293191.359283
70000582463.619049
70000402692.628952
70000589594.051910
70000868777.826355
1.000000
1.000000
70000223487.223022
70000854690.197281
70000042793.888626
70000295962.775543
70000255788.112595
70000895195.869904
70000031684.293991
70000832511.066437
70000628033.846558
70000484282.268494
70000682048.071243
70000098729.240845
70000610096.548386
70000806266.105255
70000740100.512207
70000873124.133530
70000201478.391068
70000189360.143265
70000301500.627441
70000652174.556915
70000733807.867722
70000206221.559937
70000112210.032669
70000882455.031738
70000130362.303726
70000220465.045959
70000051533.792786
70000695372.127136
70000790142.023514
70000509209.130478
70000003798.612823
70000715089.543701
70000772503.430801
70000598066.358063
70000588185.216156
70000550741.858124
70000425522.273544
70000124662.281677
1.000000
70000235757.859009
70000625104.119553
70000114151.586319
70000640139.015869
70000475607.801178
1.000000
70000739127.043839
70000659576.035690
70000348238.002090
70000721614.598633
70000953953.932114
70000469192.055206
70000283203.319260
70000010049.408844
70000625635.735306
70000550699.392441
70000945769.640182
70000303693.551620
70000830002.325989
70000927766.979050
70000047374.814346
70000093760.861969
70000959315.997528
70000526792.318787
70000373428.610886
1.000000
70000490949.940063
70000851591.800308
70000683789.668335
70000214017.916611
70000331425.201370
70000150593.794434
70000454536.336746
1.000000
70000162336.975052
70000698716.996353
1.000000
70000925251.918564
70000720155.659103
70000661063.069855
70000687005.552689
70000668051.352783
70000632360.494949
70000172589.869995
70000698475.725174
70000789750.417938
70000580067.888123
70000808847.596466
70000467637.446274
70000636311.545593
70000446228.993164
70000387762.436020
1.000000
70000467329.282486
70000629127.422028
70000766269.544632
70000036110.921524
70000406541.835297
70000839995.903015
70000750507.662613
70000124565.971375
70000679790.330154
70000774719.966492
70000304191.185349
70000100227.908966
70000545013.386475
70000674989.274979
70000213200.648575
70000984238.582123
70000661576.769531
70000403209.578293
70000590758.226501
70000725316.844696
70000513322.687836
70000812468.483292
70000094248.618729
70000104579.984406
70000770691.348160
70000506830.378113
70000983369.212402
70000119924.359375
70000396425.897720
70000294138.141312
1.000000
70000534377.142502
70000626095.756332
70000682478.152023
70000731173.557800
70000778096.204117
70000100381.727692
70000047751.645035
70000909958.714233
70000793171.772705
1.000000
70000191993.124008
1.000000
70000761706.069977
70000950956.756821
70000780770.946945
70000926241.348633
70000059808.977371
70000017518.060989
1.000000
70000815702.163879
70000928285.312256
70000976813.065796
70000576530.533768
70000633859.479507
70000637472.671280
70000054266.381042
70000601224.664703
70000427776.650497
70000433623.029572
70000122153.930649
70000378141.030792
70000916742.275299
70000978556.530838
70000627967.913727
70000018173.126892
70000717587.192551
70000611636.762650
70000444721.260437
70000721574.244553
70000767684.374786
70000991141.439316
70000962154.991898
70000749560.150452
70000739402.256256
70000222239.011398
70000348746.501938
70000898407.061615
70000284685.079956
70000423208.260529
70000334231.983871
70000822317.679672
70000056204.258530
70000022066.422501
70000320008.795120
70000867397.821014
70000822769.245010
70000048509.712921
70000930798.054932
70000598887.095718
70000345189.027725
70000372495.218887
70000893251.032623
70000415066.967636
70000788013.776016
70000727271.922165
70000276705.321289
70000568109.792389
1.000000
70000486094.106094
70000453398.174240
70000969686.669449
70000312173.104584
70000836537.943497
70000578937.768097
70000901765.010742
70000090597.343643
70000885475.178665
70000749317.573059
70000648660.103012
70000466495.930313
70000530548.251205
70000704185.842102
70000545074.419998
70000931724.854462
70000351293.877884
70000116316.327347
70000175728.348801
70000607372.732300
70000969552.045227
70000431742.028915
70000554865.701279
70000202426.924072
70000728687.590958
70000804783.923950
0.33
 0 0 0 0 0 0 0 0 0 0 0 0 0
