1 401
70000080563.300674
70000389206.009552
70000512436.625443
70000227896.383759
70000207572.706573
70000105668.486923
70000260721.911804
70000080707.122116
70000204327.940445
70000122275.328751
70000264992.820694
70000152269.948166
70000479207.025299
70000086244.633224
70000960675.622757
70000131457.424683
70000708071.298798
70000053577.146271
70000936391.280334
70000620204.579971
70000073525.613495
70000975977.857269
70000897666.160934
70000683885.327744
70000994459.786530
70000020019.396439
70000426749.008789
70000517045.129990
1.000000
70000544020.277512
70000182182.249420
1.000000
70000678138.580383
70000963279.477005
70000332833.735443
70000453344.626678
70000521971.393661
70000037054.452530
70000440530.473984
70000427864.301178
70000193934.881302
70000137352.758072
70000771845.666168
70000023846.990860
70000148411.434235
70000719737.523834
70000510899.281631
70000095793.049271
70000700554.953796
70000537399.831375
70000644970.044617
70000822063.317657
70000782385.021286
70000948016.531433
70000471315.090714
70000991025.331604
70000100022.874252
70000486105.981308
70000418995.162231
70000043069.714645
70000632296.342773
70000941912.367905
70000814947.116562
70000536203.859039
70000260821.859070
1.000000
70000726483.779297
70000971840.292221
70000309346.286606
70000417920.757233
70000388998.387512
70000965830.215286
70000893295.276489
70000587048.007706
70000152855.445648
70000679875.731598
70000494272.589005
70000236320.934875
1.000000
70000483465.330780
70000986573.343460
70000700755.298019
70000882701.629196
1.000000
70000151524.615295
70000684545.132919
70000323731.870056
70000212150.115173
70000349839.882996
70000017761.169434
70000799595.388382
70000847341.963120
1.000000
70000842062.403275
70000886818.757233
70000121561.189697
70000260723.940155
1.000000
70000923699.508575
70000547888.441864
70000159928.710602
70000729329.957764
70000448296.909409
70000040392.703888
70000263143.186768
1.000000
70000271378.716309
70000747344.641205
70000159219.403442
70000841576.180389
70000083815.511536
70000139374.552948
70000605236.891876
70000133491.546249
70000423908.106659
70000686848.508514
70000006188.475571
70000551365.400589
70000485337.987320
70000791225.594040
70000756977.333298
70000706013.668762
70000100842.730469
70000595166.034775
70000392925.491577
70000144831.809692
70000564919.586777
70000640961.560974
70000757132.032745
70000106533.767227
70000407283.404083
70000274723.402008
1.000000
70000468259.304031
70000463035.451553
70000385886.182922
70000327697.645737
70000140959.709824
1.000000
70000889004.845718
70000578968.661301
70000499767.791824
70000885079.503159
70000829138.617767
1.000000
70000107833.619522
70000756370.478912
70000165851.200027
70000105582.513794
70000680561.014313
70000611750.266006
70000453281.391327
70000884379.979446
70000592178.454910
70000181531.157928
70000383376.153534
70000997364.853851
70000138362.509964
70000828184.024445
70000199552.172607
70000076618.991821
70000385205.432098
70000140150.973633
70000193572.434494
70000480858.061935
70000006127.469604
70000830724.128601
1.000000
70000467577.249603
70000176034.596939
70000148592.593231
70000414653.748184
70000472935.856964
70000693858.541519
70000708646.860062
70000641588.686081
70000175888.306061
70000497692.218689
70000432978.774307
70000765546.971924
70000401557.961273
70000360242.653015
70000324151.952042
70000490518.493256
70000916608.128250
70000065673.131439
70000399769.581543
70000688301.455887
70000687791.368332
70000890989.047684
70000781740.730194
70000573087.777237
70000782050.065048
70000802464.347931
70000178038.293564
1.000000
70000457451.573013
70000874333.539551
70000315263.159180
70000331435.667297
70000783930.932968
70000092826.864410
70000617737.821808
70000530337.862061
70000344453.003235
70000147342.056061
70000351469.258774
70000024463.223312
70000784171.138077
70000818766.113663
1.000000
70000277463.347321
70000586658.024765
70000839643.838440
70000635301.159821
1.000000
70000997772.922546
70000266374.190475
70000226305.305252
70000021297.712112
70000691416.417007
70000487169.723648
70000941545.982742
70000195181.034454
70000156651.948990
70000192479.123810
70000418043.962234
70000386694.663162
70000229584.530991
70000805477.445435
70000832948.947815
70000879457.385376
70000060822.231873
70000759834.470993
70000013191.003006
70000040255.940567
1.000000
70000374953.262115
70000137825.376572
70000070527.742508
70000129469.211914
70000811899.232376
70000197067.886597
70000879121.063446
70000751993.503418
70000835529.247696
1.000000
70000788026.958115
70000506238.493607
70000857789.508774
70000825181.408249
70000355514.990417
70000350597.302231
1.000000
70000026819.206070
70000306012.716019
70000766391.910736
70000173217.449829
70000491674.397568
70000254167.768478
70000472873.724014
70000367205.820129
70000375782.631866
70000972934.911377
70000789604.815048
70000921831.792419
70000540080.809586
70000316022.812897
70000670023.914490
70000751977.693161
70000389412.878845
70000221400.834274
70000416535.994873
70000106586.844070
70000477717.546051
70000237370.726715
70000765630.353790
1.000000
70000486712.041992
70000462671.636246
70000659241.546417
70000051106.359573
70000109696.224548
70000124296.061630
70000599912.061676
70000542424.363815
1.000000
70000530213.418457
70000069381.357056
70000833537.791168
70000164551.203918
70000259179.726974
70000382623.396393
70000383904.737411
70000744522.802383
70000972895.166138
70000543667.734741
70000129076.515778
70000176338.296570
70000439611.259918
70000753709.444763
70000121428.666641
70000043494.587067
70000052184.102570
70000743270.600739
70000342659.707947
70000785445.989594
70000999515.253021
70000194936.281799
70000866284.108551
70000464603.723114
70000649787.345230
70000048172.639084
70000107180.369110
70000437833.497742
70000630217.296753
70000409174.520142
70000565755.295639
70000477606.384979
70000787091.339859
70000634312.672150
70000314572.383530
70000142312.201981
70000620906.186783
70000634863.726196
70000063356.831879
70000844461.755585
70000316803.854736
70000108500.095001
70000090915.801468
70000357139.955688
70000943683.978760
70000144367.270569
70000535483.591629
70000190992.300232
70000722015.759125
70000657121.117813
70000994575.170090
70000281532.816299
70000179817.056625
70000790532.697327
70000265832.553391
70000069922.637802
70000785984.630417
70000164768.723679
70000513842.697418
70000476739.174393
70000557890.300491
70000424413.525406
70000907205.226852
70000204533.448303
70000524618.134476
70000044192.699524
70000298540.609055
1.000000
70000227264.492996
70000076473.825333
70000893602.638809
70000843657.347015
70000910169.072800
70000824409.776764
1.000000
70000975452.361954
1.000000
70000195689.387894
70000400527.196228
70000327349.413803
70000320430.656326
70000074219.800415
70000149366.539780
70000584714.891678
70000781009.527023
70000788486.314240
70000116484.461014
70000729792.621109
70000054659.453171
70000029062.213882
1.000000
1.000000
70000610352.338608
70000972769.523575
70000771606.099915
70000968320.163528
70000402267.205338
70000974611.560440
70000655343.682556
70000921889.961685
70000727016.428421
70000855756.266174
70000298560.035553
70000608147.849136
1.000000
70000874828.189453
70000712083.144073
70000359564.383865
70000339149.310043
70000128316.507828
70000014026.542923
70000744571.995880
70000084815.181549
0.33
 0 0 0 0 0 0 0 0 0 0 0 0 0
