1 401
70000465269.879822
70000508075.827606
70000930511.817703
70000715487.146835
70000558630.001877
70000108497.696838
70000854337.034988
70000117244.971603
70000687261.631638
70000119871.700867
70000923563.262238
70000078992.901810
70000438718.751755
70000290848.809494
70000593399.748230
70000272838.449539
70000048109.158279
70000726492.665497
70000236261.537521
70000469122.280014
70000681427.630753
70000906934.275726
70000299137.159760
70000875770.207077
70000333543.862152
70000248882.601883
70000280772.292328
70000151327.538727
70000188412.675354
70000285417.012451
70000708196.889008
1.000000
70000397377.006805
1.000000
1.000000
70000488366.395523
70000549130.376785
70000403729.933823
70000965760.441010
70000807913.760376
70000120699.031906
70000194709.506241
70000864446.027008
70000408696.604828
70000582668.148376
70000488692.842896
70000262846.909897
70000192023.310303
70000665988.001770
70000084791.353821
1.000000
70000934671.921280
70000175068.682846
70000207728.006882
70000318395.677032
70000273661.165878
70000147771.117264
70000202918.875885
70000300395.379303
70000146210.262924
70000726619.147430
70000348047.591705
70000166838.910614
70000015884.725418
70000585418.594925
70000139918.338028
70000524946.462524
1.000000
70000587666.414200
70000875796.016403
70000468339.902908
70000930152.062744
70000712427.846817
70000953596.116196
70000786643.995789
70000153329.260345
70000177845.644577
70000384369.221634
70000554028.424332
1.000000
1.000000
1.000000
70000099863.666611
70000149176.539795
1.000000
70000428025.661224
1.000000
70000112914.915833
70000675759.091599
70000621721.835815
70000566467.199371
70000263514.147537
70000144531.524963
70000248504.096008
70000224471.483887
70000613810.885910
70000105780.473114
70000678992.350922
70000544589.810059
70000335877.173050
70000745671.686035
70000544880.896423
70000846841.313812
70000256028.586609
70000217144.153564
70000376912.913696
70000173722.107132
70000823911.306747
70000869298.608994
70000469790.993866
70000340697.367844
70000524194.741669
70000882937.818039
70000614290.763077
70000177324.044968
70000897438.419266
70000622497.707642
70000078445.993362
70000630335.061020
70000799476.717575
70000867240.495422
70000402651.181473
70000060243.824478
70000961965.111115
70000717643.518890
1.000000
70000006224.528503
70000363327.730881
70000445896.381500
1.000000
70000785851.574051
70000719573.742188
70000110117.712845
70000197644.448715
70000589977.869171
70000192791.828171
70000317843.120300
70000099020.888046
70000327146.848328
70000654323.997101
70000765001.625656
70000655830.375519
70000353390.194824
70000869638.604858
70000021899.348618
1.000000
70000298067.360870
70000249047.768936
70000168252.022385
70000839636.826782
70000805268.287827
70000039385.661392
70000984722.358154
70000341096.984314
70000454165.482224
70000514558.996185
70000869769.131088
70000550692.585175
70000684540.342377
70000533585.386475
70000041836.183746
70000449411.906586
70000126817.789703
70000525881.721268
70000154504.083435
70000997352.870590
70000475111.754105
70000914899.413727
70000409781.310562
70000517187.529938
70000905493.096970
70000868699.835403
70000808538.009109
70000818591.643967
70000280041.350647
70000393041.458160
70000115279.752884
70000017021.406876
70000286707.671463
70000589659.480209
70000469787.951035
70000234631.774033
70000911231.000198
70000885821.455475
70000507591.568665
70000986589.358231
70000115149.876984
70000609175.266357
70000727743.511932
70000317372.518677
70000510369.278641
70000852959.016098
70000549288.317047
70000941388.171799
70000373465.040436
70000080669.040604
70000329659.766022
70000157816.665146
70000392419.470459
70000096345.602142
70000529452.821014
70000104236.954956
70000470156.417740
70000810712.707245
70000872961.597443
70000116910.435608
70000096918.868729
70000456659.999191
70000160518.297775
70000679905.099533
70000707735.328979
70000553463.411682
70000289700.738358
70000736856.066086
70000345064.680267
70000782509.986618
70000660951.070328
70000858203.252289
70000490049.780121
70000668863.808090
70000700759.937775
70000628488.162872
70000738675.061432
70000327124.784470
70000776279.668045
70000150387.012512
70000340922.852066
70000295543.215179
70000034686.819809
70000774159.941910
70000353557.144394
70000041053.523163
70000594948.795547
1.000000
70000760424.165009
70000734909.863831
70000104171.784882
70000550075.092529
70000388502.728333
70000689756.911102
70000167249.576675
1.000000
70000359208.126038
70000656760.757965
70000180209.479935
70000897709.963211
70000356776.231842
70000400985.752747
70000883438.555222
70000748537.273438
70000308464.336090
70000919160.343262
70000409977.566071
70000451892.479218
70000109266.785477
70000747602.397018
70000920525.393051
70000413309.373383
70000085021.139038
70000615491.821548
70000235573.936508
70000481110.513382
70000050219.264938
70000462691.842758
1.000000
70000943020.945038
70000971902.230667
70000786533.044128
70000566426.074432
70000139506.763107
70000032537.033173
70000659015.538055
1.000000
70000602950.659225
70000331587.472412
70000368870.114609
70000382871.024414
70000518971.226501
70000289745.485245
70000645695.882202
70000054476.117538
70000931567.158752
70000289966.780838
70000025343.836746
70000445748.650116
70000178030.984924
70000529000.180359
70000512548.408676
70000610125.685944
70000564121.530151
70000204190.811966
70000366137.938599
70000345842.389832
1.000000
70000498888.740616
70000423032.295135
70000413962.330521
70000566905.963577
70000355031.971237
70000429021.353287
70000395259.586411
70000736163.961472
70000481165.841400
70000532518.875504
70000308794.074661
70000756234.370316
70000150087.953400
70000331435.604553
70000848891.365341
70000108689.486328
1.000000
70000409442.835052
70000702241.607483
70000451321.885300
70000396015.057648
70000993508.574982
70000151472.863724
70000224795.715073
1.000000
70000141090.070267
70000247700.153137
70000887810.227600
70000622715.575500
70000835386.715103
70000816357.575134
70000319647.864380
70000187645.941071
70000235541.228073
70000327672.182922
70000826708.344254
70000311331.091248
70000064075.999649
70000270139.209717
70000242847.786942
70000373572.088730
70000183970.374695
70000107904.369125
70000016537.199966
70000378922.952332
70000407567.691956
70000528718.760132
70000419196.078445
70000189098.792618
70000081919.596481
70000252350.779007
70000127356.799042
70000501557.726761
1.000000
1.000000
70000790083.453873
70000820287.461044
70000982008.369308
70000902290.008865
70000040942.925430
70000988084.392746
70000356773.507523
70000482012.339172
70000181313.501251
70000506564.244705
70000745537.142059
70000834308.955688
70000122114.354462
1.000000
70000768254.465546
70000942822.442581
70000121775.224442
70000935457.167160
70000229586.853775
70000998125.850739
70000494193.462311
70000926119.915375
70000216964.518112
70000521852.046371
1.000000
70000605810.310226
70000688063.199249
70000530698.402832
70000589691.526245
70000955584.039337
70000970478.603683
70000551291.082886
70000492321.975174
70000514655.803864
70000354715.582336
70000373140.952698
70000770746.522110
70000715869.744232
70000121896.044556
70000265564.380188
70000052622.829300
1.000000
70000009396.953476
70000851630.566284
70000492259.687195
70000000109.180405
70000730229.855911
70000072500.053574
70000825172.432419
70000974155.786987
70000021284.518204
0.33
 0 0 0 0 0 0 0 0 0 0 0 0 0
