1 401
70000857645.747665
70000479294.445618
70000971277.861786
70000782657.157684
70000610496.858231
70000915532.199875
70000297939.415619
70000216019.121872
70000692614.001511
70000621208.008865
70000826551.455658
70000955685.797699
70000659968.652298
70000961465.890671
1.000000
1.000000
70000242982.615204
70000658003.546249
70000919969.233032
70000677529.129639
70000163703.217865
1.000000
70000254350.306366
70000037467.309845
70000302310.291031
70000066207.031784
70000874730.940414
70000799807.032837
70000941557.264130
70000854170.916733
1.000000
70000392968.436295
70000134561.487991
70000724456.711029
70000910327.164688
70000391457.142670
70000973563.433456
70000514757.608612
70000375466.822601
70000945080.534790
70000054129.194336
70000581972.140152
70000165167.656189
70000138410.440613
70000751335.597076
70000631161.219879
70000899010.733871
70000334515.922012
70000704105.339508
70000879789.665024
70000158010.634964
70000145081.703476
70000030326.049698
70000567189.784454
70000324077.358124
70000325485.962616
70000280420.589111
70000316689.214584
70000685246.011993
70000882237.932556
70000441423.040527
70000978758.044846
70000398711.916077
70000188817.269058
70000863809.834122
70000130536.767761
70000872385.135468
70000075488.512207
70000639803.614120
70000619261.233124
70000539716.954681
70000077445.143738
70000427804.454666
70000612740.616669
70000423704.027374
70000828356.435150
70000373423.991440
70000766087.145599
70000218486.049393
70000731177.894638
70000715344.011765
70000840509.076706
70000939567.697128
70000547393.410751
70000353062.899078
70000322343.035233
70000251019.057358
1.000000
70000577852.228775
70000050997.767731
70000890446.355865
70000317819.453918
70000293003.745697
70000713827.473648
70000870236.266098
70000914527.754669
70000848686.438965
70000511386.700409
70000897144.030273
70000262780.562637
70000619976.355408
70000468600.211060
70000491189.877762
70000035736.990891
70000229270.644592
70000937318.424774
70000349587.534836
70000108503.432083
1.000000
70000273626.514771
70000878662.889633
70000829716.481735
70000952693.760956
70000139719.538956
70000319756.445587
70000851571.985489
70000069658.373901
70000370564.997101
70000283625.844589
70000460705.061920
70000775700.692245
70000427682.374954
70000412452.695038
70000599973.582031
70000542913.441742
70000448068.155304
70000519814.216156
70000835113.801315
70000841586.415894
70000769671.084152
70000657651.684219
70000212047.777863
70000788841.118454
70000067976.333481
70000391143.671021
70000048928.754333
70000165131.079483
70000580275.613113
70000675298.284958
70000350420.753128
70000234206.741653
70000300953.289139
70000499906.781311
70000632443.897827
70000039154.636765
70000725733.280304
70000994383.470642
70000283040.145645
70000055555.812347
70000586337.650040
70000940754.146469
70000876299.317307
70000259245.392975
70000842312.917694
1.000000
70000797143.157318
1.000000
70000581297.733154
70000526811.167709
70000349304.920944
70000670378.559570
70000101859.395050
70000346879.385803
70000552505.913818
70000315114.112381
70000603377.453430
70000395265.394379
70000467475.203217
70000704897.722580
70000234531.866943
70000369021.243439
70000007906.836517
70000233804.188797
70000020742.172073
70000357967.822891
70000981139.604645
70000627345.963287
70000554262.075089
70000758151.022354
70000857906.081757
70000889476.268280
70000616293.230698
70000932246.095703
70000661903.714859
70000331999.394440
70000882349.995880
70000768979.843918
1.000000
70000742658.689056
70000894911.968765
70000598993.480560
70000601870.518555
70000624400.265106
70000749581.063187
70000706652.972885
70000317782.728088
70000736273.275940
70000026525.201645
70000676796.199982
1.000000
70000002220.565689
70000895543.834900
70000364773.565033
70000481271.569168
1.000000
1.000000
70000424291.865875
70000698045.230621
70000037260.926605
1.000000
70000614833.175217
70000931911.980469
70000073262.260788
70000627472.742493
70000817298.535950
70000274876.809250
70000929894.453629
70000659161.131531
70000301661.149582
70000665288.828613
70000008276.496933
70000739248.171997
70000517764.244522
70000396520.887650
1.000000
1.000000
70000145244.864990
70000276535.736084
70000702769.095367
70000942162.503281
70000317940.504822
70000052260.769760
70000675214.990479
70000319393.535919
70000033993.175629
70000151264.051895
1.000000
1.000000
70000700090.239258
70000891551.674347
70000060393.326889
70000266694.269089
70000688101.704529
70000019275.532257
70000425023.760620
70000823145.561600
70000787531.248138
70000830857.652603
70000362381.674637
70000688835.453369
70000322783.156616
70000577702.065872
70000373409.299149
70000770777.639847
70000382926.880829
70000643606.283691
70000799014.230789
70000757335.994537
1.000000
70000074086.470398
70000739377.057785
70000434696.653320
70000621352.059280
70000355862.166199
70000092525.441849
70000868275.017319
70000648748.511826
70000030140.137115
70000246004.353943
70000375246.344131
70000776935.784988
70000516259.703552
70000737191.450058
70000803427.987808
70000221082.325424
70000142514.485565
70000963470.971863
70000649184.838837
70000967579.407776
70000110702.071228
1.000000
70000235205.235382
70000399028.903259
70000441846.406723
70000181650.985092
70000276107.174088
70000998340.041901
70000281919.870941
70000036344.135147
70000696266.226959
1.000000
70000122740.183884
70000835751.775146
70000133352.363876
70000383302.669739
70000169117.225204
70000613547.538666
70000043022.749329
1.000000
70000836632.788406
70000281547.610016
70000721512.090210
70000712257.569504
70000844066.600098
70000285449.139267
70000666132.446533
70000436801.816986
70000517933.547501
70000464083.403763
70000476606.035126
70000803635.439651
70000918267.627182
70000892681.601257
70000250219.700470
70000988432.762619
70000086973.379471
70000068351.069489
70000114219.251556
70000158674.598663
70000319447.115219
70000492176.480194
70000325853.250168
70000611069.979828
70000565589.686432
70000071439.590134
70000068711.374084
70000007090.797165
70000008771.017044
70000358188.300476
70000676415.444519
70000046573.796463
70000300939.821426
70000203712.030792
70000298327.229324
70000681406.527496
70000383215.132858
70000545243.165176
70000767110.859726
70000247402.802734
70000330416.158081
70000855019.942520
70000670345.948334
70000912382.140121
70000017444.783112
70000077601.220749
70000440542.882294
70000211237.418533
70000500304.224472
70000878014.287842
70000185410.119659
70000441812.180893
70000650618.271469
70000800348.360779
1.000000
70000104258.865402
70000873249.716904
70000687994.321884
70000518135.562881
70000241719.866135
70000523135.725815
70000374150.038742
70000690199.526566
70000446899.685333
70000717134.136948
70000408019.494370
70000169908.216232
70000836706.765564
70000047657.223633
70000833307.671616
70000892107.217606
70000023410.586456
70000553909.386322
70000719523.203018
70000716092.605881
70000954782.152191
70000402679.168594
70000898435.483154
70000799461.624146
70000194573.602142
70000876963.793747
70000431107.543472
70000541076.049057
70000418968.351761
70000732375.481430
70000709365.885849
70000156548.018219
70000438684.356369
70000988719.461578
70000208659.449249
70000655937.474426
70000390626.462936
70000122496.695694
1.000000
70000987071.935120
70000131142.365646
70000331750.408234
70000244235.451431
70000690326.928619
70000620648.277359
70000832556.800964
0.33
 0 0 0 0 0 0 0 0 0 0 0 0 0
