1 401
70000202793.722626
70000648415.780594
70000727349.466873
1.000000
70000447900.069183
70000367794.862793
70000372882.177353
1.000000
70000331598.900894
70000431230.950836
70000479832.284409
70000837592.412064
70000829998.435898
70000755514.245880
70000164837.569458
70000293724.821030
70000438511.263428
70000687240.916794
70000553404.704300
70000608512.260056
70000462475.277145
70000877234.565475
70000299785.943787
70000483684.253372
70000205921.257523
70000484978.840424
70000016906.058746
70000838255.309250
70000329240.949249
70000266578.560913
70000494822.761337
70000618300.779541
70000752277.471436
70000225193.626175
70000875183.953018
70000682844.256882
70000660473.574722
70000020219.358871
70000587798.293518
70000517438.821579
1.000000
70000728319.181625
70000607019.710754
70000771346.743576
1.000000
70000709796.798676
70000011285.635056
70000383911.820511
70000197834.923492
70000958453.328552
70000878161.595428
70000698643.881088
70000313075.648392
70000699037.089279
70000482247.589645
1.000000
70000074270.585205
70000753479.640320
70000189726.073837
70000099994.360382
70000253246.715210
70000976216.851944
70000728536.623734
70000948423.484268
70000172137.525055
70000129814.240509
70000932576.748947
70000244558.123978
70000905055.898911
70000053964.761093
70000532875.447983
70000155160.444199
70000482017.741470
70000960507.756348
70000192551.570099
70000708669.498657
70000881366.862549
70000449473.056625
70000666668.718903
70000170551.706497
70000965518.009720
70000446884.203735
70000131387.917175
70000333140.662750
70000739592.262238
70000619736.401306
70000524561.022415
70000839391.212799
70000116803.092148
70000006177.999130
70000426889.899078
70000132676.240265
70000607104.987076
70000083896.208374
70000559702.893570
70000847821.681137
70000301844.190475
70000001754.305756
70000102217.021759
70000259199.615982
70000438822.285812
70000060499.680374
70000529699.348038
70000961617.713104
70000660525.109634
70000424714.159134
70000174808.918396
70000644858.125427
70000438924.443985
70000798324.737656
70000963784.819992
70000185233.437729
70000745192.489166
70000342247.179779
70000172956.541428
70000067334.300568
70000343856.917404
70000709753.244125
70000453619.798050
70000067431.397400
70000252322.895035
70000542159.449860
70000352586.321701
70000935416.005051
70000008201.418594
70000232604.359879
70000364764.309616
70000147308.186035
70000619237.191071
70000964916.947693
70000089181.217789
70000946877.130630
70000697548.220657
70000551743.230042
70000400961.033127
70000462406.412430
70000358647.184601
70000637434.116257
70000483851.336945
70000683551.952911
70000151076.031631
70000038481.806046
70000429597.308517
70000436404.380661
70000426816.096863
70000990064.356995
70000229651.455154
1.000000
70000558525.438766
70000100626.493515
70000143230.039261
70000299078.218216
70000272956.645645
70000535569.153671
70000020906.127167
70000699662.709366
70000107137.702469
70000090309.578812
70000157192.055222
70000803010.360657
70000803311.570923
70000269161.109467
70000565812.497849
70000565460.067062
70000690255.525253
70000121855.219986
70000547024.708588
70000885946.139420
70000565031.978714
70000033309.582367
1.000000
70000084070.094757
70000222358.369659
70000923836.937576
70000474687.768311
70000954115.101181
70000345789.853058
70000207089.549789
70000379098.395065
1.000000
70000618535.841782
70000444852.977417
70000573692.941666
1.000000
70000436650.798965
70000082610.891754
70000724277.202362
70000952955.198105
70000649915.690338
70000480093.092377
70000691537.906418
70000869734.036148
70000397406.672623
70000098909.703415
70000958016.949509
70000049704.250961
70000378618.153046
70000896020.869446
70000214100.890396
1.000000
70000691154.910645
70000300479.557114
70000156265.154861
70000102440.610626
70000241574.013870
70000824069.343582
1.000000
70000248508.695999
70000848810.903931
70000909428.003693
70000118033.242111
70000168469.000137
70000613997.194000
70000373458.551224
70000656213.164032
70000546003.967896
70000809727.124420
70000395596.876236
70000968295.154617
70000340401.295700
70000742146.658966
70000128060.179703
70000880965.549469
70000548594.250885
70000432815.064270
1.000000
70000515547.797791
70000995683.034363
70000538179.213226
70000514631.491913
70000881581.573730
70000628186.395538
70000378030.145126
1.000000
1.000000
70000775616.767288
70000073924.560013
70000085147.769287
70000807749.919983
70000464832.707748
70000913721.195755
70000995752.156342
70000682894.947586
70000016543.922150
70000297907.854950
70000406285.818542
70000024876.968353
70000188033.874573
70000763947.319107
70000623080.947235
1.000000
70000213648.725708
70000193793.722626
70000109858.110687
70000431729.426910
70000383561.043945
70000167899.540909
70000023285.203201
70000604034.369293
70000094143.803223
1.000000
70000529056.722473
70000911629.813187
70000154530.664749
1.000000
70000259934.496765
70000157675.224411
70000103349.569565
70000932101.089310
70000427809.320572
70000456950.991425
70000879082.001221
70000381890.304611
70000782569.388260
70000068915.167603
70000701706.089157
70000734800.218857
1.000000
70000443278.460541
70000355880.173431
70000398992.749176
70000319407.180389
70000361572.979614
70000854393.158600
70000035415.697113
70000462010.150589
1.000000
70000307915.121201
70000315314.686874
70000184831.101593
70000522921.450867
70000137930.324707
70000662346.439789
70000649131.222931
70000211734.987274
70000781583.769852
70000038861.763794
70000913502.446121
70000890193.313705
70000848347.141266
70000218229.274551
1.000000
70000608638.721466
70000138244.726547
70000376452.362793
70000144857.861893
70000362666.118271
70000294054.887772
70000608007.500092
70000356835.837708
70000721136.691086
70000679784.908539
70000014047.200150
70000213651.393143
70000586007.722931
70000156874.146225
70000724987.431854
70000528374.941513
70000649905.786942
70000341175.669510
70000152387.745895
70000383433.110672
70000585809.212677
70000730847.692184
70000373307.409149
70000045164.622513
70000999288.666809
70000682778.988922
70000372358.504074
70000848247.634293
70000440793.052444
1.000000
70000533392.779205
70000117413.121231
70000844398.557983
1.000000
70000649782.296738
70000928205.334869
70000810399.599457
70000588974.140442
70000746674.843948
70000222578.494080
70000810281.572495
70000835800.719131
70000272889.635666
70000788172.771103
70000068821.695038
1.000000
70000215608.937836
70000377564.556610
70000072374.782715
70000178370.503220
1.000000
70000599221.459000
70000102948.998383
70000312940.266800
70000382038.095581
70000459151.370453
70000108041.952606
70000931376.109100
70000706129.594818
70000046436.369476
70000123843.568848
70000787764.909286
70000144008.902069
70000608008.459183
70000744690.766769
70000407663.219360
1.000000
70000972712.839050
70000460849.710327
1.000000
70000009204.938995
70000242730.095993
1.000000
70000262287.886078
1.000000
1.000000
70000576821.258041
70000773917.925171
70000489149.450272
70000538162.356110
70000053344.765915
70000430253.593399
70000146327.633301
70000139732.909973
70000799369.444244
70000321778.719849
70000670432.573532
70000677124.166748
70000506831.434387
70000517734.966751
70000807452.594711
70000065289.909927
70000498966.937271
70000421501.880875
70000185855.284348
70000648226.846878
70000959842.221161
70000405564.881912
0.33
 0 0 0 0 0 0 0 0 0 0 0 0 0
