1 401
70000504259.829147
70000393664.663132
70000167957.745712
70000335568.057175
70000211421.961517
70000510061.529999
70000423525.591125
70000146086.444336
70000068181.307449
70000871243.391525
70000572906.269394
70000694302.642319
70000150296.749130
70000661301.626877
70000812165.806366
70000614178.413727
70000787083.130112
70000632486.407837
70000738592.141113
70000361772.322784
70000910167.149841
70000621234.062103
1.000000
70000399826.157562
70000905904.111771
70000915786.969391
70000876469.449570
70000066399.005447
70000337666.895706
70000385521.792969
70000381627.324890
70000643611.174652
70000603924.676315
70000501986.023849
70000827373.002319
70000209881.577545
70000873639.885468
70000949300.581604
70000580353.327164
70000218009.033417
70000966756.763306
1.000000
70000061467.528137
1.000000
70000806863.634689
70000936503.485519
70000856682.991302
70000565968.122025
70000586303.121140
70000155127.797989
70000860096.733429
70000224838.031235
70000832519.789169
70000022061.025558
70000779489.497803
70000632558.171219
70000340152.075012
70000862304.960510
70000286331.393784
70000094423.431549
70000449690.342056
70000695795.788132
70000394121.357193
70000480520.884613
70000705690.500259
70000242507.024155
70000357298.057190
70000646240.125977
70000390340.048874
70000576575.532959
70000539375.265976
70000619990.248276
70000992101.279175
70000508319.179993
70000131744.208679
70000369613.120132
70000567112.944916
70000937978.094879
70000474837.580231
70000795675.856201
1.000000
70000281654.567627
70000672647.249496
1.000000
70000593660.664230
70000245870.509964
70000744175.110977
70000107499.323990
70000739314.106293
70000980645.661926
70000917196.908798
70000896498.457230
70000689693.643326
70000039933.414337
70000676198.757141
70000822785.743790
70000265646.846313
70000162090.224289
70000933477.085556
70000778607.685211
70000564749.791855
70000725643.404037
1.000000
70000394760.127991
70000912753.984589
70000485378.691956
70000735898.803146
70000688186.529266
70000952227.866333
70000545260.623764
70000463027.422913
70000628935.678467
1.000000
70000030217.716415
70000548671.236496
70000749011.503601
70000742165.263245
70000639843.642532
70000591751.764893
70000435334.722183
1.000000
70000664409.163315
70000666182.073242
70000878919.362976
70000688890.541702
70000764761.478714
70000776936.840622
70000469609.998260
70000423832.669708
70000196147.299072
70000804236.158844
70000948762.109955
70000488344.571945
70000125544.399597
70000513232.926331
1.000000
70000734342.858551
70000180042.557938
70000146214.205353
70000933843.917282
70000009457.239716
70000450816.990692
70000031577.656433
70000719627.921494
70000635870.179108
70000249630.476807
70000635270.018234
70000562426.980942
70000899221.296234
70000129259.213531
1.000000
70000981826.564011
70000044568.742706
70000342917.624069
70000078380.013809
70000148035.231812
70000017861.716782
70000844172.044678
70000317622.143463
70000868908.178101
70000049124.500961
70000005898.697235
70000535610.445023
70000953101.291336
70000419070.915039
70000003411.965240
70000080506.605484
70000544944.373367
70000581159.613052
70000179273.593140
70000917958.622391
70000040093.998962
70000393093.151642
70000079786.440491
70000335628.875870
70000048896.402130
70000883287.258240
70000216667.005386
70000288442.791519
70000972141.145920
70000754997.879044
70000157851.817795
70000134299.890152
70000101805.754684
70000911390.831284
70000775820.079193
70000508828.530121
70000235522.608246
70000911217.830658
70000555907.595688
70000128563.995178
70000852348.556290
70000772105.572845
70000453143.022873
70000506858.303329
70000010867.414078
70000396274.357956
70000036799.392197
70000648102.542191
70000638772.856400
70000694472.653091
70000650384.531464
70000458794.551071
70000050963.024734
70000385503.669083
70000961089.450821
70000669757.572433
70000728498.663239
1.000000
1.000000
70000085196.214691
70000726750.756485
70000926578.902161
70000365899.223969
70000999204.024658
70000453730.646927
70000655556.185059
70000711173.471420
70000393385.483810
70000217563.698227
70000240488.190094
70000021914.548294
70000623079.344131
70000684202.401535
70000183441.404648
70000336085.442139
70000101254.102142
70000309235.510223
70000158744.884079
70000932996.984619
70000566816.598557
70000946250.126709
70000521013.975510
70000602164.518112
70000609339.630783
70000193366.950363
70000112052.296860
70000981655.647125
70000882980.725891
70000040933.431625
1.000000
70000609676.400330
70000205479.448593
70000750161.788864
70000581619.989044
70000090596.688980
1.000000
70000371570.902252
70000719153.831924
70000696555.080185
70000039027.141266
70000578425.577255
70000071047.384140
70000208343.195511
1.000000
70000074677.906219
70000023611.388382
70000785942.276627
70000150965.802704
70000965615.317566
70000684304.792282
70000206811.284943
70000983830.558746
70000110414.743866
70000623030.029877
70000589435.628799
70000191763.759842
70000232738.737610
70000125371.970444
70000309114.149750
70000394701.436615
70000948347.124268
1.000000
70000319444.126251
70000222782.430191
70000974831.071106
70000082274.736465
70000790569.909592
70000977633.634048
70000001605.378204
70000170855.598709
70000395845.954010
70000279696.432236
70000293837.368210
1.000000
70000296636.607147
70000383518.376938
70000661208.085373
70000475782.636276
1.000000
70000020994.393692
70000674504.125977
70000122219.455429
70000670640.439316
70000874898.423157
70000267129.030823
70000622816.328384
70000397030.310104
70000969274.302505
70000387070.710648
70000595723.918152
70000330041.083191
70000536321.583359
70000131095.124161
70000227041.233078
70000384396.207062
70000730119.892395
70000431638.048721
70000718021.505630
70000939272.460236
70000837726.662781
70000656730.090622
1.000000
70000680483.761124
70000756830.426727
70000364142.563843
70000906055.006897
70000402664.833649
70000685091.557159
70000295578.848480
70000676832.095886
70000900141.097900
1.000000
70000183771.795242
70000843555.022049
70000717874.671875
70000605687.490677
70000194954.895126
70000806292.922165
70000189137.437851
70000637131.136215
70000022210.600037
70000188559.990250
70000179929.360291
70000002775.554901
70000054694.587479
70000770911.200546
70000561354.162170
70000876853.551605
70000928401.306641
70000580098.588943
70000343348.527145
70000911419.397064
70000944937.748917
70000781626.188690
70000640543.269501
70000029011.589233
70000367576.816803
70000090898.121399
70000442669.994095
70000512143.637924
70000495810.633163
70000381382.162460
70000147302.280090
70000936474.087814
1.000000
70000814765.970352
70000926333.912155
70000712686.557510
70000067663.189774
70000948743.589386
70000203150.352554
70000690974.738434
70000418767.679123
1.000000
70000693837.927414
70000353413.049133
70000075041.438461
70000951355.638657
70000821394.702728
70000218483.604538
70000865801.653625
1.000000
1.000000
70000012667.487320
70000519524.155121
70000352778.945099
70000071835.844101
70000746128.285934
70000943757.522552
70000573393.699081
70000871510.262085
70000252902.136963
70000714275.140839
70000952214.853455
70000895900.172852
70000882684.139160
70000213433.685471
70000713793.074478
70000924478.591736
70000349681.617004
70000566139.984970
70000724077.663147
70000337925.360855
70000610365.695251
70000392783.630524
70000746772.891220
1.000000
70000394356.047363
70000977261.752335
0.33
 0 0 0 0 0 0 0 0 0 0 0 0 0
