1 401
70000344734.880844
70000639686.772903
70000547457.719528
70000343466.465530
70000079364.343460
70000405809.035553
70000672917.566681
70000752473.024490
70000962860.561203
70000075195.488281
70000565683.383591
1.000000
70000582603.968460
1.000000
70000787357.454422
70000122068.915802
70000701615.158325
70000483499.506882
1.000000
70000487202.204163
70000003026.473129
70000419795.741074
70000644872.734558
70000484850.455490
1.000000
70000729827.026443
70000581911.405518
70000530521.802628
70000592143.203079
70000645194.120010
70000858255.036545
70000174502.448532
70000208844.930847
70000011385.487152
70000134659.636810
70000265910.237030
70000065621.924698
70000836880.746979
70000076246.193115
70000270763.676102
70000879811.887878
70000671744.861053
70000372010.242767
70000286541.679276
70000673216.593536
70000532562.055176
70000013625.513412
70000237688.925858
70000909692.322586
70000893962.117615
70000966181.585297
70000457250.950409
70000099054.388046
70000120864.913544
1.000000
70000181093.035217
70000154431.562195
70000350219.862564
70000088978.886154
70000203467.191452
70000702495.563614
70000724720.790985
70000311971.744568
1.000000
70000280419.313858
70000909429.188522
70000571513.958755
70000312140.746887
70000984202.261322
70000930502.843079
1.000000
70000023553.101593
70000616657.375778
70000667258.412338
70000438094.106689
70000939424.347931
70000822773.666916
70000334857.022614
70000163356.898102
70000811437.436264
70000450436.564423
70000397040.782852
70000478674.174652
70000778067.270264
70000158468.940811
70000481278.328659
70000672365.574478
70000852667.848587
70000817106.961838
70000388669.723694
70000438587.799881
70000295696.703781
1.000000
70000438943.141159
70000493661.445312
70000673201.113876
70000407028.291702
70000201917.839966
70000831515.294769
70000142793.655762
70000034495.660522
70000102928.233368
70000960776.555145
70000452265.607986
70000314761.994720
70000577893.154129
1.000000
70000281045.190979
70000282895.165237
70000641937.689957
70000526040.876587
70000678627.998306
70000565634.669220
70000703645.943207
70000555718.768997
70000481518.359756
70000728119.441193
70000082467.347656
70000641643.937088
70000836668.851181
70000658672.168549
70000176905.570816
70000772572.755966
70000087975.593201
70000153877.596680
70000449927.841248
70000427633.220856
70000619332.524368
70000308259.394241
70000751051.926529
70000577243.454971
70000180551.281769
70000737317.937439
70000880097.064560
70000089904.830795
70000120073.701904
70000252053.041595
70000160682.954208
70000306259.228455
70000054564.863388
70000589314.713501
70000366335.914246
70000784545.724136
70000086501.248611
70000239777.887527
70000461657.294907
70000273191.128006
70000484352.201920
70000169112.652740
70000048012.411285
70000117731.388046
70000568311.844467
70000845459.089478
70000589653.079559
70000252908.744980
70000776302.607239
70000392083.141327
70000397522.308014
70000778336.869247
70000060776.007355
70000942320.626053
70000410100.486191
70000221487.029556
70000975336.827423
70000915948.869385
70000436498.518951
70000614547.182098
70000076098.023911
70000493349.404465
70000067909.268677
70000451508.712738
70000073122.122055
70000236688.355240
70000258731.424179
70000968629.018280
70000197620.281845
70000019863.339127
70000947246.668320
70000793423.944092
70000791376.508911
70000527416.254547
70000184837.399826
70000393308.308990
1.000000
70000573174.145401
70000981862.278549
70000587335.992508
70000234492.402481
70000729690.526459
70000001189.848831
70000270672.182343
70000615165.552353
70000733699.713547
70000258580.431763
70000730118.308487
70000832981.120056
70000861714.474182
70000559004.669968
70000395355.332611
70000689617.766510
70000446117.419647
70000785790.732971
1.000000
70000424848.621536
70000733220.856155
70000947658.986664
70000074701.635849
70000917254.967224
70000031984.172668
70000589040.810059
70000026603.516235
70000702749.984207
70000540026.455704
70000525448.600281
70000077921.120026
70000538189.914673
70000509445.139648
70000834150.329666
70000520001.997711
70000499635.023483
70000653910.785538
70000626927.666611
70000061381.874222
70000529296.153259
70000962551.023834
70000706578.114746
70000343716.607986
70000764736.762619
70000161945.340179
70000536754.123672
70000986764.719986
70000757003.584045
70000822445.048264
70000862108.856689
70000829007.981842
70000558301.966797
70000766270.215424
70000242617.470459
70000383094.079544
70000430737.791077
70000539233.122726
70000430788.102753
70000890142.398895
70000580247.700333
70000294167.300278
70000010813.285172
70000285279.746658
70000808306.026459
70000662772.794525
70000268095.154373
70000648310.100388
70000152558.369232
70000699140.606155
70000467220.689774
70000691005.623657
70000454506.443268
70000033680.092346
70000549771.870255
70000313507.985153
70000163010.419998
70000388698.674789
70000576065.494278
70000101473.659805
70000372819.926849
70000038735.622131
70000742178.546234
70000984377.314041
1.000000
70000511777.479996
70000012496.771011
70000823103.579208
70000676067.454498
70000413646.629608
70000329885.018723
70000721565.914902
70000029596.946945
70000796026.374817
1.000000
70000558619.897583
70000930197.995529
70000520206.255539
70000335907.632248
70000530120.500702
70000227877.488968
70000268060.023346
70000370326.714432
70000801145.251648
70000971561.254395
70000467758.955978
70000571525.314499
70000842307.225418
70000319791.616577
70000292951.676804
70000925768.827301
70000428497.754913
70000478312.963028
70000296789.275696
70000715464.254593
70000494728.315521
70000208806.416565
70000178598.554077
70000272770.899551
1.000000
70000403048.311310
70000435532.627594
70000649965.927887
70000769311.671341
70000380472.599670
70000799988.317612
70000187378.831665
70000712401.756577
1.000000
70000453316.515549
70000471428.024796
70000335272.539795
70000270805.774277
70000911475.740814
70000661657.638321
70000230594.525787
70000661034.328445
70000641095.705673
70000215343.232040
70000912872.762543
70000413563.221878
70000492101.014923
70000683713.819992
1.000000
70000090328.103104
70000013228.289520
70000230379.605209
70000331500.776535
70000444918.532074
70000210397.828796
70000390410.657349
70000242319.877686
70000739237.892456
70000071664.538452
70000591554.949951
70000562218.488174
70000413159.339264
70000503366.892700
70000974979.598541
70000310792.137894
1.000000
70000965179.509857
70000005323.132690
70000549587.867996
70000904139.407639
70000192049.813797
70000012094.414688
70000730658.394516
70000990336.436966
70000286714.034622
70000593046.345657
70000281173.473480
70000633359.232330
70000902141.963989
70000703456.821762
70000448475.866943
70000425881.241913
70000667001.396637
70000288009.895905
70000305526.873459
70000866425.116409
70000505900.136627
70000670313.578293
1.000000
70000049250.893448
70000380258.346832
70000338815.239838
70000217260.546707
70000850187.141418
70000246276.436127
70000140761.821335
70000145388.182144
70000040968.954788
70000125403.015778
70000379045.789185
70000351648.766342
70000080627.788193
70000104459.393188
70000791419.884827
1.000000
70000612772.515167
70000845470.313034
70000452237.035217
70000394028.465027
70000473625.796387
70000176430.051270
1.000000
70000903615.063080
70000685398.147552
70000539389.144333
70000464904.854401
70000195901.412262
70000573492.933243
70000499410.136993
70000063103.256653
70000835579.381836
70000471212.399979
0.33
 0 0 0 0 0 0 0 0 0 0 0 0 0
