1 401
70000205096.372375
70000441146.530151
1.000000
70000117926.495560
70000804833.351624
70000490603.633606
70000369891.516891
70000398389.854965
70000064434.381180
70000854138.464111
70000643840.568649
70000237923.978653
70000452788.513550
70000319402.463684
70000943971.891891
70000541780.013840
70000075410.320679
70000180741.575089
70000362583.081497
70000293555.768890
70000868995.258011
70000818562.954544
70000123151.409042
70000535366.005600
70000488948.252197
70000796574.953583
70000881152.548630
70000977615.922104
70000224434.121811
70000484264.982773
70000328022.609818
70000910905.190826
70000695051.166306
70000204969.681213
1.000000
70000673414.391266
70000109823.538162
70000217367.981705
70000848679.036224
70000343538.048019
70000395741.502670
1.000000
70000181486.542267
70000249264.989807
70000587775.665298
70000865137.916245
70000650649.483398
70000411931.621017
70000233043.031296
70000077161.138641
1.000000
70000243963.688278
70000502260.484970
70000323204.412033
70000554876.296524
70000260513.664978
70000449790.794052
70000293317.886887
70000684150.127579
70000302954.000046
70000555630.017136
70000663805.773590
1.000000
70000295983.092026
70000720326.530914
70000393059.273361
70000965934.955872
70000359488.004730
70000093928.705170
70000607918.638153
70000137196.028595
70000526835.385941
1.000000
70000097373.787521
70000192249.368011
70000468238.005081
70000800492.636856
70000975098.564560
70000430665.131607
70000342715.954224
70000405223.747925
70000011943.198303
70000363628.284210
70000357933.419220
70000382729.801163
70000152896.294312
70000145591.722137
70000599284.871262
70000181369.511536
70000313955.609253
70000596413.455078
1.000000
70000159562.811737
70000838943.704407
70000088980.162384
70000119187.559036
70000369567.373459
70000183072.261978
1.000000
70000664194.912720
70000110138.096436
70000220858.532974
70000628320.485352
70000667694.236755
70000125005.836395
70000296085.105011
70000355488.996231
70000799918.498901
70000878078.420883
1.000000
70000264679.667755
70000837144.276138
70000106140.028305
70000866815.467896
70000545933.510208
70000404275.483459
70000091672.775269
70000668434.691147
70000195771.573334
70000405215.852493
70000341742.476425
70000105662.019516
70000821291.387146
70000519153.087570
70000199646.609894
70000905410.743347
1.000000
70000248557.018585
70000303381.968933
70000288889.235855
70000804018.381073
70000453578.465530
70000227538.345978
70000342515.776062
70000543321.619904
70000754832.890961
70000498918.708710
70000793587.212097
70000833376.618698
70000331700.044769
70000465425.316101
70000344905.290558
70000926364.076996
70000120579.208282
70000630228.229034
70000702173.048111
70000853099.878784
70000064216.202057
70000859802.330063
70000877340.281326
70000674736.594986
70000720488.670792
70000260401.924011
70000650216.109741
70000305579.513351
70000995266.562195
70000266404.555374
70000230524.910660
70000073498.238937
70000260618.201874
70000771892.265533
70000738451.025208
70000366511.097763
70000637975.494324
70000761286.602371
70000727340.250122
70000212909.012115
70000711588.791443
70000570454.164978
70000790782.641266
70000737208.499374
1.000000
70000328878.524368
70000184174.238831
1.000000
70000549184.441895
70000367295.578598
70000245947.388077
70000972412.426941
70000566982.947113
70000424582.163177
1.000000
70000220591.965775
70000738045.702072
70000922261.339355
70000539954.434372
70000460891.901611
70000903138.744888
70000374861.718750
70000515712.180725
1.000000
1.000000
70000212045.771210
70000272225.833344
70000493815.350494
70000033898.452179
70000748038.287689
70000220503.276108
70000530838.850952
70000715379.903748
70000248964.668991
70000209749.378387
70000059703.541061
70000350764.923920
70000364893.334885
70000134779.553696
70000065508.627747
70000112398.437729
70000574957.014450
1.000000
70000463486.764786
70000292526.979019
70000494946.370529
70000397107.540222
70000373769.844467
70000943401.139877
70000696947.574799
70000283196.656143
70000096863.918274
70000311238.491516
70000707487.506317
70000484251.285492
70000692693.672897
70000832583.574387
70000653640.514023
70000521852.948456
70000841349.692352
70000100964.300995
70000210253.812500
70000582097.097443
70000348421.411667
70000589018.014084
1.000000
70000603942.663986
70000592303.253632
70000217964.092163
70000282748.052429
70000290525.035553
70000667780.765976
70000795669.291336
70000197742.439026
70000247656.114502
70000385866.736237
70000780451.540482
70000104252.283112
70000965354.968185
70000748474.348022
70000402803.901993
70000745144.778290
70000079802.735458
70000407637.249710
70000132757.102295
70000200674.208664
70000768405.481903
70000690760.684219
70000825488.427307
1.000000
70000460350.386765
70000770573.062378
70000691940.066498
70000540529.806061
70000587246.651611
70000572832.413132
70000927912.421890
70000185698.743881
70000750838.500122
70000935947.027832
70000870960.005035
70000953538.004822
70000440383.327042
70000598446.609619
70000097749.245224
70000070326.862991
70000290381.259537
70000495260.982391
1.000000
70000870496.049942
70000959338.574005
70000822934.081055
70000296418.346359
70000878653.796387
70000741027.380020
70000591720.894974
70000579848.443802
70000980955.371826
70000365600.832809
1.000000
70000911817.618042
70000442135.203583
70000618615.425110
1.000000
70000984082.153870
70000898217.389313
70000539933.000198
70000277117.953247
70000040974.858231
70000512659.412445
70000650882.283020
70000463329.078171
70000289760.491211
70000522511.084610
70000088851.301208
70000790547.296768
70000077393.823669
70000879763.188171
70000062449.499451
70000029431.606583
70000535594.839264
70000042893.545227
1.000000
70000673625.093903
70000653053.498245
70000114465.404846
70000749946.360107
70000058635.319366
70000151941.486008
70000308240.153870
70000842466.607956
70000078358.757278
70000343344.968369
1.000000
70000919309.966385
70000112674.293274
70000960050.787338
70000974424.530487
70000009986.558746
70000841471.650040
70000635717.667786
70000536163.800858
70000618815.146805
70000940902.484451
70000824379.776733
70000547939.754150
1.000000
70000246790.156982
70000218103.297989
70000310984.498657
70000136415.437103
70000210822.504898
70000309048.027588
70000719631.791321
70000100605.903336
70000471833.763443
70000972184.816086
70000487771.241348
70000407536.394592
70000565563.347107
70000351747.041473
70000741489.699051
70000391064.940063
70000716566.898224
70000878188.188217
70000548971.386780
70000233775.032791
70000158078.709976
70000905939.334595
70000131805.282837
70000667914.884491
70000060858.214600
70000353188.178619
70000498559.370026
70000764283.922607
70000827157.371521
70000106405.505798
1.000000
70000189256.772141
70000530404.985214
70000667996.947647
70000515755.560028
70000839449.585831
70000439851.786621
70000452410.800751
70000486923.537338
70000191991.624542
70000245113.139679
70000823980.245880
70000135143.528107
70000510240.173828
70000236990.024704
1.000000
70000693330.705429
70000203429.454865
1.000000
70000361697.229202
70000728533.210464
70000946320.070267
70000449261.313461
70000446736.904846
70000474027.689316
70000635982.490784
70000162915.195221
70000614497.218979
70000932423.040848
70000114985.161346
70000312650.162918
70000825967.517380
70000246954.906342
70000498422.490799
70000079485.247055
70000824146.078644
0.33
 0 0 0 0 0 0 0 0 0 0 0 0 0
