1 401
70000842272.660995
70000192472.931030
70000390005.780655
70000521783.443268
70000151994.517761
70000033370.221603
1.000000
70000817927.800385
70000752203.751633
70000513329.722076
70000273351.824051
70000156016.023514
70000663329.868698
70000353531.101639
70000568244.806946
70000740557.836273
70000030223.709808
70000174645.760101
70000602986.105072
70000197435.590302
70000387627.143250
70000220968.866806
70000533286.525131
70000600990.825546
70000225118.349152
70000287398.060867
1.000000
70000379228.348572
70000089831.009613
70000296172.441315
70000572789.008026
70000694589.514755
70000645174.009476
70000595263.938171
70000664730.132675
70000117132.858322
1.000000
70000893549.678955
70000593135.374100
70000550397.252869
70000509069.702896
70000942111.046097
70000820471.776917
70000002974.602051
1.000000
70000938435.508072
70000789440.126343
70000451802.907791
70000862764.759918
70000722331.849686
70000002352.819977
70000024826.366898
70000834052.353302
70000023257.940659
70000089784.305023
70000487082.388901
70000714374.743164
1.000000
70000076239.629776
70000755681.381836
70000080275.195633
70000137405.887695
70000533388.058304
70000007344.752228
70000160978.429886
70000428730.776657
70000390335.269928
70000141263.970901
70000415116.326660
70000528195.510941
70000190408.024765
70000074092.327667
70000212332.371231
70000554081.178452
70000247421.363281
70000601806.490112
70000994209.268967
70000678797.085175
70000895298.781845
70000854323.204697
70000850105.154709
70000707856.929199
1.000000
70000057421.619919
70000591824.066605
1.000000
70000168355.527771
70000407509.515411
70000781813.175446
70000240666.134491
70000521219.314880
70000973955.078140
70000783965.699020
70000118944.917831
70000915724.240372
70000191168.738098
70000761380.811020
70000832779.824234
70000806211.643829
70000899945.104843
70000461624.010742
70000636793.822113
70000252652.413391
70000534023.823990
70000125167.670258
70000960523.693497
70000862229.963562
70000272024.822235
70000342390.428314
70000146612.971283
1.000000
70000640443.222031
70000427717.765717
70000115136.170639
1.000000
70000956828.531448
70000356381.115753
70000960640.488937
70000073113.468826
70000874833.125870
70000493727.764587
70000243322.429306
70000287284.841690
70000938842.837830
70000868720.632690
70000528736.940689
70000116576.635147
70000164676.081024
70000966745.198608
70000097235.237198
70000683342.985794
70000871342.314133
70000391968.219635
70000605421.601654
70000725630.953537
70000752301.014420
70000234395.374680
70000553217.479584
70000868289.004089
70000352350.580811
70000075279.349274
70000077441.037262
70000343463.288727
70000782841.591248
70000380154.798965
70000777170.494797
70000493614.295563
70000472066.234756
70000048619.583252
70000000959.617294
1.000000
1.000000
70000598604.588135
70000743900.272659
70000511949.164978
70000199526.680252
70000441245.650772
70000662835.459793
70000416450.627335
70000977486.658539
70000052601.583588
70000287299.292007
70000123754.530136
70000557196.278214
70000642360.294785
1.000000
70000307600.992172
70000256434.496429
1.000000
70000610973.863708
70000131127.717438
70000931084.986465
70000476711.970688
70000569764.862305
70000038432.005539
70000042235.859802
70000840071.901657
70000063925.604584
70000559437.476013
70000607195.358643
70000780064.938400
70000754234.307816
70000660439.263153
1.000000
70000404446.591583
70000087869.228226
70000482729.909119
70000432605.058090
70000100866.014206
70000738903.019547
70000710566.758438
70000373976.558777
70000293042.418564
70000472253.913559
70000889385.854675
70000180889.264801
70000299144.132355
70000598572.939346
70000701428.086105
70000277982.985001
70000311991.326111
70000519637.396515
70000144279.704681
70000024837.047607
70000795040.793579
70000666975.757507
70000489419.534409
70000078576.995865
70000852384.806137
1.000000
1.000000
70000716086.352921
70000447475.925766
70000921993.306900
70000354444.000183
1.000000
70000145560.712128
70000249697.152847
70000566378.377991
70000695894.955795
70000001090.065308
70000527961.362991
70000960197.517365
70000295487.971802
70000110858.874969
70000922847.916183
70000721317.988586
70000600799.620758
70000531255.024734
70000543953.031525
70000939812.958618
70000034371.669205
70000160367.024643
70000895663.638412
70000590734.206787
70000024566.539246
70000394999.927231
1.000000
70000294070.785538
70000825948.021500
70000035701.259399
70000378850.142365
70000720941.178650
70000257900.744446
70000372092.247345
70000707057.891159
70000774387.583694
70000589222.006393
70000172860.899719
70000011838.959152
70000463826.525955
1.000000
70000017017.283264
70000720804.106857
70000491822.730453
70000905926.326569
70000432334.740601
70000118316.345566
70000583225.496719
70000466645.160019
70000418593.705368
70000270851.183456
70000782447.069672
70000889932.744095
70000478992.758774
70000247975.256699
70000626605.425186
70000348487.154984
70000545089.474686
70000480039.194901
70000764683.931702
1.000000
70000459247.387131
70000548237.003113
70000219279.072479
70000073847.715958
70000218969.150131
1.000000
1.000000
70000285583.867752
70000410727.261368
1.000000
70000806996.751251
70000944133.241180
70000587055.668365
70000079989.639236
70000931548.089355
70000811963.923019
70000322873.820007
70000024774.251556
70000099897.886627
70000175254.904984
70000652934.383942
70000652914.045547
70000761003.737045
70000133123.209686
70000641997.494354
70000823785.013901
70000341407.654068
70000225509.992599
70000754742.590393
70000005977.807007
70000000012.131165
70000453148.681808
70000945603.608673
70000344261.968216
70000743527.312393
70000471476.474594
70000041189.544601
70000448474.726227
70000707142.807877
70000079183.741806
70000560100.573196
70000491704.885208
70000551075.517517
1.000000
70000475091.009979
70000604583.947693
70000593517.450165
70000736756.167099
70000029028.835510
70000140237.394394
70000986856.719757
70000538119.367432
70000153548.181107
70000376520.430374
70000327156.920135
70000828012.180405
70000380874.749680
70000024277.144623
70000250844.315094
70000377370.404495
70000047395.359558
70000154177.713776
70000706302.968750
70000375722.082947
1.000000
70000946784.707367
1.000000
70000526985.426025
70000226881.862076
70000504794.397659
70000517905.261063
70000005030.403290
70000266528.663254
70000015633.052704
70000055687.491669
70000631878.415512
70000282159.474365
70000157038.712463
70000312409.103394
70000774475.076645
70000544912.112503
1.000000
70000687911.839447
70000701581.226547
70000462268.002335
70000382879.209595
70000227035.504730
70000941198.779648
70000804175.935410
70000505763.453400
70000615108.730728
70000686731.435974
1.000000
70000843910.701736
70000456581.062119
70000650711.980164
70000767803.068832
70000656094.951126
70000508657.002777
70000999741.208984
70000237204.741943
70000485362.416595
70000220388.576614
70000197721.205200
1.000000
70000437773.893768
70000506451.778610
70000682681.503784
70000481423.983185
70000315910.449326
70000773038.924561
70000150640.356384
70000933818.514374
70000171959.707062
70000409001.278351
70000273565.512650
70000687676.581879
70000698372.321915
1.000000
70000063086.138748
70000792709.372208
70000513955.341263
70000743487.295288
70000651986.057938
70000621844.809219
70000908679.628159
70000361471.158066
70000106759.496277
0.33
 0 0 0 0 0 0 0 0 0 0 0 0 0
