1 401
70000913879.235397
70000453923.194916
1.000000
70000833123.479996
70000644365.556946
70000613587.190048
70000211588.892792
70000314250.983826
70000459279.917526
70000157675.530457
70000374103.984131
70000864574.760757
70000445275.791519
70000184656.892487
70000107807.740189
70000826755.914078
70000768477.208466
70000789760.586624
70000117198.952637
70000381258.263748
70000325517.845840
70000215896.750900
70000097993.564682
70000072657.826172
70000122996.253387
1.000000
70000438470.137238
70000218198.536819
70000572265.206848
70000360080.042633
70000892797.704178
70000019198.656433
70000277990.282150
70000659410.105988
70000400167.887894
70000933708.750580
70000856201.177872
70000972006.410416
70000493760.071381
70000256164.880478
70000566795.185196
70000275774.452774
70000687256.694305
70000312570.906662
70000583262.248123
70000268063.442612
70000771420.206421
70000863176.756500
70000248468.448624
70000525247.257217
70000342815.440872
70000138634.130768
70000626175.963593
70000011341.070847
70000510396.014420
70000270197.156021
70000251083.274277
70000622595.656479
70000799218.725235
70000744897.180252
70000987914.031845
70000281103.197968
1.000000
70000653002.338867
1.000000
70000088852.217361
70000531140.617401
1.000000
70000975036.647949
70000717422.904556
70000463482.382309
70000948237.220444
70000022369.219864
70000502908.965424
70000617272.075150
70000461397.700790
70000246788.060364
70000228981.641632
70000021479.064926
70000009035.067032
70000440690.728073
70000769749.412506
1.000000
70000736032.076157
70000851512.647766
70000274678.193176
70000698126.964294
70000876315.488281
70000940407.502930
70000122084.874023
70000777945.039841
70000319931.457413
70000092115.424423
70000841310.705475
70000528653.036301
70000570461.537994
70000988267.372314
70000322234.089691
70000270053.353638
70000503935.996796
70000654946.477921
70000555093.344788
70000860285.183411
70000081710.583588
70000358425.827164
1.000000
70000957641.421158
70000907724.679459
70000840496.782120
70000042719.437286
70000409788.315353
70000777421.707672
70000516738.501862
70000694038.849808
70000814019.460129
70000706548.930389
70000061757.087814
1.000000
70000107213.378052
70000592530.082138
70000310291.632507
70000938344.022964
1.000000
70000235685.280624
70000644353.409409
70000633769.183533
70000967720.155563
70000682084.480362
70000364490.665863
70000572374.198654
70000335083.607956
70000251270.107513
70000844861.412369
70000866634.663239
70000325126.355255
70000878914.495544
70000452848.146637
70000154439.394684
70000502723.118896
70000606754.371826
70000241493.753418
70000363946.729889
70000098801.880646
70000547475.198792
70000297065.235291
70000187081.144058
70000177289.536743
70000423674.301849
1.000000
70000793082.764725
70000169803.030319
70000139153.678146
70000577944.322739
70000753973.276932
70000534580.340286
70000045003.782990
70000842434.915176
70000780440.605453
70000258081.815948
70000226858.220703
70000241874.694717
70000757906.164841
70000689611.941711
70000632547.389282
70000776281.072617
70000050686.438843
70000268264.510635
70000178494.324417
70000579479.387924
70000036353.417618
70000867526.825592
70000031970.339767
70000304489.524033
70000910438.110443
70000585986.562851
70000142434.038223
70000451512.407532
70000774884.383362
70000885293.109329
70000978527.380264
70000445506.153519
1.000000
70000378941.789444
70000252689.785385
70000009914.886948
70000023163.161743
1.000000
70000156928.234589
70000444340.071243
70000819755.996048
70000853085.794876
70000672873.907974
1.000000
70000779800.201538
70000113094.768005
70000153756.108643
70000372205.033112
70000118458.484955
70000376531.223633
70000544283.740128
70000460054.447632
70000442297.576447
70000616402.528641
70000807338.475937
70000454847.906448
70000410742.961884
70000596978.676117
70000938949.485352
70000681585.624603
70000461078.137360
70000705608.579926
70000824353.783157
70000798013.784256
70000653329.190582
1.000000
70000930333.292633
70000800366.308212
70000069704.097076
70000275972.077133
1.000000
70000562023.336121
70000796151.022324
70000579903.893799
70000997716.088943
70000052236.121933
70000684274.649582
70000975615.441528
70000965766.870468
70000692116.600418
70000084754.966568
70000925049.203857
70000752612.895676
1.000000
70000159509.369614
70000930591.071686
70000472073.807373
70000309704.074615
70000107774.493591
70000018878.554825
70000446192.904114
70000778462.925659
70000831014.707047
70000564631.516373
70000358137.952759
70000150216.845596
70000082348.567047
70000873533.803406
70000489832.082916
70000826389.230377
70000680214.720474
70000852951.235794
70000534513.679474
70000185139.704727
70000218232.540497
70000147267.162415
1.000000
70000396745.908463
70000438071.432404
70000200227.885864
70000896781.795288
70000282597.642807
70000375645.629898
70000378032.969315
1.000000
70000084982.160767
70000767687.932693
70000443258.407974
70000740510.599152
70000118292.216675
70000752990.723709
70000095377.929977
70000848765.172791
70000419211.092239
70000744453.840912
70000938096.709396
70000426097.388718
70000076396.424545
70000200896.567093
70000472270.731934
70000555967.045319
70000082328.251038
70000986596.275589
70000542355.770538
70000402303.493500
70000205467.727448
70000818733.521744
70000952915.258438
70000976005.417023
70000208783.615494
70000226744.518875
70000319750.165222
70000717820.414032
70000210818.107162
70000749814.713898
70000433400.043854
70000778639.770416
70000383309.810852
70000056589.689789
1.000000
70000605087.698257
70000884725.334030
70000514567.255707
70000410693.386932
1.000000
70000309950.483368
70000025548.185806
70000457246.704819
70000173207.227448
1.000000
70000237971.833542
70000654774.354721
70000655789.088882
70000040790.739746
70000076644.011597
70000361133.586777
70000790854.914322
70000243724.897446
70000179257.336838
70000004786.404404
70000338052.221252
70000015597.342545
70000754364.649536
70000056385.250427
70000217569.869659
70000898585.250870
70000278231.650375
70000745338.965912
70000733475.554962
70000868251.730530
70000805547.419235
70000316633.050186
70000973180.026199
70000734713.709427
70000271369.813690
70000100558.486740
70000383775.780518
1.000000
70000825027.791489
70000947607.621124
70000657554.980286
1.000000
70000466893.606354
70000715444.302765
1.000000
70000850793.486862
70000163957.693802
70000128454.407471
1.000000
70000426030.172394
70000250333.230957
1.000000
70000386068.802032
70000382665.879074
70000648499.404572
70000687548.721298
70000516718.428238
70000255845.878387
70000918061.999954
70000871680.449173
70000268499.709137
1.000000
1.000000
70000874186.296494
70000559198.325470
70000050507.272125
70000898484.609268
70000150922.739578
70000040322.663330
70000735779.553085
70000062843.295074
70000833796.674652
70000397119.112762
70000581479.835587
70000197262.776260
70000238805.123505
70000260685.547485
70000390471.057327
70000866122.340912
70000575635.871658
70000468622.160934
70000971910.081558
70000956622.177948
70000947178.615463
70000300810.577042
70000315187.723099
70000965723.274063
70000188338.977295
70000516252.277649
70000630729.074875
70000977526.368423
70000386158.413284
70000353227.081573
70000842837.794510
70000047411.944885
1.000000
70000608783.170883
70000453322.701874
70000972978.316574
70000007374.100845
70000484388.506210
0.33
 0 0 0 0 0 0 0 0 0 0 0 0 0
