1 401
70000088660.073517
70000913191.262451
70000910659.007019
70000828018.461823
70000885556.765625
70000658246.743134
70000433934.752426
1.000000
70000703106.014282
70000801572.809998
70000087212.419662
70000605317.747803
70000847388.488815
70000511912.187500
70000171300.776627
70000249110.803741
70000818081.058701
70000419286.178116
70000959689.893875
70000397022.887665
70000886664.919083
70000467455.141525
1.000000
70000944631.522339
70000676160.111862
70000067917.588608
70000252651.838272
70000721738.500305
70000250118.298843
70000938901.440872
70000682192.893295
70000541364.049744
70000122980.615234
70000627359.440948
70000510921.574219
70000735490.659821
70000884622.659027
70000693598.328339
70000512449.727295
70000179905.253616
70000658540.188339
70000378810.023361
70000172383.426880
70000831237.017548
70000441209.770584
70000082173.376602
70000797897.193893
1.000000
70000253480.696198
70000255536.998459
70000635225.843140
70000039333.936996
70000724687.411880
70000403929.047562
70000242018.718872
70000017895.552109
70000892942.631927
70000931056.667923
70000782922.197647
70000895709.950943
70000345281.843430
70000915815.125458
70000716342.031876
70000488428.322922
70000472117.665482
70000526740.749374
70000882059.259674
70000065050.903336
70000913548.190872
70000254321.863312
70000841116.408859
70000557131.945419
70000939420.455765
70000299685.968994
70000246592.868988
70000068840.987396
70000635866.014618
70000019669.339096
70000721775.927917
70000178903.145294
70000016379.210434
70000482913.143250
70000571029.477142
70000389304.065521
70000150456.004196
70000646095.665619
70000152294.281479
70000821019.713104
70000081442.220306
70000766781.366226
70000697236.561386
70000275561.080811
70000352935.619400
70000047115.413940
70000492017.384003
70000274410.319870
70000463653.748825
70000440487.703308
70000243108.496719
70000245520.258698
70000795594.826553
70000362690.764252
70000238810.017441
70000563598.008942
70000845933.392319
70000343999.342789
70000524108.884232
70000775105.718765
70000886944.624756
70000894781.194092
70000462066.970840
70000966908.327347
1.000000
70000048102.233994
70000720268.025009
70000000245.221786
70000575182.332291
70000075820.330612
70000204721.985138
70000382880.410706
70000331160.456818
70000245726.748199
70000252652.425766
70000494200.992645
70000993556.861908
70000651522.628098
70000714770.456818
70000523356.498108
70000394699.736755
70000190742.317764
70000969468.559067
70000085019.410172
70000954973.217117
70000416768.308807
70000637686.154190
70000858768.145828
70000337525.423538
70000168582.047440
70000350402.602005
70000927584.738235
70000689012.479492
70000484066.846405
1.000000
70000197809.925461
70000457813.723785
70000856619.442795
70000643680.201996
70000099826.393372
70000644088.159027
70000652343.332184
1.000000
70000070094.948059
70000253940.130356
70000892431.376022
70000289939.749054
70000212738.899246
70000355294.994629
70000132156.497147
70000195190.517731
70000199167.153656
70000589923.732193
70000731022.587616
70000869116.675507
70000547292.866425
70000511413.212906
70000576059.550903
70000806731.975662
1.000000
70000002351.119644
70000185939.682327
70000087171.465652
70000869143.479050
70000063742.608871
1.000000
70000541138.112198
70000847853.718903
70000840692.124771
70000660968.316711
70000167974.913391
1.000000
70000233773.813461
70000039657.776703
70000729560.308365
70000208773.196289
70000952373.110474
70000641291.057159
70000606497.173737
70000675618.209290
70000394281.862244
70000913807.692673
70000422830.729904
70000885956.788727
70000455664.025024
70000586512.943207
70000527118.898972
70000447395.483826
70000981359.365799
70000640414.875763
1.000000
70000081800.790833
70000071909.238724
1.000000
70000383085.076508
70000719497.088715
70000494915.773087
70000616422.451889
1.000000
70000592051.862900
70000332582.129944
70000444634.078491
70000534138.885925
70000066681.573318
70000109338.939499
70000073517.286057
70000835080.440109
70000194327.766403
70000344008.489258
70000933196.693405
70000426203.068039
70000942287.778198
70000539714.583298
1.000000
70000392093.203842
70000702823.305649
70000878356.194809
70000115809.629837
70000243608.732895
70000670094.927734
70000885289.159714
70000581472.849091
70000813384.728851
70000307565.899048
70000451562.501038
70000197053.909637
70000005014.733368
70000895078.143356
70000220166.938477
70000381443.893402
1.000000
70000498890.703491
70000395731.744949
70000731160.504425
70000136445.541306
70000056032.771515
70000278549.777023
70000926402.185165
70000487828.006088
1.000000
70000597092.751602
70000973141.459152
70000800404.310089
70000968294.460800
70000675885.084122
70000416068.965530
70000564044.332062
70000653287.887085
70000587771.802307
70000919355.154907
70000038284.055969
70000480707.374939
70000655157.269882
70000879187.169174
70000205891.444473
70000950497.750809
70000605424.181656
70000686078.617783
70000720575.267395
1.000000
70000240704.881531
70000298621.714676
70000674210.423660
70000680440.225433
1.000000
70000864882.963486
70000509059.988007
70000890966.136337
1.000000
70000897704.219360
70000566781.570740
70000398135.604614
70000775684.996994
70000814229.569275
70000816515.602097
70000896456.413467
70000856232.969772
70000560318.184021
70000398551.266159
70000826371.446320
70000963061.935928
70000936173.801651
70000782100.682083
70000826591.798798
70000171625.021271
70000884509.364899
70000006407.451187
70000894069.422165
70000868707.257080
70000583489.110443
1.000000
70000053496.871628
1.000000
70000761020.921661
70000107037.613251
70000127334.602982
70000779532.688126
70000384093.005173
70000449641.277496
70000834411.359787
70000301182.684937
70000608524.339569
70000788995.061432
1.000000
70000868156.919724
70000710170.433685
70000692015.949203
70000669411.514069
70000941706.405701
70000268305.454208
70000120220.984680
70000496106.726364
70000514014.653458
70000823936.714294
70000043363.637207
70000723441.876999
70000076335.280273
70000858857.511139
70000950134.829208
70000765906.606415
70000038386.560867
70000723452.522507
70000706448.169785
70000712760.961273
70000034362.297363
70000408800.345901
70000822426.524094
70000777485.426346
70000924480.705551
70000969731.227554
70000183589.243469
70000488700.215775
70000360945.697311
70000826428.908417
70000043707.745697
70000505460.068237
70000470536.973114
70000008227.362167
70000746902.817001
70000924347.245209
70000880221.613388
70000576132.147049
70000275804.151016
70000279364.352173
70000654490.399261
70000568847.982086
70000099224.196091
70000873242.799271
70000080766.660751
70000227977.288589
70000119857.800644
70000851647.216934
70000465764.238785
70000310101.685822
70000354384.932846
70000355324.405746
70000525239.351547
70000740611.760880
70000287658.392044
70000589566.392609
70000216190.288437
70000252775.560684
70000839494.623566
70000637022.647537
70000563418.534149
70000993008.646774
70000726072.759781
70000375911.277985
70000848752.456268
70000750766.637558
70000874986.629669
70000764931.768982
70000444939.235504
70000480678.319122
70000326155.793777
70000084963.566605
70000553342.827530
70000613386.418716
70000219777.990982
1.000000
70000829841.321976
70000631485.149460
70000332364.116714
70000421561.165909
70000627259.543518
70000577817.066971
70000232664.570831
70000490140.227707
70000766859.664291
70000292111.491653
70000263616.349808
70000581005.710831
0.33
 0 0 0 0 0 0 0 0 0 0 0 0 0
