1 401
70000426303.015030
70000401036.289948
70000498621.270874
70000124278.001846
70000854499.387024
70000946024.790787
70000201037.910614
70000516828.195282
1.000000
70000681979.584076
70000459629.882217
70000123140.244522
70000956849.911652
70000394860.557938
70000312167.723801
70000644967.151627
70000719720.553345
70000512834.355911
70000894850.256180
70000309567.030609
70000827219.973190
70000462228.286194
70000791749.247498
70000666784.294891
70000257770.217590
70000741339.282364
70000960618.335861
70000773162.500168
70000377866.055847
70000650570.123444
70000631946.271729
70000847677.207230
70000522986.114395
70000063815.035477
70000594980.988113
70000990840.434952
70000537476.369217
70000569395.057343
70000242573.699524
70000557855.442093
70000439358.365463
70000349345.826096
70000093909.331284
70000041106.265121
70000750825.518265
70000634091.659698
70000417185.805908
70000124185.393173
70000039895.901840
70000964297.566193
70000203965.650970
70000698477.251602
70000969688.153824
70000813257.837662
70000807641.422455
70000934384.841782
70000684558.056961
70000026266.722778
70000407558.869553
1.000000
70000318601.821213
1.000000
1.000000
70000795928.374130
70000476531.740936
70000623207.117813
70000644787.401352
70000081697.831741
70000131293.554367
70000369910.958542
70000665763.273514
70000995019.028870
70000875480.367813
1.000000
70000317408.636765
70000735693.683777
1.000000
1.000000
70000723229.648270
70000566100.947418
70000388757.025436
70000721613.501328
70000639918.368195
70000314767.005157
70000879554.816437
70000332655.264542
70000468449.772400
70000136590.722900
70000268788.233154
70000795553.601242
70000590772.449661
70000843028.255646
70000536379.427765
70000893525.102173
70000975947.214081
70000404107.480911
70000767605.618652
70000784502.357590
70000378687.898514
70000176565.984619
70000826480.348480
70000952026.944229
70000254897.332458
70000811725.520615
70000429979.501068
70000160343.377014
70000889086.637085
70000179487.955841
70000679570.453323
70000635301.943420
70000333840.473221
70000829400.861557
70000767545.057800
70000922256.832214
70000332826.175308
70000373343.414703
70000541644.383438
70000754188.506302
70000210510.840927
70000437039.131607
70000307719.788544
70000463542.627213
70000201565.637543
1.000000
70000755454.906723
70000495431.613892
70000458157.973404
70000849744.243225
70000558045.805634
70000736503.257156
70000999150.350250
70000974669.453659
70000334035.849121
70000568967.143326
70000480328.091293
70000444112.235809
70000869153.060883
70000612847.556610
70000696369.828918
70000421617.697464
70000457697.224213
70000100147.441193
70000708512.747955
70000871658.523483
70000883733.642380
1.000000
70000379002.752289
70000340895.903519
70000376365.625732
70000800649.811020
70000317877.355423
70000628632.932388
70000933464.834793
70000507108.629211
70000004981.741379
70000775913.299973
70000495753.988022
70000832462.005142
70000256698.705917
70000116973.282196
70000110275.677063
70000479978.643356
70000131043.273560
70000117681.867279
70000757281.728943
70000094054.830643
70000625769.768463
70000503367.591507
70000693376.889023
70000298422.394821
70000996761.589401
70000665153.011398
70000344547.251373
70000200508.136765
70000592037.386581
70000416521.493484
70000753568.691711
1.000000
70000300671.728226
70000084168.880493
70000404422.916199
70000963394.941727
70000009378.988785
70000658693.146500
70000655081.750885
70000131400.090775
70000169791.098923
70000548335.030334
70000688599.994781
70000684203.989929
70000971518.307968
70000600932.297241
70000920007.484329
70000615934.386414
70000641896.297119
70000913446.379333
70000897751.703934
70000183240.367004
70000597634.351166
70000611829.084488
70000894406.450928
70000011496.719055
70000022389.433807
70000427136.375626
1.000000
70000639878.475052
70000637315.245270
70000037005.496475
70000592545.368332
70000235456.201447
70000575453.367050
70000567540.370712
1.000000
70000601379.731293
70000812679.434143
70000782882.828247
70000116145.373840
70000551614.331909
70000217534.659988
70000829949.771622
70000328111.913010
70000591119.171112
70000088110.696198
70000916797.816452
70000775090.790359
70000127280.275772
1.000000
70000657235.215469
70000595697.752670
70000331098.056732
70000062994.918976
70000871624.897415
70000457553.509995
70000996618.952072
70000882054.995682
70000762687.834076
70000786246.616180
70000267266.212799
70000613140.069122
70000058603.217773
70000561558.407288
70000620332.168945
70000527500.875717
70000798735.737930
70000997153.437256
1.000000
70000369154.097046
70000576289.507614
70000631810.952621
70000721203.411499
70000024379.235977
70000876613.398331
70000337548.599960
70000620672.686874
70000153956.054901
70000480530.618393
70000709912.434875
70000569002.373077
70000443965.553192
70000823229.132050
70000055342.434357
70000179907.798004
70000816361.578186
70000068941.695312
70000254822.333344
70000044067.101288
70000434583.926453
70000608226.330963
70000221517.958344
70000854914.849014
70000559138.436066
70000559652.082916
70000845425.844513
70000680877.730789
70000606537.918121
70000139984.711731
70000898195.098572
70000233011.397202
70000068001.023590
70000250729.837372
70000442501.504074
70000488531.026581
70000815141.980286
70000546145.967606
70000368399.620193
70000313386.612320
70000124914.559494
70000575997.130630
70000949654.635681
70000658709.840607
70000666221.720947
70000125920.876938
70000478140.505295
70000505847.216858
70000321960.979431
70000823259.701370
70000220166.331497
70000005613.274811
70000975425.824280
70000719330.409927
70000036145.139816
70000622310.905121
70000249354.466003
70000319763.788803
70000738277.278061
70000991825.766357
70000800565.391861
70000635051.673492
70000612919.321121
70000277004.123978
70000496307.547867
70000704558.193237
70000165912.311432
70000350980.101608
70000943259.220993
70000930844.622650
70000913354.427017
70000835677.072403
70000574405.422424
70000679495.356918
70000425756.230682
70000206073.916824
70000830486.424332
70000691042.634842
70000478608.084351
70000405637.662933
70000794213.445557
70000095015.104095
1.000000
70000467628.261749
70000019543.497772
70000568971.810333
70000048864.053940
70000950327.632477
70000922294.178894
70000190629.566391
70000415184.276459
70000506337.677261
70000776922.575241
70000977790.776749
70000875027.371567
70000905963.532883
70000931371.686249
1.000000
70000742828.139038
70000230796.016632
70000385338.253708
70000674061.437973
70000048264.136246
70000167998.935150
70000770587.106888
70000083273.093140
70000287074.901276
70000724127.683838
1.000000
70000607831.490555
70000143144.159851
70000625195.825165
70000329644.695358
70000334596.252335
70000046733.458435
70000594356.433395
70000657245.177933
70000977995.513763
70000626696.692902
70000064628.036972
70000870330.782440
70000464846.499359
1.000000
70000223508.262268
70000791509.845703
70000274471.320251
1.000000
70000331279.976456
70000016067.004868
70000124432.361938
70000092060.799881
70000199758.245880
70000613593.118195
70000703135.530441
70000077923.110764
70000532187.793610
70000994408.410248
70000966878.479782
70000324864.082657
1.000000
70000246493.739426
70000174118.355698
1.000000
70000022799.380142
70000130087.177750
70000179946.263718
70000420934.529358
70000612656.187256
70000877946.394867
70000885685.279816
70000990282.406601
70000907769.944641
70000915228.290573
70000129715.777069
0.33
 0 0 0 0 0 0 0 0 0 0 0 0 0
