1 401
70000106333.371475
70000949371.012741
70000015494.996933
70000440254.025757
70000569239.837585
70000895319.799835
70000882334.128189
70000619607.550415
70000407489.313461
70000230361.555725
1.000000
70000478070.061539
70000993806.697891
70000180601.362473
70000673312.740387
70000997844.210220
1.000000
70000785822.601654
70000518578.801376
70000980882.214539
70000449039.462860
70000958574.192657
70000598603.295670
70000357034.264832
70000765930.501129
70000547727.096619
70000723747.432281
70000984002.949326
1.000000
70000227334.974518
70000352366.061234
70000753820.113663
70000501271.579407
70000974207.335419
70000197047.632736
70000071671.367569
70000712493.367676
70000024652.493912
70000979480.238724
1.000000
70000073603.989075
1.000000
70000549424.711700
70000197315.757202
70000937733.597702
70000365357.391373
70000775672.698730
70000165761.226608
1.000000
70000070662.187546
70000807173.331467
70000547029.096024
70000675851.567551
70000955971.517395
70000518883.658752
70000626314.168320
70000349340.649704
70000231208.684982
70000357642.707275
70000024532.758942
70000376312.957474
70000340293.424484
70000303134.164810
70000878284.498199
70000322111.007935
70000744282.820297
1.000000
70000988851.188446
70000807971.939102
70000581841.659195
70000057148.359879
70000061040.350632
70000421556.664322
70000989020.045563
70000983116.747864
70000490343.429840
70000095439.929733
70000745984.673813
70000415872.237595
70000027824.694305
1.000000
70000271089.761826
70000665576.460815
70000486992.715332
70000655883.590164
70000347366.946426
70000418933.527557
70000224910.545349
70000457280.506378
70000943880.344040
70000145870.661377
70000889575.824997
70000012906.460342
70000269919.904236
70000602399.700653
70000827187.896713
70000597893.968903
70000074969.664276
70000839561.267990
70000159404.505875
70000546555.240677
70000634704.347519
70000858803.450699
70000429891.155716
70000912760.412903
70000971175.649750
70000794427.081268
70000840549.920471
70000674888.896378
70000233818.685532
70000045600.793335
70000013526.469299
70000978017.692017
70000253868.342651
70000132611.078003
70000929190.593231
70000620612.098282
70000556318.215637
70000134623.647049
70000957233.580521
70000319327.337570
70000347212.376953
70000685573.536118
70000643739.447845
70000030617.219055
70000583841.846710
70000491290.611115
70000960739.226334
70000049015.263992
70000123463.299881
70000618134.939072
70000634331.871201
70000595001.629745
70000401138.235626
70000951625.252792
70000931496.835709
70000226390.756119
70000315641.703293
70000662166.135254
70000925381.184708
70000271254.241364
1.000000
70000314822.158691
70000177820.748566
70000655392.356094
70000192478.779480
70000261980.195602
70000747375.235535
70000106925.163071
70000717717.434357
70000578583.515503
70000556207.464966
70000438711.113922
70000067559.199097
1.000000
70000663293.418869
70000205566.825592
70000023387.890915
70000599788.792206
70000838965.097443
70000594810.941620
70000177674.245270
70000923501.318832
70000256590.706711
70000923393.327896
70000431041.400131
70000578849.677521
70000537010.681320
70000977509.605270
70000487907.025116
70000027816.657211
70000448799.237381
70000067581.799484
70000323999.594894
70000277058.582977
70000819957.075180
70000509191.476807
70000816133.951355
70000299255.902084
70000958144.476791
1.000000
70000076380.944412
70000079148.534225
70000147212.910904
70000448893.831436
70000395327.019730
70000717829.757965
70000845493.445007
70000158670.215332
70000460380.124557
70000744019.023407
70000131551.856613
70000875272.850311
70000794268.740631
70000167021.247986
70000816013.605698
70000261869.786270
70000915483.657532
70000780626.038437
70000900358.904419
70000731125.083496
70000380485.170959
70000210974.161713
1.000000
70000276641.024734
70000943156.400284
70000541773.990189
70000566407.223328
70000070018.574997
70000326877.131104
70000506854.564941
70000745232.776733
70000279970.888351
70000117150.753281
1.000000
70000287383.442215
70000032737.504883
70000178730.489746
70000661677.007492
70000860710.666718
70000748841.731537
70000212150.072388
70000395387.283401
70000848289.111313
70000822070.858673
1.000000
70000052623.282242
70000811698.558594
70000020523.798721
70000250556.121521
70000527368.577560
70000356365.686264
70000089496.559128
70000384142.680817
70000009823.719681
70000023662.511017
70000870300.666580
70000245598.089157
70000341386.223053
70000414946.407471
70000479722.301102
70000165416.122833
70000807274.152832
70000296909.102371
70000658163.169159
70000386173.320557
1.000000
70000425130.825623
70000063761.402756
70000257886.275101
70000271605.969315
1.000000
70000473323.249390
70000951972.345963
70000662414.029892
70000723745.321930
70000815799.136215
70000301531.794205
70000906568.509903
70000539851.940079
70000726233.075775
70000466245.734756
70000699492.552658
70000897973.822266
70000025488.758743
70000954283.337418
70000696522.440842
70000324369.594482
70000096962.797760
70000501461.573181
70000064570.941086
70000235438.661728
70000732937.260406
70000527661.102371
1.000000
1.000000
70000682144.095230
70000269162.991562
70000212118.752380
70000346250.631912
70000249657.949661
70000449219.084457
70000974762.669632
70000410152.270050
70000155578.134750
70000688971.655716
70000147175.935852
70000915125.750870
70000894658.031647
1.000000
70000663584.779785
70000532288.164047
70000672527.562836
70000753360.232361
1.000000
70000243501.279800
70000454588.336227
70000438801.142838
70000258540.544067
70000649859.908417
70000116783.677612
70000183417.809982
70000078214.606323
70000356579.942032
70000235411.773224
70000810579.259628
70000348785.955917
70000591273.611557
70000614088.774246
70000889878.987045
70000963258.992691
70000952131.050705
70000826078.939957
70000587333.548508
70000185203.905350
70000341583.069305
70000323300.312363
70000991337.730667
70000440650.572586
70000794643.231781
70000430866.935303
1.000000
70000045253.948730
70000923351.264664
70000198850.298294
70000195399.433014
70000561358.442825
70000724612.843781
70000456262.449493
1.000000
70000706351.228958
70000202999.083176
70000137182.681946
70000787391.458298
70000740048.118378
70000440871.722855
70000779989.941971
70000747622.203171
70000593067.797043
70000955673.583862
70000436490.034866
70000560104.753891
1.000000
70000512052.914246
70000046657.268906
70000217967.649261
70000491882.711105
70000049703.992569
70000529727.799225
70000109092.015778
70000890165.336349
1.000000
70000070274.238602
70000687741.422684
70000672567.345871
70000307194.007233
70000814452.403885
70000718774.408981
70000347280.234833
70000341801.818665
70000830978.898590
70000988135.891174
70000518969.492935
70000210041.858322
70000089819.288361
70000909146.447784
70000750583.336029
70000802513.967880
70000469096.853378
70000823729.894257
70000603090.225311
70000840786.452927
1.000000
70000481221.911194
70000132800.494507
1.000000
70000567097.394745
70000503121.953842
70000406168.334351
70000734669.543991
70000767872.303802
70000740755.608566
70000960093.971588
70000510842.561493
70000586001.587326
70000277575.630234
70000932721.356628
70000489594.902069
70000324869.762634
70000028058.926910
70000360195.691467
70000134104.523361
70000656450.831223
70000879402.627563
70000255998.872849
70000038741.312820
70000485857.673767
70000477437.623184
70000851121.768097
70000867750.829849
0.33
 0 0 0 0 0 0 0 0 0 0 0 0 0
