1 401
70000170631.249710
70000617146.504364
70000401315.160645
70000257333.442322
70000572090.285187
70000307421.365723
70000715737.675003
70000429198.790421
70000630293.874588
70000392562.271545
70000021344.515411
70000757437.025024
70000660337.768646
70000170031.843338
70000865329.718231
70000938992.277451
70000133532.901413
70000900744.778549
70000909732.139572
70000642949.841202
70000251948.073929
70000246104.832825
70000622257.668427
70000411940.838120
70000925438.760880
70000749314.759598
70000489479.657227
1.000000
70000248425.405014
70000438522.829285
70000094230.555649
70000644633.928482
1.000000
70000855977.642639
70000199702.478058
70000698295.827927
70000337534.823914
70000224113.794785
70000965530.024460
70000488326.863037
70000238271.916870
70000542356.392441
70000326031.030594
70000787390.220169
70000127850.929413
70000677122.959473
70000353413.511032
70000917915.890289
70000188222.958328
70000299680.108429
70000299921.062332
70000247148.176926
70000484961.087936
70000808107.748672
70000607077.807846
70000172481.957031
70000369277.981552
70000589198.533142
70000372389.466354
70000685815.075684
1.000000
70000171421.134979
70000650215.043930
70000484860.258987
70000355989.016449
70000783361.605728
70000562537.112488
70000316045.469482
70000445087.938354
1.000000
70000798148.598297
1.000000
70000306209.701874
70000485610.689957
70000608247.515854
1.000000
70000594040.192383
70000206698.414307
70000271055.501480
70000943583.382019
70000190422.125778
70000675733.256897
1.000000
70000476964.268356
70000485435.701965
70000813302.390030
70000718607.150604
1.000000
1.000000
70000017507.548737
70000238674.933319
70000959224.519470
70000291462.335312
70000331156.563309
70000690488.527756
70000938043.172134
70000288930.656158
70000729176.612015
70000299575.962067
70000177371.680115
70000969462.064301
70000750324.989059
70000154842.517731
70000013497.147491
70000305016.839813
70000122968.569046
70000523108.326920
70000138874.091278
70000789271.217300
70000447785.444901
70000698865.604279
70000698905.623489
70000909269.243622
70000559615.939926
70000123206.744308
70000124041.657104
70000999824.151993
70000433089.175323
70000851947.575470
70000585569.399567
70000575634.517838
70000771089.299820
70000444797.619858
70000341254.574905
70000831452.875137
70000752715.650391
70000523041.319992
70000100058.965363
70000648838.907074
70000202351.937317
70000652429.113983
70000534408.029083
70000541268.371567
70000682258.720779
70000256667.295715
70000444726.941269
70000086404.775818
70000148726.166138
70000682020.316666
70000127908.920944
70000989100.599442
70000824947.038193
70000038555.905380
70000907341.145966
70000336979.122482
70000471517.064911
70000897281.480713
70000368552.545990
70000249339.097610
70000207183.065857
70000396308.929733
1.000000
70000849359.532898
70000398444.278687
70000991465.231079
70000050552.972794
70000721921.539017
70000137568.176895
70000337936.183395
70000008445.047058
70000373806.994080
70000789028.527771
70000361138.720718
70000456350.990311
70000721598.877289
70000409833.904282
70000214762.095688
70000056677.460770
70000392439.444611
70000733386.575455
70000412739.251221
70000179616.323563
70000987558.420517
1.000000
70000802201.871887
70000106005.309647
70000096047.000351
70000808125.481995
70000057211.026733
70000837211.696411
70000668014.757935
70000499305.970016
70000934628.438782
70000782994.996017
70000564881.352814
70000752144.556152
70000965607.656204
70000089440.134811
70000042572.324890
70000384145.621857
70000416146.443192
70000712815.072906
70000166922.012375
70000634967.973541
70000848782.037109
70000271348.232010
70000605039.341766
70000902182.415604
70000267580.207001
70000239922.407669
70000355646.766541
70000507668.409393
70000826967.237320
70000290135.580460
70000991388.411926
70000701051.713425
70000991032.701523
1.000000
70000720452.578445
70000230158.701965
70000533558.262817
1.000000
70000411541.438995
70000585370.999588
70000424119.526337
70000589637.710876
70000012666.999557
70000451058.262253
70000376698.484741
70000463483.400894
70000969276.590179
70000561166.832855
70000322325.976669
70000663735.398651
70000132723.230820
1.000000
70000932638.037415
70000856466.995331
70000784983.154495
70000574973.724380
70000940498.959534
1.000000
70000797548.475586
1.000000
70000873508.760178
70000878059.257828
70000558657.961395
70000259957.057098
70000938469.866867
70000129786.756348
70000601834.493607
70000566327.829666
70000055342.402893
70000320234.328644
70000061028.008545
70000401072.239731
70000408049.759735
70000065618.310181
70000623826.293640
70000864490.720871
70000520502.887207
1.000000
70000258794.385086
70000938271.507019
70000237466.814316
1.000000
70000148082.343124
70000526787.692093
1.000000
70000908475.629913
70000511013.277618
70000274406.385147
70000410808.687027
70000621351.966904
70000897506.702148
1.000000
70000762310.924103
70000157090.523743
70000291135.573807
70000891448.125748
70000206713.603821
70000362666.685394
70000771911.428970
70000336089.469482
70000244689.141266
70000090918.409302
1.000000
70000739767.276154
70000721672.138916
70000505694.217377
70000053604.823669
70000422721.165726
70000710630.662354
70000355514.800278
70000067514.587280
70000928719.472778
70000784145.337082
70000638955.784592
70000375974.342178
70000972727.419250
70000101386.384796
70000429165.492264
70000722862.650635
70000691019.746841
70000772982.858292
70000010473.024506
70000995168.347977
1.000000
70000317332.780792
70000500133.069534
70000971026.810745
70000354985.379074
70000555357.867142
70000405859.473160
70000866680.693146
70000014645.401230
70000319913.438705
70000048974.791321
70000849473.637665
70000120231.586060
70000649934.276581
70000016205.861954
1.000000
70000847637.675903
70000671974.823456
70000677294.445129
70000580794.943680
70000135748.398697
70000985740.268524
1.000000
70000841300.065933
70000248239.102859
70000339666.197037
70000067202.891479
70000271588.774841
70000284957.813797
70000596076.396042
70000290278.730255
70000450292.156281
1.000000
70000157579.187988
70000605489.174240
70000735074.439011
70000451968.346329
70000213054.669632
70000734368.293716
70000595113.656509
70000409105.782181
70000573871.620987
70000342142.297287
70000527172.118774
70000382715.495895
70000122252.216431
70000901421.922943
70000651869.550705
70000864002.529068
70000368789.134293
1.000000
70000329944.565262
70000412692.441574
70000317129.158356
70000439629.039444
70000492948.015793
70000163875.315094
70000264494.969864
70000072230.900818
70000566756.843246
70000904270.457718
70000718255.912842
70000036348.821869
70000936716.649857
70000384697.896927
70000557590.176270
70000850471.523590
70000878076.215042
70000934298.706375
70000501429.656097
70000358071.432816
70000425551.627182
70000288050.162888
70000799549.677872
70000195169.603119
70000889166.796295
1.000000
70000190744.922470
70000052191.707855
70000930436.594009
1.000000
1.000000
70000190649.231857
70000688257.310333
70000460738.970749
70000054710.655487
70000637306.517563
70000004284.219116
70000958310.707443
70000006916.470795
70000978325.874786
70000803807.178253
70000383431.933426
70000180793.099457
70000854147.702545
70000171729.727676
70000970590.940002
70000185338.041016
70000860371.599258
1.000000
70000027518.028702
70000631083.322754
70000469873.637741
0.33
 0 0 0 0 0 0 0 0 0 0 0 0 0
