1 401
70000880927.751816
70000382624.265839
70000956108.648010
70000259505.557663
70000165728.645599
70000915901.590851
70000228466.905792
70000908629.534515
70000049686.423599
70000425797.064941
70000820875.845566
70000383816.738342
70000089903.790176
70000718336.260254
70000012146.493317
70000856320.331467
70000553128.654373
70000551588.873703
70000209023.981445
70000805747.083557
70000562802.530289
70000635477.176926
70000235131.865387
70000406888.848404
70000891637.256073
70000420191.120605
70000135266.921829
70000445410.736145
70000834802.959488
70000697138.077011
70000160914.932022
70000290240.943008
70000979807.897171
70000827234.410004
70000638676.000946
70000563593.350998
1.000000
70000825981.255508
70000978769.339142
70000084729.348816
70000076328.158142
70000883820.839798
70000850907.291199
70000703649.155716
70000365139.813004
1.000000
70000280907.401627
70000512730.936951
70000845968.936386
70000441256.156830
70000094522.431625
70000564095.125900
70000957318.924393
70000261679.778900
70000764424.069977
70000522640.760605
70000738391.853088
70000024439.006134
70000876130.367783
70000207121.558640
70000466368.839462
70000657628.422302
70000060538.806427
70000018295.587265
70000833844.943558
70000552113.497498
70000132180.539383
70000808046.090195
1.000000
70000051901.853180
70000036016.282059
70000120626.609802
70000954505.127151
70000224630.103287
70000956076.859833
70000665464.805603
70000072506.745422
70000843083.888077
70000806414.648773
70000115735.086975
70000016357.546707
70000381352.346298
70000657527.606796
70000957513.351456
70000040916.704834
70000998057.174622
70000012863.301300
70000404388.274353
70000433675.485550
70000480302.660629
70000900107.939713
70000545459.065811
70000504326.584778
70000388077.397614
70000179408.284943
70000185583.429581
70000032146.097961
70000521276.870468
1.000000
70000707042.695374
70000911932.767624
70000362914.235474
70000659646.905655
70000273691.413544
70000835648.765198
70000751826.371979
70000885883.569565
1.000000
70000692051.578674
70000070700.228775
70000947702.040817
70000895111.294083
70000854841.805939
70000673808.481705
70000105267.891037
70000265138.220184
70000126068.159729
70000757932.252060
70000086684.932678
1.000000
70000146415.844681
70000334022.879120
70000148359.314529
70000211396.302277
1.000000
70000057609.314819
1.000000
70000480153.048538
70000166365.152359
70000429029.544601
70000520475.812668
70000533228.007187
70000276110.034912
70000975791.090210
70000243012.596664
70000719184.921249
70000746077.362823
70000882584.176453
70000385198.964874
70000500292.860992
1.000000
70000407071.264816
70000326176.696106
70000351510.979874
70000087100.780960
70000803890.001373
70000251121.350464
70000499598.254150
70000532919.106445
70000119571.341034
70000371000.128464
70000021298.646317
1.000000
70000705209.859634
70000120700.579636
70000634298.517441
70000532879.713196
70000493119.804718
70000097766.053879
70000823384.377228
70000762267.003174
70000309776.263306
70000431629.339157
70000204426.431076
70000727495.537048
1.000000
70000671274.636597
1.000000
70000322315.257019
70000752864.203018
70000311622.364670
70000562516.630035
70000407752.782669
70000274980.295822
70000335569.737808
70000876166.091461
70000397760.563889
70000828622.639694
70000698253.270355
70000603888.757477
70000872430.185440
70000666242.572739
70000031804.998184
70000219934.909409
70000024115.558151
70000853711.597595
70000418398.471725
70000031928.378754
70000921638.069016
70000213586.134338
70000021861.216522
70000247816.980850
70000996040.322388
70000350536.826584
70000945199.350693
70000167553.692108
70000616880.453064
70000048210.092377
70000994003.096649
70000742159.901672
70000249456.594315
70000594977.409286
70000827753.032715
70000282413.514847
70000557398.564606
70000707549.924911
70000819824.358063
70000032405.417297
70000776518.227921
70000978248.259720
70000800801.689713
70000414137.886185
70000858629.546844
70000112653.264633
70000901356.947296
70000788284.189056
70000005292.487183
70000827223.551178
70000271236.245010
1.000000
70000008816.404404
70000209592.941803
70000878418.597397
70000794758.120193
70000953140.289597
70000009459.249832
70000404934.027649
70000982170.658554
70000923606.453415
70000456062.469879
70000360996.891724
70000881712.268250
70000627293.579269
70000485506.111984
70000441831.316437
70000818565.848999
70000887943.662354
1.000000
70000513499.687881
70000730499.991928
70000510492.930878
70000891147.585114
1.000000
70000611728.757278
70000706923.686386
70000152663.128311
70000861786.910416
70000469939.711945
70000507065.053864
70000527574.641098
70000274400.785995
70000568153.284042
70000211683.085571
70000115089.573029
70000608748.107162
1.000000
70000452606.007706
70000829061.642349
70000121026.769363
70000189395.624405
1.000000
70000383265.148849
70000743011.133896
70000646165.032318
70000605367.449295
70000540242.550766
70000793551.843246
70000743568.852737
70000165536.738434
70000334917.466843
70000827316.804886
70000612147.286102
70000619992.222626
70000775438.240906
1.000000
1.000000
70000273629.038818
70000490768.662369
70000233318.668076
70000475076.266632
1.000000
70000526835.242371
70000355751.103531
70000957863.450989
70000313240.235397
70000859019.184067
70000437258.620132
70000294948.354614
70000140899.792221
70000159339.723969
70000851785.266754
70000179574.568008
70000807452.925247
70000024932.412003
70000852245.792847
70000088474.445923
70000710901.409225
70000690538.263519
70000917241.980392
70000209593.816345
70000217593.553543
70000969461.927246
70000381480.294388
70000508351.039612
70000231494.732132
70000896442.091751
70000009350.426865
70000288036.621338
70000147202.160904
70000130483.884033
70000585511.229904
70000676001.008926
70000498012.907074
70000887134.328949
70000530487.308426
70000252029.475830
70000568116.483017
70000075797.135529
70000745375.047729
70000845100.140182
70000316624.179489
70000615613.894562
70000752861.419113
70000398370.566254
70000442841.957199
70000758680.772400
70000256216.778778
70000925580.779358
70000131944.613464
70000087930.306580
1.000000
70000597716.766388
70000173249.871918
70000950900.548935
70000530539.441284
70000658230.680130
70000722171.276382
70000263002.657059
70000491642.793213
70000947413.375122
70000789910.022873
1.000000
70000932878.326645
70000676724.150467
70000146967.650925
1.000000
70000552464.124130
70000482963.811951
70000802494.430740
70000818416.568527
70000776791.059509
70000654557.614441
70000514601.242615
70000070323.609283
70000226994.561218
70000574626.618134
70000932782.180115
70000445927.355621
70000525557.678345
70000863929.424927
70000844326.949814
70000312237.967880
70000456964.307190
70000175622.474442
70000645862.315552
70000330166.853180
70000103779.723038
70000183881.132675
70000203966.939285
70000794667.425217
70000094487.673584
70000773694.641525
70000225872.948288
70000738469.799850
70000817983.816391
70000271835.195786
70000164589.042480
70000103781.495132
70000940325.707138
70000611458.044479
70000301503.642990
70000933135.918732
70000449405.350082
70000172453.652222
70000662408.505417
70000193886.138443
70000081870.473007
70000297445.262543
70000556489.698227
70000852708.612167
70000567901.929138
70000140217.778061
70000791154.768463
70000185288.134537
1.000000
70000663916.818268
70000096901.128662
70000447852.990326
70000914560.961502
70000949161.385040
0.33
 0 0 0 0 0 0 0 0 0 0 0 0 0
