1 401
70000939646.103485
70000148062.330933
70000506431.822876
70000316711.281357
70000701760.323578
70000536250.957809
70000446638.467911
70000272797.440628
70000505094.524719
70000772113.959839
70000162961.863358
70000277888.813416
70000286439.656525
70000827002.283630
70000529648.349792
70000259063.307327
70000176618.088272
70000000975.994919
70000306730.015213
70000288466.248932
70000742396.046799
70000198619.909790
70000194045.205490
70000340743.381470
70000017722.317337
70000047899.920822
1.000000
70000956321.624100
70000257964.204727
70000648510.879349
70000563135.348206
70000755077.567215
1.000000
70000257277.666718
70000563156.059235
70000365224.741013
70000229705.357819
70000762598.377884
70000804608.997910
70000447655.672668
70000744486.064285
70000860106.941208
70000515667.851578
70000961340.813629
70000609632.224106
70000703891.970016
70000688461.264038
70000376399.746613
70000472126.202209
70000728340.009995
1.000000
70000537858.619537
70000752500.456467
70000635986.572830
70000932498.588150
70000384308.821045
70000236860.407333
70000928874.698425
70000558957.650635
70000399632.259354
70000711853.680588
70000056018.316101
70000497594.147034
70000512313.853012
70000463051.753281
70000658521.957092
70000180196.526627
70000324114.028214
70000235656.625717
70000441507.342819
70000812542.070023
70000276815.094193
70000326827.930359
70000265215.994705
70000496045.469727
70000032965.819077
70000332745.294006
70000649057.294373
70000977851.744690
70000470875.350143
70000820394.871307
70000918850.834290
70000597804.817093
70000012409.087173
70000000527.915543
1.000000
70000349724.813446
70000092386.022430
70000574028.904007
70000385251.328674
70000887570.642807
70000160103.721512
70000561601.758377
70000299906.303833
70000224189.740280
70000673543.500320
70000006147.484512
70000044183.447723
70000829888.118835
70000818628.173035
70000958166.174683
70000767965.620972
70000192633.540405
70000512806.158646
70000916847.393036
70000510642.444244
70000607101.794830
70000026504.220428
1.000000
70000011809.357651
70000821591.766220
70000032657.581284
70000372965.191116
70000009221.541504
70000968324.156464
70000814918.200195
70000015141.022781
70000965793.671936
1.000000
70000433522.084137
1.000000
70000781912.185944
70000680416.557861
70000615342.168655
70000029909.934189
1.000000
70000518369.362122
70000260074.285950
70000876356.970398
70000147526.826431
70000203454.842300
70000323740.729889
70000866687.452148
70000080666.878082
70000956609.360809
70000715383.663361
1.000000
70000086207.149719
70000732224.590195
70000722866.108414
70000397145.551315
70000509929.795395
70000384337.192062
70000230848.335800
70000352841.781265
70000585166.083939
70000977397.859772
70000526862.065994
70000842628.218079
70000314206.845642
70000728962.343262
70000941116.950485
1.000000
70000247416.162506
70000081098.089371
70000964620.388397
70000052692.166718
70000083508.191772
70000660710.418777
1.000000
70000043492.061600
70000201862.525192
70000390857.133072
70000390471.843353
70000289962.852768
70000294173.978317
70000680775.137558
70000817247.335342
70000939701.652069
70000192799.102859
70000552000.311111
70000674698.434219
70000541992.324631
70000947935.425400
70000289389.428513
70000990100.708008
70000393982.561554
70000216551.118134
70000060118.125763
70000776832.889160
70000098009.898956
70000722208.477142
70000204332.310394
70000704169.856491
70000244358.344055
70000057224.327698
70000750073.201065
70000454606.239441
70000867723.727890
70000113984.111145
70000222561.167847
70000458342.540863
70000568091.243469
70000714414.531723
70000865713.669922
70000300062.353836
70000465819.480972
70000288160.056610
70000021801.613708
70000538410.941666
70000710126.088272
70000411905.706100
70000647387.696594
70000746932.325897
70000818914.991180
70000269379.082153
70000272997.975510
70000939364.946945
70000207353.762985
70000885849.730576
70000511034.469559
70000447845.720856
70000638420.831818
1.000000
70000739574.310608
70000380556.572052
70000715341.807953
70000098588.459290
70000006891.618362
70000122295.249557
70000204051.957581
70000491950.384613
70000531263.631851
70000940770.113266
70000439177.546417
1.000000
70000724470.130814
70000805339.173569
70000711073.080811
70000286451.257202
70000960589.251892
1.000000
70000251934.069244
70000983019.271408
70000848799.289886
70000369828.111984
70000742089.751953
70000093783.950989
70000670993.696640
70000695547.121170
70000366536.417206
70000755185.129837
70000357466.466675
70000221251.492676
70000624664.131683
70000811587.888260
70000781713.627792
70000558666.865768
70000341456.942383
70000315556.052536
70000460056.796783
70000755410.229416
70000629892.864456
1.000000
70000863818.501541
70000523090.944336
70000848535.564316
1.000000
70000217996.674774
70000723433.351196
70000321436.709763
70000380514.228943
70000502684.118134
70000638332.344040
70000459896.302109
70000167092.570923
70000360920.462448
70000039574.672623
70000240053.898407
70000322778.400635
70000688804.899246
70000845008.338394
70000332869.944321
70000060845.923141
70000320335.211685
70000891053.473724
70000277697.305725
70000993399.530731
70000995285.325287
70000172007.578018
70000357604.716843
70000655017.574142
70000479546.872879
70000668491.549744
70000014538.671005
70000800001.369461
70000243537.607468
70000652280.142838
70000530302.429245
70000585012.409073
1.000000
70000949045.376633
70000982162.812347
70000073616.878036
70000016914.149475
70000114034.631226
70000708777.668106
70000656124.322708
70000116204.369965
70000788244.180161
70000122105.588211
70000056767.252304
70000902932.302704
70000000881.216949
70000585994.409897
70000125640.755127
70000393148.374374
70000005339.842300
70000497523.640869
70000148871.014359
70000357127.044724
70000111113.226349
70000525907.251572
70000252186.603485
70000544384.005280
70000945480.302078
70000584511.590149
70000861241.156570
70000128824.950653
70000200435.915848
70000684956.434738
70000242542.015015
70000334007.118927
70000335806.925034
70000580057.994781
70000796691.572708
70000613217.685165
70000138801.687805
70000287744.205765
70000652764.251465
70000000157.441269
70000310360.116608
70000417063.109238
70000443302.359787
70000783971.701767
70000863095.919861
70000519131.650253
70000376955.793457
70000299789.691833
70000377453.766434
70000946412.704300
70000579332.110077
1.000000
70000776323.896317
70000219901.986679
70000257439.913284
70000625524.586502
70000655391.939484
70000268394.254822
70000317730.228516
70000722476.888062
70000136318.870270
1.000000
70000338629.785873
70000955819.015091
70000770668.652832
70000678510.836731
70000152741.322159
70000285309.555832
70000970004.276428
70000907715.574249
70000701968.712402
70000325917.515320
70000104440.445816
70000685785.326065
70000215813.844513
70000136716.789169
70000310564.534668
70000928181.706757
1.000000
70000723494.322968
70000846348.670868
70000767026.448578
70000638413.245865
70000198462.972794
70000430824.964340
70000400706.063828
70000726814.586502
70000675988.883987
70000469332.927338
70000622793.563141
70000986385.304886
70000425764.912140
70000425779.303711
70000484605.766708
70000192839.725693
70000715238.505371
70000766599.341904
70000443565.314423
70000767378.679199
70000515743.619034
70000473383.524734
70000456384.751999
70000833226.358932
70000358542.941803
70000257893.311905
70000815003.424118
70000404613.323929
70000823180.836029
70000150770.705963
0.33
 0 0 0 0 0 0 0 0 0 0 0 0 0
