1 401
1.000000
70000221006.652069
70000283489.422241
70000440785.253510
70000409431.151459
70000149582.834625
70000564863.113831
70000738220.303604
70000905611.233261
70000076755.443939
70000866799.295349
70000176928.935684
70000019776.231964
70000024059.628220
70000163045.044479
70000880385.632233
70000725337.403473
70000115359.374634
70000222208.316711
70000507019.805573
70000006278.596878
70000288859.917557
70000483032.010880
70000933150.651993
70000832754.610703
70000937409.163757
70000633350.725998
70000268035.259766
70000623981.551559
70000916422.551041
70000520868.334702
70000669030.715988
70000765264.939041
70000896145.963531
70000194163.600952
70000756571.434235
70000609392.610977
70000248952.785324
70000843752.892120
1.000000
70000918392.286041
70000058428.965637
70000663242.521515
70000353662.404892
70000002630.820312
70000168779.485550
70000045328.140869
70000537482.046494
70000504344.326248
70000719901.146759
70000341372.965668
70000698451.570389
70000062230.066254
70000930285.141922
70000816678.868774
70000394432.695938
70000354396.845566
70000190702.419693
70000220306.403519
70000001779.512238
70000506540.443848
70000599697.239319
70000520863.484726
70000373087.005508
70000921775.457291
1.000000
70000972388.452637
70000572218.516983
70000132331.976501
70000468501.991089
70000303624.303467
70000256970.672440
70000577107.645554
70000105589.534073
70000059760.389297
70000153814.081070
70000154338.385132
70000540692.153320
70000796537.243195
70000285574.629028
70000374420.256393
70000710036.020203
70000939339.601151
70000288741.507446
70000661654.238327
70000706278.481003
70000941746.593246
70000286150.500854
70000393790.151733
70000589737.052231
70000352598.333878
70000517507.964264
70000422194.637833
70000964171.276749
70000564965.949066
70000249119.841431
70000094917.956772
70000391755.818634
70000438567.044693
1.000000
70000022768.832748
70000973053.725204
70000737283.837402
70000971432.071091
70000543298.545990
70000519243.281021
70000291811.870255
70000587827.965454
70000478967.877625
70000979345.637634
70000182464.105148
70000954870.270660
70000247239.620087
1.000000
70000952921.048370
70000507607.120789
70000647551.283722
70000979673.876602
70000571800.989929
70000416464.456985
70000030345.052795
70000930155.713638
70000289319.442108
70000628357.074677
70000836348.310455
70000518163.386581
70000055415.977829
70000825402.891006
70000789431.204575
70000540674.627380
70000291262.860687
70000069965.046936
70000706010.586456
70000671399.251251
70000256606.584641
1.000000
70000618150.398651
70000347007.505585
70000608087.455093
70000164812.017654
1.000000
70000338990.706406
70000808891.472565
70000424781.742630
70000820938.982193
70000232464.962936
70000839884.655609
70000436608.916428
70000631842.013870
70000135434.827377
70000850320.399551
70000422172.928253
70000992569.238922
70000850035.880051
70000700980.751617
70000055662.771347
70000848278.027710
1.000000
70000689324.976669
70000974150.967621
70000518851.886047
70000737952.061371
70000065076.507996
70000390782.380875
70000985576.263397
70000194016.431259
70000111068.273285
1.000000
70000212947.145142
70000270683.593002
70000313699.697632
70000375117.323135
1.000000
1.000000
70000840554.280380
70000780517.973175
70000796716.639297
70000968053.759476
70000676690.454346
70000373727.052170
70000951631.943375
70000263897.484573
70000469009.404144
70000226300.159622
70000712098.963425
70000346038.946716
70000220725.793625
70000375850.750885
70000740126.508087
70000621524.740173
70000757925.046326
70000917228.285172
70000633494.742294
70000233498.720810
70000224789.477188
70000681778.994888
70000080996.057236
70000174459.987961
70000903874.498260
70000819779.079498
70000505337.351608
70000563189.392242
70000813357.395218
70000061851.905609
70000399460.324387
70000201382.721039
70000106269.694244
70000457376.269913
70000709663.698563
70000389613.279816
70000082115.104523
70000054301.799301
70000236210.339539
70000710586.221680
70000221036.207260
70000961314.657806
70000055724.281891
70000822435.214111
70000510197.869980
70000363416.757614
70000342022.163162
70000009384.766403
70000085580.758347
70000452938.106094
70000162454.193375
70000693899.733215
70000773683.342590
70000630732.642914
70000681517.758102
70000384734.584610
70000126659.323196
70000149424.091263
70000507641.764999
70000686429.470581
1.000000
70000249015.848358
70000450116.498901
70000914418.942413
70000076832.578644
70000780671.486877
70000218994.187805
70000443407.707016
70000896108.924545
70000521988.579285
1.000000
70000106947.478180
70000997153.641861
70000724763.115067
70000391135.661942
70000071298.678711
70000599045.272644
70000736183.875824
70000137827.633026
70000814777.864792
70000907534.659775
70000449981.528183
70000626325.268005
70000416595.385605
70000886875.904694
70000680576.447296
1.000000
70000050327.818802
70000728944.322189
70000827977.233841
70000562307.188065
70000699477.584991
70000081604.959213
70000895511.472321
70000295056.981445
1.000000
1.000000
70000658569.967911
70000456124.527115
70000966664.590363
70000915119.039505
70000297925.444443
70000185420.966431
70000943617.530762
70000835470.372269
70000171694.275757
70000129526.737244
70000904350.818008
70000938611.540604
1.000000
70000147287.388535
70000236151.920319
70000844841.479080
70000890613.048035
1.000000
70000581099.532440
70000618800.965591
70000383290.571182
70000098507.946625
70000562329.149490
70000230961.246155
70000844411.328873
70000778869.744766
70000787280.451080
70000843513.839233
70000713088.440369
70000414677.947800
70000613620.742325
70000664303.539825
70000046432.823135
70000971991.006973
70000707020.195740
1.000000
70000919127.776382
70000997491.031494
1.000000
70000788858.806458
70000629249.170547
1.000000
70000431455.218201
1.000000
70000491003.411148
70000828006.274765
70000528899.889374
70000352979.485046
70000714422.690414
70000706382.356659
70000476454.336563
70000250818.711563
70000751457.160492
70000375799.371857
70000877239.888779
70000405437.130783
70000456220.214035
70000129178.060303
70000600883.150986
70000077501.118912
70000548672.298065
70000728737.928360
70000959257.283356
70000848118.629227
70000361074.185089
1.000000
70000432412.597931
70000145461.654343
70000708794.819382
70000230150.253693
70000224447.360107
70000807892.304398
1.000000
70000855088.192764
70000850390.449478
70000803158.957886
70000248507.718811
70000447857.287704
70000765093.046844
70000020408.902222
70000735838.505600
70000838096.152939
70000667636.590469
70000175705.567780
70000293825.093475
70000729598.298615
70000246940.644028
70000277328.825058
70000176373.679169
70000644182.261124
1.000000
70000586214.072525
70000136803.786804
70000835269.984833
70000309684.813904
70000885127.903824
1.000000
70000419817.545319
70000167217.487946
70000633280.382812
70000857215.440643
1.000000
70000583699.384109
70000127872.450363
1.000000
1.000000
70000954323.126480
70000489021.549774
70000672546.207001
70000042809.932373
70000299498.410812
70000124297.894775
70000548632.913528
70000719963.263184
70000380943.500626
70000731434.796844
70000882463.993484
70000442525.497009
70000153697.065735
70000024615.134079
70000364129.723251
70000602747.601044
70000304627.544601
70000293185.450684
70000310686.573441
70000570594.835037
70000700800.282471
70000517283.805237
70000570911.828003
0.33
 0 0 0 0 0 0 0 0 0 0 0 0 0
