1 401
70000824480.698441
1.000000
70000714627.518265
70000833362.109146
70000362338.999924
70000219071.288483
70000831460.130447
70000397983.474426
70000159204.858795
70000781773.758942
70000878016.388474
70000281333.532700
70000859790.721191
70000423979.164185
70000588821.976974
70000049666.193573
70000232493.836716
70000869105.438492
70000368030.595276
70000580165.626450
70000230947.899597
70000502131.180191
70000513227.216553
70000562213.580780
70000269028.579208
1.000000
70000098906.765259
70000738948.031235
70000581965.238235
70000242523.108994
70000923630.769455
70000712620.652771
70000365710.249481
70000620035.800323
70000306399.481613
70000731616.801834
70000903214.602417
70000239449.252502
70000472754.248489
70000793244.295563
70000614229.499161
70000515607.264099
70000210129.925888
70000247036.968979
70000561650.851562
70000613489.993515
70000220636.957092
70000147628.635452
70000755351.564728
70000046000.849228
70000085082.563065
70000452054.334244
70000575310.465317
70000009255.955551
70000615582.911972
70000896355.369049
70000813027.677444
70000293492.819717
70000727329.619995
70000648655.184647
70000139207.396118
70000306421.347549
70000839037.300598
70000723162.955627
1.000000
70000499784.329529
70000232775.938553
70000249125.851624
70000686965.991272
70000051778.625732
70000401363.457840
1.000000
70000403288.041916
70000312997.443497
70000617916.200516
70000660480.064774
70000149385.583023
70000183017.884842
1.000000
70000634633.276657
70000978361.708084
70000007466.088089
70000800587.978058
70000712633.009171
70000143429.228973
70000677110.704956
1.000000
70000876285.969315
70000245189.768402
70000424215.845245
70000267181.834717
70000911200.143295
70000386413.194305
70000500337.925583
70000498519.201599
70000219242.279526
70000791654.988403
1.000000
70000424831.298019
70000995301.177490
70000332081.618134
70000413709.167725
70000865025.556824
70000270105.724060
70000561235.553909
70000377804.709854
70000352492.740631
70000854583.375916
70000608710.920105
70000120213.271683
70000813173.958191
70000064872.182724
70000673529.466263
70000948826.862732
70000693896.442993
70000201940.049438
70000867131.423813
70000014474.385132
1.000000
70000301882.719955
70000038994.896835
70000611326.694443
70000692254.697632
70000643405.078552
70000625413.800659
70000601874.225296
70000253947.489487
70000280556.632568
70000235116.942795
70000820825.286301
70000822460.955841
70000863237.806046
70000983929.936356
70000350733.085495
70000524611.670837
70000199684.326431
70000435674.502151
70000723919.760605
70000179839.396759
70000937236.715027
1.000000
70000742781.583710
70000652963.500854
70000564765.161880
70000234061.586380
70000041355.108475
70000440680.212021
70000048896.675781
70000583339.727264
70000243426.259430
1.000000
70000601706.654587
70000345411.009979
70000709845.678772
1.000000
70000507881.784058
70000814013.635040
70000525270.044022
70000172114.832489
70000130724.016678
70000228850.288544
1.000000
70000950704.487717
70000192175.722931
70000995500.562714
70000103907.372986
70000566029.241196
70000481928.619583
70000116928.557617
70000025367.908066
70000218989.252258
70000728695.375977
70000376126.644012
70000229412.100998
70000151797.729172
70000658755.684479
70000609213.865387
70000230585.424438
70000189079.658157
70000435747.959961
70000563849.217880
70000776803.487030
70000015292.803055
1.000000
1.000000
70000544864.342560
70000262942.213882
70000546763.192123
70000298038.252731
70000502512.911697
70000541286.136719
70000809707.876633
70000896642.730789
70000021155.476776
70000678265.693726
70000699473.546783
70000227122.765823
70000808382.031281
70000149816.894531
70000644185.608246
70000965950.773254
70000428276.074524
70000626526.883224
70000518793.105347
70000042589.199966
70000088742.482666
70000939457.461975
70000118366.849884
70000130429.837662
70000953918.903641
70000199629.142807
70000989211.410355
70000570681.152603
70000144711.994080
70000573191.966949
70000028312.209610
70000636492.162354
70000374347.839111
70000774779.395721
70000294774.796906
70000060532.897247
70000689427.783157
70000297612.505524
70000585141.010696
70000232320.671753
70000670317.764877
70000464385.187897
70000585790.305496
70000522348.415894
70000702611.820328
70000107588.066574
70000816687.784195
70000732536.961838
70000610044.585175
70000821965.426361
70000384214.399170
70000396049.363892
1.000000
70000611641.172012
70000901572.701950
70000397896.957504
70000302858.431885
70000350190.779190
70000149720.724014
70000623240.823441
70000622504.233093
70000307322.511963
70000521450.058990
70000505594.774353
70000752401.706314
70000041035.373184
70000467584.359665
70000261791.421844
70000971363.693115
70000390888.221603
70000341230.470215
70000864567.211807
70000437482.537170
70000948403.958755
70000868348.543091
70000358380.207626
70000968968.796173
70000459553.272247
70000995610.240021
70000920969.191055
70000981325.086990
70000137863.220352
70000772570.219681
1.000000
70000552779.996552
70000519249.571335
70000256146.891602
70000168584.794495
70000849870.811569
70000796559.388489
70000395132.262939
70000399316.603333
70000626764.168991
1.000000
70000212944.392960
70000780430.320374
1.000000
70000980199.617523
70000930007.865585
1.000000
70000877239.309677
70000319580.674911
70000384582.254700
70000419784.643265
70000185580.965851
70000549955.935898
70000396324.820511
70000369548.677704
70000165362.212906
70000505503.242294
70000003075.636475
70000821211.747818
70000494619.574997
70000203736.743301
70000760558.615097
70000904102.879333
70000958252.032745
70000836002.643188
70000017864.105469
70000445388.298721
70000388742.332199
70000118658.783600
70000276139.822403
70000120127.135742
70000951724.241257
70000874869.582779
70000869183.229675
70000193559.684570
70000427797.455872
70000211854.184036
1.000000
70000714606.080765
70000806192.594742
70000126841.863678
70000637979.159546
70000389335.761032
70000694724.994446
70000030826.703552
70000100588.696732
70000608832.407486
70000804635.222626
70000524326.469086
70000045168.947021
70000131315.715714
70000750931.816635
70000426424.332367
70000046129.200394
1.000000
70000890245.369781
70000409615.185394
70000285857.921188
70000901070.861145
70000787800.813370
70000564740.945084
70000098660.564758
70000625068.228439
70000788184.895630
70000488576.864624
1.000000
70000385873.109146
1.000000
70000191914.519882
70000923469.589035
70000745322.171692
70000625251.385971
70000458295.201706
70000105227.897980
1.000000
1.000000
70000989582.327469
70000090688.179138
70000954639.630249
70000727052.808807
70000483778.976898
70000561721.347122
70000632309.537506
70000694072.485168
70000471050.558014
70000979008.354370
70000633770.163483
1.000000
70000667239.423447
70000015562.071671
70000101562.306030
70000412977.312073
70000886056.700165
70000542641.573135
70000434062.028061
70000970535.992355
70000506193.929962
1.000000
70000671286.677673
70000039861.607574
70000173417.847641
70000480625.162292
70000441912.569382
70000418147.591553
70000356815.812119
70000380909.485733
70000020224.821548
70000848777.162033
70000752184.785263
70000121595.834473
70000345370.907913
70000028210.152374
70000154279.428467
70000853900.994034
70000345578.482178
70000593960.992264
70000318395.619522
70000125493.809769
70000814290.895416
70000075235.429871
70000640807.403290
70000078765.327362
0.33
 0 0 0 0 0 0 0 0 0 0 0 0 0
