1 401
70000669628.283112
70000528803.708191
70000278747.819778
70000914201.346466
70000311613.370010
70000027670.829895
70000252621.172791
70000894755.355881
70000042746.980042
70000607260.625092
70000254644.355362
70000877299.117142
70000878786.201569
70000277438.359894
70000910879.253586
70000072947.969574
70000126482.529785
70000947218.793167
70000812109.548798
70000597220.838654
70000480260.110092
70000688482.683838
70000166619.592087
1.000000
70000167924.155609
70000497484.256775
70000535092.940308
70000707496.849182
70000106246.645920
1.000000
70000379196.857941
70000268620.186203
1.000000
70000799953.821793
70000816698.593460
70000157827.669281
70000432758.369019
70000185070.665741
70000798705.163101
70000283348.693787
70000927449.017090
70000161022.043030
70000949959.588272
70000001803.308136
70000500531.841415
70000391701.716125
70000391055.331787
70000952238.899933
70000111885.490524
70000709863.660858
1.000000
70000529205.623352
1.000000
70000967327.060196
70000080065.268417
70000770621.909302
70000719937.169464
70000775055.746262
70000169006.449402
70000905032.453613
70000225844.163605
70000638040.246140
1.000000
70000383979.203674
70000801986.123398
70000607579.515427
70000946405.406509
70000298231.445480
70000190991.053589
70000479938.199707
70000998089.981461
70000938072.097946
70000630599.497131
70000669892.582047
70000338080.940125
70000145179.246826
70000289019.199722
1.000000
70000755606.742386
70000763062.845520
70000606719.440430
70000810783.595779
70000889507.683960
70000815732.045563
70000245938.016022
70000398819.877808
70000056399.345413
70000368014.823090
70000721235.670853
70000796366.292328
70000707716.005585
70000133369.615707
70000904359.509415
70000947896.870438
70000576011.113434
70000416416.660599
70000104289.487473
70000474999.637375
70000002867.924728
1.000000
70000743312.544113
70000975001.503616
70000529291.396988
70000544996.631073
70000160622.394211
1.000000
70000112584.915985
70000437054.871582
70000995489.969040
70000507616.690262
70000512525.958679
70000491315.362854
70000119220.866180
70000947348.696198
70000989256.412033
70000203218.285034
70000905725.665512
70000618879.192184
70000329370.824768
70000241550.880554
70000359065.194565
70000671476.143906
70000088310.613098
70000451764.214233
1.000000
70000179565.189789
70000648829.964920
70000035426.833023
70000311498.355637
70000358108.166122
70000353567.474792
70000341379.552094
1.000000
70000892121.190384
70000170900.148300
70000450310.245193
70000344559.489578
70000819217.513428
70000412804.635925
70000300687.562729
70000900796.108292
70000026298.080246
70000654057.374054
70000625298.915070
70000006889.802567
70000118410.703217
70000664554.316391
70000727541.090683
70000459822.214844
70000149504.696198
70000899804.683014
70000889628.321274
70000640250.994431
70000719788.371475
70000298686.604050
70000319851.377975
70000459857.551346
70000332888.265091
70000176156.912506
70000592570.379272
70000311020.023239
70000846125.257629
70000925869.337082
70000548723.440826
70000319521.877228
70000934984.178879
70000799010.854919
70000243864.140564
70000075441.964798
70000848773.380173
70000708545.164566
70000335662.994888
70000135233.656281
70000011290.228195
70000430451.450485
1.000000
70000973914.596069
70000751499.217102
70000646803.419464
70000187978.024933
70000881493.226547
70000502920.421158
70000799939.034088
70000546009.718246
70000872687.992279
70000777252.621002
70000492822.756485
70000808032.573166
70000816781.745285
70000211274.144852
70000594991.062973
70000348871.875443
70000465973.963257
70000169131.725540
70000842733.716599
70000950736.687286
70000914745.856125
70000490941.305374
70000172475.071915
70000076809.392014
70000235149.793335
70000456103.823395
70000551702.363113
70000861355.194839
70000100354.657471
70000251055.298981
70000287281.796158
70000051475.242203
70000316337.978470
70000738473.028458
70000612404.694412
70000331354.574783
70000542617.942215
70000888999.186768
70000829591.550262
70000063987.550308
70000763477.729736
70000926300.388824
70000122652.109085
70000279153.311035
70000997441.215225
70000142915.802994
1.000000
70000739089.809921
70000533636.500290
70000243100.218689
70000558218.345291
70000391440.265427
70000493274.008682
70000789134.219894
70000554988.147629
70000506461.161606
70000738303.590546
70000066584.397141
70000160636.238434
70000864654.297638
70000652539.004959
70000908406.002380
70000907434.611465
70000662579.384491
70000127058.467499
1.000000
70000335436.432159
70000976691.594299
70000847845.613632
70000481925.151993
70000564716.407028
1.000000
70000222883.700089
1.000000
70000951900.139053
70000954405.905838
70000685526.438690
70000699686.677658
70000210632.704849
70000855349.692734
70000705307.374222
70000508180.570969
70000438847.868927
70000991275.989014
70000872379.550674
70000817730.819046
70000775903.678909
1.000000
70000743822.514877
70000222738.749283
70000150674.056335
70000201265.829468
70000631729.806259
70000213953.663925
70000545992.445618
70000812182.084595
70000423060.106842
70000795757.378342
70000019354.238068
70000258123.246063
70000175973.821381
70000264176.573090
70000285966.572021
70000061512.501663
70000148546.552475
70000814546.488663
70000460954.942078
70000928192.166870
1.000000
70000228946.428909
70000143115.929153
70000219971.612137
70000720834.934280
70000885153.220047
70000547303.488647
70000918381.114899
1.000000
70000995307.980728
70000567234.454956
70000654153.211655
70000234744.732040
70000664853.034653
70000837206.713043
70000305992.772385
1.000000
70000377907.364273
70000831882.706238
70000354808.622223
70000511511.139008
70000530887.494476
70000542275.092300
70000677459.002853
70000018565.941971
70000128837.579758
70000822930.320480
70000560864.999146
1.000000
70000860912.947021
70000191025.039490
70000053523.264771
70000024524.969360
70000275892.181854
70000374084.538589
70000064284.565079
70000489899.436401
70000621733.661621
70000182788.730270
70000129811.124680
70000829697.619446
70000378830.525101
70000877804.491348
70000779043.469955
70000486422.484329
70000776561.023987
70000095034.111084
70000924287.377151
1.000000
70000106478.437073
70000785269.319305
70000944107.567780
70000912013.253296
70000839810.839005
70000679865.836411
1.000000
70000314140.794189
70000412321.558594
70000144381.507584
70000701769.689026
70000516601.383316
70000867050.312729
70000243999.217880
70000404495.062454
70000765158.249939
70000732213.674011
70000185761.635803
70000785847.883377
70000988967.193054
70000510384.590103
1.000000
70000300417.105362
70000099325.319473
70000586104.074631
70000751019.282913
70000285665.624741
70000508935.404526
70000895148.264206
70000544748.129303
70000619393.271912
70000831740.185059
70000255132.884476
70000989222.388519
70000202415.129593
70000352266.506348
70000278036.835800
70000071129.030289
70000294632.601654
70000714323.714005
70000126000.887451
70000654372.276932
70000457143.980804
70000966267.393951
70000326640.406891
70000270059.418839
70000206459.449539
1.000000
70000447663.218567
70000844897.340057
70000681040.690536
70000756055.363922
70000357659.049789
70000150510.751602
70000077766.278549
70000096203.353378
70000843273.682053
70000329384.573929
70000727487.455841
70000195068.196640
70000217777.289246
70000629558.096786
70000494962.977417
1.000000
70000621080.001465
1.000000
70000524676.857559
0.33
 0 0 0 0 0 0 0 0 0 0 0 0 0
