1 401
70000166484.097412
70000924136.867813
70000271609.329468
70000677018.011917
70000546299.863235
70000214037.501877
70000941818.357422
70000594020.124313
70000862312.059799
70000291963.862640
70000463080.473938
1.000000
70000436060.194992
70000912388.347061
70000663256.297546
70000696241.314178
70000443906.077225
70000169138.665085
70000016234.069412
70000173842.360962
70000851828.843430
70000703891.855392
70000233188.224213
70000237258.713165
70000008392.198654
70000307688.836411
70000590415.843445
70000595145.091415
70000306442.241119
70000873467.207809
70000151336.266495
70000049754.522385
70000850576.836594
70000979317.678741
70000452278.960220
70000879131.525299
70000549088.731613
70000278495.076187
1.000000
70000859553.788254
70000605743.698410
70000253384.002090
70000059148.696793
70000888849.241364
70000175598.475388
70000073397.154251
70000666095.324387
70000323759.512924
70000183033.590225
70000302374.280899
70000765770.792953
70000351474.180389
70000539137.378418
70000685214.041428
70000574199.206024
70000831433.652039
70000600390.331573
70000727574.656357
70000677364.758957
70000168908.819412
70000646450.952652
70000675278.435760
70000686940.939972
70000896244.624756
70000981673.672089
70000041649.947891
70000796063.011200
70000558982.444275
1.000000
70000207665.366791
70000406837.723572
70000340393.292450
70000323452.639999
70000479181.327026
70000715012.015015
70000232907.516418
70000545688.320206
70000588461.639648
1.000000
70000005831.498169
70000238600.639130
70000115684.934891
70000034475.053635
70000934887.792892
70000662812.476303
70000339685.306107
70000325654.869202
70000038326.828827
70000028082.047501
70000161294.045502
70000809720.923752
70000716074.605850
70000630332.563858
70000289878.697433
70000702016.870148
70000373680.794907
70000733963.299423
70000017544.299454
70000395296.228607
70000473641.873062
70000739391.217133
70000080582.667068
70000095184.898148
70000087196.285645
70000252602.815384
70000057625.261688
70000945004.825287
70000347104.392563
70000691273.158035
70000812723.869888
70000741150.471573
70000555273.306274
70000205056.762207
70000183943.456757
70000006260.538300
70000285676.121445
70000253955.484818
70000043261.040375
70000731844.788361
70000980936.929626
70000898845.421188
70000311439.637894
70000772140.645401
70000377183.057175
70000523525.978348
70000768482.015900
70000987705.049957
70000737031.950119
70000901021.368729
70000581318.962631
70000314633.584808
70000242038.397156
70000159862.223801
70000895527.747665
70000648796.474854
70000173228.619431
1.000000
70000489128.317398
70000171961.746002
70000492937.794128
70000193013.536758
70000819006.020172
70000861782.434509
70000258218.009415
70000367021.053619
70000626398.568192
70000757595.492020
1.000000
70000418600.480637
1.000000
70000076215.586395
70000549904.282349
70000140459.393066
70000250955.985336
70000056627.115143
70000039322.124146
70000238104.435883
70000942086.429871
70000468616.160858
70000696816.984177
70000254850.259109
70000514081.058075
70000712170.864090
70000840574.450089
70000024343.657410
70000304247.316864
70000397630.202652
70000250462.142807
70000774578.716736
1.000000
70000600943.962463
1.000000
70000099457.934311
70000928325.871109
70000574213.365494
70000057809.891235
70000061720.854370
70000223329.337509
70000124508.016846
70000107756.334732
70000986906.548233
70000170892.257629
70000860945.621796
70000278684.246368
70000933086.903732
70000934133.798477
70000065995.137192
70000614782.489426
70000088525.460480
70000436442.890945
70000099213.186386
70000996241.047546
70000747697.108170
70000681121.364853
70000849192.336655
70000155599.322098
70000100251.855774
70000945088.814056
70000108262.217773
70000763852.313690
70000728197.692902
70000861482.899292
70000683107.011475
70000516359.990204
70000491395.521667
70000595563.937286
70000590532.392761
70000200675.378113
70000414080.693619
70000420778.868423
70000237345.121017
70000069037.975906
1.000000
70000497105.543777
70000007558.790482
70000667051.402588
70000817112.789474
70000154927.897049
70000108395.805008
70000178184.058014
70000443032.061447
70000881692.640152
70000240507.672348
70000279835.102707
70000602354.312027
70000708526.432175
70000286056.308838
70000642697.083527
70000778949.318710
70000427027.936920
70000129842.739685
70000521594.646622
70000201468.482712
70000316621.194397
70000626603.456436
70000629269.312912
70000485283.199631
70000571289.645126
70000418462.231781
70000322550.720505
70000484344.743622
1.000000
70000540088.780731
70000142291.331894
70000076524.710007
70000667343.154434
70000355908.833160
1.000000
70000893294.614594
70000204895.667206
70000159191.077621
70000569044.066101
70000711368.372589
70000604174.180740
70000464502.735504
70000162821.276443
70000374775.535172
1.000000
70000784090.953522
70000320546.347351
70000554514.060471
70000029635.663589
70000048788.023605
70000322280.893280
70000045337.470459
70000170104.151978
70000437758.141235
70000181144.410995
70000724584.181625
1.000000
70000444626.501251
70000330011.097107
70000503019.332962
70000774188.517914
70000023539.400803
70000799052.775116
70000829685.159302
70000274360.973816
70000724947.210541
70000004282.216537
70000104151.878372
70000183961.948868
70000161942.955200
70000418364.366592
70000362915.689301
70000242436.620926
70000211404.599670
70000757638.245682
70000679340.545197
70000469932.061035
70000958541.525101
70000602842.879929
70000174186.246277
70000411117.684082
70000504237.475906
70000973282.300308
70000752435.555374
70000161031.503723
70000782912.350967
70000970117.384232
70000731949.656723
70000991281.878372
70000715931.007935
70000962836.083817
70000854376.494949
70000992806.003433
1.000000
1.000000
70000116858.621719
70000362934.211334
70000439075.618011
70000333771.203766
70000465452.787155
70000719278.602310
70000657670.309204
70000709831.452942
70000759202.121536
70000399454.183777
70000884481.050629
70000467363.271179
70000187125.554901
70000282122.419098
70000657782.668213
70000377942.042587
70000882821.282196
70000792520.907028
70000619033.245087
70000489397.718765
70000418464.481949
70000674962.592117
70000330960.787292
70000942689.829620
70000227113.358536
70000496130.502548
70000252329.171249
70000776016.559280
70000149222.154419
70000376640.885941
70000638184.352142
70000878576.594482
70000148695.841644
70000783261.875549
70000398329.144043
1.000000
70000702243.699829
70000857599.463089
70000996363.119171
70000864586.912003
70000194728.117172
1.000000
70000402283.190308
70000113983.444214
70000763313.907776
70000852252.247818
70000263527.568008
70000728714.386795
70000000093.435150
70000837674.929199
70000556558.076630
70000006417.583740
70000681955.655136
70000098755.000656
70000467623.279907
70000823485.656662
70000429194.539169
70000120767.613831
70000278111.542709
70000983760.152054
1.000000
70000326628.505798
70000122597.792374
70000684471.725067
70000493889.695099
70000147347.258530
70000887004.298035
70000850712.521271
70000495066.180618
70000172203.345978
70000754216.006943
70000910971.136261
70000084070.033981
70000932944.037064
70000778197.346054
70000688320.569031
1.000000
70000438406.712906
70000917505.278046
70000213932.540421
70000039288.698761
70000747835.637848
70000844204.778702
70000016639.127197
70000350193.560013
70000260351.114227
70000426587.621582
70000803827.924820
70000877327.445129
1.000000
70000074781.927338
70000856373.656677
0.33
 0 0 0 0 0 0 0 0 0 0 0 0 0
