1 401
70000391983.206131
70000979845.650421
70000700840.074768
70000214164.096268
70000985796.517303
70000763635.285004
70000229107.307449
70000412398.872314
70000067861.892410
70000131028.037231
70000495687.945175
70000739088.153488
70000103240.448044
70000947779.381012
70000179138.507721
70000078346.036453
1.000000
70000574585.865097
70000537940.827682
70000409479.793243
70000393617.248825
70000488068.656586
70000333707.541077
70000003712.323364
70000309902.184937
70000780910.500366
70000431524.535797
70000382832.304138
70000971398.362274
70000983751.476578
70000430708.122070
70000444584.581421
70000080576.771896
70000961689.346756
70000061711.067688
70000222646.589676
70000762106.894913
70000266155.022781
70000178567.616913
70000316562.168701
70000068588.179596
70000719973.513321
70000700159.461990
70000965656.175888
70000021656.799744
70000669133.002777
70000139755.914474
70000872158.660431
70000656338.595352
70000212423.479370
70000035687.240112
70000763551.021118
70000993504.861145
70000894962.810699
70000037246.768677
70000209386.971039
70000213901.762329
70000112550.363419
70000232430.377701
1.000000
70000407107.825760
70000620239.736420
70000542541.872589
70000311602.050613
70000516167.175156
70000801481.388412
70000042283.725342
70000916719.049896
1.000000
70000843569.234344
70000673566.920685
70000262961.484039
70000881325.646500
70000844967.997375
70000772028.785828
70000956778.314926
1.000000
1.000000
70000395825.761887
70000273991.076981
70000730494.730835
70000335206.930695
70000046923.163757
70000108128.978592
70000609578.204697
1.000000
70000896804.411957
70000882887.421219
1.000000
70000203786.763885
70000217269.716248
70000495298.601532
70000834859.842117
70000874091.900574
70000647269.238815
70000062614.378220
70000932169.329086
70000683163.239670
70000317491.913498
70000513782.579300
70000724033.664993
70000759524.048416
70000061942.740097
70000573581.793915
70000802596.606842
70000949378.569229
1.000000
70000247160.462692
1.000000
70000649406.800049
70000510921.276382
1.000000
70000322087.797806
70000814822.709885
70000062712.311005
70000861241.801636
70000016864.051697
70000550700.799469
70000011682.439987
70000486246.190720
1.000000
70000941265.847839
70000925384.470825
70000848415.427017
70000426321.505615
1.000000
70000484920.273209
70000970975.083649
70000354988.876541
70000931827.716385
70000413004.030380
70000602926.887070
70000635662.721130
70000007753.780914
70000397228.113403
70000513252.302719
70000143191.479828
70000085060.285416
70000614746.383316
70000723306.248657
70000806156.262924
70000540921.682541
70000703788.390991
70000547092.403763
70000655957.080688
1.000000
70000214697.807632
70000305833.824158
70000505159.533447
70000588525.012238
70000459272.759109
70000200373.748184
70000404960.304642
1.000000
70000015989.835526
70000733031.712936
70000402124.483475
70000972241.244537
70000049424.524780
70000438639.466324
70000091228.081146
70000163709.205338
70000887353.357971
70000434267.994675
70000672848.188141
1.000000
70000217215.961227
70000661968.957138
70000070224.917236
70000057901.905380
70000745084.672211
70000535631.333389
70000485957.474487
70000644087.869507
70000703898.657013
1.000000
70000631480.643600
70000916873.354095
70000573652.681015
70000266370.440659
70000689978.490204
70000127528.571716
70000273956.926910
70000978371.085480
70000657656.350418
70000544446.031296
70000448534.578842
70000431506.789902
70000290249.573257
70000450455.083511
70000300800.159485
70000377198.475327
70000046803.128799
70000588469.042343
70000005562.508347
70000112006.630997
70000856814.952927
70000900326.186935
70000911624.164444
70000132417.622696
70000223590.428955
70000383336.990250
70000447593.078674
70000330175.682556
70000643070.981537
70000100625.133881
70000811419.671936
70000341887.802948
70000644229.938095
70000238965.471283
70000698409.303711
70000239289.564087
1.000000
70000162870.281464
70000258301.887497
70000470516.853912
70000552857.075699
70000082893.714661
70000020782.673157
70000790726.699478
70000177998.253296
70000805203.068924
70000231600.714935
70000841492.535995
70000924360.083084
70000002645.425064
70000320626.555634
70000353111.357452
70000605688.756638
1.000000
70000023275.117844
70000179240.320267
70000415848.813873
70000759894.286163
70000276124.050308
70000721344.630219
70000088445.817322
70000775266.897003
70000434138.981583
70000099929.564636
70000341388.790192
70000506307.425735
70000331309.097733
70000723143.137131
70000094185.686966
70000002974.556458
70000580105.743073
70000475688.971848
70000278743.995224
70000015898.037354
70000229386.920242
1.000000
70000514111.543900
70000670196.621231
70000569658.516083
70000223051.977631
70000845357.411270
70000286623.413895
70000537410.418198
70000839318.222351
70000105830.508514
70000144821.832230
70000739917.273697
70000154156.137680
70000622380.731476
70000160424.568420
70000479145.288635
70000330382.400970
70000461464.273849
70000847985.130508
70000705615.566330
70000956906.818085
70000755706.603378
70000157350.273697
70000545183.231613
70000696227.130203
70000815598.638824
70000492341.356552
70000627793.356873
70000231402.808945
70000599595.838394
70000138091.667114
70000554479.535263
70000144882.620117
70000059030.707245
70000573553.392456
70000899256.668579
70000439196.308838
70000401601.255295
70000696729.526276
70000492904.981842
70000768952.736450
70000471162.618271
70000721058.548920
70000787500.217361
70000933629.298981
70000646642.910431
70000487621.113861
70000011032.874527
70000843128.425766
70000216808.701767
70000096912.963516
70000879617.197632
70000642020.724854
70000211382.301819
70000311216.143433
70000671335.087082
70000021044.726273
70000291614.054596
70000880987.024582
70000298000.287384
70000980584.561447
70000287959.116348
70000544107.581573
70000259237.550705
70000082268.795898
70000789752.120438
70000842123.207596
70000862451.258011
70000074071.583878
70000713493.285675
70000103084.311401
70000964255.192001
70000506569.169067
70000410072.041504
70000428346.489471
70000152229.859207
70000698954.558945
70000417733.955963
70000296418.925537
70000031970.075287
70000382645.678085
70000948201.507996
70000484121.786438
70000989212.885422
70000978488.214111
70000242387.274231
70000460460.534790
70000425678.329575
70000741372.265701
70000614445.484787
70000455741.379684
70000684058.025818
70000115623.911118
70000548414.043976
70000604828.959946
70000937179.134293
70000218871.018478
70000628162.166306
70000238142.350800
70000337949.845291
70000439985.691635
1.000000
70000182310.355682
70000336718.203400
70000762035.690582
70000792448.462036
70000845449.094574
70000676206.083267
70000735142.260254
70000895052.674759
70000619184.634033
70000779622.171539
70000067268.244507
70000937116.124115
70000243462.166336
70000721994.197327
70000072535.993408
70000051003.480377
70000789062.478043
70000327470.268875
70000202917.799698
70000397035.777832
70000984747.081451
70000183596.149017
70000709587.263641
70000108346.917084
70000183969.177094
70000601170.875458
70000063925.767822
1.000000
70000399713.134064
70000358809.760956
70000178013.618378
70000333091.380203
70000677277.345047
70000203492.984222
70000239058.936020
70000653432.095688
70000709502.106476
70000247393.860947
70000627280.905029
70000769609.812958
70000310840.148117
1.000000
1.000000
70000125584.639496
70000098066.582596
70000577286.459625
70000199618.947159
0.33
 0 0 0 0 0 0 0 0 0 0 0 0 0
