1 401
70000708185.524979
70000366794.355850
70000078331.767212
70000082388.326279
70000341071.558945
70000237838.957962
70000035978.630295
70000428855.266251
70000700011.567108
70000447466.408096
70000216338.852737
70000948351.803864
70000771352.795837
70000821185.980957
70000243237.178940
70000904325.896347
70000100504.679031
70000208218.652603
70000262523.112213
70000408329.929688
70000956048.915909
70000356628.982056
70000965924.382065
70000418712.062134
70000577253.650146
70000384388.177521
70000791348.834900
70000335664.133499
70000446384.959412
70000839401.840790
1.000000
70000194626.916107
70000747911.388306
70000615068.196243
70000610634.502975
70000769433.431854
70000692885.856384
70000032377.249542
70000264986.683640
70000637274.942627
70000207832.416733
70000021875.411865
70000181299.532745
70000179653.126999
70000763144.828766
70000039487.422302
70000045977.482315
70000581145.124863
70000670310.232849
70000319070.886551
70000710524.230087
70000856505.526443
70000147856.230377
70000343741.720276
70000449848.302811
70000660874.839920
70000161327.829849
70000971664.910660
70000015125.347855
70000149087.848068
70000193512.265244
70000569833.671616
70000472057.771271
70000588023.229050
70000080058.920288
70000289275.110703
70000102539.173828
1.000000
70000867500.638138
1.000000
70000442339.197739
70000938696.591171
70000242143.328690
70000136042.219147
1.000000
70000293379.010727
70000771138.542572
70000052908.830002
1.000000
70000203760.331909
70000184844.859085
70000850235.352158
70000506790.493134
70000199963.015381
70000974079.578491
70000224885.780365
70000376235.102142
1.000000
70000614913.295364
70000364773.432983
70000475219.168396
70000350118.899857
70000360117.559189
70000616669.512589
70000749876.142914
70000224780.988556
70000266588.759842
70000606850.176025
70000626650.442200
70000693664.539825
70000356189.920746
70000830959.891632
70000410175.426804
70000634322.607330
70000361884.830566
70000912979.820511
70000201082.341492
1.000000
70000056350.207504
70000340771.519867
70000573187.711609
70000028123.454330
70000680933.151260
70000556730.827301
70000527981.598099
70000135803.528137
70000675573.975098
70000303374.724182
70000552768.382767
70000109001.213806
70000799236.389557
70000814449.037949
70000023489.157745
70000404635.816025
70000258642.843552
70000048352.364319
70000571085.093369
70000463974.243729
70000151435.167358
70000644018.804443
70000242248.682709
70000596413.457855
70000749924.159012
1.000000
70000712544.303024
70000091898.923187
70000320305.271866
70000087468.589523
1.000000
70000555979.208267
70000465678.474045
70000471833.174149
70000936643.353378
70000708897.563675
70000903309.264679
70000574956.506149
70000644125.103653
70000751015.756363
1.000000
70000943919.002319
1.000000
70000460897.532242
70000143469.073059
70000700282.707596
70000009829.401855
70000800255.308441
70000033071.450851
70000577004.953110
70000968823.221710
70000144098.839783
70000853581.479691
70000977666.303497
70000847643.599747
70000614244.659164
70000024363.071320
1.000000
70000042349.424545
70000492624.354355
70000303706.263702
70000275454.352280
70000482350.887161
70000413403.245743
70000660361.733582
70000931203.860077
70000350994.040649
70000720020.738998
70000127034.201660
1.000000
70000959001.559875
70000212388.230087
1.000000
70000980632.244308
70000778901.631149
70000694589.142242
70000464473.189407
70000543201.624512
70000659330.467545
70000671985.903702
70000805408.603912
70000148534.371277
70000853117.447861
70000024536.747131
70000061714.722046
70000546516.993774
70000141469.873764
70000495711.086411
70000818691.631607
70000366397.386688
70000944910.996140
70000661066.841721
70000793789.942307
70000217891.321243
70000900895.028351
70000362130.551254
70000348257.999619
70000174016.560928
70000543709.347076
70000567581.332855
70000453450.650284
70000291791.708786
70000133615.627365
70000050328.519379
70000893270.065094
70000247027.615021
70000816536.478394
70000609855.615524
70000440609.279556
70000248912.487198
70000613825.447403
70000515976.752335
70000722892.553421
70000792566.959564
1.000000
70000861011.994263
70000319252.463943
70000742105.925339
70000513298.043030
70000161280.406509
70000332860.295563
70000611784.903946
70000989644.668686
70000713174.459061
70000475723.964859
70000307650.912720
1.000000
70000716812.716080
70000171422.247726
70000768963.893433
70000099237.266724
70000217049.388016
70000443985.256104
70000475157.730896
70000991417.014084
70000202747.654999
1.000000
70000056909.162659
70000826945.851074
70000254872.674881
1.000000
70000623100.189117
70000526643.507309
70000643496.260712
70000456864.966858
70000081480.666626
70000863475.756943
70000043394.504227
70000354247.871719
70000295489.227539
70000817260.396210
70000261836.103012
70000010320.336639
70000913592.071243
70000347583.427353
70000850342.734802
1.000000
70000578171.011505
70000673117.348846
70000326522.391983
70000283788.163239
70000862824.990997
70000544426.107025
1.000000
70000205865.316010
70000470584.608261
70000778953.004593
70000035556.224075
1.000000
70000932697.682678
70000445651.556396
70000250444.120316
70000625038.202209
70000210113.539200
70000483182.054993
70000279591.091370
70000415199.576187
70000623907.084320
1.000000
70000679333.667496
70000772545.008209
70000057856.499329
70000038276.748672
70000491577.223206
70000548971.911850
70000510465.150848
70000698026.651154
70000259516.224258
70000203496.981659
70000301333.440277
70000724296.960297
70000582579.558090
70000922312.113144
70000162888.574646
70000106262.677383
70000203498.508713
70000499723.261124
70000584426.917389
70000860059.643692
70000116620.053009
70000870661.536835
70000259398.163940
70000268699.430466
70000832181.620193
70000624968.658844
70000113280.479095
70000957177.476181
70000334538.026733
70000163367.848816
70000462452.788910
70000810813.623032
70000082573.823242
1.000000
70000560070.772400
70000263378.841324
70000711357.950104
70000722030.711548
70000286314.000504
70000514777.136963
70000467674.924438
70000584475.122437
70000727148.097839
70000612967.249451
70000239884.248596
70000675696.108948
70000625612.437973
70000451726.734650
70000237912.733719
70000730381.593658
70000912054.479568
70000234426.486526
70000516111.530746
70000678514.500565
70000661655.223923
70000621659.287109
70000842278.649002
70000141302.757217
70000161066.041016
70000318484.922623
70000312762.001770
70000383512.970047
70000530770.274567
70000948643.977188
70000707744.144012
70000137168.075989
70000306121.421249
70000237304.038956
70000780263.596695
70000425693.087860
70000523660.927444
70000071059.833954
1.000000
70000174916.785538
1.000000
70000703067.654068
70000617931.865601
70000726435.146225
70000316091.866959
70000284921.189758
70000937312.856171
70000501049.433060
1.000000
70000421578.148743
70000022308.510513
70000729481.091385
70000302640.243408
70000103577.164902
70000803906.132828
70000711532.983383
70000926848.633041
70000943203.637695
70000463130.501678
70000737382.381210
70000087640.298721
1.000000
70000977860.433655
70000631770.268616
70000862363.279205
70000752099.960846
70000059431.540024
70000989401.680542
1.000000
70000661670.232193
70000030024.335342
1.000000
70000065197.919876
70000857098.091019
1.000000
70000563771.551407
70000662159.082474
70000525197.735382
70000041873.109406
0.33
 0 0 0 0 0 0 0 0 0 0 0 0 0
