1 401
70000729583.707779
70000404966.937103
70000120126.493164
70000433091.994919
70000320209.114471
70000549069.239014
70000775025.962082
70000707267.707520
1.000000
70000859175.435822
70000071294.345291
70000938581.615601
70000909113.151993
70000257099.221375
70000093071.102463
70000856145.962616
70000012244.529526
70000854725.735153
70000095131.034317
70000017362.160233
70000785380.163971
70000130652.088730
70000630687.951660
70000914944.285706
70000792531.723145
70000034673.506012
70000136434.519974
70000138909.629669
70000422919.194824
70000968767.227921
70000189622.493332
70000773848.327667
70000624997.098282
70000569962.008057
70000607090.779968
70000711213.015228
70000156840.518005
70000228071.772995
70000329846.454437
70000135943.713806
70000817207.379944
70000333243.601837
1.000000
1.000000
70000326273.560379
70000200421.575928
70000267639.824387
70000754786.407272
70000952388.774170
70000293889.543625
70000064824.078293
70000947349.953918
70000923231.633682
70000423579.094742
70000856126.642715
70000714100.275345
70000240844.549088
70000428074.268341
70000945813.538483
1.000000
70000695815.436874
1.000000
70000531529.403534
70000502718.563522
70000931832.559402
70000639886.054199
70000048433.169235
70000996929.039368
70000243206.989471
70000197067.252106
70000261492.781418
70000116586.386185
70000249302.113571
70000626631.570206
70000449693.500488
70000252814.546860
70000684449.181854
70000951243.236923
70000959524.457901
70000643812.390884
70000852062.549759
70000921510.517746
70000317061.496246
70000434003.292847
70000460387.012848
70000051004.003952
70000191809.967560
70000270985.967911
70000109147.469604
70000531754.742508
70000044743.368652
70000909176.533157
70000447252.104950
70000381257.059235
70000385153.423477
1.000000
70000255196.320862
70000281136.569199
70000604969.251511
70000663292.575714
70000015596.712372
70000888912.615509
70000949391.077560
70000040761.670715
1.000000
70000166487.507874
70000777962.987213
70000324867.191010
70000005037.981934
70000499497.551544
70000238938.266144
70000567771.122910
70000745102.590668
1.000000
70000451401.775833
1.000000
70000693690.220200
70000415749.979645
1.000000
70000019815.919998
70000385440.247971
70000625221.442154
70000404667.716644
70000045000.411911
70000549900.952271
70000800533.190338
70000093116.978958
70000350835.869476
70000615376.985138
70000613674.427582
70000920429.464478
70000789194.621384
70000043191.601929
70000650912.756577
70000120572.579102
70000357936.523682
70000177497.150940
70000817706.073761
70000897578.472580
70000404961.945511
70000680825.856232
70000575288.606735
70000532402.845413
70000849483.216736
70000039976.977448
70000733205.905365
70000998703.596970
70000578714.289795
70000468115.710693
70000165471.205948
70000724505.187943
70000277269.513901
70000163180.845505
70000084437.795670
70000709670.921539
70000412269.903992
70000237150.656097
70000601838.498352
70000084787.987579
70000464240.186127
70000745208.791351
70000962815.520340
1.000000
70000939510.751190
70000311376.562958
70000452943.489594
1.000000
70000934594.801727
70000100014.747681
70000312730.645065
70000269896.603455
70000724473.373810
70000283163.160095
1.000000
1.000000
70000555151.845917
70000060351.232269
70000072384.335861
70000184176.086716
70000693103.477448
70000020858.042191
70000918056.505753
70000914716.482483
70000585112.231125
70000586855.927948
70000581779.967377
70000152479.842758
70000059887.125046
70000147806.452148
1.000000
70000882313.289185
70000022690.415405
70000611367.277939
70000437122.112900
70000938529.987259
70000918304.326904
70000297324.024445
70000172180.388565
70000239274.175705
70000030479.065979
70000079721.841843
70000253104.332565
70000852844.432938
70000714162.689896
70000176368.053345
1.000000
70000257242.645264
70000966636.886612
70000208549.441269
70000808061.778030
70000482282.893509
70000553391.236374
70000567060.144379
70000179551.788040
1.000000
70000207615.754578
70000639720.355682
70000922947.886963
70000071781.101212
70000610090.193970
70000547956.652496
1.000000
70000917203.786499
70000092643.478714
70000766424.734436
70000524197.588745
70000983654.615906
70000074160.595367
70000260565.498138
70000516402.222183
70000676232.518951
70000913267.143997
70000384910.011276
70000523917.108582
70000330801.954483
70000615336.742004
70000821903.856064
70000874398.394882
70000783800.281311
70000052087.997818
70000524053.027771
70000347966.537018
70000820490.624374
70000905802.205307
70000609229.886917
70000319770.744080
70000461211.476120
70000600914.154282
70000813256.371933
70000515963.623657
70000062223.184860
70000878154.787308
70000808532.700089
70000419468.007019
70000391404.430634
70000261534.657196
70000427536.279434
70000699730.102249
70000006351.282501
70000307586.722000
70000682303.428421
70000479934.461807
70000582013.983871
70000771544.354721
70000886839.264221
70000207175.530884
70000978287.523346
70000099812.076065
70000812555.053955
70000495739.354553
70000466638.710419
70000454599.553635
70000101791.013519
70000121916.998749
70000532083.218185
70000668863.221558
70000138806.675247
70000194601.307541
70000278368.656738
70000829428.830231
70000455279.290161
70000320777.134460
70000131984.124329
70000765630.526489
70000239974.109558
1.000000
70000908984.775284
70000545136.226364
70000100727.729675
70000219170.332626
70000579893.360336
70000924789.342468
70000875105.623154
70000651839.228424
70000616042.844147
70000806244.745621
70000433992.157898
70000544705.929932
70000336847.670258
70000240140.741806
70000575710.586182
70000450500.249649
70000222514.131729
70000757619.266190
70000982559.555191
70000677673.513702
1.000000
70000621145.138992
70000679398.119949
70000433593.182724
70000497548.119019
70000714402.221939
70000345783.247955
70000324549.807068
70000304949.489166
70000237006.455917
70000128809.191956
1.000000
70000923413.129974
70000175864.683151
70000760282.400772
70000145165.732056
70000757063.416779
70000432005.772491
70000130980.972122
70000688281.087524
70000299846.280258
70000164836.472977
70000748336.774979
70000169537.490234
70000443332.134521
70000421559.836227
70000330978.071411
70000563235.652405
70000196460.602631
70000542850.614944
70000438965.295914
1.000000
70000354067.069229
70000409349.901901
70000370171.324997
70000851394.945236
70000961963.932465
70000900035.915924
70000918129.257721
70000140641.654984
70000032244.250809
1.000000
70000963612.268143
70000310945.216522
70000798023.520920
70000633684.177292
70000635139.461807
70000420324.459381
70000085906.407578
70000641181.458252
70000176392.345825
1.000000
70000942905.965500
70000679884.153473
70000215579.973740
70000233828.922928
70000454283.203979
70000085190.393372
70000876135.979523
70000041210.347672
70000954372.116302
70000522102.461487
70000725273.219681
70000051112.924850
70000927986.152283
1.000000
70000664375.105377
70000483105.516235
70000324138.294693
70000313819.199081
70000420986.439804
70000528318.156311
70000902569.575562
70000058958.998550
70000444109.841156
70000974734.825073
70000553140.037949
70000741573.257294
70000562058.633362
70000857981.370010
70000999435.645233
70000806616.276993
70000370791.853180
70000770059.691605
70000768805.522827
70000161409.932785
70000072302.168350
70000933781.004089
70000389965.662262
70000859138.982666
70000068725.630249
70000371126.974823
70000561339.798096
70000147103.313492
0.33
 0 0 0 0 0 0 0 0 0 0 0 0 0
