1 401
70000367002.763199
70000970567.959549
70000498969.440903
70000935441.197205
70000449941.578094
1.000000
70000654684.274109
70000175253.288528
70000271568.691071
70000684507.234268
70000209954.538986
70000096394.849670
70000244311.267242
70000441676.494843
1.000000
70000235172.283081
70000854711.531815
1.000000
70000152758.810471
70000110245.242203
70000365687.171936
70000374199.318085
1.000000
70000555915.717316
70000766440.261688
70000228936.851273
70000678512.688538
70000010394.961105
70000926031.982407
70000577755.868256
70000498386.106415
70000078938.829422
70000393919.676025
70000037098.177399
70000978156.678314
70000267391.532791
70000519640.771805
70000130465.434982
70000263709.765060
70000131339.197159
70000387097.922043
70000383995.073273
70000880698.325119
70000206804.778030
70000412212.791000
70000498382.856110
70000641716.264603
70000578480.381332
70000762554.546997
70000317097.582657
70000506075.850510
70000070378.221741
70000205147.811447
70000894958.592529
70000468589.988754
1.000000
70000113383.170135
70000430425.930359
1.000000
70000538090.646500
70000741741.167587
70000783617.441467
70000263415.474091
70000995211.709732
70000805776.492065
70000627476.003250
70000942310.427048
70000335100.707413
70000334467.925018
70000142962.828568
1.000000
70000723052.025574
70000672141.438110
70000636994.262589
70000186422.037506
70000205685.330582
70000862821.172302
70000515354.694397
70000967194.736328
70000244827.942322
70000917740.166229
70000696869.361237
70000587195.950638
70000600141.622742
70000804343.712906
70000868163.461594
70000413448.466049
70000237955.721420
70000827229.153214
70000762790.145203
70000558533.151047
70000428185.564789
70000507438.047104
70000990461.851746
70000209662.730804
70000558286.362106
70000075007.314270
70000216077.531937
70000096615.151230
70000447432.745499
70000323617.910095
70000652552.383896
70000986659.981934
1.000000
70000812363.735168
70000539254.915970
70000549037.130081
1.000000
70000387991.272629
70000269195.898972
70000814785.488495
70000393706.892731
70000900988.544754
70000422083.767563
70000106118.578918
70000933711.315643
1.000000
70000995124.222137
70000169567.528275
70000956896.724716
70000491803.774368
70000325850.369217
70000530343.211823
70000960963.540833
70000708964.853165
70000786704.393158
70000017502.577637
70000938338.814026
70000114015.962601
70000591952.923645
70000681148.220551
70000767269.553848
1.000000
1.000000
70000438035.470016
70000409271.919876
70000644090.473785
70000410543.731659
70000541686.511993
70000288302.941711
70000768177.208664
70000671251.246048
70000721030.114059
70000077675.217255
70000998253.911835
70000411579.843826
70000685475.210968
70000094073.782318
70000172254.667084
70000561423.762115
70000241765.921921
70000255690.641739
70000819898.442520
70000669589.356705
70000342424.581772
70000004257.996674
70000495718.620865
70000072636.754654
70000989820.653091
70000188311.502075
70000690495.025711
70000670912.903839
70000676108.224396
70000869402.872711
70000393007.720825
70000767402.020248
70000207333.025864
70000933938.892471
70000099585.715149
70000600058.648911
70000055450.408218
70000883758.221039
70000470390.851349
70000416862.651123
70000182513.876038
70000457837.251083
70000568249.631866
70000103635.666214
70000597176.337006
1.000000
70000871819.260193
70000830596.236710
70000489078.175934
70000789100.354492
70000134728.830704
70000127495.838669
70000744200.756729
70000374638.750381
70000858121.791824
70000328360.401123
70000973764.862686
70000762811.798889
70000952327.136444
70000691839.597839
70000367603.355194
70000656176.689697
70000491205.610092
70000509227.311508
70000242654.036087
70000321665.769653
70000154295.354095
70000564418.212891
70000443521.475281
70000066159.988342
70000838080.424454
70000447646.121414
70000060796.922745
70000974299.272720
70000742234.894684
70000045127.637726
70000599262.852951
70000631098.377274
70000478859.188171
70000925637.934158
70000272681.621414
70000255423.266068
1.000000
70000413899.877151
70000457587.735168
70000362143.757141
70000330868.603180
70000648560.485275
70000104935.026596
70000378635.672363
70000871420.042236
70000942855.908020
70000884704.825958
70000233027.168930
70000759060.939224
70000818457.694717
70000176261.337753
70000733074.578079
70000425370.702225
70000941402.597763
70000022668.413452
70000325637.082230
70000556879.818100
70000499192.354507
70000498216.849335
1.000000
70000254670.611862
70000944726.120728
70000257831.294006
70000828425.606827
70000594925.671066
70000186363.117294
70000563299.323639
70000895659.575012
70000835767.175812
70000143916.953156
70000995696.254242
70000446675.473679
70000978158.546356
1.000000
70000451982.026398
70000582118.605606
70000131452.773712
70000838266.321869
70000135566.605667
70000081664.585846
70000572088.813416
70000623293.409973
70000837179.885727
70000857736.030838
70000287298.765442
70000611698.041534
70000322660.709473
70000525708.406189
70000774522.976242
70000315128.940613
70000139822.980774
70000707572.437439
70000725050.195892
70000059126.860580
70000585400.097595
70000629966.316101
70000599179.552399
1.000000
70000154519.601654
70000585247.797165
70000250510.792542
70000799004.863998
70000539110.617157
1.000000
1.000000
70000210954.887634
70000677775.610062
70000687444.587540
70000160137.130081
1.000000
70000488743.008881
70000795545.564621
70000133032.824661
70000476483.032227
70000104665.768387
70000547754.156509
70000552924.362015
1.000000
70000211164.978043
70000133979.790283
70000427609.785690
70000916759.772491
70000832857.336868
70000412726.027283
70000834649.396072
70000236780.559189
70000792723.866287
70000433531.477753
70000727576.961105
70000559657.945618
70000361254.137939
70000019158.211349
70000347874.469620
70000109958.067627
70000750191.314850
70000607459.497787
70000816127.823380
70000877276.737213
70000615899.413803
1.000000
1.000000
1.000000
70000412055.657730
70000193136.430176
70000785515.549606
70000804897.440781
70000687477.528854
70000468393.026306
70000631481.964035
70000408668.505096
70000464150.941223
70000164092.271164
70000982732.843750
70000711561.886337
70000693348.440002
70000972493.227814
70000881180.533752
70000224017.683914
70000439853.953003
70000110244.348801
1.000000
70000703843.503143
70000850415.180161
70000023530.983490
70000909796.403366
70000631626.429001
70000468853.730774
70000543266.784485
70000799474.533203
70000329959.166367
70000168437.704376
70000885681.203125
70000170151.551498
70000751165.449493
70000877112.579727
70000750522.989548
70000237020.856064
70000983093.462738
70000886821.496613
70000947207.704422
70000103880.662674
70000533677.809891
70000276376.616211
70000037367.273880
70000911309.655273
1.000000
70000680316.142258
70000738577.007553
70000864981.229156
70000357786.754410
70000218119.016357
70000260687.161240
70000373197.913849
70000489934.854050
70000266521.034714
70000123588.314438
70000214869.140869
70000720957.915543
1.000000
70000130083.887207
70000109696.464310
1.000000
70000964133.014313
70000182228.242874
70000969190.338852
70000875155.609802
70000562877.185410
70000563953.785614
70000464847.588318
70000174578.184723
70000289820.255753
70000771989.030640
70000732981.311295
70000118296.327728
70000884967.594681
70000556801.408401
70000863489.200546
70000266497.934082
70000301218.967758
70000865731.272308
0.33
 0 0 0 0 0 0 0 0 0 0 0 0 0
