1 401
70000401912.169540
70000879602.358826
70000634879.200577
70000967580.334747
70000751369.067947
70000044320.300659
1.000000
70000839880.004303
70000873698.814926
70000558036.104980
70000643879.805893
70000411403.144241
70000750030.247711
70000657714.539825
70000389754.364487
70000697904.163147
70000492405.872437
70000090293.474945
70000949637.587173
70000040185.392273
70000113757.191208
70000688245.752121
70000201291.440216
70000980670.117081
70000643745.943146
70000142809.906891
70000210210.332718
70000632811.032745
70000895305.688736
70000987111.477463
70000875625.624115
70000628136.924698
70000376422.995255
70000983749.554947
70000956618.938904
70000483343.943634
70000581856.935593
1.000000
70000826475.889786
70000874621.584015
70000005634.976852
70000162487.041290
70000212121.031693
70000530587.783905
70000480118.400711
70000059858.887497
70000208976.686050
70000327636.657608
70000023872.299683
70000734836.530807
70000552213.370270
70000715175.529633
70000351379.506638
70000846840.579727
70000843041.035995
70000541394.329163
70000620418.253387
70000933225.753601
70000049993.321808
70000252458.118454
70000748449.490768
70000689725.405212
70000570778.469543
70000415904.516876
70000420481.927002
70000630560.787445
70000318182.966507
70000921685.473557
70000650681.970734
70000132173.526855
70000790693.439606
70000320662.679199
70000116020.303818
70000879825.481644
1.000000
70000295314.463547
70000227325.232834
70000254039.812820
70000689671.954300
70000853719.594208
70000065987.909058
70000971053.756531
70000536633.834457
70000447927.680649
70000718966.645416
70000328412.476730
70000952418.681976
70000925411.925079
1.000000
70000278861.508743
70000848434.718842
70000772953.268402
70000318629.868042
70000900108.708572
70000790402.894028
70000811567.093903
70000226099.829086
70000869816.341156
70000311792.268295
70000900463.786407
70000724380.008438
70000840421.800232
70000847793.813431
70000820160.463394
70000777806.982742
70000447930.836975
70000568161.393082
70000284639.851166
70000419656.590561
70000550623.166458
70000797416.884369
70000090008.551636
70000054106.372757
70000179891.621902
70000560879.648163
70000096626.249115
70000745367.314896
70000241860.918732
70000147282.049652
70000513221.354889
70000301064.080536
70000565410.672470
1.000000
70000459141.228043
70000021241.472229
70000253845.979416
70000929970.992950
70000381801.910065
70000166404.983459
70000724179.838348
70000691578.436478
70000301521.421646
70000839187.950928
70000893074.244858
70000725950.500565
70000521384.637054
70000676752.826080
70000769721.276230
70000888494.199448
70000384609.981293
70000627610.164429
70000278165.554886
70000159465.132584
70000771241.256866
70000990399.904709
70000183635.322388
70000301080.262436
70000064550.842972
1.000000
70000265126.551132
70000842754.152573
70000259733.441681
70000087625.525436
70000890865.587021
70000953212.365433
70000796456.134186
70000111324.128494
70000434681.925888
1.000000
70000812964.936234
70000979447.810806
70000161098.476181
70000289227.487991
70000047503.951691
70000380891.827652
70000547188.815491
70000248416.278824
70000366934.300659
70000291439.369263
70000567518.758194
70000976151.024048
70000979673.184464
70000627368.636002
70000496879.976715
70000293049.576279
70000819248.235779
70000186448.732880
70000006105.625778
70000562786.339828
70000473325.621201
70000665210.289215
70000813842.262329
70000625535.005188
70000812321.782791
70000195646.838379
70000984334.166031
70000626293.609650
70000975819.654617
70000710656.310486
70000955810.452499
70000798277.083588
70000106187.578018
70000889328.672028
70000682957.974121
70000257365.377655
70000838244.635971
70000434607.519867
1.000000
70000192585.175690
70000784128.927872
70000437395.700012
70000583546.517517
1.000000
70000612554.912918
70000770370.731613
70000788185.917770
70000042694.588882
1.000000
70000998224.727554
70000903229.042877
70000044670.567078
70000209263.515060
70000909957.396805
70000340319.482147
70000420506.291855
70000281879.918350
70000640682.914734
70000788067.499619
70000696328.553040
70000293702.085236
70000746604.876678
70000339099.721771
70000242001.893433
70000746187.113968
70000296449.885071
70000492492.173767
70000367780.570282
70000531469.449600
70000926615.585159
70000273303.364380
70000054445.907379
70000056654.538986
70000352310.204895
70000412836.784988
70000271806.844879
70000833552.586380
70000099147.276321
70000038913.907852
70000987835.977829
70000828436.783813
70000369652.620514
70000583040.637802
70000913858.586914
70000669204.864334
70000761174.076569
70000368104.584702
70000409249.108902
70000712758.409439
70000226091.977280
70000262740.098312
70000651210.789948
70000197545.821869
70000688534.710968
1.000000
70000508387.128723
70000171885.289627
70000640762.840027
70000750207.795013
70000066356.586731
1.000000
70000495965.036270
70000112270.253235
70000496456.387802
70000869053.554703
70000518884.162903
70000552859.165955
70000067240.133728
70000830823.919571
70000746774.686111
70000899326.206360
70000784911.426483
70000733209.725693
70000388641.569763
70000083489.555893
70000460173.449951
70000665425.179459
70000262037.641876
70000289795.672867
70000101628.932587
70000708966.262711
70000551437.168427
70000316328.778000
70000212936.449570
70000865286.839798
70000790908.603043
70000183577.542969
1.000000
70000240434.422913
70000669992.802414
70000833407.705521
70000431000.150177
70000602519.114822
70000679461.351028
70000250935.637482
70000802619.443909
70000975189.328781
70000819726.410461
70000357923.350616
70000565822.379761
70000623256.204163
70000903716.109528
70000290574.841888
70000359896.535294
70000756054.558334
70000305367.985352
1.000000
70000940962.609818
1.000000
70000289761.668518
70000965674.016342
70000591541.915695
70000860877.156219
70000012272.705475
70000173625.017807
70000192020.205688
70000861157.023117
70000887885.376801
70000542185.361771
70000675937.013962
70000441162.434830
70000975797.027695
70000773905.614868
70000799156.593781
70000850903.339066
70000370914.235565
70000262802.703918
70000667059.271667
70000185435.043594
70000623033.309372
1.000000
70000969335.042465
70000581194.725067
70000490806.235153
70000814585.745895
70000160170.132309
70000730931.995544
70000152933.099670
70000763542.722687
70000850587.444824
70000306282.438522
70000462314.139938
70000263303.384827
70000514935.732574
70000007494.978531
70000317614.729233
70000688264.624496
70000395833.167343
70000904398.030594
70000781750.394043
70000110956.930313
70000126444.892410
70000702984.355927
70000681183.892273
70000588795.853241
1.000000
70000596982.544876
70000067875.063477
70000259084.970566
70000685598.934021
70000042758.703857
70000032888.204346
70000494291.797241
70000260734.186081
70000237037.469193
70000593253.622314
70000268067.601685
70000993061.518845
70000365534.909409
70000657955.377823
70000703130.190155
70000540098.862030
70000551994.934891
1.000000
70000404398.746017
70000694208.909958
70000510539.083557
70000427332.545242
70000715214.942734
70000104985.677032
70000805800.033783
70000606865.593430
70000651226.735886
70000727520.828308
70000055965.592194
1.000000
70000732752.897156
70000134472.302826
70000256667.684418
70000891285.296097
70000640519.465698
70000353069.967972
70000458141.640488
70000125968.776962
1.000000
70000429962.815475
1.000000
70000995675.566788
70000485064.798996
70000656943.641922
70000379990.080795
0.33
 0 0 0 0 0 0 0 0 0 0 0 0 0
