1 401
70000742990.053101
70000458923.454391
70000925038.856903
70000476818.355179
70000749666.150742
70000716897.707260
70000368337.473373
70000802930.010193
70000002803.243851
70000968654.565308
70000123332.653259
70000994582.530914
70000388137.887253
70000749902.997269
70000568896.859985
70000803832.567291
70000292592.499710
70000586656.605087
70000929408.934906
70000670444.205002
70000336472.075699
70000299390.141388
70000107117.268097
70000893362.078918
70000185316.645294
70000951609.548111
70000251850.089981
70000233594.730667
70000448124.417404
70000642893.193100
70000802723.859222
70000004041.019623
70000459618.076645
70000577518.249313
70000327972.144638
70000167590.228653
70000729240.481888
70000452677.761703
70000782514.959778
70000269038.778275
70000810859.353165
70000722151.225800
70000204675.574875
70000190280.755463
70000493613.392532
70000355075.146301
70000399023.621399
70000016710.747452
1.000000
70000783994.609329
70000971457.036957
70000882311.687805
70000019585.569489
70000136378.875381
70000191655.403671
70000230700.266418
1.000000
1.000000
70000019727.981506
70000995003.415237
70000341128.931763
70000398760.571320
70000846572.781769
70000692110.152771
70000436913.469101
1.000000
70000837690.726013
70000814968.525406
70000257679.349731
1.000000
70000106224.740402
70000589411.291641
70000788037.566360
70000559006.710983
70000327238.703674
70000316724.828125
70000397474.677292
70000057473.776184
70000850921.485367
70000358420.323059
70000963512.910019
70000555194.681931
70000708464.366440
70000499930.646729
70000945811.604858
70000338730.443481
70000813929.005768
70000126186.708054
70000912571.976349
70000944358.441223
70000420425.807846
70000353104.143982
70000970828.456161
70000122793.635773
70000498319.016495
70000705795.904358
70000251688.633194
70000144262.306122
70000644609.985916
70000973743.791565
70000477944.566376
70000047669.693268
70000097015.868652
70000620053.798309
70000506684.193390
70000560531.100052
1.000000
70000576491.726074
70000970074.452972
70000956966.995926
70000883984.197769
70000671602.948349
70000682615.928574
70000892778.614822
70000407383.706375
70000949472.774994
70000344840.906204
70000815576.399719
70000425758.885376
70000098411.115936
70000094444.961182
70000556972.434891
70000579834.615997
70000178724.059708
70000757823.522125
1.000000
70000260243.358154
70000502865.171600
1.000000
70000397243.582382
70000734843.771301
70000257704.778168
70000988431.643295
70000788187.190033
70000408766.719177
70000068776.694443
70000817433.239410
70000148585.190063
70000481539.077667
70000799527.748337
70000403855.725204
70000051070.629257
70000280190.954605
70000198883.522980
70000502785.625778
1.000000
1.000000
70000290012.286057
70000254958.387985
70000835871.319870
70000623880.590454
70000593312.714966
70000074858.404144
70000302457.604126
70000370997.698639
70000630567.237823
70000767605.929611
1.000000
70000975036.970917
70000098023.055374
70000050822.563400
70000652156.523392
70000973435.548050
70000136156.510513
70000521242.204636
1.000000
70000533732.298355
70000087396.300507
70000532002.963379
70000004974.099991
1.000000
70000731402.122116
70000431484.651703
70000862535.741104
1.000000
70000288394.437592
70000367055.781143
70000470015.201645
70000339931.722931
70000672031.211151
70000573823.359955
70000274428.402161
70000049264.853622
70000492500.712616
70000351569.047760
70000908594.681503
70000218882.466751
70000284759.206497
70000043594.356888
70000778969.883331
70000049237.596466
70000040633.325653
70000023238.455902
70000950067.347672
70000165596.430115
70000028749.046005
70000310329.054138
70000714921.262604
70000760496.082031
70000349172.645844
1.000000
70000263242.897964
70000134149.505753
70000316967.324799
70000611452.167603
70000290723.431107
1.000000
1.000000
70000317360.597870
70000962025.000671
70000631684.821701
70000266365.008148
70000084174.371262
70000853445.715698
70000922497.267792
70000446352.105927
70000854777.744339
70000015626.784882
70000814163.352249
70000722546.114716
70000563791.386932
70000458189.635788
70000901983.405029
70000679732.721283
70000358380.845215
70000117839.525955
70000786454.588760
70000555185.128708
70000215003.380447
1.000000
70000435497.341736
70000220258.967743
70000300200.792862
70000840558.086716
70000534166.829773
70000655544.000839
70000419514.226181
70000550577.711700
70000789837.737854
70000506236.518005
70000303247.893631
70000220690.328323
70000455981.751282
70000323210.836807
70000635735.473602
70000334355.219025
70000027954.893921
70000333637.454361
70000605296.193359
70000707628.954315
70000831628.779419
70000749024.420624
70000912186.853989
70000027179.486252
70000236113.876404
70000846431.483566
70000577105.210434
70000031430.251129
70000851178.329834
70000053845.757919
1.000000
70000271555.960358
70000169628.559265
70000318568.833267
70000571452.205765
70000227106.105179
70000177206.372269
70000565336.486221
70000239393.666641
70000647956.604874
70000118041.830063
70000372443.118393
70000493600.902252
70000198060.933533
70000784025.182068
70000125705.787827
70000802827.808884
70000332647.902100
70000094855.336441
70000298661.687210
70000457504.753342
70000364084.240540
1.000000
70000521322.936874
70000325928.988037
70000187367.887939
70000902680.462311
70000518643.267365
70000442937.412506
70000473373.663208
70000602870.945724
70000658886.339569
70000699677.856674
70000233824.723740
70000483603.107910
70000475890.489502
70000346442.897736
70000558898.717102
70000102959.465073
1.000000
70000263359.464600
70000923166.105591
70000905363.383148
70000695934.037628
70000745936.320770
70000094160.542557
70000926204.107468
70000647606.109177
70000663475.146027
70000256676.416733
70000746475.385101
70000093471.218262
70000680054.080505
70000786028.042099
70000118970.016602
70000903233.367828
70000844867.844528
70000345128.885864
1.000000
70000251259.045837
70000966757.555649
70000442848.438446
70000325116.520218
70000653834.423279
70000750841.135864
70000267874.526779
70000837554.845993
70000418333.665848
1.000000
70000737597.760849
70000473466.378387
70000162896.867065
70000466364.813660
70000184741.265213
70000949373.389725
70000438774.195908
70000615930.241287
70000864599.120209
70000301548.244751
70000022363.140793
70000476181.467850
70000738398.326492
70000684446.504913
70000364306.282623
70000016340.082123
70000588175.473633
70000967312.942123
70000814547.763657
1.000000
70000355855.054092
70000716401.317154
70000612597.932526
70000991611.549652
70000475482.108719
70000013588.976059
70000493131.873138
70000186899.930435
70000783682.199753
70000855028.006500
70000676181.997986
70000076623.244522
70000304101.706497
70000106935.466843
70000755403.454117
70000493407.526199
70000749516.077850
70000370398.326187
70000272099.655060
70000196640.766968
70000532523.092316
70000380107.573563
70000852795.930008
70000414323.227371
70000858907.487244
70000196799.564148
70000978181.717773
70000503642.433807
70000252991.944443
70000770989.559021
70000903263.337692
70000435385.171082
70000795514.263260
70000506478.122604
70000449436.470032
70000744657.718704
1.000000
70000047347.979126
70000581637.775818
70000252647.562469
70000425393.612289
1.000000
70000860765.269409
70000453173.090485
70000946689.452545
1.000000
70000986596.734161
70000276933.568558
70000551338.603699
70000013923.676285
70000633778.429749
0.33
 0 0 0 0 0 0 0 0 0 0 0 0 0
