1 401
1.000000
70000124681.628754
70000083679.900238
70000091154.681503
70000029538.954330
70000627054.060974
70000544714.462036
70000319032.946808
70000067046.663803
70000461293.775879
70000003377.372360
70000135691.604919
70000236844.214600
70000614396.956467
70000941565.020462
70000683854.877090
70000075135.054688
70000173363.433090
70000268024.024414
70000315562.874237
70000112349.860367
70000474852.100388
70000602238.107880
70000096240.399902
70000462128.721756
70000768123.012894
70000753760.014084
1.000000
70000970150.799835
70000423731.023239
70000931200.209991
70000412271.097015
70000229316.650757
70000400162.124603
70000735735.857956
70000051672.378418
70000316485.895828
70000537224.845245
70000356194.426529
70000187347.387421
70000987957.797409
1.000000
70000637250.562485
70000359976.873810
70000209129.136108
70000175891.496597
70000110519.066284
70000541317.874893
70000307463.873184
70000496751.626022
1.000000
70000224641.334015
70000943668.525299
70000034937.258453
70000154748.219421
70000030132.873550
70000151504.518402
70000776844.956009
70000407621.914505
70000133535.347214
70000764001.840698
70000790480.960037
70000302270.165665
70000458706.271408
70000943843.034882
70000386571.828278
70000728691.549622
70000861349.155960
70000189872.006058
70000398907.497360
70000312860.875137
70000916395.363617
70000907331.615295
70000259924.688629
70000090766.428940
70000712487.417511
70000184347.113556
70000757329.765503
70000621992.955460
1.000000
70000275564.657120
70000507392.589798
70000404347.998077
70000061821.001816
1.000000
70000427800.342133
70000771158.043411
70000767309.623764
70000149990.164703
70000834749.040863
1.000000
70000584181.072617
70000028357.873672
70000216523.980286
70000387281.858978
70000911494.464859
70000532144.199356
70000253264.632339
70000515344.961563
70000855712.756470
70000101286.793518
70000144086.609268
70000001240.213608
70000557451.758713
70000945556.703735
70000153198.311798
70000254998.882828
70000438321.369766
70000586841.547745
1.000000
1.000000
70000381029.704712
70000296416.583664
70000660380.705688
70000922521.317886
70000110783.874832
70000530593.607071
70000008779.969238
70000723838.902939
70000367410.306473
70000682382.336258
70000939823.213730
70000744177.783630
70000276054.240845
70000185376.653519
70000807907.661728
70000640673.118530
70000656291.252121
70000122488.778030
70000376920.492294
70000103848.798950
70000003941.452576
70000481938.944305
70000035391.595474
70000358438.367691
70000177040.726669
70000987357.640137
1.000000
70000202066.768402
70000583977.936203
70000523592.898529
70000624019.086975
70000712679.306747
70000773270.382751
70000900726.267700
70000904001.212509
1.000000
70000239084.610916
70000389238.914169
70000288861.130890
70000433233.535172
70000139222.477478
70000753090.472610
1.000000
70000834092.350983
70000031702.942642
70000809671.591110
70000763240.769836
70000215854.316208
70000897669.842651
70000394697.199554
70000956869.616455
70000327684.764542
1.000000
70000079099.580978
70000673979.805496
70000146695.823608
70000795433.275085
70000699307.211838
70000194184.746674
70000620939.094498
70000525688.356506
70000095850.169113
70000111397.991364
70000751880.184418
70000245699.989731
70000604876.579361
70000227698.343338
70000609091.242676
70000865423.977341
70000352879.318176
70000949583.200043
70000390590.767639
70000346016.024536
70000775972.461746
70000862863.066696
70000435432.559189
1.000000
70000908727.750565
70000767976.531433
70000488548.866714
70000115208.384079
1.000000
70000064209.683823
70000178598.290527
70000881370.003387
70000087130.674866
70000577742.664551
70000527919.236725
70000261392.276352
1.000000
70000537431.700989
70000606443.503494
70000729453.662186
70000991997.166199
70000764915.017609
70000956600.592102
70000450470.767044
70000870091.719589
70000524382.585480
70000322392.462891
70000887665.027527
70000972893.856171
70000548823.654846
70000462803.556549
70000975153.277786
70000392514.436157
70000906019.758240
70000980298.415482
70000298966.319580
70000673600.853271
70000374180.477280
70000123913.275635
70000938947.664841
70000522274.492081
70000731397.388565
70000132749.871597
70000253870.491409
70000893097.960831
70000675061.003265
70000610611.741684
70000802863.337616
70000439594.214493
70000459003.127869
70000042590.928741
70000513347.922241
70000884133.235062
70000118992.982773
70000103371.346741
70000949346.398407
70000309753.223511
70000377849.466873
70000605317.684021
70000309193.250427
1.000000
70000820444.453018
70000353112.260147
70000753342.482224
70000752568.433838
70000758027.280273
70000695166.761597
70000813571.343567
70000105975.166321
70000109481.055252
70000617686.920441
1.000000
70000240868.408905
70000712021.793060
1.000000
70000100997.338501
70000054962.828568
70000116089.350494
70000807743.199387
70000781921.048691
70000885670.375961
70000640338.897034
70000258492.500916
70000166148.136185
70000056404.968811
70000415493.225616
70000801788.583328
70000751219.393417
70000380072.184601
70000999200.712143
1.000000
70000027893.017853
1.000000
70000026525.921738
70000907520.542847
70000327625.923859
70000411168.943787
70000733325.798325
70000837674.413483
70000025485.115646
1.000000
70000241469.056931
70000473617.367401
70000909516.057816
70000156919.569733
70000229402.451233
70000004134.966293
70000168360.402573
1.000000
70000366781.448502
70000731973.607864
70000702992.301376
70000887660.982330
70000690739.406754
70000587782.540726
70000489043.452759
70000378063.627106
70000437814.169937
70000212069.808563
1.000000
70000336830.481934
70000659413.109802
70000869839.115082
70000394336.174057
70000593975.325912
1.000000
70000273945.566574
70000186245.985458
70000589839.793533
70000737105.477707
70000577384.680801
70000825063.682388
1.000000
70000802467.892807
70000695116.864410
70000947959.861847
70000081813.847565
70000387504.700684
70000394237.184006
70000500715.055161
70000167479.582626
70000642518.663147
70000760411.406357
70000078576.631897
70000478454.913040
70000231083.987015
1.000000
70000894111.609833
70000325772.035278
70000717553.514572
70000269597.652161
70000993636.016296
70000460419.656845
70000934039.413589
1.000000
70000511325.356506
70000172720.900406
70000432367.102646
70000009137.762329
70000957355.770538
70000508440.102036
70000611925.257812
70000590063.890991
70000921854.998077
70000129290.764664
70000467680.443314
70000808535.396744
70000817420.245041
70000678633.340897
70000168378.563065
70000734911.402328
70000814332.195450
70000555924.896545
70000157030.233185
70000298523.778046
70000828601.000244
70000219470.586151
70000150764.214996
70000620123.683929
1.000000
70000579918.965363
70000225274.821869
70000527931.330887
70000661382.964539
70000667499.776718
70000541062.199295
70000332745.071213
70000289444.348175
70000408791.017303
70000866254.112259
70000393799.778488
70000559297.473801
70000479780.571289
70000454783.877823
70000291373.099365
70000757442.347946
70000776721.861969
70000737799.775742
70000272396.100510
70000516375.018707
70000318638.343430
70000874854.503464
70000074127.861496
70000439728.838257
70000165806.999405
70000847125.712097
70000732264.335510
1.000000
70000369226.865585
70000292353.456741
70000762823.751968
70000305603.054398
70000429343.321350
70000793222.516327
70000487532.818130
70000759569.844482
0.33
 0 0 0 0 0 0 0 0 0 0 0 0 0
