1 401
70000769084.154251
1.000000
70000926793.318146
70000863965.545929
70000932957.695923
70000456731.280624
70000339422.504517
70000296761.687408
70000615412.933746
70000967426.760498
70000468775.090820
70000510923.827621
70000245484.904388
70000168407.191956
70000215515.246796
70000156376.505905
70000392560.680817
70000047851.448792
70000914907.631561
70000099610.838959
70000103412.307495
1.000000
70000307355.649185
70000078721.634354
70000997599.546616
70000569733.170441
70000570884.066299
1.000000
70000190707.387283
70000745085.066574
70000318822.334229
70000957965.467972
70000917042.320816
70000610550.554718
70000868013.993896
70000808462.578735
70000287714.700104
70000268406.588501
70000213479.152222
70000447239.291840
70000772185.624100
70000418484.685211
70000286441.536499
70000420541.775818
70000933854.211655
70000944026.607666
70000199824.189850
70000176167.690155
70000090756.617294
70000156593.547974
70000559582.263306
70000401565.403870
70000854052.241440
70000317623.013947
70000465116.118881
70000567580.139099
70000884463.850113
70000350181.353439
70000016605.073486
70000410938.510727
70000777550.068588
70000763581.128113
70000571593.752609
70000916898.103210
70000548637.302567
70000768035.709305
70000145184.733047
70000235461.268478
70000033745.779800
70000765906.224106
70000654416.274734
70000585550.308838
70000339431.266922
70000980986.518906
1.000000
70000339969.567520
70000322498.402008
70000037314.671265
70000564297.368759
70000051432.880096
70000055519.680725
70000336050.227249
70000196155.286942
70000891106.315170
1.000000
70000923346.468979
70000447258.729279
70000859146.121521
70000182937.696045
70000800173.912354
70000169708.903137
70000048155.135727
70000392140.141525
70000763290.732224
70000207555.347717
70000008022.468750
70000820149.370499
70000594899.082291
70000529850.550201
70000748591.421783
70000023448.770752
70000454956.534866
70000133631.341537
70000701158.711090
70000745884.167435
70000205223.462677
70000547542.832977
70000366941.127914
70000536582.745789
70000643313.258408
70000188834.403702
70000694350.737030
70000051587.074722
70000848615.152527
1.000000
70000166902.975220
70000194435.835159
1.000000
70000565775.864685
70000508683.076202
70000039594.478958
70000974628.915909
70000532172.365906
70000788328.273163
70000473762.751648
70000462240.630783
70000745242.096222
70000650810.137390
70000937852.982864
70000868229.684601
70000451307.532898
70000375402.578751
70000138896.710220
70000388485.541916
70000301764.327209
70000555005.426773
70000904620.328186
70000761565.970581
70000137030.977386
70000341332.069031
70000677855.680603
70000860552.365738
70000795047.627655
70000373463.569504
70000284089.672302
70000930295.723709
70000501149.307312
70000585357.132858
70000738871.133331
70000407146.757828
70000960602.909332
70000565715.985031
70000939787.191681
70000487980.879425
70000193012.581772
70000113933.385773
70000122245.784988
70000636794.928101
70000336608.133606
70000811492.329483
70000286469.358337
70000806422.864777
70000993177.593933
70000812544.479263
1.000000
70000131763.918152
70000860962.197800
70000353917.280441
70000743569.679077
70000946078.666534
70000722062.657974
70000612735.391861
1.000000
70000807148.061157
70000232694.240723
70000013081.029861
70000498876.381699
70000674808.362549
1.000000
70000277145.694107
70000061837.636627
70000291189.754562
70000058553.356613
70000485786.886871
70000168958.703781
1.000000
70000375368.119583
70000371893.637405
70000519289.536743
70000434973.185593
70000512975.675156
70000070180.351669
70000751690.649750
70000917305.969910
70000889521.067963
70000135247.970367
70000088021.544250
70000123166.853088
70000062805.111389
70000049300.435440
70000423251.579926
1.000000
70000484068.770447
70000069144.553589
70000909020.840225
70000910712.461624
70000782890.291550
70000381509.702591
70000635367.453400
70000503947.442673
70000403345.282043
70000211303.026886
70000161673.220200
70000156201.349197
70000711835.141098
70000924071.581650
70000960152.706039
70000386306.723557
70000110312.709534
70000607546.813019
70000306303.380493
70000630271.784836
70000243482.941818
70000835589.781754
1.000000
70000180088.697769
70000016624.075592
1.000000
70000760092.562195
70000198885.096909
70000286313.625626
70000592150.005905
70000997514.265778
70000216312.932022
70000925877.046494
70000974298.355759
70000307728.386414
70000538497.862473
70000037894.881989
70000751511.104752
70000573276.296890
70000258728.739471
70000169140.139542
70000447662.286774
1.000000
70000203177.640198
1.000000
70000579530.067093
70000924746.798599
70000734744.119873
70000535817.230438
70000905450.398193
70000754957.061462
70000594030.888336
70000932304.037476
70000769885.365784
70000316657.693161
70000453938.135742
70000068278.690659
70000324025.959656
70000496793.022339
70000378475.511902
70000552826.578339
70000900872.166229
70000108171.157257
70000236761.824905
70000803251.469971
70000478191.028885
70000587807.503494
70000724185.167862
70000118535.422928
70000668629.943069
70000875153.311401
70000068967.648727
70000005180.692703
70000802089.963577
70000983952.467026
70000967270.757477
1.000000
70000279022.059067
70000416588.084702
70000331386.969208
70000627252.911591
70000776442.518463
70000997141.565628
1.000000
70000560653.627884
70000070517.584747
70000942538.137436
70000602534.227509
70000300177.049332
70000797739.628906
70000722861.997406
70000705163.394791
70000809140.245041
70000556034.395142
70000093219.755447
70000228003.335190
70000012657.221313
70000967762.577454
70000196503.748245
70000894997.744476
70000327587.927963
70000048789.778351
70000715916.604172
1.000000
70000430548.304214
70000764298.464767
70000092062.088470
70000980192.628922
70000594946.585129
70000905378.698257
1.000000
70000235227.197113
70000159301.483643
70000359500.435593
70000854602.684494
70000504261.304367
70000266913.849060
70000605688.904343
70000133605.113663
70000221692.057693
70000206548.120987
70000562673.999252
70000932477.914047
70000068646.969620
70000523170.892746
70000266694.518158
70000355422.309250
70000549218.562286
70000509147.374359
1.000000
1.000000
70000092307.291473
70000358041.756210
70000013656.420334
70000902864.863892
70000912095.378510
70000625434.692566
70000994884.797333
70000208444.244446
1.000000
70000655988.541809
70000949901.448547
70000956651.797760
70000814796.263962
70000845181.484146
70000372650.148254
70000839102.903610
70000077957.022141
70000330515.920090
70000250777.339981
70000147817.795975
70000442839.520584
70000995614.343185
70000809439.079178
70000461284.319366
70000368201.841064
70000066754.335083
70000923978.543335
70000938340.824295
70000431281.887299
70000751931.719696
70000042038.991516
70000564732.876495
70000735838.037872
70000156091.436432
70000243192.456573
70000704124.225449
70000513823.086121
70000611326.020966
70000722787.054855
70000608595.628174
70000342645.374313
70000597730.803604
70000182387.992783
70000336947.562820
70000830202.043259
70000995497.893982
70000626738.063553
70000033802.283279
70000184169.113602
70000975168.185638
70000047156.099091
70000722168.236649
70000689155.576416
70000658193.487106
1.000000
70000785724.834961
70000892537.367416
70000306484.253906
70000989303.084137
70000385771.692688
70000157767.663818
70000086833.372147
70000249747.245560
70000585607.262009
70000766217.197861
70000130586.725159
70000554539.396378
0.33
 0 0 0 0 0 0 0 0 0 0 0 0 0
