1 401
70000610694.166458
70000019350.245255
1.000000
70000579333.272964
70000351252.039383
1.000000
1.000000
70000029920.839890
70000051548.753967
70000690923.522079
70000252202.767120
70000804631.799149
70000693314.725067
70000373833.725983
70000450414.241043
70000060830.740540
70000772474.971329
70000394886.577194
70000923692.317322
70000807191.975494
70000059586.912048
70000835180.644379
70000453354.978165
70000499964.830215
70000184149.718536
70000727984.057739
70000734927.354797
1.000000
70000141342.525558
70000246449.625504
70000206026.904495
70000896931.706863
70000645597.609406
70000661468.607849
70000333696.654068
70000667273.228897
70000607418.427979
70000441728.949249
70000920289.354172
70000563460.956589
70000970893.550552
70000829801.723892
70000511271.698593
70000449332.019653
70000452904.984512
70000723633.414688
70000357222.258408
70000800877.163269
70000769793.988327
70000172636.082794
70000915392.612076
70000622187.825912
70000468582.498962
70000836759.870407
70000005201.323730
70000431236.842789
70000153865.966675
70000522040.490204
70000923559.666550
70000664856.889923
70000818634.327454
70000896185.508163
70000961923.894592
70000596657.512314
70000860112.067139
70000987605.889877
70000485811.548111
70000955879.081390
70000825648.826965
70000816703.134964
70000935306.751709
70000070543.248978
70000532219.313400
70000116529.871704
70000327803.053772
70000217095.053452
1.000000
70000855111.974838
70000702920.979706
70000795490.973221
70000928915.338242
70000771328.036163
70000969368.239441
70000302529.898254
70000464704.361420
70000146548.318619
70000046481.118866
70000204936.753448
70000116588.053329
70000987393.915787
70000370721.136108
70000183038.993774
70000336814.041000
70000131681.057953
70000183833.545135
1.000000
70000396838.474060
70000326683.666534
70000687391.115356
70000706004.662552
70000517897.486343
70000412269.485352
70000396655.319504
70000212767.333832
70000847034.541824
70000378163.635300
70000418014.325745
70000164058.761047
70000567782.010132
70000705509.400879
70000043780.451645
70000106755.290176
70000924506.724258
70000794789.513763
70000999881.121185
70000109815.873459
70000854641.966034
70000893844.421967
70000237335.369675
70000668458.193497
70000782201.735123
70000557342.590225
70000626729.485626
70000306592.628754
70000956505.022614
70000588992.422958
70000446346.679947
70000701952.793579
70000409421.485275
70000101020.203033
70000523181.429062
70000267400.847610
70000605504.514511
70000485187.579117
70000177139.360229
70000795259.897446
70000005063.315887
70000185087.382828
70000556815.565826
70000053300.210892
70000600246.316574
70000027633.937469
1.000000
70000963600.287048
70000239977.196167
70000876851.820465
70000150646.740997
70000250602.943054
70000190836.123993
70000961258.037109
70000056262.052429
70000863781.905563
70000121279.881088
70000676695.399353
70000418564.891830
70000995232.446060
70000960009.814255
70000042430.355225
70000788066.699097
70000010867.464905
70000183653.908890
70000527482.553909
70000435536.937408
70000941806.181107
70000919244.623688
70000184641.364655
70000363401.479553
70000287695.099380
70000582757.208740
1.000000
70000699740.904678
70000577284.498978
70000526961.885834
70000730602.284851
70000404122.239899
70000749240.655716
70000465296.854645
70000340822.006073
70000055978.905960
70000169535.615753
70000341110.653915
70000351823.399033
70000818142.540390
70000799520.817261
70000101609.546783
1.000000
70000468102.054962
70000350425.978668
70000365672.386810
1.000000
70000762384.845459
70000217672.630020
70000859494.400955
70000651005.146240
70000063213.627060
70000191740.664886
70000829928.272934
70000019294.722122
70000602073.121445
70000001093.511795
70000133504.019028
70000518077.088516
70000284545.667862
70000097871.137054
1.000000
70000621813.197098
70000750456.840225
1.000000
70000298353.175415
70000623530.282043
70000202817.614548
1.000000
70000901507.403992
70000830907.410828
70000451111.870041
70000608560.955826
70000023067.219894
70000318566.184662
70000350378.956894
70000234517.940720
70000792226.643784
70000075620.187637
70000840647.315491
70000440510.175308
1.000000
70000523786.766632
70000759285.756714
70000758112.582352
70000203823.714172
70000550208.679565
70000813714.400314
70000139984.707001
70000320141.765503
70000225421.202637
70000831986.777069
70000359062.227631
70000582210.144852
70000485010.915253
70000392374.967636
70000298049.911896
70000291064.982346
70000652954.007614
70000767502.904572
70000165717.313980
70000269881.835648
70000760246.594727
70000072693.946869
70000144743.779373
70000002693.158417
70000160015.009308
70000802095.997177
70000268132.345886
70000046759.880096
1.000000
1.000000
70000582423.015488
70000552778.873596
1.000000
70000519748.801498
1.000000
70000470278.497910
70000601099.238831
70000042194.554535
70000448791.148361
70000842458.054596
70000899063.109207
70000402454.642792
70000009915.830597
70000946912.272720
70000253805.261093
1.000000
70000428774.094254
70000735043.245850
1.000000
70000176034.064774
70000403017.515350
70000750865.054413
70000100243.665146
70000599855.348358
70000586279.081680
70000924272.792755
70000233956.500824
70000597553.402313
70000509656.196899
70000529729.036484
70000856912.490875
70000074106.997162
70000967568.275787
70000336585.365387
70000276612.639343
70000103205.972794
70000210342.796951
70000264698.089432
70000716097.569077
70000265175.169708
70000744736.895218
70000631050.570892
70000830673.809860
70000207891.556625
70000317901.927078
70000246981.039795
70000130459.304352
70000284216.490295
70000822776.699997
70000346325.279572
70000123442.883499
70000894318.058075
70000911626.695465
70000457165.989365
70000737923.632584
70000481954.956543
70000061898.456436
70000226191.603699
70000623601.306061
70000635275.178864
70000301162.629181
70000921685.975784
70000855567.463989
70000915640.002441
70000732818.861938
70000406892.272369
70000381669.162292
70000862151.747269
70000923854.260529
70000776690.427307
70000144747.593552
70000086524.124100
70000765285.220688
70000919450.094742
70000633690.634552
70000110809.926147
70000706284.181976
70000951810.138275
70000328582.341949
70000726439.309860
70000819362.442429
70000364666.384323
70000882407.734833
70000468598.412399
70000592654.075150
70000964542.313507
70000264322.783951
70000289494.263611
70000408086.558685
70000599769.069504
70000736608.195374
70000830051.061813
70000534664.126480
70000350594.774765
70000094390.339310
70000060144.505417
70000186373.426147
70000691448.292618
70000338729.703888
70000380648.766388
70000378837.262650
70000407690.971039
1.000000
70000409075.219635
70000615881.458618
70000812122.573578
70000243123.045364
70000927115.937790
70000590310.067978
70000272634.546646
70000843523.720627
1.000000
70000446045.088898
1.000000
70000119042.648895
70000944494.432007
70000821462.146561
70000492492.364365
70000253978.353104
70000210047.722839
70000260023.704788
70000882493.369965
70000747372.083389
70000395020.148453
70000050205.686462
70000789668.555679
70000354431.454865
70000924842.798798
70000220930.442795
70000484923.674744
70000680799.353363
70000652679.532700
70000795611.049606
70000353529.639206
70000606895.841965
70000412966.186325
70000735578.324036
70000347939.180496
70000169478.888916
70000976500.428894
70000351516.624893
70000116194.145279
70000714835.930801
70000223038.653122
1.000000
0.33
 0 0 0 0 0 0 0 0 0 0 0 0 0
