1 401
70000629988.597641
70000258060.311020
70000085968.030914
70000511613.335831
70000289658.602402
70000857805.348587
70000502484.845291
70000400062.811584
70000500798.667877
70000589604.679138
70000741082.636429
70000417930.845062
70000565068.800415
70000071559.404694
70000533833.764771
70000939354.198654
70000618188.123871
70000836948.766968
70000389093.239838
70000148788.549164
70000941486.932526
70000930308.086594
70000319956.114624
70000628243.222610
70000407842.983322
1.000000
70000084861.881989
70000660625.801331
70000397703.009827
70000319595.837387
70000735206.964905
70000050999.391830
70000631559.179337
70000100229.176971
70000630576.499329
70000898174.816147
70000972476.707123
70000895890.515488
70000481857.075485
70000398858.196838
70000220646.128769
70000315802.136459
70000467121.628143
70000443135.367020
1.000000
70000297662.591095
70000356682.193451
70000808561.457825
70000228310.922043
70000752957.520294
70000560265.963776
70000788474.169556
70000880361.391663
70000631589.211121
70000215166.137131
70000057840.602982
70000102152.798386
70000065148.458649
70000857593.672073
70000319847.272995
70000189722.092331
70000662587.115463
70000022917.229050
70000674071.812714
70000258240.636612
70000839228.806259
70000057294.850708
1.000000
70000181778.636597
70000699089.949966
70000692990.917725
70000564416.342438
70000798448.015427
70000689074.467209
70000709542.570175
70000128338.043259
70000175988.345947
1.000000
70000167671.503098
70000158286.160782
70000397816.533127
70000825831.590851
1.000000
70000412891.530319
70000585481.143692
1.000000
70000636084.660873
1.000000
70000659248.105118
70000213005.895874
70000676227.352951
70000560329.050598
70000897884.657700
70000757328.592728
70000193440.981247
70000335722.822144
70000836805.422165
70000679665.815399
70000743607.909302
70000727936.875519
70000995033.634232
70000879898.013184
70000782626.343796
70000615914.212524
70000290775.998215
70000956163.065948
70000252868.567810
70000009116.275558
70000928576.607559
70000438375.222610
70000244903.407715
70000557872.668396
70000509141.818176
70000999666.913498
70000709129.098297
70000934532.468643
70000853698.567307
70000779567.387634
70000241798.277878
70000676852.407516
70000977742.038712
70000914498.800674
70000678177.290009
70000695875.557587
70000194286.337173
70000837148.599960
70000353490.981842
70000634192.023804
70000676785.782608
70000660587.971161
1.000000
70000500563.748230
70000893583.808502
70000639826.151871
1.000000
70000619952.976639
70000725171.536026
70000574632.772842
70000065659.943497
70000674014.016739
70000163082.258759
70000678188.593567
70000131224.949097
70000500323.500671
70000531881.341629
70000687491.506653
1.000000
70000342746.094666
70000229830.353745
70000422259.474594
70000918098.592468
70000209474.460907
70000059303.318359
70000192891.393570
70000462225.308731
70000694288.869507
70000081100.405228
70000875999.430176
70000481358.808212
70000837118.306458
70000835214.021866
70000447795.198151
70000832854.346710
70000023498.283020
70000431930.724258
70000135732.241455
70000899490.922211
70000631463.525574
70000362742.041351
70000241456.171310
70000442892.040131
70000275971.177460
70000276125.015610
70000118693.012421
70000361465.889313
70000909003.494797
70000282997.516861
70000135241.553986
70000552078.182739
70000036794.897263
70000182411.287216
70000935883.036194
70000164401.718689
70000363502.602631
70000514876.310059
70000416967.799347
70000460947.313995
70000484351.575302
70000212042.429810
70000454749.170197
70000864771.802551
70000934658.585297
70000902018.125198
70000790824.497513
70000529405.822357
1.000000
70000995711.330597
70000511443.948441
70000560013.468597
70000160405.888885
70000988780.879639
1.000000
70000403565.605774
70000031785.216415
70000774732.503296
1.000000
70000487363.248657
70000601339.763672
70000404049.051407
70000379375.522751
70000392761.670547
70000452563.576599
70000126613.990753
70000218316.705948
70000190742.857254
70000938998.417313
70000692927.203568
70000214038.515121
70000722162.605042
70000388061.168549
70000007588.620911
70000470549.917892
70000173701.548248
70000108990.592865
70000014275.052887
70000258453.505020
70000585093.862808
70000856639.267044
70000059356.230621
70000038556.143433
70000498719.473389
70000634738.093765
70000110989.486847
70000398760.457565
70000845543.691925
70000927350.126694
70000964108.612503
70000877090.662338
1.000000
70000030657.703262
1.000000
70000484469.227249
70000871828.708755
70000302668.206406
1.000000
70000018807.939621
70000675637.168030
70000548489.378876
70000767739.013657
70000931099.570999
70000621400.141907
70000640473.815445
70000412438.148270
70000008208.757919
70000800852.090103
70000939823.618912
70000158046.189392
70000745299.804977
70000151713.534576
1.000000
70000157665.862915
70000361907.364120
70000934708.032242
70000762228.408600
70000727972.552826
70000014598.062057
70000946346.032898
70000242307.926819
70000431412.940918
70000108166.060135
70000632638.251312
70000256405.189117
70000704618.108841
70000882838.135315
70000408899.039230
70000247377.999649
70000304095.562164
70000195232.959442
70000416329.151688
70000721002.029129
70000275324.229477
70000223246.249390
70000888680.708130
70000138982.664459
70000254145.843140
70000842209.213882
70000102959.694809
70000521044.235352
70000828251.326843
70000164149.787704
1.000000
70000551673.352371
70000019791.630142
70000922434.059509
70000191752.282776
70000007485.229904
70000691736.337753
70000419442.078125
70000696770.753586
70000437194.485062
70000564697.859573
70000005858.615112
70000006678.034790
70000471744.105347
70000790241.011459
1.000000
70000067510.063507
70000916576.889481
70000793478.916702
70000248503.723221
70000699817.630264
70000904716.118851
70000460242.354401
70000623960.951508
70000712866.400040
70000210984.563049
70000812496.710297
1.000000
70000250394.507507
70000318484.513397
70000801363.390396
70000248963.806412
1.000000
70000193361.099060
70000885842.436966
70000434995.367706
70000189161.830383
70000230326.820984
70000378656.274750
70000850559.535965
1.000000
70000488940.454208
70000852702.681503
70000127359.139877
70000305123.151871
70000691653.936447
70000645978.677139
70000555779.346161
70000007979.212524
70000546277.192398
70000779491.198029
70000601681.359207
70000976034.842148
70000794156.194656
70000449758.058182
70000045141.719177
70000335747.470566
70000231699.561981
70000660599.323105
70000969799.355453
1.000000
70000080120.408447
70000340113.725845
70000582078.262161
70000256160.983368
70000250508.337387
70000634797.951065
70000820863.224655
70000670076.484467
70000490559.101105
70000468096.012024
70000711097.713715
70000996413.272461
1.000000
70000731677.191711
70000754874.452240
70000739534.015747
70000636720.723007
70000099849.371292
70000844525.795013
70000596196.151794
70000324292.120636
1.000000
1.000000
70000414074.174774
70000850373.945923
70000585011.600906
70000097074.725937
70000183242.080032
70000160325.258743
70000196353.167725
70000245148.813248
70000343362.207108
70000171805.548370
70000583823.506363
70000867422.002121
70000971546.423325
70000112399.718536
70000223856.362793
70000628591.299164
70000813053.729797
70000051557.970917
70000041773.047333
70000582965.142014
70000066732.707458
70000672516.357681
70000725427.844482
70000916766.580551
70000970830.246414
70000549064.573364
0.33
 0 0 0 0 0 0 0 0 0 0 0 0 0
