1 401
70000535302.736023
70000018983.066849
70000168425.208710
70000229848.922668
70000189658.915436
70000566038.358185
70000090549.539383
70000199089.825500
70000896178.813309
70000676931.653793
70000766111.099915
70000545077.975082
70000453177.133194
70000665889.654572
70000723310.103821
70000784949.114914
70000133348.924789
70000615606.384171
70000064773.531021
70000740370.453629
70000540791.834686
70000862758.165634
70000856722.412643
70000279386.401337
70000427394.440445
70000279979.764954
70000507072.661087
70000029829.574188
70000956196.068863
70000426871.687210
70000112569.694870
70000258862.098206
1.000000
70000592399.277115
70000505329.140594
70000911206.242172
70000150499.920807
1.000000
70000227701.284241
70000553666.667114
70000906326.263657
70000431696.923019
70000270348.651108
70000759140.765305
70000674106.224228
70000035383.231812
70000087194.335709
70000311571.731033
70000866903.730377
70000415770.230484
70000584599.018158
70000484134.841888
70000199862.612946
1.000000
70000003503.536911
70000792947.633560
70000936952.620499
70000613953.334900
70000478998.202530
70000774359.351074
70000490201.030670
70000266173.988968
70000815574.434662
70000917233.080872
70000993900.893433
70000463060.631683
70000848118.265976
70000764711.616440
70000786855.352661
70000696729.678268
70000586652.075699
70000703076.084656
70000203123.216400
1.000000
70000250719.489120
70000344979.536728
1.000000
70000219502.988312
70000881148.239700
70000487002.552277
70000364476.366211
70000864590.366180
70000876674.273254
70000323097.669312
70000131718.162247
70000009321.692551
70000223646.939514
70000054747.173248
70000245787.989410
70000115167.211853
70000620656.037415
70000918130.014496
70000136875.924881
70000475923.038208
70000680769.821457
70000756266.547668
70000499406.986465
70000720742.763428
70000329864.002487
70000593071.612320
70000327047.306717
70000597619.268860
70000627716.078293
70000011202.232605
70000956954.610519
70000777218.624649
70000874721.344864
70000316969.355865
70000831447.450089
70000758449.551178
70000327378.450775
70000126499.902115
70000502973.498703
70000352248.128967
70000854013.812088
70000480080.541489
70000197848.349243
70000876836.160004
70000151304.618912
70000242260.941650
70000480057.951324
70000616036.683289
70000030980.555161
70000259278.412323
70000325898.614609
70000257932.153763
70000375860.485474
70000769285.965897
70000015606.080765
70000539520.273285
70000001525.716003
70000166049.260757
70000095845.008179
70000275696.023849
70000235901.928528
70000184458.260681
70000132500.923553
70000163814.728271
70000652431.289810
70000468851.167313
70000448188.107254
70000499040.856598
70000385115.856430
70000914169.758347
70000323496.659271
70000170038.477692
70000047404.865173
1.000000
70000988509.685944
70000155649.683304
1.000000
70000681637.910568
1.000000
70000274826.239471
1.000000
1.000000
70000926085.190628
70000650680.573029
70000560001.730347
70000260872.348221
70000867276.863785
70000161916.246399
70000666033.621368
70000165995.171982
70000851915.041168
70000960727.197968
70000088523.072937
70000135321.604584
70000864500.522263
70000435157.376312
70000067805.859161
70000522219.768982
70000927851.124680
70000592144.143463
70000638188.841003
70000656795.104889
1.000000
70000280592.749863
70000882339.348877
70000439686.190491
70000609759.726517
70000189054.498001
70000394389.579453
70000913846.951813
70000385395.718964
70000550644.153625
70000452334.866501
70000106398.988571
70000369669.030731
70000369962.961014
70000240691.941666
70000937795.588562
70000285811.822479
70000719910.311310
70000424968.558533
70000964079.506683
70000820203.609573
70000829443.569809
70000814839.323074
70000364390.221252
70000724317.666489
70000638012.709122
70000188267.660034
70000281133.386932
70000253637.408432
70000670642.585648
70000670444.371048
70000937406.639297
70000275172.596512
70000930340.136169
70000324700.215729
70000048742.786514
70000873842.994705
70000473433.566025
70000490241.701111
70000893567.411072
70000329571.416382
70000607979.047852
70000905120.572113
70000128155.667130
70000045117.145874
70000188034.960175
70000775490.214859
70000255926.371231
70000996407.691483
70000975789.285629
70000034710.489090
70000549316.809525
70000100322.764862
70000476698.709732
70000509052.211594
70000859989.284775
70000425899.261932
70000173959.956268
70000074784.732208
70000644127.121078
70000799771.035095
70000478650.819229
70000638113.792740
70000165611.034561
70000462041.930893
70000455108.336777
70000087406.571823
1.000000
70000222344.990524
70000759417.885849
70000338518.150192
70000072383.442474
70000842219.043945
70000544328.465103
70000238388.567734
70000687015.144058
70000883718.752090
70000419123.476883
70000677211.825211
70000334832.050461
70000355459.471008
70000913043.143356
70000361674.347153
70000634519.509842
70000076668.378174
70000686766.681396
70000666137.750931
70000899342.676239
70000815001.876785
70000085381.976212
70000708039.943924
70000772880.919357
70000178450.224762
1.000000
70000860919.266769
70000004216.162354
70000329586.875778
70000331106.155579
1.000000
70000394627.535355
70000607853.335770
70000604580.338638
70000958072.391617
70000693758.201294
70000966835.531677
70000249076.084106
70000171994.203262
70000655719.678467
70000353563.177948
70000593886.393723
70000449357.354935
70000095746.236298
70000499742.277252
70000255254.352142
70000519414.443008
70000616220.866440
70000956651.728912
70000790794.132431
70000301086.307526
70000394509.096527
70000741902.944336
1.000000
1.000000
70000697845.821625
70000989741.974777
70000382616.721375
70000122799.830292
70000197617.205933
70000366678.483887
70000345493.361465
70000660355.238510
70000479872.430496
70000133119.298920
70000263098.761597
70000126361.547287
70000882404.803146
70000659525.629486
70000684353.132370
70000440452.858856
70000958124.605072
70000291119.364731
70000060144.614502
70000423025.757690
70000462416.531570
70000748564.850739
70000112372.676346
70000796868.654572
70000442062.001892
70000905073.303986
70000785140.752213
70000295277.534073
70000972766.865158
1.000000
70000868896.679520
70000454314.547562
70000648812.354233
70000172559.220551
70000687148.319290
1.000000
70000896515.055344
70000675689.283264
70000735600.557922
70000739986.168045
70000882336.594955
70000818217.437973
70000696945.206772
70000242677.426804
70000263822.606628
70000395984.044937
70000406243.647736
70000932912.598587
70000356637.429794
70000443009.109100
70000893721.753082
70000708069.114410
70000005251.490952
70000534984.856461
70000784018.950226
70000882459.916595
70000623486.707672
70000587680.900574
70000010987.540619
70000049229.243835
70000327188.372345
70000828741.555099
70000511446.149521
70000326174.262650
70000959179.750153
70000124694.595444
70000791891.860016
70000590102.601501
70000596510.210999
70000576173.338745
70000453179.857193
70000379928.207581
70000350099.214584
70000418580.600403
70000818310.128281
70000332231.077866
70000939645.928711
70000820374.657257
70000691846.232895
70000177873.522232
70000321373.332901
70000608370.592682
70000115857.445572
70000576283.423431
70000171181.140930
70000673588.441620
70000496985.415863
70000079578.346146
70000540366.490799
1.000000
70000559256.622391
70000529334.356506
70000703916.764938
70000938852.685867
70000738301.270813
70000468234.862442
70000562863.270660
1.000000
70000989686.262619
70000769159.629272
70000326256.516006
0.33
 0 0 0 0 0 0 0 0 0 0 0 0 0
