1 401
70000315565.708344
70000398241.135239
70000958503.695648
70000556643.949539
70000878904.981186
70000314643.040512
70000073722.798950
70000796417.498688
1.000000
70000433765.748047
70000981722.141922
1.000000
70000838152.377823
70000792822.790161
70000170392.684830
70000025823.672623
70000225554.226151
70000690143.553009
70000810585.785049
70000886472.072815
70000460498.906250
70000103307.789230
70000219414.808273
70000515151.776779
70000544864.926819
70000773042.026779
1.000000
70000122444.083176
70000830921.975891
70000990705.497940
70000823105.298019
70000853029.971649
70000766984.229401
70000534407.847656
70000082594.541855
70000751294.350555
70000456234.360931
70000758917.061584
70000890900.602341
70000493593.894302
70000931061.229263
70000279138.418777
70000735935.064484
70000541031.071121
70000642114.149826
70000519196.389038
70000122349.420227
70000054414.093140
70000312741.912552
70000178508.641037
1.000000
1.000000
70000383955.664139
70000647384.660660
70000079967.813171
1.000000
70000905974.733276
70000764020.344666
1.000000
70000644311.954865
70000025248.418152
70000748790.459747
70000027446.129974
70000849465.977692
70000821489.392532
70000351020.333740
70000741313.810333
70000137903.965302
70000903446.504990
70000353214.211258
70000334638.648682
70000721620.403824
70000462345.336914
70000454712.416321
70000683235.015640
70000827264.060318
70000998994.715042
70000315542.765656
70000713579.209656
70000558904.659668
70000264236.117493
70000654514.867477
70000949789.554550
70000961880.295090
70000247505.382492
70000157872.681442
70000274395.497437
70000077964.634369
70000143120.611298
70000486276.544769
70000784496.650681
70000717763.043365
70000922521.827087
70000145932.483154
70000428026.623535
1.000000
70000592888.490265
70000291989.644516
70000930598.916809
70000346561.165085
70000966532.468063
70000374159.305008
70000836706.075607
70000078170.574921
70000929828.693527
70000659531.091949
70000023800.280258
70000400465.975723
70000116497.076370
70000837728.601959
70000809647.351273
70000296552.309204
70000610357.544556
70000438517.122147
70000258452.890945
1.000000
70000917286.679474
1.000000
70000834074.762665
70000800633.339142
70000275950.800583
70000497959.982193
70000728502.085663
70000448530.333054
70000498533.069931
70000355075.234726
70000010686.457932
70000459903.650696
70000530742.503571
70000575212.760361
70000846579.263214
70000479403.860733
70000753152.674377
70000696715.767548
70000139666.004257
70000616278.536804
70000747248.348190
1.000000
70000556542.669250
70000711057.153137
70000976794.542068
70000322301.941071
70000993424.337524
1.000000
70000157519.958206
70000961051.800339
70000328584.251175
70000422028.955139
70000762589.753891
70000593618.526886
70000428930.407944
70000947407.315384
70000321258.344803
70000977824.813034
70000547134.348160
70000491037.246735
70000301338.001633
70000305722.562973
1.000000
70000540828.545425
70000152703.854431
70000698329.207977
70000149658.694809
70000042231.128922
70000503298.206482
70000811787.828522
70000448552.055847
70000354666.534912
70000433124.431396
70000846067.288239
70000665407.948929
70000354195.203125
1.000000
70000769664.612900
70000553916.143829
70000637190.795166
70000828136.122681
70000636600.872208
70000941679.002213
70000593422.255127
70000945131.721054
70000699482.856445
70000451668.211807
70000970154.916061
70000074412.464905
70000453770.647568
70000615561.409409
70000236461.220978
70000765440.579498
70000409968.834610
70000627833.110214
70000296558.896286
70000481292.776398
70000749717.615707
70000201546.215698
70000229746.060135
70000007818.970840
70000717791.871933
70000587463.824783
70000133626.341812
70000214127.940475
70000302992.610306
70000482752.704544
70000176019.904343
70000420422.854660
70000052141.540833
70000533504.564697
70000163911.470322
70000794660.588852
70000201211.652054
70000615658.116013
70000142571.553513
70000280550.639099
70000432372.587585
70000260687.612076
70000315371.563980
70000715163.852432
70000526929.451508
70000242815.053925
70000650806.141708
70000179905.320648
70000519616.294052
70000395185.649826
70000203049.672653
70000763634.490982
70000267762.986725
70000435603.175598
70000296200.948410
70000630725.040619
70000679933.349136
70000766909.172760
70000494813.828979
70000862822.435181
70000965043.703201
70000437506.553833
1.000000
70000997650.803894
70000167661.254623
70000696141.455048
70000707519.070206
70000902159.653702
70000323174.563812
70000074498.462173
70000393822.007996
70000879694.764435
70000921999.236023
70000453150.959778
70000056748.412720
70000909147.053879
1.000000
70000770298.969299
70000064810.386887
70000790925.816330
70000962539.080154
70000186322.755875
70000664699.170410
70000032773.012161
70000625164.827591
70000454479.324814
70000122214.160934
70000627041.588959
70000086917.226303
70000502284.501053
70000819160.211868
70000494519.129669
70000049877.739502
70000379529.777115
70000200089.019821
70000706626.019623
70000114598.257523
70000751130.045319
70000938076.766129
70000720818.836777
70000213963.957520
70000029927.726669
70000340775.447708
70000134234.573547
70000709402.220032
70000266772.619003
70000655287.203766
70000179057.595215
70000778760.780136
70000250100.158630
70000642079.573486
70000440709.724533
70000474961.948227
70000454606.298004
1.000000
70000240766.771774
70000340125.233856
70000336769.223236
70000237637.779419
70000762657.790131
70000222064.590286
70000201187.228439
70000919426.606857
70000941913.609329
70000691533.550751
1.000000
70000099152.936340
70000370784.911758
70000637819.861557
70000074220.655792
70000995327.447815
70000767432.134567
70000106359.596390
70000354320.998047
70000263455.029953
70000956831.980698
70000457339.094666
1.000000
70000715301.166794
70000776297.280090
70000712060.133575
70000316063.914474
70000660106.298721
70000538687.853699
70000883283.504684
1.000000
70000042565.399734
70000332807.745621
70000234648.526123
70000970014.230896
70000297282.881485
70000024186.288559
70000486474.994553
70000855954.930832
1.000000
70000943304.252930
70000209473.572647
70000449318.306366
70000732131.206299
70000315902.663864
70000343649.292435
70000724221.249649
70000392232.458252
70000987771.307892
70000896956.685593
70000189217.050659
70000526519.928696
70000788880.437271
70000593061.649979
1.000000
70000487790.801544
70000994703.147430
70000724845.159195
70000099191.560760
70000052869.263321
70000164056.224869
70000322217.567642
70000473096.762451
70000758474.742889
70000276358.025406
70000157396.268158
70000262858.164948
70000457184.457962
70000923412.778381
70000816603.867264
70000318131.429764
70000148712.378922
70000253035.202591
70000839927.155518
70000201536.721191
70000745264.013916
70000666870.428787
1.000000
70000328990.755981
70000262280.960480
70000464289.838516
70000026714.503235
70000196669.014938
1.000000
70000230143.540802
70000390296.838440
70000854730.196899
70000395303.935150
70000323009.833725
70000575057.764374
70000417758.154160
70000201690.303360
70000142727.790802
70000710036.487808
70000351416.838501
70000852752.545837
70000061605.453125
70000122345.359558
70000686906.919617
70000711543.444168
70000160742.271149
70000131218.942703
70000564289.937775
70000688010.518692
70000791736.580307
70000554001.415421
70000124359.551590
70000051146.630997
70000627486.579575
70000493482.145630
70000943389.271698
70000980371.159210
0.33
 0 0 0 0 0 0 0 0 0 0 0 0 0
