1 401
70000242940.472610
70000051165.073532
70000272835.577103
70000015573.942245
70000675622.519440
70000614404.098236
70000665590.715012
70000218696.681854
70000016394.764206
70000463508.886612
70000815745.628220
70000810156.572983
70000593522.013962
70000821380.319214
70000455935.050674
70000058798.638733
70000155611.257370
70000424791.772415
70000708691.005676
70000654798.775970
1.000000
70000399927.587952
70000398309.457626
70000581370.751938
1.000000
70000201591.011093
70000787098.050018
70000716762.671432
70000778878.196411
70000694275.567795
70000155111.374832
70000715534.485001
1.000000
70000243800.470718
70000057854.632812
70000563983.213501
70000142029.826340
70000005744.471588
70000857201.675323
70000664600.137619
70000971889.224030
1.000000
70000993078.373703
70000697431.998291
70000638480.233978
70000868078.030441
70000070835.256332
70000370746.628174
70000388807.765244
70000761109.333984
70000974442.258820
70000935486.227371
1.000000
70000883377.402008
1.000000
70000979792.197678
70000534539.820816
70000214128.944290
70000801312.392151
70000361221.593048
70000053164.553772
70000171443.937027
70000670955.397278
70000113344.128036
70000087075.039200
70000470317.079056
70000019665.256149
70000375961.431396
70000254794.819275
70000255587.846207
70000056049.894043
70000160036.956619
70000667920.365250
70000486015.108032
70000059355.258514
1.000000
70000066470.922653
70000389196.338943
1.000000
1.000000
70000031366.525299
70000465943.477280
70000567981.283417
70000860497.239197
70000860965.772919
1.000000
70000094030.617218
70000581217.276108
70000090054.687424
70000627905.422653
70000743758.865372
70000106051.518417
70000682125.320740
70000095234.483322
70000161587.475647
70000841663.807831
70000125916.979721
70000312170.041763
70000329932.710907
1.000000
70000704616.076080
70000796580.053009
70000144086.046661
70000619222.608887
70000809842.106232
70000774425.958893
70000262004.299103
70000710257.991638
70000067349.822647
70000254619.537003
70000790349.153519
70000268488.255920
70000367105.439957
70000782535.024918
70000525683.856003
70000398518.724686
70000872319.398697
70000751371.009109
70000801842.270737
70000027384.306656
70000367960.898331
70000595194.097137
70000325535.888901
70000359789.585449
70000702247.307800
70000991115.689377
70000516709.584091
70000031147.411819
70000119923.350586
70000122209.639359
70000004317.172150
70000716688.562851
70000530265.357605
70000090219.526184
70000245208.017975
70000951306.862381
70000562350.622925
70000938682.470215
70000547286.096298
70000363683.360306
70000045064.934616
70000566760.686005
70000302096.588547
70000100607.275650
70000418492.179840
70000737562.104553
1.000000
70000647175.089981
70000257728.703003
70000626633.870682
70000604214.192719
70000589305.612961
70000804466.576599
70000671990.516602
1.000000
1.000000
70000408098.131195
70000839847.523834
70000250738.199997
70000059851.887726
70000246958.133713
70000153058.005417
70000409008.178207
70000028599.893951
70000076455.175583
70000264598.948273
70000888284.199982
70000176202.059143
70000342089.261948
70000714481.765579
70000445874.383606
70000990532.775406
70000256707.707413
70000563254.696945
70000901821.399734
70000425801.349030
70000949303.927734
70000679994.740738
70000901134.479492
70000338433.563095
70000825165.884979
70000100761.942566
70000631683.267288
70000198732.024658
70000769062.098801
70000683818.316406
70000943967.614838
70000278717.335052
70000974113.119492
70000638403.009171
70000904510.537415
70000998512.150238
70000833975.237442
70000298051.288971
70000537245.576599
1.000000
70000007468.872391
70000427490.501740
1.000000
70000073379.899536
70000399092.576355
1.000000
70000990511.669785
70000559006.739731
70000536308.728790
70000538823.946960
70000207176.303375
70000587412.780548
70000721271.953125
70000875603.908707
70000707652.597916
70000006629.258652
70000901987.813202
70000731825.812027
70000885827.478195
70000850977.166397
70000228940.263611
70000490175.352905
70000946090.091537
70000083891.565231
70000013463.589142
70000068049.756943
70000950433.024765
1.000000
70000010572.687943
70000482314.691650
70000305429.367126
70000505125.234253
70000782850.152328
70000215150.427399
70000251466.439392
70000434169.995422
70000835458.792267
1.000000
70000281978.568878
70000505751.120544
70000031923.827454
70000272926.178833
70000283877.132599
70000727035.310715
70000280404.970901
70000625509.607117
70000146646.928772
70000113496.789215
70000085764.912003
70000239940.863510
70000185349.277237
70000846657.863235
70000379213.320114
70000830669.361496
70000147817.863617
70000120195.115921
70000140106.077087
70000541580.918549
70000465383.875412
70000173110.698685
70000589560.703949
70000634607.721634
70000594036.914093
70000345568.821915
70000270489.093597
70000335546.771362
70000705222.494247
70000112089.263123
70000235510.928665
70000428426.962692
70000216542.959244
70000632771.426636
70000266515.835709
1.000000
70000471198.372696
70000607133.079758
70000812446.964203
70000708276.700836
70000420839.403488
70000827742.269897
70000895324.374817
70000914557.401855
70000975506.366959
70000221601.508560
70000437143.535110
70000952815.130844
70000171359.288391
70000703939.863068
70000746172.197876
70000072888.871719
70000841407.292267
70000655257.734543
70000451070.138321
70000184003.879166
70000015020.664764
70000726214.403778
70000322899.618164
1.000000
70000439481.391098
70000290695.629181
70000913394.859039
70000270324.138641
70000906065.101807
70000431884.844437
70000690435.792526
70000517165.154297
70000595640.101822
70000583306.392990
70000349433.280380
70000804166.141739
70000680941.351639
70000136471.629150
70000769372.341339
70000496469.292496
1.000000
70000882552.279053
70000132647.023331
70000992740.220032
70000524120.232239
70000263869.201370
70000801207.760254
70000247751.738770
70000136358.131317
70000903105.036545
70000431166.604507
1.000000
70000424858.514038
70000496289.359528
1.000000
70000635357.526382
70000661663.720062
70000154436.051102
70000055782.251633
70000941333.433731
70000575491.442108
70000240120.233307
70000090940.717499
70000296526.154846
70000247736.515274
70000826588.241119
70000792941.717163
70000510722.382843
70000674536.601944
70000111502.708755
70000067529.827255
1.000000
70000404164.113876
70000793684.509903
70000408325.372498
70000866405.233734
70000578196.282059
70000017732.869522
70000829841.418137
70000693545.681030
70000255639.411301
70000940803.714432
70000854234.686188
70000793128.300995
70000324371.809631
70000036442.845657
70000048078.783295
1.000000
70000743974.658279
70000691469.387039
70000284786.021103
70000276775.447540
70000895802.580322
70000200080.688644
70000601972.590332
70000985244.339111
70000774607.955429
70000174045.006393
1.000000
70000963396.164429
70000351844.446136
70000361623.789139
70000050249.170151
70000275257.318588
70000634524.010635
70000761585.056442
70000909054.489014
70000827012.849518
70000576751.717133
70000071500.199966
70000503868.084290
70000295577.191376
70000430113.045074
70000938484.489563
70000357445.580658
1.000000
70000003504.559418
70000522452.082275
70000506474.444183
70000507221.932144
70000148373.396194
70000104280.648239
70000181060.505219
70000245613.861298
70000528291.805786
70000735456.574860
70000899341.361771
70000166828.459824
70000446071.338440
70000923328.111511
0.33
 0 0 0 0 0 0 0 0 0 0 0 0 0
