1 401
70000924543.712418
70000568730.764740
70000782625.143005
70000833113.147110
70000517060.041702
70000113055.418442
70000209891.695923
70000134900.074142
1.000000
70000192001.005844
70000488888.505127
70000426391.914871
1.000000
70000695367.647186
1.000000
1.000000
70000467536.150940
70000122906.671478
70000629384.260529
70000771012.955582
70000841071.443161
70000464496.239395
70000664039.894089
70000381131.611252
70000581625.067413
70000915454.902023
70000531582.263992
70000632970.452606
70000081643.824997
70000479051.102875
70000242742.050095
70000805511.939331
1.000000
70000930408.913483
70000863679.253937
70000111780.354950
70000538248.096756
70000515204.253311
70000762660.629883
70000599584.780655
70000965260.254761
70000913654.545441
70000317592.599808
70000799505.182297
70000782862.180817
70000829459.473816
70000386529.445068
70000841058.091995
70000945375.779099
70000846373.403641
70000401156.506104
70000769791.355194
70000392505.309280
1.000000
70000136816.106461
1.000000
70000202295.024048
70000144313.345123
70000743910.223724
70000239268.090210
70000931595.098999
70000345747.173828
70000963805.204239
70000680130.027435
70000959202.985016
70000659309.843826
70000221136.149750
70000308749.569748
70000132978.959030
1.000000
70000795527.974976
1.000000
70000078914.844055
70000769265.028656
1.000000
70000772253.355881
70000477890.238190
70000820618.349060
70000382370.260956
70000955445.747192
70000462191.552673
70000020443.314209
70000225100.964951
70000073856.120834
70000938135.229614
70000952314.365631
70000135342.831253
70000345244.526276
70000645597.344940
70000087259.828064
70000391618.044083
70000432524.460632
70000198616.650772
70000969060.981720
70000332524.138733
70000045672.661957
70000316051.645432
70000986456.375229
70000803321.905212
70000927745.107758
70000792560.031555
70000824104.950546
70000440991.555695
70000945494.990768
70000600360.653000
70000551234.307144
70000491857.570709
70000476950.996536
70000826044.872528
70000053908.175415
70000083823.648880
70000382393.860718
70000881174.991196
70000363057.651627
70000797877.400589
70000985430.480164
70000825092.919250
70000854445.874451
70000997725.533310
70000308081.471924
70000269507.592651
70000607499.609619
70000597192.124084
70000442654.530853
70000570561.355728
70000510449.656799
70000102924.922958
70000836861.652939
70000447171.559143
70000528103.370773
70000436182.333466
70000520987.754196
70000678995.062485
70000686483.002213
70000163614.755005
70000449078.178940
70000212759.208710
70000926610.609528
70000915562.154739
70000615069.396729
70000533794.578674
70000805764.342590
70000812318.779602
70000534896.622467
70000891293.215256
70000219257.472610
70000714932.254028
70000656865.252457
70000783760.767609
70000098552.176529
70000019627.257065
70000228838.080231
70000638037.907150
70000684271.207581
70000558405.360992
70000717465.192993
70000149446.330063
70000982198.027206
70000831308.710556
70000393649.815887
70000837547.062302
70000994386.821274
70000309389.216751
70000735805.916519
70000983437.010986
70000593450.295395
70000298693.107346
70000334359.970398
70000666289.641754
70000803046.528458
70000409763.866257
70000637881.971008
70000593932.169159
70000508107.863968
70000673082.835419
70000186648.090652
70000438721.229614
70000932944.023209
70000485128.695648
70000107018.962189
70000159590.328751
70000908577.618073
70000291835.297424
70000684385.009949
70000812563.839951
70000238105.620010
70000587835.968307
70000108405.846832
70000636946.030563
70000161220.633865
70000943539.442963
70000487486.809021
70000094938.333969
70000737706.558075
1.000000
70000500547.881027
70000792697.342010
70000713711.397949
70000617710.586761
70000966367.769135
70000832948.063950
70000635483.346863
70000810253.239868
70000106824.345596
70000902579.068268
70000016867.385071
70000109551.721481
70000352127.681931
70000780943.706314
70000450610.031906
70000096897.438568
70000381536.818008
70000927347.961517
70000242041.261215
70000059754.274185
1.000000
70000210141.677277
70000636838.713837
70000798675.019592
70000310566.571487
70000828072.438080
70000452348.711090
70000103287.200180
70000435967.305069
70000034834.615936
70000271157.367615
70000803837.753235
70000190321.508713
70000338315.963287
70000517846.743408
70000239211.277588
70000789862.177887
70000342763.131332
70000891701.782669
70000676912.407196
70000786643.532440
70000022048.102524
70000977694.897446
70000604929.466782
70000149062.970459
70000900850.340271
70000267252.771591
70000537224.834412
70000952534.886902
70000308786.808929
70000200213.859406
70000156532.797195
70000989846.550339
70000137375.349182
70000515881.532318
70000108717.110535
70000154169.540024
70000523105.382782
70000069162.123672
70000473036.935104
70000038294.826813
70000338048.053360
70000245740.091751
1.000000
70000369103.165482
70000855118.131210
70000610284.571823
70000406785.078537
70000597361.022354
70000954004.547028
70000496864.149200
70000337855.742188
70000396831.980209
70000040073.243591
70000996137.020065
70000353060.543152
70000615955.364624
70000909887.547333
70000714600.695465
70000078359.346588
70000061594.302155
70000951405.641541
70000818736.238647
70000576281.310013
70000077312.879761
70000758385.367935
70000893831.132477
70000711257.471191
70000017967.093048
70000332684.608063
1.000000
70000352249.002213
70000230340.112686
70000202472.341217
70000462645.411560
70000493058.063705
70000982932.323944
70000599321.595215
70000380147.868225
70000194000.443146
70000801606.168533
70000033728.531174
70000874352.573364
70000646748.284668
70000296225.169983
70000352673.637146
1.000000
70000471632.777451
70000777880.285751
70000945397.856155
1.000000
70000846601.980591
70000887909.550415
70000440578.341690
70000095852.539581
70000864958.311157
70000881524.233627
70000919639.198486
70000547400.787811
70000001095.503342
70000918493.818130
70000149271.528793
70000389917.101562
70000521441.192459
70000181466.309677
70000804101.285629
70000241104.360489
1.000000
70000855043.847916
1.000000
70000310981.742584
70000561355.090576
70000476611.215363
70000568332.552841
70000587780.488541
70000007415.148682
70000150813.147781
70000222608.840744
70000749076.709305
70000141597.332153
70000847063.290985
70000372880.357742
70000306825.016693
70000276587.440567
70000407231.129272
70000105800.046371
70000236443.576111
70000865996.980072
70000772580.953110
70000563280.455582
1.000000
1.000000
70000195711.231644
70000111031.511566
70000125263.082092
70000142664.845474
70000511178.785782
70000852656.861008
70000084026.734711
70000108830.058899
70000321858.478882
70000085076.873123
70000204342.477158
70000410754.139099
70000150617.791641
70000163865.434540
70000360133.111359
70000245779.190033
70000828441.097427
70000846919.120026
70000930777.067169
70000416567.317825
70000940624.434723
70000959415.477493
70000802087.477768
70000213397.555908
70000403904.520447
70000265405.786819
70000995876.774185
1.000000
70000910710.361359
70000638457.720306
70000698926.017288
70000514847.596497
70000473033.462677
70000880957.088654
70000080134.821060
70000528713.622635
70000204163.558517
70000552522.161667
70000352178.184845
70000881326.906464
70000475901.466461
70000718553.944168
70000384109.305908
70000818040.093079
70000849611.873215
70000014086.103699
70000853699.690201
70000009276.899536
70000307010.614517
70000341091.920380
70000727849.086639
70000046523.095139
70000855472.897461
0.33
 0 0 0 0 0 0 0 0 0 0 0 0 0
