1 401
70000867383.181076
70000536003.774780
70000816271.184280
70000304012.512405
70000705146.254303
70000902254.962936
70000350494.094147
70000479637.814148
70000000251.961060
70000824117.803543
1.000000
70000281348.052460
70000422539.684708
70000896123.492371
70000258122.774033
70000839323.981308
70000572428.432892
70000322883.955353
70000753775.209656
70000282434.099350
70000810678.825256
70000338237.035309
70000383043.381271
70000319353.965286
70000958792.116135
70000718108.448715
70000157933.323624
70000191558.823441
70000921988.087112
70000378206.089722
70000450698.283676
70000190354.117264
70000388586.851074
70000675565.022919
70000926280.539047
70000361456.100266
70000832491.621857
70000926826.526718
70000910444.968506
70000291892.206009
70000599509.700928
70000982594.613251
70000906440.543686
70000032349.070465
70000601416.361023
70000479962.767120
70000389770.375229
70000203681.821213
70000369024.853485
70000612060.000717
70000154315.590988
70000473338.210114
70000729654.607727
70000151351.721542
70000209535.305618
70000732540.493149
70000242513.825974
70000697280.001144
70000934568.737106
70000920114.957367
70000052232.233109
70000031089.758163
70000924956.286179
70000871575.809418
70000605814.781448
70000676358.564957
70000816219.485718
70000027081.174194
70000377198.453461
70000848342.584518
70000303924.389313
70000344133.123535
70000615126.114838
70000846047.094452
70000082522.128708
70000567733.466476
70000343860.459167
70000652290.913559
70000999063.692993
70000649980.605972
70000269629.836945
70000899786.263153
70000936653.560425
70000336005.052017
70000942028.425522
70000311159.521744
70000231895.597809
70000276001.356110
70000818525.236328
70000804035.424408
70000096705.027634
70000973797.304108
70000927663.972092
70000584120.305023
70000446162.372238
70000785357.787216
70000805149.212051
70000805279.662582
70000484213.919388
70000403775.241135
70000759129.509521
70000239614.021423
1.000000
70000281082.739655
70000006347.306015
70000531589.449860
70000476724.207611
70000304241.996216
70000851788.221771
70000103372.741318
70000931710.246460
70000744918.449280
70000334944.787018
70000693584.167892
70000441419.482056
70000462503.792603
70000497980.763962
70000908546.659058
70000893469.287476
70000717245.818497
70000715053.783920
70000559632.988480
1.000000
70000475741.673218
70000395378.175201
70000169995.953705
70000753772.875610
70000486632.193909
70000188168.625641
70000287507.066269
70000086838.134506
70000673062.725693
70000488729.837006
70000718711.771027
70000364901.079025
1.000000
70000145673.370361
1.000000
70000823804.996384
70000000579.162201
1.000000
70000613210.009247
70000770593.823944
70000125731.153946
70000783068.144363
70000838129.597443
70000820618.473770
70000779302.799637
70000864803.252960
1.000000
70000192127.452728
70000469595.856354
70000572148.359283
70000235634.189926
70000640993.701965
70000775518.539871
70000419329.700775
70000403977.275696
70000792665.328934
1.000000
70000814913.478409
70000362812.113083
1.000000
70000497951.506531
1.000000
70000028837.527374
70000787523.878067
70000237106.279343
70000459124.520218
70000256699.148712
70000820403.570984
70000768534.924469
1.000000
70000953368.559616
70000677093.895309
70000023165.261063
70000527988.424789
70000364085.563644
70000641006.297699
70000374273.850510
70000649687.924927
70000004910.073608
70000511867.131912
70000077849.684448
70000769580.222595
70000397074.723129
70000568418.378647
70000992820.216019
70000819133.599258
70000052898.979736
1.000000
70000235653.269043
70000368394.461166
70000466944.014832
70000301109.947601
70000568705.787735
70000957881.701431
70000477471.509171
70000091813.819183
70000883868.887772
70000797741.900620
70000713231.766953
70000695461.549957
70000288178.373932
70000188036.069412
70000293842.670685
70000166992.120529
70000586652.131836
70000649537.522156
70000753458.013809
70000948605.086777
70000227910.379227
70000876297.935516
70000918276.468918
70000962707.426208
70000144070.079712
70000850343.551987
70000386329.988144
70000286922.170090
70000700916.155991
70000841620.136917
70000674240.338608
70000019392.331009
70000863314.760620
70000863129.267654
70000027990.503082
70000580008.837097
70000228547.543655
70000815686.742645
70000485462.770615
70000595389.063843
70000867380.326736
70000199022.287292
70000532777.028687
70000836289.617325
70000816733.678574
70000999222.069580
70000167594.025101
70000099461.121017
70000161595.441666
1.000000
70000147136.457108
70000488319.477463
70000362662.820938
70000581892.585144
70000074952.188904
70000937793.371719
70000342666.068604
70000958744.197586
1.000000
70000179701.596176
70000872627.166565
70000481802.486816
70000136222.217987
70000786690.866180
1.000000
70000914721.926300
70000554746.010300
70000662893.479324
70000820234.176956
70000497179.227798
70000785224.196060
70000995056.181442
1.000000
70000856752.378784
70000447442.351013
70000516883.623810
70000808622.503418
70000272903.074036
70000910422.944901
70000352400.725861
70000319895.201050
70000585236.413742
70000419300.165894
70000500692.738312
70000383406.829773
70000950031.467285
70000080408.302124
70000023117.236740
70000948341.235580
70000338300.986832
70000720385.393433
70000758289.753616
70000356368.948990
1.000000
1.000000
1.000000
70000371712.028732
70000946208.827179
70000553723.693436
70000599030.111847
70000454351.331314
70000488994.102768
70000009985.527008
1.000000
70000376615.253082
70000371246.328781
70000709435.046494
70000386800.194138
70000135831.306351
70000618431.904388
70000316831.469177
70000307602.396057
70000179974.495667
70000797232.370331
70000988139.007248
70000632661.399307
70000304753.881699
70000571611.633957
70000134750.429581
70000239245.313904
70000633762.569839
70000538999.488571
70000729445.503677
70000091538.784683
70000417484.557175
70000051991.860001
70000937941.127777
70000111161.640442
70000319562.608841
70000572026.948624
70000361379.390732
70000737209.631958
70000600659.029022
70000302016.097992
70000446629.664383
70000933417.985306
70000794901.425125
70000734669.336258
70000655400.280289
1.000000
70000732942.088257
70000009263.175323
70000835735.067383
70000895330.897705
70000151858.606339
70000719551.392456
70000335144.077271
70000299037.439316
70000190164.059372
70000527530.970337
70000853797.177139
70000274455.147995
70000654644.994339
70000440052.949493
70000226580.284653
70000079619.154144
70000267971.257401
70000093864.608963
70000529069.464005
70000447439.587906
70000623790.709930
70000747012.305328
70000707808.242065
70000677999.968430
70000091871.930450
70000444050.087875
70000399186.148987
70000008990.232162
70000706801.903015
70000754671.355286
70000860771.459885
70000331510.173218
70000837025.626938
70000391874.617386
70000117793.355759
70000355054.292618
70000182798.453476
70000628804.956284
70000254951.683685
70000197612.455490
70000758396.228867
70000462846.506943
70000973651.917465
70000763081.642944
70000354231.420822
70000447718.830048
70000958517.393784
70000396694.249817
70000841911.755081
70000279418.445328
70000542639.088699
70000204456.445267
70000744168.925720
1.000000
70000891883.652985
70000573709.785568
70000199178.513321
70000893259.607895
70000022075.481354
70000408356.379669
70000768228.344070
70000076890.148376
1.000000
70000325175.751678
70000886611.209473
70000897483.439377
70000899832.200058
70000498735.386703
70000452225.983765
0.33
 0 0 0 0 0 0 0 0 0 0 0 0 0
