1 401
70000706039.307312
70000801295.086288
70000919626.779266
70000482508.234070
70000415041.046127
70000905674.119370
70000804234.781616
70000816299.735458
70000440298.902771
1.000000
70000841913.208466
70000541481.913849
70000350202.099045
70000480715.442352
70000138393.361450
70000102007.199707
70000083562.691177
70000756828.906937
70000250574.146805
70000578659.283752
70000638939.471695
70000823053.294708
1.000000
70000385183.214569
70000419861.247314
70000384808.103073
70000128919.338089
1.000000
70000263382.811722
70000541189.259048
70000619499.797714
70000321891.306915
70000003107.757126
70000556596.456207
70000807907.567535
70000133666.447311
70000117668.865616
70000229136.120209
70000432754.401688
1.000000
70000882948.556122
70000694896.140518
70000946354.139694
70000385122.432480
70000400493.096130
70000870977.741730
70000884118.213577
70000800272.644028
70000945572.869186
70000359021.095871
70000344542.594101
70000762932.298477
70000014713.507965
70000049618.902786
70000085714.103378
70000071214.795120
70000832615.697357
70000750722.298920
70000175837.633179
70000317761.773514
70000349764.995010
70000070717.440735
70000553902.229599
70000877973.809464
70000790440.023956
70000185951.558807
70000424859.762268
70000050568.391266
70000840600.134094
70000531957.654312
70000478528.692184
70000587287.402023
70000580560.330750
70000683891.686478
70000475809.994583
70000812141.772919
70000273493.647980
70000089462.193497
70000577745.338547
70000356542.965469
70000665362.642990
70000056035.380325
70000609092.094955
70000023027.902954
70000123202.655579
70000525452.994507
70000075264.704651
70000570252.750397
70000385775.427261
70000958558.185135
70000746847.820633
1.000000
70000386259.404587
70000738448.407654
70000814224.832703
70000692355.462158
70000331987.880966
70000914539.718185
70000859636.352966
70000029095.036209
70000993907.767532
70000246799.834915
70000591961.474136
70000013105.297028
70000037752.231247
70000837549.640091
70000173637.963150
70000208970.888992
70000737063.373932
70000849373.841431
70000278438.133408
70000623622.814789
70000833923.327896
70000741454.272202
70000878454.802444
70000447318.567200
70000519046.385971
70000676190.332291
70000561415.937302
70000426039.927673
70000558789.283066
70000277739.400940
70000446232.835068
70000325084.779221
70000608972.557465
70000065078.155289
70000145332.263351
70000042447.118439
70000919547.697479
70000295719.041946
70000421479.659576
70000656424.062454
70000852911.183258
70000926870.834198
70000077798.632339
70000662456.551056
70000924843.526016
70000166543.031082
70000087023.004807
70000142464.498840
70000537397.617218
70000902609.673843
1.000000
70000417597.893372
70000601087.231445
70000263976.134048
70000777578.755798
70000131765.393799
70000995415.888672
70000252395.615906
70000238997.879196
70000148763.967453
70000378850.402634
70000366415.236969
70000362396.861389
70000747258.362442
70000022110.215851
70000709758.876892
70000511329.344238
70000893310.125580
70000481886.115021
70000924586.734680
70000491109.638519
70000864093.280869
70000750625.423904
70000846070.840424
70000262713.325653
70000068914.692596
70000411134.697418
70000243208.927078
70000687363.677887
70000194766.928650
70000162978.927490
1.000000
1.000000
70000437975.059006
70000237147.501022
70000306574.894180
70000261824.907532
70000445197.888519
70000010394.191803
70000432915.397720
70000364119.928955
70000001102.862915
70000478591.247467
70000413913.102081
70000633432.509705
70000165771.331604
70000457552.282852
70000902734.764694
70000003908.310059
70000637714.602600
70000676811.205612
70000411838.147888
70000485410.929718
70000938519.628983
70000761907.167404
70000196243.128174
70000375672.158371
70000176627.392059
70000948420.162613
1.000000
70000198407.434967
70000321491.177399
1.000000
70000484650.792389
70000828782.318405
70000279459.064087
70000643881.848480
1.000000
70000189102.259445
70000201087.307083
70000780496.085297
70000408359.027847
70000757224.875275
70000866749.694733
70000351500.256805
70000003938.433350
70000153585.867706
70000923303.599167
70000207129.393677
70000938288.143478
70000462594.741302
70000026259.880768
70000879310.730774
70000345425.527115
70000489405.738602
70000408490.792953
70000277275.334305
70000832376.765747
70000451294.295105
70000198290.789978
70000637794.685074
70000763852.608383
70000542821.683304
1.000000
70000577971.728226
70000569037.554565
1.000000
70000785306.957260
70000744585.380402
70000214490.508942
70000719057.447601
70000178339.038818
70000589731.845306
70000030639.950073
70000417491.602524
70000956894.928848
70000898679.030670
70000900205.025665
70000183233.795593
1.000000
70000802932.989807
70000639318.005539
70000164305.596466
70000508359.109909
70000893064.617584
70000188377.024368
70000286647.827072
70000997882.017227
70000962503.660141
70000831937.188568
70000553815.638184
70000967042.167908
70000894733.135773
70000906807.452469
70000007184.001740
70000057972.430908
70000334791.530350
70000453208.456696
70000832806.757095
70000704204.127762
70000764923.854630
1.000000
70000198477.383392
70000226892.869919
1.000000
70000798918.471802
70000459762.416550
70000204383.626938
70000918803.641754
70000890425.917282
70000560463.804123
70000654623.486282
70000379032.082733
70000149660.376801
70000810565.504211
70000900449.823059
70000615595.555450
1.000000
70000879294.109268
70000365346.857239
70000742793.048874
70000392703.815979
70000836237.825302
70000768939.710938
70000507783.986496
70000684743.732452
70000425942.009705
70000027831.994720
70000137244.156219
70000253199.052460
70000020214.266449
70000262259.594940
70000787690.047058
70000568461.041641
70000680786.053757
70000533192.643692
70000016356.021286
70000458864.846786
1.000000
70000719679.239899
70000806430.032776
70000424519.867996
70000658243.609726
70000026603.582428
70000368292.822296
70000806208.359375
70000238394.238708
70000835627.828201
70000899998.938934
70000226681.321671
70000992300.675568
70000153419.036713
70000347186.131454
70000724041.754578
70000088952.730637
70000908181.648376
70000786195.619095
1.000000
70000484669.969437
70000659678.422577
70000759286.448441
70000301014.140549
70000292409.343613
70000803902.914124
70000046687.290924
70000757324.979507
70000448253.139114
70000546430.892105
70000566154.418808
70000458345.929459
70000781722.613815
70000691826.653503
70000488492.962204
70000868470.083313
70000895368.006012
70000024241.876144
70000030755.997086
70000140361.485291
1.000000
70000066381.285583
70000904820.072311
70000239920.829224
1.000000
70000552966.500305
70000244772.590469
70000139119.558624
70000359343.196854
70000301636.071823
70000982009.123627
70000678684.092209
70000810669.064575
70000519313.400421
70000852387.381836
1.000000
70000321287.123947
70000014766.848633
70000998445.902176
70000708064.326508
70000062763.844147
70000161416.586258
70000921298.124832
70000552409.674469
70000514196.869919
70000137394.487289
70000296499.608521
1.000000
70000300776.066391
70000325696.933243
70000533924.334976
70000697318.369812
70000707647.830170
70000897824.025055
70000971233.192825
70000673840.580902
70000789330.056137
1.000000
70000080764.722885
70000217703.564438
70000219890.765656
70000035146.415146
70000900257.684662
70000042520.986465
70000268522.671051
70000234145.496033
70000596552.908920
70000907756.817673
70000091047.111496
70000883444.750748
0.33
 0 0 0 0 0 0 0 0 0 0 0 0 0
