1 401
70000520919.228531
70000170942.716675
70000596512.631119
1.000000
70000904597.504074
70000968049.788757
70000624942.733734
70000784330.723816
70000058783.129059
70000483461.066574
70000717494.950546
70000697307.327026
70000422416.698181
70000091737.014999
70000737403.970688
70000603521.868301
70000453196.181000
70000099635.254669
70000625257.378601
70000948824.458221
70000353940.622101
70000522610.762802
70000509678.994507
70000503955.326569
70000791803.265610
70000843851.552643
70000150878.959229
70000534790.119827
1.000000
1.000000
70000905699.147873
70000416363.189819
70000297005.941742
70000548262.431122
70000094657.543274
70000740879.697144
70000377463.020142
70000145001.075027
70000648042.991180
70000483486.445847
70000444316.471268
70000336583.078720
70000340791.375381
70000057223.264160
70000757048.912994
70000284971.116364
70000147451.585327
70000446605.607666
1.000000
70000568926.507599
70000730105.456512
70000564674.202927
70000431159.531906
70000582414.266037
70000068650.125092
70000173185.078522
70000429590.866684
70000277061.602325
70000220453.926788
70000373532.846619
70000873905.408401
70000900785.106689
70000762677.371277
70000450417.739685
70000001849.658432
70000134301.297684
70000963800.067139
70000710238.868500
70000586533.802856
70000004167.913376
70000001424.177139
70000790977.186401
70000613168.865311
70000274496.438980
70000735310.361359
70000908332.368286
70000586338.955536
70000065079.118057
70000955914.952026
70000745943.711823
70000063412.029846
70000258518.849182
70000671766.582764
70000227487.428268
70000372961.572235
70000040237.432404
70000651400.425385
70000976153.916275
70000047644.367279
70000137925.238556
70000359989.440323
70000671756.332825
70000458761.974121
70000932035.969299
70000017224.126038
70000610887.557846
70000872158.867294
70000722013.536758
70000500915.072815
70000749948.786255
70000243078.063080
70000778512.525818
70000059737.578094
70000671752.567657
70000587354.624222
70000804468.230774
70000308122.231705
70000195302.077469
70000824177.453125
70000681163.030594
70000561694.664749
70000140490.592926
70000452662.994308
70000612323.884689
70000137246.023254
1.000000
70000669264.385117
70000523860.544357
70000197651.989044
70000271596.375183
70000569615.417023
70000044040.476883
70000904669.295090
70000304174.911560
70000969396.811783
70000179500.968018
1.000000
70000660922.088440
70000691397.342087
70000323249.861786
70000862612.462051
70000421955.453171
70000623111.186020
70000979706.799530
70000472721.318741
70000019768.898743
70000370360.669312
1.000000
70000649824.960464
70000774105.490036
1.000000
1.000000
70000665169.689941
70000245084.673508
70000664161.240067
70000206526.224258
70000744002.060013
70000552479.782852
70000756087.445908
70000055509.190308
70000598262.601440
70000855200.764709
70000456538.993591
70000175023.543976
70000230784.632462
70000367710.901810
70000763261.779907
70000648037.399399
70000714575.436996
70000077578.463943
70000764464.263397
70000529770.853500
70000363654.770767
70000595365.698685
70000161800.141617
70000740231.832520
70000046889.590302
70000820449.542450
70000756441.646255
70000098951.002792
70000080285.094437
70000986912.387192
70000984200.291519
70000647040.345596
70000719107.140289
70000289972.858826
70000291917.762878
70000029951.757050
70000311782.471313
70000278998.512726
1.000000
70000219987.153198
70000753818.413010
70000202589.551117
70000267808.221359
70000336289.109894
70000746248.462570
70000324334.276398
70000014861.399872
70000740391.821060
70000536771.281967
70000678301.201355
70000800389.629349
70000193336.138855
70000550163.836548
70000756719.018707
70000632813.773819
70000213136.815018
70000895803.223618
70000579790.441406
70000681217.907181
70000253524.024902
70000485771.569550
70000075975.037109
1.000000
70000432215.415878
1.000000
70000411950.000977
70000326216.466599
70000315592.541153
70000442416.240524
1.000000
70000634878.807617
70000426312.864578
70000217409.731735
1.000000
70000859632.279037
70000482228.522781
1.000000
70000273063.293198
70000183285.521072
70000850525.444626
70000797181.100388
70000563167.279907
70000427723.658081
70000995251.929398
70000837551.053009
70000806139.655670
70000432592.699158
70000016611.919159
70000060780.671967
70000201655.738647
70000390715.743790
70000484541.562592
70000889985.099731
70000179114.092682
70000822019.489426
70000604598.011139
70000851076.766403
70000320063.274887
70000090742.995605
70000231424.341309
70000380345.059464
70000899018.581772
70000172973.958099
70000796576.426620
70000896051.805496
70000040605.889008
70000495487.190964
70000892995.053680
70000877162.850937
70000928894.260666
70000097955.956894
70000331711.571457
1.000000
70000122275.496735
70000194484.018936
70000433824.103394
70000671358.302673
70000403205.061630
70000068935.974884
70000444326.316193
70000610597.362885
70000817526.772293
70000646195.624542
70000147625.887848
1.000000
70000820950.909805
70000565323.497833
70000870865.981415
70000528325.694794
70000749359.484177
70000091585.571396
70000665195.121429
70000762335.468994
70000840972.070694
70000268790.139465
70000184370.583679
70000482326.268173
70000259822.120529
70000286677.947495
70000752845.254074
70000584894.281540
70000479267.989883
70000912959.819641
70000091286.590042
70000783921.252853
70000328323.058899
70000925948.323044
70000410127.395065
70000413327.803299
70000491253.697281
70000770702.352859
70000537455.799225
70000076502.341797
70000565589.610199
70000687625.123795
70000468948.489716
70000937295.995483
70000230286.727737
70000414993.109604
70000960573.894882
70000985563.170975
70000140515.880692
70000572844.855774
70000668271.443100
70000582466.943542
70000034401.102585
1.000000
70000523263.120377
70000370556.886978
70000389414.275009
70000501250.549881
70000655200.423660
70000132254.878967
70000192641.271072
70000529391.637009
70000673743.606903
70000854409.163544
70000545018.009262
70000142227.258789
70000719537.914047
70000677127.858017
70000235921.313217
70000480039.054276
70000437547.716873
70000733081.059982
70000931253.964874
70000506117.170380
70000824625.896942
70000826400.934937
70000696568.974762
70000300339.550339
70000707530.683929
70000311850.536606
70000221909.345963
70000200980.633698
70000970507.752716
70000028968.051544
70000413644.074768
70000773920.063187
70000444087.584488
70000747583.744400
70000874440.096863
70000085107.434967
70000521288.242462
70000099393.936081
70000071968.813354
70000907096.999054
70000831146.002823
70000940353.869736
70000276021.207184
70000136922.475128
70000790392.988678
70000423477.711884
70000314472.109756
70000021814.491653
70000235149.545013
70000100599.597504
70000852823.791595
70000891494.631287
70000617521.690170
70000927731.339630
70000690057.903595
70000983979.297577
70000193177.304413
70000535489.553986
70000457879.802017
70000647360.457672
70000149820.916931
70000578130.381393
1.000000
70000299123.240326
70000185739.287582
70000052301.228470
70000325521.582672
70000191861.895782
70000757354.355377
70000945782.059052
1.000000
70000780766.849121
70000413921.882324
70000949567.212097
70000879117.830002
70000133523.021713
70000345931.778214
70000660371.955521
70000529076.041992
70000229316.410263
70000521119.475754
70000099629.491821
70000184501.871033
70000433332.508057
70000196821.389008
1.000000
70000149681.408478
70000461137.535049
70000702453.783325
70000329513.312012
70000656193.267258
0.33
 0 0 0 0 0 0 0 0 0 0 0 0 0
