1 401
70000207898.565582
70000043446.799500
70000213311.148621
70000728237.278427
1.000000
70000039926.606323
70000440152.543076
70000720677.285919
70000314694.288010
70000113789.304230
70000281180.671906
70000697690.087631
1.000000
70000677760.421463
70000936629.650024
70000491319.880661
70000230104.045624
70000727969.310928
70000764154.008621
70000575683.388641
70000645594.549957
70000506548.533005
70000726977.149811
70000583985.553589
1.000000
1.000000
70000014312.609192
1.000000
70000666121.085526
70000834417.801437
70000124436.406509
70000638461.871872
70000613254.086105
70000860603.274338
70000114034.137878
1.000000
70000372615.611816
70000067041.835449
70000123422.107880
70000118173.333694
70000988238.220734
1.000000
70000273271.806427
1.000000
70000824540.458374
70000911567.316696
70000965109.742737
70000261851.764221
70000487174.140030
70000919900.804108
70000037901.900574
70000215930.466019
70000737351.840607
70000636443.057587
70000075723.696762
70000321061.185303
70000414772.465912
1.000000
70000800373.434677
1.000000
70000141067.622986
70000953787.612762
70000885482.597946
70000061082.774277
70000934968.905411
70000551172.148132
70000122419.831696
70000615685.050980
70000426876.887650
70000007710.744858
70000073117.045944
70000303891.213730
70000503725.068161
70000523086.231430
70000541657.750153
70000816889.296783
1.000000
1.000000
1.000000
70000416495.234543
70000596762.543518
70000663383.131943
70000849751.518570
70000715050.785248
70000488174.024155
70000890367.391022
70000865654.364716
70000554632.593124
70000863561.061432
1.000000
70000667601.300842
70000703753.134781
70000729336.285156
70000604368.958328
70000428522.825577
70000916194.798065
70000345546.893677
70000667069.683929
70000652110.023865
70000479756.203140
70000678275.541901
70000677680.087570
70000347352.121521
1.000000
70000350473.494110
70000513500.470322
70000674911.699890
70000576249.786804
70000898419.586029
70000878028.877258
70000651896.828247
70000141312.218613
70000625211.878296
70000338899.520035
70000787309.464172
70000984934.520157
70000399382.174149
70000122807.901566
70000505595.413483
70000166140.598465
70000551665.800934
70000152490.780640
70000100824.619415
70000395239.679703
70000260209.679886
70000755347.607513
70000226691.802094
70000930157.794891
70000795470.625229
70000526667.705917
70000989247.755875
70000572296.814545
70000056533.751144
70000188323.892792
70000496312.703125
70000670919.761902
70000886449.894196
1.000000
70000964095.673492
70000364790.546478
70000137233.040024
70000731051.156937
70000483528.942749
70000882245.609146
70000044881.926392
1.000000
70000523331.218613
70000818649.165634
70000005572.885406
70000937277.345154
70000283318.388000
70000626800.474487
70000399524.308548
70000508831.282700
70000773709.325012
70000508644.341904
70000956690.786224
70000016166.047089
70000174331.344391
70000421270.945160
70000100461.658203
70000994849.664627
70000529310.828995
70000225911.606796
70000473664.577835
70000819526.560150
70000022944.023239
70000297590.628632
70000754264.993774
70000494161.129623
70000589294.041107
70000891232.691971
1.000000
70000444420.475983
70000527837.150452
70000546181.137466
70000229574.466476
70000516996.409973
70000795445.877258
1.000000
70000764778.342575
70000361883.041428
70000916205.705536
70000172728.738174
70000110357.112808
1.000000
70000421001.191086
70000354509.071320
70000643486.492416
70000828793.269165
70000383988.391525
70000670804.691116
70000536109.713669
70000637303.320938
70000164634.125702
70000470678.137955
70000134160.512695
70000483668.251099
70000449600.770584
70000737580.179092
70000370275.057068
1.000000
70000842334.408127
70000627565.283936
70000721630.030151
70000853441.894638
70000815910.018997
1.000000
70000850430.606323
70000242561.216492
70000486379.006119
70000029570.643646
70000572387.392670
70000586649.916275
70000475647.086868
70000205378.712418
70000825440.589005
70000551533.321701
70000017485.632812
70000306588.617966
70000504450.006363
70000682185.199844
70000860735.384583
70000710903.951859
70000795265.481873
70000194571.187881
70000172247.560287
70000124327.334702
70000865918.010483
70000272045.774673
70000072025.561295
70000780949.065002
70000038589.716431
70000883867.902725
70000764690.183060
70000696825.335846
70000066552.970688
70000027961.347198
70000739131.230453
70000393548.275543
70000715791.671097
70000889934.634171
70000737989.524048
70000629609.234253
70000885267.876495
70000410855.633957
70000600211.769638
70000185372.940842
70000447978.032425
70000037074.731949
70000400463.171341
70000620991.640549
70000759170.158432
70000460396.870193
70000925605.875320
70000532998.661102
70000751186.684891
70000214365.013641
70000321452.705887
70000849735.477493
70000374684.523315
70000133836.790894
70000863924.547928
70000951160.347122
1.000000
70000347038.996567
70000191138.031448
70000701736.254456
70000043765.790710
70000812739.570541
70000088047.307983
70000469147.179153
70000642934.804184
70000248486.029526
70000038179.099915
70000514952.135635
70000263963.428543
70000502133.873535
70000521819.549576
70000182773.231857
70000582492.541351
70000090703.459015
70000491144.216446
70000107148.772079
70000310588.939194
70000629937.606384
70000403808.621567
70000654183.570908
70000757864.466553
70000935597.973389
70000810471.176636
70000826907.135849
70000848222.190201
70000287288.706116
70000786126.211487
70000503927.612122
70000780778.564407
70000852469.009644
70000412297.642456
70000615344.644012
70000719346.085785
70000012112.041687
70000469166.326965
70000184778.196777
70000696793.794861
70000374465.874084
70000047879.251007
70000683774.153671
70000685107.476181
70000487168.627762
70000594363.404861
70000631405.243210
70000751223.154297
1.000000
70000668103.582733
70000941711.192337
70000982784.117905
70000779639.252533
70000424144.791519
1.000000
70000745747.315842
70000598569.813507
70000266968.469986
70000511023.910919
70000459979.147736
70000042578.223221
70000151939.346390
70000327724.980621
70000391446.358337
70000822604.050812
70000014747.906204
70000513845.316727
70000621093.519272
1.000000
70000219596.710281
70000419314.628876
70000260400.590408
70000350638.907608
70000267642.897827
70000312755.125336
70000091572.731949
70000395005.564865
70000624359.930237
70000583993.297989
70000037526.606171
70000640064.996414
1.000000
70000682032.226379
70000190663.338974
70000585157.565491
70000513984.899094
70000520779.824234
70000993990.103470
70000016202.798904
70000472981.146439
70000918171.133240
70000490093.479935
70000587259.608109
70000216409.181488
70000475429.042404
70000758942.514069
70000639830.170761
70000916703.311356
70000872273.317719
70000066475.725113
70000910360.492096
70000003545.317200
70000382678.759109
70000133398.701523
70000890431.225677
70000403497.365112
1.000000
70000400535.850204
70000520242.640381
70000274195.559326
70000205328.785889
70000322383.931595
70000761384.938370
70000770385.283447
70000568220.573654
70000521012.206726
1.000000
70000772527.072144
70000315703.742676
70000896728.512070
70000629858.084732
70000051972.567139
70000824487.440765
70000140440.729904
70000983137.503433
70000064262.200745
70000951347.559265
70000832517.957565
70000309090.709076
70000154411.182297
70000799207.132736
70000895561.001022
70000388984.517822
70000973158.719711
70000232794.414902
0.33
 0 0 0 0 0 0 0 0 0 0 0 0 0
