1 401
70000453467.339828
70000077186.056717
70000081494.355499
70000173141.596756
70000474132.212891
70000524289.187836
70000771797.355881
70000591201.119629
70000654642.722458
70000003347.966446
70000119353.845734
70000167288.809219
70000829403.787277
70000899140.127747
70000610042.144485
70000840127.238480
70000127542.903900
70000442234.614426
70000202170.584518
70000175268.205841
70000289817.601044
70000787519.978897
70000763516.612930
70000200211.526260
1.000000
70000099129.583054
70000052930.623459
70000697451.664276
70000614336.667023
70000588918.395111
70000026201.208099
70000548428.038467
70000097908.196564
1.000000
70000856222.136398
70000840111.653412
70000255021.163101
70000158331.513153
70000565026.846863
70000284079.072296
70000111284.137650
70000218251.144653
70000469070.392197
70000676850.246140
70000892304.060684
70000315666.020142
70000746818.081528
70000113317.202194
70000956908.348679
1.000000
70000724255.687653
70000409381.278290
1.000000
70000888488.569580
1.000000
70000546870.010513
70000767527.586060
70000208813.792816
70000989610.672943
70000946988.177567
70000180995.406128
70000296223.074570
1.000000
70000860391.420135
70000914161.409515
70000544854.914886
70000616620.021042
70000357503.072159
70000768743.035400
70000025620.817245
70000589035.048477
70000520975.902725
70000096302.154922
70000904758.006638
70000575784.185028
1.000000
70000662968.742386
70000003130.512604
70000900125.542770
70000304531.943542
70000179836.183350
70000544092.972382
70000182987.180008
70000577817.509018
70000481729.759674
70000771083.497650
70000634267.168747
70000900371.053680
70000210739.350861
70000510617.213821
70000024639.615677
70000962609.126465
70000182599.147324
70000380135.115662
70000178525.319656
70000143825.979263
70000133508.355255
70000978303.267654
70000205237.562973
70000416111.266418
70000726289.225464
70000268147.569458
1.000000
70000948331.658920
70000444363.381317
70000089299.439316
70000484119.263809
70000625592.634705
70000833757.508392
70000203128.720078
70000031341.174454
70000882448.400070
70000218882.658981
70000597103.356079
70000146546.842926
70000797282.489120
70000439090.663147
70000349841.149231
70000169526.557693
70000541313.426926
70000723026.045532
70000750116.049118
70000334758.350403
70000627356.333786
70000083207.559189
70000452992.307678
70000748038.601776
70000237231.249054
1.000000
70000859834.523590
70000748708.152695
70000279165.481018
70000121036.538589
70000014639.128311
70000295486.006866
70000164543.192947
70000005861.613220
70000881947.926514
70000347325.065781
70000862853.335953
70000720774.350006
1.000000
70000982044.261093
70000617760.573059
70000754408.773849
70000520356.182419
70000227777.915161
70000387339.993912
70000155176.801300
70000019969.160812
70000186728.606781
70000990101.648438
70000507397.175308
70000311382.716629
70000801085.015747
70000339121.387634
70000187076.943588
70000761649.626968
70000063974.746002
70000608836.128220
70000964551.545090
70000976423.086777
70000057283.841339
70000608914.776093
1.000000
70000516719.821503
70000372045.155746
70000297975.279282
70000345462.157959
70000593072.327255
70000681669.947708
70000954266.898361
70000347920.786469
70000027558.670258
70000179290.741577
70000300449.177628
70000469070.129425
70000225333.470871
70000467912.336807
70000432963.722244
70000168154.006195
70000334977.448318
70000738527.464661
70000851513.256271
70000649895.971878
1.000000
70000041938.897034
70000043429.015747
1.000000
70000728659.177216
70000721379.711472
70000863583.186523
70000988530.547958
70000752613.932297
70000550227.678253
70000446497.041245
70000603576.491577
70000733618.245819
70000399149.380127
70000267905.821152
70000108681.375870
70000207134.078583
70000645724.673462
70000420657.319260
70000798803.636887
70000523216.417801
70000816389.641876
70000218205.704697
70000229990.302963
70000481400.024384
70000237554.642166
1.000000
70000564761.166916
70000826563.241592
70000902528.821457
70000015409.913406
70000562319.210815
70000748336.389236
70000095195.186554
70000601661.941803
70000292183.095612
70000537413.734451
70000581003.922028
70000084533.216156
70000999062.074951
70000069407.321945
70000379164.254852
70000674732.655777
70000358434.459412
70000540972.763992
70000001056.039795
70000384054.080383
70000304923.276627
70000566328.181427
70000151275.464569
70000272511.848663
70000460385.830872
70000312123.686615
70000087345.904556
70000137999.719513
70000789334.480423
70000589284.367706
70000883926.070999
70000152267.613846
70000481152.949829
70000801083.753937
70000785426.766556
70000892487.062759
70000376774.287933
70000146809.554901
70000273433.626160
70000728911.086258
70000012809.868683
70000133629.298370
70000384491.158691
70000253025.680786
70000867047.899872
70000747064.811829
70000418062.480972
70000925548.720917
70000801200.126816
70000951579.386948
70000978799.306473
70000858847.002335
70000129515.797577
70000753308.896851
70000888230.036621
1.000000
70000060348.134018
1.000000
70000363494.407822
70000394955.416351
70000451098.812744
70000310064.206406
70000289925.170090
1.000000
70000300757.119598
70000483988.172211
70000602228.165070
70000980994.536148
70000368426.889847
70000024156.620377
70000060683.206314
70000200479.541153
1.000000
70000870853.001465
70000011617.624557
70000957365.791687
70000948903.063293
70000987646.605484
70000814701.944168
70000368531.633514
70000767707.652588
70000003636.500214
70000238781.601852
70000711081.185150
70000611990.295074
70000268629.816284
70000575573.100784
70000253593.886673
70000999199.667221
70000895000.175171
70000124238.805328
70000947918.699921
70000264291.645355
70000664663.774857
70000499476.805222
70000434526.792603
70000774540.244278
1.000000
70000181031.149780
70000687601.813446
70000534770.749512
70000468142.580048
70000770986.197052
70000867517.628754
70000516142.665543
70000863084.444229
70000795623.407974
70000221485.628098
70000025238.082108
70000860594.197830
70000852138.061096
70000262742.810349
70000591607.042206
70000956111.210495
70000691208.072281
70000883141.807327
70000937119.210693
1.000000
70000171828.874039
70000275046.665421
70000634919.239090
70000855831.448898
70000516085.202911
70000935298.890289
70000674259.600800
70000820776.812225
70000875888.069946
70000018849.797836
70000244139.902313
70000275001.753052
70000484542.969116
70000692480.360229
70000394065.637451
1.000000
70000784865.231415
70000830035.220673
70000315770.529648
70000841490.427902
70000287829.187195
70000095678.221985
70000787182.868896
70000723764.166122
70000367997.317261
70000725905.953552
70000776206.445755
70000147064.829117
70000410899.613815
70000060163.796432
70000163492.405319
1.000000
70000061350.128052
70000298218.699814
70000498172.769455
70000191043.059891
70000465084.177536
70000851929.479843
70000355094.293381
70000613968.051163
70000267307.834808
70000270462.844864
70000871535.857986
70000417177.300797
70000056683.711334
70000515781.889786
1.000000
70000426514.795990
70000048544.487534
70000710426.817245
70000096252.376846
70000960305.734879
70000350229.501617
70000630521.841187
70000744774.677002
70000886677.978836
70000064480.054077
70000561331.361969
70000741707.601562
70000055783.766953
70000898952.979874
70000674537.200333
70000628216.137238
70000496465.975067
70000449700.100418
70000540097.564102
70000613958.086105
70000759162.812332
70000830880.938049
70000410371.471863
0.33
 0 0 0 0 0 0 0 0 0 0 0 0 0
