1 401
1.000000
70000641770.988556
70000796226.075516
70000044069.860336
70000761879.109711
70000712469.925842
70000552372.982468
70000836002.195877
70000942438.100693
70000852042.666824
70000021998.271149
70000736910.064026
70000469201.071487
70000373409.489792
70000989060.166962
70000503182.198471
70000483135.368622
70000566803.455124
1.000000
70000423289.889969
70000145892.958191
70000482405.813828
70000217181.449036
70000826688.143021
70000898628.465424
70000355402.483475
1.000000
70000695361.183838
1.000000
70000257055.729660
70000963280.016541
70000368262.824829
70000059063.770111
70000216259.111435
70000166279.559250
1.000000
70000877618.570267
70000598954.471313
70000629195.049316
70000637629.713776
70000756649.639542
70000615746.782135
70000954297.674377
70000917970.853210
1.000000
70000521131.366821
70000894633.890305
70000570583.511688
70000140200.905289
70000757044.280670
70000662625.974823
70000863591.295288
70000842766.999680
70000112827.166656
70000819895.136368
70000029346.835419
70000652520.793854
70000450373.749695
70000237860.768784
70000145648.978149
70000620991.753815
70000547619.511810
70000099707.803345
70000842129.598343
70000854996.457993
70000208623.722153
70000884431.886414
70000935910.092682
70000748845.245453
70000635542.742279
70000279332.290039
70000860130.942062
70000197760.908539
70000506107.427124
70000409044.026794
70000727041.558701
70000882387.438141
70000967627.596588
1.000000
70000266433.030746
70000702347.199753
1.000000
1.000000
70000537427.435455
70000032557.497070
70000267798.497955
70000880899.331253
70000093933.895874
70000719034.444839
70000924577.722809
70000387180.632660
70000439334.732285
70000996405.013702
70000380861.983414
70000663178.057678
70000342868.234756
70000837472.922531
70000469489.152771
70000189293.744965
70000069884.553284
70000262055.511124
70000110716.958862
70000100313.425552
70000245607.178238
70000636367.362686
70000427814.284836
1.000000
70000337076.215881
70000600270.714493
70000239604.998444
70000319846.141525
70000599888.944168
70000899776.977066
70000054858.615555
70000519884.075638
70000509387.929428
70000874131.863998
70000051649.318924
70000283400.926575
70000046072.243896
70000974454.597122
70000449237.278046
70000962325.877625
70000355430.965515
70000843716.481308
1.000000
70000684169.008545
70000553170.150681
70000796599.824341
70000179253.516739
70000865856.860657
70000144948.162781
70000341002.068314
70000415596.912811
70000232077.078964
70000068749.521194
70000957401.676102
1.000000
70000219789.977753
70000874741.507751
70000197139.717941
1.000000
70000954222.443634
70000327867.117249
70000487941.628220
70000009231.374100
70000955765.491302
70000497123.939957
70000477897.406036
70000532395.130310
70000048127.958954
70000031742.464996
1.000000
70000656583.090698
70000029731.010574
70000531806.552841
1.000000
70000075714.591873
70000564863.396057
70000273222.486618
70000610784.791061
70000542605.258026
70000649850.590347
1.000000
70000212421.083664
70000433671.362930
70000957466.949387
70000000805.361099
70000728329.932022
70000505772.000122
1.000000
70000585664.048065
70000592281.423676
70000450402.843277
70000992400.139557
70000052695.426117
70000024847.694824
70000382996.624496
70000482650.481262
1.000000
70000049990.684952
70000663652.127655
70000922768.644592
70000807420.661667
70000537391.505524
70000074690.251404
70000486836.958054
70000104343.386978
70000235298.245636
70000839022.816406
70000805023.880661
70000826751.094101
70000576344.149948
70000563160.660553
70000317084.569031
70000716249.629852
70000333948.282074
70000005836.433609
70000221908.334167
70000505468.335892
70000558742.866379
70000574313.119415
70000990478.184692
70000364228.823837
1.000000
70000625051.864731
70000630837.232498
70000544046.503540
70000562980.429947
70000783441.503738
70000136475.705200
70000776710.466415
70000824180.165421
70000319271.529770
70000503300.582565
70000497726.554092
70000698623.797806
70000148401.961975
70000555674.790649
70000973403.968552
70000872132.396103
70000873017.973999
70000809746.801865
70000107190.598404
70000308850.552582
70000089192.527573
70000609235.106186
70000208491.391174
70000458089.235764
70000563441.241898
70000518099.396423
70000598126.646683
70000505654.522537
70000728166.990952
70000077771.638474
70000650952.888962
70000081561.697235
70000343711.284103
70000715255.381851
70000205894.487946
70000912619.506363
70000889105.211136
70000970113.941742
70000418950.655304
70000682555.428253
70000365536.680206
70000645709.693939
70000266571.190689
70000460318.552704
1.000000
70000887961.266785
1.000000
70000460909.378494
70000118987.959412
70000060570.106674
70000734862.399368
70000979495.942902
70000635715.273651
70000702053.350708
70000285652.274887
70000225197.118698
70000212991.952606
70000245189.502563
1.000000
70000683764.325241
70000267276.890106
70000592446.129517
70000258956.821121
70000491416.287155
1.000000
70000779582.149063
70000300182.219818
1.000000
70000314727.849213
70000572800.617279
70000443806.959991
70000392450.014374
70000457207.535721
70000795637.469543
70000750277.909744
70000332751.335373
70000572381.256729
70000237782.970840
70000907055.932266
70000772242.634140
70000439477.163925
70000607882.694992
70000047734.840729
70000374711.018707
70000523714.677475
70000157054.212372
1.000000
70000627020.581024
70000490615.960190
70000157268.262802
70000212200.972565
70000605731.474350
70000717884.891159
70000477053.856384
70000861172.450317
70000418703.519958
70000786642.514694
70000630009.916718
70000004957.308807
70000267670.361679
70000151920.571045
70000731108.045898
70000067446.299683
70000336078.051575
70000615849.862518
70000841460.728317
70000702650.465027
70000926465.750717
70000483460.363541
70000028301.497040
70000078395.250992
70000178693.168121
70000933896.445999
70000329866.803665
70000043698.471085
70000662056.595871
70000149226.201843
70000474718.038864
70000922590.117340
70000452332.470917
70000592491.412277
70000935055.637848
70000204046.634827
70000205250.254196
70000727156.125244
70000727458.733398
70000405909.716217
70000102054.858704
70000380925.282394
70000019252.959717
70000852568.678421
70000565157.519470
1.000000
70000290744.421844
70000204478.013840
70000384098.281189
70000217176.323242
70000044890.388123
70000200929.031830
70000965078.856598
70000109466.511139
70000196704.533646
70000449045.391037
70000356568.838867
70000430287.223129
70000582671.987274
70000905198.192642
70000550099.741547
70000848210.634705
70000416112.712555
70000750819.803726
70000509751.649445
70000870112.736191
70000149974.594040
70000186773.839035
70000337029.491257
70000291634.479034
70000954028.758255
70000170577.067780
70000195809.855453
70000034372.381973
70000469741.654022
70000736115.528976
70000477859.895920
70000567149.414551
70000479668.160309
70000273782.079254
70000745922.441299
70000230886.429810
70000204539.187271
70000421673.598938
70000861635.208542
70000988844.100525
70000528885.501175
70000342811.182892
1.000000
70000884235.479218
70000223324.778732
70000588486.729370
70000863502.771942
1.000000
70000631135.106873
70000019168.087555
70000411741.444611
70000534125.302521
70000676154.486938
70000860680.880173
70000296644.098434
70000136421.442612
70000304168.313873
70000269555.249359
70000856664.479324
70000214080.054382
70000808312.029343
70000742007.083984
0.33
 0 0 0 0 0 0 0 0 0 0 0 0 0
