1 401
70000805832.914429
70000811736.054230
70000716152.962280
70000255793.760025
1.000000
70000018479.932648
70000134830.107269
70000090864.216339
70000511266.434372
70000158177.207535
70000498479.305923
70000316168.843307
70000141123.742920
70000005736.924408
70000515909.807861
70000420227.921936
1.000000
70000699555.183853
70000052585.783218
70000518206.963257
70000544447.271149
70000820169.134079
70000766970.340225
70000206938.274811
1.000000
70000401694.449402
70000646491.063522
70000810830.233093
1.000000
70000917480.633591
70000434068.124619
70000883752.671936
70000810154.839783
70000263678.955399
70000457996.455261
70000098783.710510
70000829387.898697
70000016598.229691
70000615730.910110
70000380775.791260
70000528571.453003
1.000000
70000073374.819794
70000439223.661362
70000445865.184189
70000158874.874344
70000735849.072891
70000154093.218735
70000597425.952698
70000777915.876373
70000648016.381180
70000368350.044739
70000303645.042542
70000935178.214111
70000184093.739059
70000981079.091385
70000924224.323257
70000713662.385223
70000285671.031891
70000380096.848587
70000207892.133606
70000284118.464035
70000872682.323654
70000855310.902359
70000427345.178513
70000532411.868713
70000598808.180740
70000525534.378967
70000885644.631958
70000109179.122147
70000552474.020340
70000602832.860184
70000776441.820465
70000925534.040115
70000513260.572845
70000112830.882507
70000652543.472900
70000549613.481262
70000201198.547974
70000793842.377380
70000617255.600998
1.000000
70000651750.820648
1.000000
70000904605.119705
70000692011.691162
70000982192.790894
70000319829.615799
70000287888.439240
1.000000
70000595858.547928
1.000000
70000445132.355118
70000388876.583176
1.000000
70000420707.666870
70000286032.356140
70000224819.259598
70000983961.018158
70000494649.256134
70000558268.782669
70000714280.166367
70000282247.447098
70000929778.013474
70000945256.567230
70000117712.478561
70000499477.247437
70000258912.174362
70000800262.855011
70000179856.752350
70000297596.975159
70000022974.808731
70000043532.195908
1.000000
70000205572.765930
70000786100.131851
70000386390.037231
70000522880.155487
70000899537.226654
70000436136.993149
70000993028.787445
70000014612.612091
70000240370.143341
70000734847.868790
1.000000
70000113868.900787
70000384160.806976
70000646451.482971
70000832684.655197
1.000000
70000755496.836823
70000515007.135544
70000521704.440384
70000651568.735107
70000011423.694992
70000917899.598373
70000963707.999939
70000832552.381439
70000928992.648880
70000215917.264389
1.000000
1.000000
70000279646.312912
70000073149.397095
70000456368.745300
70000547506.642212
70000389678.953476
70000910929.784332
70000039478.857742
70000160632.828094
70000247759.363663
70000001258.585587
70000426368.322189
70000957191.944443
70000783041.626953
70000441710.794846
70000617350.543060
70000642002.837280
70000141905.021561
70000611795.995178
70000754957.376511
70000096374.065521
70000036651.969162
70000347228.882751
70000793114.513870
70000517965.605820
70000953781.499969
70000633833.760696
70000687706.890060
70000977011.179581
70000499195.616180
70000798833.874878
70000993348.706406
70000714631.262268
70000689200.815002
70000022562.193848
70000956858.104507
70000521813.894073
1.000000
70000291293.472076
70000033818.115875
70000105156.568115
70000093501.513245
70000572894.467819
70000857645.872498
70000372927.425247
70000493655.931320
1.000000
70000731260.229584
70000495033.498169
70000225115.423340
70000083647.081161
70000768426.654770
70000870730.218765
70000171927.512466
70000993907.764053
70000987899.295914
70000920721.623077
70000916195.625931
70000013888.880585
70000299060.145966
70000661360.358414
70000767186.222427
70000870674.900543
70000548316.236145
70000691210.841049
70000978984.546783
70000710125.043106
70000604163.331924
70000160960.622910
70000194366.235001
70000855404.872025
70000129293.726883
70000927853.805008
70000868294.920822
70000154290.042953
70000756666.477829
70000304808.958420
70000414813.174423
70000053730.765198
70000108572.504974
70000312006.720718
70000864839.763550
70000296505.669479
70000138407.595169
70000955138.665451
70000303649.567154
70000519168.499573
70000498894.299896
70000099976.622498
70000183296.296631
70000248913.989960
70000595357.355896
70000929860.640869
70000999131.443176
70000122532.979752
70000083163.336456
70000609937.286621
70000457913.017181
70000489590.587402
70000601151.827408
70000165065.106781
70000432745.395523
70000020667.666519
70000982028.853714
70000499668.608353
70000788580.839783
70000990716.331512
70000667904.711273
70000043798.335068
70000539670.580429
70000928671.355148
70000911530.648468
70000250477.238266
70000898126.715332
70000275821.847717
70000663002.872086
70000353560.224426
70000863912.415207
70000377817.456589
70000377744.370102
1.000000
70000908335.998764
70000534751.226700
70000865210.003937
70000474735.043076
70000578047.706131
70000026386.283035
70000057558.052216
70000440015.614517
70000426883.888672
70000422659.407135
70000390108.793747
70000754037.012146
70000792921.749710
1.000000
70000001123.754333
70000109764.814941
1.000000
70000136844.287445
70000221692.513504
70000583105.491959
70000782746.661270
70000437134.454239
70000477235.384232
70000651360.636230
70000113542.040985
70000140521.642441
70000300819.190048
70000172683.447174
70000412523.808121
70000474525.399124
70000026365.246994
70000321677.448715
70000724307.004822
70000899034.909439
70000872418.460571
70000894003.374329
70000982359.883575
1.000000
1.000000
70000563432.936172
70000704841.410797
70000535370.182495
70000856101.405350
70000294434.169266
70000553873.757706
70000009273.395416
70000833061.418747
70000146681.165909
70000244127.994965
70000584737.550491
70000839007.411057
70000779656.635712
70000591221.189255
1.000000
70000422515.511505
70000412309.935303
70000352027.858505
70000194773.733261
70000464217.960800
70000868353.762207
70000251414.059982
70000801242.500763
70000323744.772491
70000963328.918701
70000550339.328796
70000825257.664658
70000409563.685730
70000089916.739990
70000771692.567062
70000835790.340881
70000344634.593323
70000546475.543991
70000491774.169510
70000969442.076767
70000842509.831055
70000411863.696289
70000539069.841629
70000298589.935471
70000069002.310883
70000827763.187592
70000637962.761292
70000901948.317383
70000356792.328979
70000191761.644180
70000468361.113739
70000865017.536972
70000740058.830536
70000666391.013489
70000207532.059494
70000056897.659897
1.000000
70000661196.444397
70000669709.005585
1.000000
70000165454.494492
70000859923.480240
70000439022.357895
70000317335.438248
70000709217.070755
70000302221.674850
70000005084.147461
70000467316.893677
70000326992.634277
70000573758.126114
70000682936.402328
70000874254.113037
70000619959.809677
70000875255.205612
70000714530.856750
70000331170.131821
1.000000
70000874520.786606
70000745108.009628
70000865143.621796
70000576381.208542
70000443692.932617
1.000000
70000666035.064255
1.000000
70000044815.010239
70000729315.538086
70000560058.971893
70000285909.677933
70000164637.243668
70000360100.054016
70000839239.398422
70000283917.838913
70000236521.297363
70000681400.342712
70000643006.603821
70000738385.707184
70000936542.970886
70000873855.587738
70000551644.418945
70000702039.944382
70000464768.695175
70000578423.199493
70000076802.761124
0.33
 0 0 0 0 0 0 0 0 0 0 0 0 0
