1 401
70000804119.355331
70000544837.473602
70000808845.537796
70000969123.173019
70000248651.999588
1.000000
70000277442.085419
70000700435.551666
70000783120.692566
70000238620.920364
70000767637.645477
70000237228.272202
70000854753.424210
70000487140.333115
70000949548.299301
70000246429.823654
70000391350.125977
70000963681.961685
70000362954.396530
70000530252.355423
70000368817.294327
70000197871.547470
70000955352.008133
70000039852.472916
70000229119.659256
70000210970.092865
70000594197.335190
70000436103.345230
70000629594.108139
70000948818.936462
70000110020.655640
70000576324.664322
70000661569.933136
70000868610.263428
1.000000
70000618824.328812
70000818127.388260
70000839365.555984
70000481405.910004
70000760537.591110
70000390864.549667
70000408633.048630
70000746947.016418
70000370222.906815
70000665293.630539
70000498238.438828
70000903629.667404
70000611946.927109
70000404969.088913
70000620263.611328
70000230691.811401
70000852265.763168
70000040048.842758
70000298601.304138
70000946199.416290
70000179047.735641
70000196970.116043
70000156867.154327
70000839942.872574
70000289011.263657
70000257191.333206
70000650737.625854
70000421859.733475
70000441189.685043
70000534854.137253
70000885747.452393
70000417933.008072
1.000000
1.000000
70000810001.135544
70000162751.674545
70000502763.368973
70000110612.820892
70000334828.522324
70000243008.119278
70000343271.687378
70000461621.852142
70000553600.227280
70000190550.792465
70000458150.818909
70000492114.528229
70000432555.123199
70000149456.721222
70000589173.730133
70000166433.201370
70000693734.856323
70000138766.802734
70000367772.035416
70000705599.919983
70000468129.903366
70000272162.244141
70000630973.610840
70000812858.510162
70000263230.067673
70000170518.453506
70000329292.716202
70000478611.448914
70000593254.189468
70000536722.277313
1.000000
70000201799.585617
70000777622.758240
1.000000
70000533061.165375
70000747130.432907
70000854412.015808
70000993370.726440
70000967533.476776
70000385126.549133
70000735801.989410
70000033928.183594
70000292900.228790
70000559806.391327
70000926683.294739
70000434160.230698
70000570473.799850
70000090792.874023
70000901667.026489
70000154475.492325
70000032577.112991
70000255986.965698
70000341467.094513
70000360279.064819
70000837674.396652
70000606334.299774
70000996245.757095
70000846546.122284
70000858792.520203
70000355399.468262
1.000000
70000708005.428925
70000670508.675064
70000097389.035416
70000329870.632935
70000936749.199142
70000542497.797256
70000786978.908432
70000256074.212952
70000837328.580856
70000570418.782745
70000698398.032379
70000586483.908279
70000225109.573990
70000751556.714584
70000388465.031891
70000125254.542053
70000718910.394272
70000144821.020401
70000836655.102783
70000801984.380676
1.000000
70000706188.533157
70000074674.358124
70000836026.585052
70000385623.420639
70000672648.124878
70000115494.329559
70000595842.554489
70000992307.328720
70000109642.606735
70000187601.081146
70000695767.772324
70000972591.889481
70000287060.407928
70000576727.491348
1.000000
70000061209.995178
70000037159.235062
70000379356.930054
70000402793.802277
70000692610.766800
70000584152.791367
70000912710.161453
70000946207.708633
70000002689.158859
70000258184.199722
70000110165.360718
70000749903.883057
70000343587.915558
70000794865.390732
70000170357.309692
70000239322.516464
70000151046.247375
70000510552.154037
70000698471.118088
70000053991.934799
70000471795.188660
70000213382.215515
70000405057.323914
70000130567.552567
70000350659.631927
70000054173.537430
70000516730.600037
70000725590.320114
70000960235.995392
70000447354.266266
70000191922.424042
70000962326.525436
70000353827.066360
70000461107.839172
70000554301.995026
70000497941.331573
70000624156.326187
70000379321.976822
70000275553.701935
1.000000
70000356610.466110
70000443971.683243
70000675024.262924
70000435747.942993
70000311455.448486
70000392522.243668
70000691355.485580
70000334629.662796
70000648621.142700
70000274987.844467
70000775904.765732
70000309773.894150
70000582694.659103
70000433556.847107
70000404302.392456
70000462147.742325
70000997656.974060
70000334010.141922
70000261922.977448
70000447738.227448
1.000000
70000160107.340057
70000710862.210632
70000617702.058365
70000508296.006790
70000722491.752502
70000732355.443100
70000974081.285843
70000484619.556534
70000651204.389297
1.000000
1.000000
70000587105.559799
70000281813.108093
1.000000
70000424494.936630
70000575591.385117
70000842209.814957
70000827224.336700
70000204100.342529
70000552453.698196
70000144858.987640
70000224245.366348
70000082647.365479
70000062996.232712
70000795135.272751
70000574725.413727
70000927732.729889
70000623377.023773
70000776768.274368
70000592004.523422
70000693139.901321
70000647104.950546
70000002003.422729
70000356544.146713
70000016428.589523
70000076599.811966
70000287341.412735
70000974502.780685
70000649367.270737
70000895307.480209
70000260344.304855
70000279256.260513
70000643315.753189
70000271882.279068
70000958491.325668
70000786416.239746
70000167966.808228
70000637459.924744
70000969956.804489
70000325776.596878
70000580667.998032
70000142491.486374
70000982967.701920
70000880645.424179
70000094516.035385
70000722850.283340
70000620175.201019
70000261045.100159
70000299646.729553
70000214805.143204
70000753434.430969
70000059163.490280
70000022972.530960
70000205252.951996
70000370950.114243
70000546811.029510
70000662205.095581
1.000000
70000784480.830841
70000989110.369720
70000533148.849762
70000597157.612564
70000553193.475769
70000447570.700500
1.000000
70000606343.438797
70000887208.156830
70000574415.832809
70000411236.636551
70000454598.653809
70000075910.037323
70000436545.801575
70000457988.748428
70000419420.267548
70000539573.992477
70000260156.683151
70000804818.974197
1.000000
70000950135.433838
70000472681.895142
1.000000
1.000000
70000640894.142929
70000657903.723190
70000500010.271118
70000055751.431412
70000096139.055023
70000038756.289673
70000678402.414612
70000207279.151260
70000524741.200684
70000476976.905960
70000691125.857956
70000032253.239563
70000146984.185135
70000340018.733475
70000577868.910233
70000273832.801880
70000059808.857300
70000059917.545517
70000781346.960281
70000050876.530609
70000661239.432968
70000700184.971375
1.000000
70000800284.989716
70000316489.745117
70000713134.015274
1.000000
70000378123.142975
70000655511.779068
70000042087.536041
70000272633.818039
70000764482.239761
70000024195.306580
70000705066.536102
70000076522.033203
70000548455.692474
70000838091.541901
70000855270.983078
70000924038.284180
70000782549.667480
70000864108.527069
70000116859.608017
70000872780.453796
70000893349.569305
70000716052.622681
70000701926.529572
70000025715.887955
1.000000
70000488876.674774
70000199521.303574
70000952917.805359
70000407560.337021
70000980859.571106
70000837108.649994
70000534798.212357
70000103427.666641
70000657315.979263
70000790523.073380
70000180090.083038
70000012861.609970
70000502491.464661
70000408646.992981
70000209461.936005
70000671120.987198
70000005624.470230
1.000000
70000240070.357742
70000649831.073364
70000011032.250107
70000866128.722031
70000104921.946426
70000792107.296112
70000741363.974991
1.000000
70000782134.156296
70000138080.549515
70000763121.075363
70000735212.641235
70000463309.389297
70000106128.836777
70000422014.698532
0.33
 0 0 0 0 0 0 0 0 0 0 0 0 0
