1 401
70000030701.129852
70000911991.441589
70000980839.290009
70000565901.999908
70000109109.116867
70000847084.952164
70000964460.061768
70000230345.616928
70000446812.103195
70000074117.177063
70000640288.104965
70000344942.386993
1.000000
70000472005.019333
70000094747.618256
70000459423.176819
70000986993.882172
70000734192.277054
70000803117.826614
70000696963.336197
70000854307.764587
1.000000
70000944103.810715
70000587811.892960
70000332296.647308
70000745184.090561
70000742273.775406
70000156516.492966
70000771778.333145
70000889846.416855
70000293849.738022
70000511544.162384
70000168373.600311
70000573403.820404
70000949791.138931
70000573684.828476
70000925367.322571
70000763499.677383
70000380696.501022
70000170062.657730
70000821097.471420
70000007836.711334
70000689792.173630
70000130777.526337
70000066724.833450
70000489710.677338
70000298132.409058
70000758389.509735
70000528270.267944
70000390777.511398
70000297885.018570
70000206501.932419
70000260428.092392
70000182484.814072
70000186175.409149
70000783688.799347
70000133350.970764
70000278925.786774
70000466720.728333
70000061295.386902
70000545813.553680
70000841317.593170
70000041757.255280
70000525084.966400
70000867845.321671
70000359617.985764
70000752570.055695
70000528167.797729
70000693953.444977
70000313848.330414
70000882438.270096
70000448650.140656
70000043580.689102
70000462611.085556
70000546253.847321
70000577273.341644
70000578925.038788
70000700428.859879
1.000000
70000176983.451340
70000960358.872787
70000377409.960678
70000710611.441544
70000166047.365234
70000305437.198853
70000360734.437607
70000342749.930161
70000946096.168671
70000710346.910263
70000501385.203506
1.000000
70000223664.681793
70000856453.301559
70000593934.832718
70000584158.136444
70000209983.622177
70000045037.967865
70000663146.910507
70000558515.209244
70000251373.583435
70000053688.433090
70000021582.563110
70000232618.557587
70000451859.278046
70000797754.722260
70000402511.842804
70000597673.513931
70000084892.938461
70000713975.588654
70000558572.573730
70000653756.414978
70000793392.311325
70000337886.472214
70000743099.140747
70000367124.525055
70000542018.382553
70000729719.449265
70000846891.307861
70000587775.382202
70000637572.691193
70000461007.478271
70000630374.978577
70000721498.608459
70000993736.823715
70000477720.588348
70000144573.756577
70000943458.685013
70000004227.341949
70000740946.080063
70000876667.458801
70000416413.658005
70000995599.171844
70000985293.395401
1.000000
70000919700.125320
70000159538.563782
70000844544.138641
70000566504.015823
70000713738.031158
70000943789.020508
70000735982.074905
70000422863.154938
70000587304.599823
70000865165.536346
70000454713.717590
70000557592.449722
1.000000
70000596722.079391
70000097551.445633
70000503278.067368
70000673943.315262
70000816531.397644
1.000000
1.000000
70000863978.702805
70000389939.869553
70000109320.886749
70000051676.371292
1.000000
70000177524.267365
70000494424.025742
70000295325.542435
1.000000
70000259425.777161
70000283550.491089
70000473141.667618
70000435719.056488
70000089226.890396
70000395171.228027
70000395645.774445
70000684068.314743
1.000000
70000024037.192810
70000490365.727051
70000370965.691788
70000724574.952911
70000607355.039505
70000865200.508835
70000331222.630325
70000799807.703674
1.000000
70000165127.926407
70000890267.814606
70000597360.876801
70000816297.325912
70000403967.374313
70000845756.423935
70000651458.876511
70000677521.330368
70000501546.746872
70000641827.944473
70000729693.545441
70000029252.643555
70000917441.951584
70000536175.841492
70000132660.711258
70000484074.094788
70000491836.272949
70000422679.439316
70000359453.219818
70000570041.544128
70000656865.346298
70000470136.598816
70000436618.393066
70000740128.524902
70000841315.249069
70000014135.162613
70000805397.020447
70000786908.077576
70000378149.745560
70000070234.550461
70000592159.348511
70000053455.888840
70000046145.283142
70000941341.538818
70000378171.310577
70000951931.951599
1.000000
70000326854.522797
70000165529.447281
70000611396.819839
70000165785.894989
70000178778.725250
70000786464.674286
70000826961.554810
70000535186.477036
70000415550.705856
70000751148.353195
70000844747.537674
1.000000
70000458021.425781
70000941757.634659
70000520022.698212
70000368438.981537
70000509727.072815
70000604184.859741
70000318158.774185
70000138099.829926
70000428662.773926
1.000000
70000150375.930634
70000107778.511780
70000810595.261322
70000777041.061981
70000550887.362900
70000650328.740997
70000893593.632980
70000761783.990860
1.000000
70000920766.985046
70000730689.993896
70000978651.014343
70000851411.366623
70000862900.209686
1.000000
70000562267.097458
70000263180.289093
70000349142.200607
70000150317.294876
70000063279.950134
70000061071.306778
70000238980.283875
70000272997.024078
1.000000
70000685426.006973
70000354194.900223
70000716797.754974
70000373332.969131
1.000000
70000343833.618149
70000965460.282104
70000943833.829575
70000160187.614395
1.000000
70000962413.779984
70000010345.121872
70000162285.876175
70000757243.932693
70000581304.483841
70000068582.774551
70000886490.952576
70000487294.819275
70000077362.562241
70000016540.447067
70000353813.190002
70000384128.671829
70000426951.109390
70000132890.728073
70000193517.494827
70000158614.116241
70000231254.141037
70000878282.405304
70000315365.406555
70000797124.974899
70000658778.551254
70000716662.213501
70000995482.049805
70000270943.647705
70000323972.495056
70000705710.631851
70000727982.632706
70000178102.942032
70000397748.105301
70000669103.322144
70000213841.071381
70000633026.047592
1.000000
70000322129.285065
70000376102.423050
70000391060.782562
70000031228.338989
70000043307.597351
70000157490.782532
70000375105.665771
70000258004.014465
70000604355.219025
70000008460.324371
1.000000
70000093614.335587
70000798498.787430
70000868255.726486
70000375969.713364
70000393104.573288
70000868109.092010
70000605564.152313
70000022428.550705
70000665102.226288
70000464414.266129
70000517186.687912
70000386761.564194
70000403592.589508
70000263401.083649
70000561802.101074
70000914821.289505
70000657458.280960
70000281119.191269
70000925929.189392
70000080462.479477
70000553985.857529
70000674697.654190
70000418869.705139
70000955921.851105
70000647121.867401
70000196235.205627
70000504002.783813
70000807116.316193
70000849571.340469
70000629279.764008
70000933952.574326
70000233190.167557
70000637903.521835
70000209654.903442
70000184221.468628
70000540144.037750
70000058800.118271
70000673831.211105
70000713333.500916
70000447312.935974
70000685602.369736
70000427944.966278
70000236272.952637
70000791267.705078
70000680297.752075
1.000000
70000830424.049240
70000492446.745605
70000625540.747635
70000297591.816452
70000885898.525208
70000610447.307220
70000094925.911011
70000167619.050919
70000310137.735703
70000604315.152985
70000619414.106430
70000279510.748337
70000704156.602554
70000449305.110947
1.000000
70000461089.787521
70000304802.857971
70000688501.801682
70000178824.073441
70000998893.199493
70000238120.583115
70000096524.126053
70000989353.999008
70000237304.989029
1.000000
70000648598.588715
70000186393.783936
70000167060.394760
70000739424.329559
70000294118.216583
70000433657.021683
70000381450.321106
1.000000
70000497947.189194
70000566479.191711
70000610522.125916
0.33
 0 0 0 0 0 0 0 0 0 0 0 0 0
