1 401
70000761803.162827
70000087323.864685
70000228391.726990
70000478453.858322
70000601101.859451
70000458790.508408
70000906799.654709
70000413742.611542
70000504423.820450
70000741274.081314
70000317812.827316
70000156107.608368
70000127115.964462
70000786575.145874
70000052316.878510
70000402982.694916
70000259926.330688
70000555060.594574
70000829799.939224
70000104851.403046
70000968026.396118
70000672074.057022
70000917959.702072
70000113064.021744
70000221720.197311
70000864703.023788
70000730857.390854
70000795152.518738
70000254571.562073
70000842943.614670
70000194317.304398
70000092095.535492
1.000000
70000095068.992950
70000669720.890823
70000218756.889282
70000980420.863724
70000596434.470154
70000166192.252472
70000343805.458847
70000909605.293472
70000218185.236862
70000099742.833527
70000288120.514328
70000150940.617325
70000576863.546417
70000161970.561935
70000675822.017258
70000535392.180344
70000077606.949158
70000053116.162308
70000945109.620483
70000792575.795792
70000084861.720673
70000231965.940262
70000479776.627426
1.000000
70000360208.255997
1.000000
70000583590.277893
70000168326.575455
70000651759.423401
70000488937.434067
70000251772.647644
70000401247.914719
70000486358.485245
70000928489.855759
70000077760.412033
70000692447.161469
70000637057.054947
70000185606.165359
70000565196.140778
70000919127.100098
70000988565.108582
70000755874.876968
70000886394.406433
70000394875.994232
70000017240.146835
70000699397.396881
70000179684.215561
70000997363.406311
70000311172.331512
1.000000
70000419523.559418
70000661637.945206
70000907647.659775
70000068842.265793
70000570529.703384
70000529233.434586
70000587108.765884
70000873601.782013
70000987620.555038
70000031195.675598
70000218029.464676
70000154420.477402
70000355881.014664
70000359112.286331
1.000000
70000395096.804016
70000546274.697418
70000200743.885635
70000504632.570923
70000044951.284088
70000357179.384109
1.000000
70000736784.325150
70000958770.273636
70000536646.589966
70000990743.386124
70000031091.074753
70000644941.237762
70000644927.550720
70000518975.177277
70000155460.156189
70000141215.304794
1.000000
70000288318.353638
70000298942.781219
70000108685.970734
70000457857.331955
70000405610.306122
70000197019.608673
70000806969.535538
70000170911.307114
70000607762.440369
70000753803.039307
70000074601.398666
70000478819.850952
70000038871.703186
70000591616.921402
70000664340.086700
70000526691.611923
70000240683.485199
70000036473.617538
70000669876.064758
70000502847.765411
70000623543.742645
70000031804.998352
70000262619.061127
70000142728.591965
70000242711.027008
70000225764.972839
70000095097.052811
70000635433.700058
70000839083.156448
70000873590.909744
70000850906.281738
70000103695.309509
70000228515.712753
70000314703.816589
1.000000
70000638112.085144
70000902520.445099
70000829932.255066
70000723758.115921
70000393848.595062
70000040783.404388
70000210318.470810
70000041189.082962
70000951530.294281
70000949187.993362
70000111764.228180
70000395267.626236
70000418894.758728
70000959355.870331
70000627938.150208
70000196412.951828
70000888539.530685
70000305673.338898
70000904291.937714
70000944950.890533
70000000449.465973
70000674193.429169
70000348788.662018
70000974737.461929
70000740847.209091
70000321600.430939
70000601032.024826
70000369794.301468
70000754018.804611
1.000000
70000527695.619217
70000589206.269638
70000567789.410324
1.000000
70000629951.804901
70000613912.950897
70000723107.811737
70000635879.691666
70000343884.669174
70000825552.536987
70000967197.833633
70000885021.801559
70000722306.934006
70000848100.515640
70000327503.874008
1.000000
70000409510.074341
70000986480.554840
70000057801.976151
70000470755.634918
70000429275.826752
70000865038.284012
70000129161.817398
70000295400.233749
70000277772.864899
70000105249.628433
70000457124.252975
1.000000
70000448826.515076
70000015262.715683
70000461484.538055
70000296773.826172
70000714100.688934
70000614762.064224
70000726578.002914
70000559578.047913
70000384740.768387
70000445207.617523
70000206616.646729
70000952859.826370
70000593788.666748
70000200004.877075
70000351189.260925
70000796821.729279
70000306302.451874
70000870114.537125
70000500033.342133
70000223995.278107
70000771254.624298
70000506699.464325
1.000000
70000597676.542297
70000897247.490662
70000065465.958374
70000065141.277832
70000629058.393951
70000447077.468781
70000520374.144852
70000587986.092621
70000902992.887085
70000041957.628586
70000770151.956207
70000081543.022491
70000544875.158005
70000716755.715363
70000050839.792770
70000966805.739426
70000752601.652527
70000333196.494858
70000352390.739120
70000330195.795654
70000305507.809143
70000940954.084274
70000689580.032608
1.000000
70000307948.523514
70000778941.987442
70000235594.329178
70000235367.742661
70000351979.445663
1.000000
70000161278.953217
70000489969.568298
70000716683.678268
70000416479.499374
70000341249.682663
70000064619.798019
70000608199.808151
70000744959.011856
70000129821.512421
70000350597.842407
70000320822.156174
70000726326.073929
70000057595.990921
70000327762.332718
70000711039.356339
70000501406.644455
70000870789.054993
1.000000
70000614023.600433
70000934542.413376
70000976285.987289
70000351168.251160
70000678686.355392
70000109289.700211
70000290992.256683
70000957888.963409
70000294798.431091
70000993167.575455
1.000000
70000839496.121323
70000791499.643600
70000646544.766693
70000702570.383270
70000908603.514496
70000820138.140457
70000341448.393311
70000075996.910858
70000301849.199814
70000671646.550278
70000954750.254990
70000603516.206360
70000119231.284378
70000787861.117630
70000432980.172928
70000894199.110703
1.000000
70000466963.830063
70000530401.168625
70000587200.384354
70000584723.912598
70000250473.820831
70000524943.200317
70000406554.274460
70000210987.140564
70000944020.735916
70000364651.834366
70000197004.635132
70000487981.808746
70000586466.448181
70000710149.356644
70000055761.707001
70000099334.630188
70000828050.864731
70000422342.683792
70000047315.419632
70000107393.328751
70000287758.479355
70000436402.167603
70000408839.765900
70000712633.729446
70000409526.109695
70000677512.473022
70000001871.213318
70000051926.974152
70000755710.447983
1.000000
70000503812.174957
70000050591.638611
70000357956.991531
70000164543.731674
70000130582.363495
70000769597.972046
70000000527.889587
1.000000
70000782521.430893
70000116957.684097
70000920644.225296
70000229873.528305
70000701098.606796
70000976811.120285
70000085595.284637
70000914644.794281
70000025368.510971
70000199916.733673
70000271322.344833
70000869093.179535
70000775440.589066
70000521263.836990
70000888088.992874
70000953677.698822
70000221798.149521
70000070776.552444
70000560209.455124
70000848636.588409
70000482185.745743
70000664413.167557
70000746361.898361
70000485096.683258
70000431284.234299
1.000000
70000029251.531891
70000695123.204483
70000643743.671707
70000958948.599091
70000630468.397156
70000680081.984238
70000941856.359741
70000593171.318130
70000128999.306915
70000787344.956558
1.000000
70000881176.078949
70000712403.102310
70000146538.689438
70000828609.876480
70000605651.134033
70000880309.473526
70000457003.893951
70000705289.522995
70000863768.202087
70000496952.255005
70000390583.049469
70000154912.828552
70000957827.469971
70000983603.203033
70000431813.898773
70000848008.837708
70000979005.062546
0.33
 0 0 0 0 0 0 0 0 0 0 0 0 0
