1 401
70000537265.244064
70000178480.850388
70000780048.917725
70000303081.709854
70000963930.733566
70000934217.694519
70000991825.626755
70000854761.835571
70000514537.999588
70000073090.851120
70000063912.101028
70000557701.341553
70000915057.043350
70000546182.601624
70000790034.754089
70000380806.225235
70000324848.831314
70000505118.384918
70000301690.842255
70000726328.443863
70000205458.990311
70000561528.730438
70000330520.793320
70000780211.292862
70000485171.913437
70000936546.265579
70000105753.196503
70000246032.435364
70000848491.570648
70000228640.475235
70000293869.530182
1.000000
70000997576.869507
70000059589.837143
70000875353.785141
70000527427.206863
70000623807.119553
70000681951.531967
70000640990.349518
70000234714.578018
70000353595.330063
70000390904.423981
70000630997.833435
70000051424.006653
70000966947.772537
70000929059.257111
70000463539.653244
70000822969.191513
70000710915.365463
70000682726.188080
70000549918.439392
70000673666.335358
70000553150.752319
70000701463.812012
70000823534.395004
70000288512.061615
70000101337.738007
70000728267.535446
70000638083.190018
70000974025.132248
70000540054.094727
70000779796.614594
70000089905.984772
70000910552.498520
70000445845.863068
70000086562.839432
70000907029.348038
70000026097.198242
70000682257.937134
70000788462.087555
70000256493.967438
70000510840.713150
70000811200.853546
70000958041.908524
70000784133.964813
70000124510.854721
70000173634.452026
70000841579.862076
70000200510.666931
70000501229.108200
1.000000
70000281364.682159
1.000000
1.000000
70000748337.053848
70000650725.393661
70000446481.812454
70000289576.099457
70000535793.412659
70000666877.248901
70000862198.853058
70000298627.390823
70000691642.399734
70000459177.918701
70000070113.495377
70000489632.780899
70000345158.773239
70000509891.159256
70000975042.912888
70000759293.034897
70000564107.211716
70000636069.333618
1.000000
70000336531.399078
70000340424.568619
70000380230.951767
70000733053.785034
70000002123.516708
70000827507.504807
1.000000
70000482550.253326
70000491465.338562
70000572377.538406
70000114979.260803
70000113156.660889
70000678046.139496
70000279707.820740
70000798863.962646
70000096899.143646
1.000000
70000338056.500076
70000175404.808563
70000446883.258575
70000389068.211151
70000485886.761688
70000498579.298904
70000969568.687820
70000356088.731964
70000294952.504974
1.000000
70000196968.223236
70000515882.400696
70000649078.892090
70000718408.806717
70000913948.135040
70000202732.125183
70000904462.541138
70000938407.136917
70000557622.248413
70000020302.167984
70000566586.350082
70000428355.279358
70000178388.523178
70000223228.222855
70000406182.085922
70000624785.182861
1.000000
70000693965.466415
70000125369.516647
70000233916.607010
70000282293.997787
70000469084.645721
70000244880.176102
70000879519.394745
70000937649.676300
70000718080.050156
70000922806.234467
70000988030.382507
70000642876.621292
70000567358.543381
70000731557.517410
1.000000
70000888541.868286
70000040914.961609
70000620950.384171
70000919541.030426
70000595210.658875
70000412018.826172
70000139369.969330
70000650544.302582
70000266720.650009
1.000000
70000947299.657074
1.000000
70000284167.093857
70000936374.136749
70000215642.204941
70000185587.315369
70000718886.833969
70000491911.042435
70000098401.232254
70000809000.929489
70000074595.082047
70000862901.506973
70000464328.188065
70000681088.003220
70000496893.429108
70000422202.964081
70000456582.880814
70000508492.281143
1.000000
70000705566.571518
70000516329.557022
1.000000
70000487032.767776
70000033162.032669
70000209765.826981
70000522360.357574
70000101074.308746
70000756292.262375
70000644663.612061
70000297068.575546
70000805968.021683
1.000000
70000025204.839767
70000349495.020920
70000081209.673477
70000806114.968826
70000530787.770874
70000399685.839752
70000621847.070007
70000041639.943832
70000533453.443909
70000286685.436325
70000546720.428268
70000339474.599289
1.000000
70000660703.929199
70000803149.051498
70000217366.678314
70000989014.013657
1.000000
70000633304.665375
70000158911.822128
70000570723.906937
70000073308.104828
70000952508.660400
70000304255.013184
70000618319.384506
70000007371.195862
70000586025.228683
70000467400.388168
1.000000
70000130810.402802
70000880512.295517
70000803778.463501
70000397283.709946
70000313484.496857
70000425481.459976
70000475246.517227
70000979177.626892
70000259570.342621
70000332633.129593
70000624082.670334
70000852010.115524
70000392630.840149
70000961149.708191
70000613796.884872
70000997962.641708
70000428301.039551
70000702377.834274
70000768677.620926
70000714383.049103
70000789066.421127
70000461589.272446
70000820271.114624
70000168035.464066
70000317750.592255
1.000000
1.000000
70000872726.936234
70000255715.987076
70000855421.636993
70000427390.874329
70000602149.716675
70000231359.748108
70000474306.114899
70000339746.007950
70000691168.018478
70000134035.142609
70000564249.083206
70000251646.849747
70000609579.339859
70000879917.382996
70000949065.517624
70000340452.131821
70000377447.170197
70000125377.531540
70000029475.155502
70000137246.641846
70000481246.962799
70000586272.045929
70000102687.417572
70000273560.520691
70000244700.486023
70000337869.737167
70000832867.119598
70000190830.733826
70000867350.288467
70000224624.915497
70000476259.559860
70000627995.398819
70000015620.431122
70000446591.074188
70000932411.305481
70000045059.194443
70000851890.292572
70000734346.115234
70000463653.073578
70000499791.924286
1.000000
70000117764.671158
70000167634.846985
70000932124.797592
70000410199.432739
70000650226.831543
70000703455.314423
70000357935.770584
70000160654.994980
70000877645.474045
70000895313.489655
70000926709.972092
1.000000
70000738316.584488
70000826465.778168
1.000000
70000997856.935928
70000507706.830063
70000886993.573624
70000806437.537354
70000789819.026733
70000318669.617020
70000312185.392212
70000842021.691589
70000380085.720901
70000183849.403366
70000607072.131180
70000688985.109711
70000906962.585449
70000774615.343079
70000303613.901489
1.000000
70000786869.064850
70000302313.809189
70000167976.955917
70000260576.423492
1.000000
70000798867.935013
70000385624.709595
70000086950.152191
70000103444.895584
1.000000
70000640668.161255
70000560852.155716
70000259401.841003
1.000000
70000177146.976440
70000076273.684113
70000457056.006241
1.000000
70000105063.606796
70000537718.549500
70000248927.770020
70000741461.705841
70000955088.010941
70000779665.756546
70000632101.479584
70000104272.797363
70000719791.463882
70000222584.530365
1.000000
70000619831.812927
70000106752.104446
70000077244.500107
70000068809.581924
70000202956.155563
70000794081.660431
70000070948.543686
70000180155.204742
70000159913.363617
70000215926.300461
70000558236.749176
70000105506.369461
70000470005.107483
70000628925.631454
70000213819.918228
70000564198.727539
70000145467.578964
70000373781.888351
70000727914.525879
70000584631.947388
70000504368.951126
70000440316.024521
70000367357.574966
70000468301.270203
70000866080.289017
70000976754.951721
70000439327.723007
70000099349.169617
70000764937.798401
70000587528.952560
70000058504.571136
70000539087.237869
70000522045.961166
70000022702.855362
70000336845.148163
70000411963.891312
70000619460.206833
70000507061.054565
70000290269.603775
0.33
 0 0 0 0 0 0 0 0 0 0 0 0 0
