1 401
70000859724.384995
70000035312.140213
70000006757.108124
70000055416.238831
70000196657.604645
70000839009.557114
70000745872.431122
70000024562.567215
70000537324.728210
70000464996.898743
70000547559.927856
70000469390.467239
70000756817.678391
70000113397.828781
1.000000
70000749711.713806
1.000000
70000088206.095551
70000213221.174179
70000325857.778061
70000433675.158325
70000857126.520233
70000696777.968582
70000872315.657501
70000535229.220093
70000190882.136215
70000623368.064301
70000154841.700043
70000055526.225937
70000763680.655487
70000015300.549774
70000407013.587509
70000258270.289200
70000707247.413147
70000194113.041397
70000941315.772171
70000578593.402954
70000984975.541428
70000675240.881485
1.000000
1.000000
70000807826.348816
70000834290.685425
70000664550.284927
70000864276.263702
70000293450.287567
70000693385.072067
70000337920.351715
70000191103.846863
70000287964.370148
70000277864.074905
70000854698.417236
70000430249.493393
70000728069.292953
70000206026.673798
70000204109.462570
70000408105.932083
70000396711.133041
70000593317.183990
70000040511.900513
70000815154.763870
1.000000
70000184118.287659
70000927019.441650
70000034680.860825
70000659769.916229
70000927873.050720
70000523276.101395
70000948587.891022
70000875482.409119
70000075085.338516
70000206947.178574
70000959579.056335
70000397758.177841
70000268888.209259
70000438369.123215
70000619930.905930
70000769349.995529
70000024667.232925
1.000000
70000770329.583313
70000956126.414276
70000370509.068802
70000604320.983582
70000187356.824844
70000853580.750381
70000752242.256775
70000618458.241379
1.000000
70000219844.901093
70000815073.108322
70000551678.543747
70000554617.556488
70000921176.271606
70000507499.309357
70000752946.385101
70000617285.607651
1.000000
70000394390.495956
70000248633.672577
70000875329.125336
70000963675.110153
70000956003.395432
70000670529.346573
70000791848.480530
70000728416.776550
70000683909.750519
70000761464.092758
70000992810.830368
70000400120.433670
70000044224.840042
70000279183.534653
70000906737.764832
70000085840.707214
70000947487.862549
1.000000
70000729522.427902
70000284922.026291
70000124109.215576
70000298288.198608
70000526827.961990
70000525315.605881
70000984133.901001
70000740528.098145
70000869296.888565
70000704081.476166
70000746950.719284
70000740195.619888
70000655837.800720
70000463087.306519
70000888428.628189
70000586528.811539
70000476308.463104
70000325899.405167
70000681991.215225
70000093463.126373
1.000000
70000979339.272186
70000140891.954269
70000204254.641846
70000012054.415817
70000229336.164413
1.000000
1.000000
70000925739.917496
70000847863.893967
70000566018.520096
70000395038.027481
70000184609.452621
70000237565.057983
70000297468.421432
70000699483.555420
70000993918.480118
70000107473.246841
70000675273.310486
70000605576.185867
70000327567.356125
70000965290.910431
70000976763.532471
70000739004.744049
70000118834.727264
70000411236.502838
70000949172.082352
70000257381.065338
70000870229.047745
70000794861.438232
70000667752.696732
70000615540.551468
70000963616.020126
70000382821.918320
70000997300.769669
70000409648.156967
70000714475.679016
70000285000.153366
70000318163.145584
70000155901.332489
70000138540.147339
70000260458.018112
70000070511.725540
70000119940.116501
70000042582.662460
70000567787.314880
70000320525.199249
70000081216.633667
70000976596.423553
70000715203.393661
1.000000
70000259471.114578
70000953984.041992
70000842993.226761
70000697900.816071
70000921855.622971
70000143874.579941
70000110345.853149
70000325090.914703
70000067738.711533
70000341962.052734
70000043396.501862
70000281706.405121
70000274725.152496
70000981431.730881
70000083360.487137
70000315984.751404
70000096950.325821
70000177667.283417
70000112907.066101
70000557642.747223
70000255037.356415
70000144163.835541
70000954347.723724
70000283590.753540
70000461668.534485
70000636847.950104
70000130494.357712
70000837182.064621
70000451384.470367
70000983705.332550
70000494112.700638
70000583281.297363
70000882904.662628
70000995184.983414
70000739220.534210
70000182522.823227
70000380773.860779
70000620585.527390
70000929774.721451
70000305707.897568
70000508344.777130
70000163730.858536
70000239211.247894
70000225708.116089
70000652032.915970
70000615075.741623
70000972986.297882
70000247066.690796
70000108570.841354
70000744371.783463
70000795106.254135
70000131554.294250
70000667463.310669
70000100986.577271
70000380078.572281
70000269739.309097
70000027371.417725
1.000000
70000603976.965759
70000819575.340256
70000397352.400650
1.000000
70000173307.757904
70000954331.484024
70000460818.587631
70000200763.884964
70000405867.730713
70000045952.863541
70000940167.568344
70000707597.331879
70000254966.096756
70000047072.334839
1.000000
70000317964.740311
70000445577.079010
70000311720.454132
70000412326.456467
70000514186.186905
70000062119.621536
70000879459.345886
70000014837.581085
70000726411.580322
70000513023.625427
1.000000
70000721526.745087
70000130177.768616
70000913201.387512
70000411949.177216
70000516468.152725
70000086886.611679
70000945447.788284
70000213186.723785
70000698432.433701
70000951539.613068
70000579386.429459
70000392171.480988
70000290867.378647
70000440920.465225
70000564760.251251
70000394036.632706
1.000000
70000723273.780472
70000981716.376175
70000745544.667664
70000809155.235809
70000515256.901230
70000798556.679657
1.000000
70000485401.335785
70000903699.950623
70000695615.165161
70000243351.677658
70000470604.295227
70000988295.518661
70000217306.100769
70000572071.553665
70000408372.465057
70000621831.269196
70000171575.192337
70000069055.633087
70000420070.198456
70000237280.031876
70000284562.693832
70000598195.309586
70000920981.720795
70000464445.906265
70000869536.006577
70000948023.964020
70000666457.786087
70000253896.185303
1.000000
70000600861.399277
1.000000
70000821303.652023
70000242594.576981
70000033465.284897
70000482203.507462
70000595848.486877
70000350698.308868
70000507774.103760
70000606955.329544
70000634281.645233
70000543572.901489
70000059601.081177
70000004138.002518
70000109937.832687
70000110175.871231
70000479764.761703
70000707367.573013
70000400164.578323
70000426089.724106
1.000000
70000106296.729691
70000417751.719208
1.000000
70000226229.850891
70000436863.923599
70000338923.897736
1.000000
70000263844.524506
70000278103.032211
70000953343.120987
70000774016.710602
70000957909.811600
70000742118.342468
70000054749.188522
70000228004.575119
70000221780.277740
70000540133.311432
70000130457.907120
70000024772.697952
1.000000
70000761423.079346
70000102896.986710
70000896585.653183
70000494646.586136
70000776109.224579
70000697730.772827
70000420450.870041
70000523402.520264
70000811725.810501
70000809211.686569
70000441531.602112
70000266449.596863
70000938468.998291
70000047859.774979
70000953429.595917
70000082095.905533
70000586211.023987
70000512810.502975
70000349926.408234
70000731026.940933
70000001806.144653
70000671793.042999
70000872013.649887
70000360317.572861
70000499386.091721
70000329793.959503
70000269165.769760
70000281041.900742
70000144567.820053
70000581533.696426
70000610566.885223
70000481591.624207
70000992639.331970
70000852832.794769
70000214967.879623
70000780060.663101
70000105230.103241
70000594044.689011
70000302322.388458
70000434298.391205
70000204526.779800
0.33
 0 0 0 0 0 0 0 0 0 0 0 0 0
