1 401
70000347065.227020
70000315690.292114
1.000000
70000649064.705414
70000769365.421539
70000139068.394379
70000115599.115341
70000860785.118942
70000089510.452408
70000884313.859528
70000305846.486893
1.000000
70000832397.739548
70000330306.583572
70000329065.985123
70000659928.273468
70000738700.113098
70000976351.392075
70000051170.603943
70000414718.317200
70000812060.965469
70000228840.697327
70000823427.489441
70000530065.294617
1.000000
70000538054.657272
70000413796.585083
70000694965.300629
70000911262.353867
70000515211.664459
70000248664.030106
1.000000
70000475708.526199
70000374364.292267
70000336456.703583
70000255344.183334
1.000000
70000514368.902390
70000926135.489822
70000357269.188293
70000871066.379074
70000324486.768341
1.000000
1.000000
70000809998.106628
70000391505.665619
70000131442.161713
70000528795.722641
70000545285.555023
70000607836.213684
70000088665.395233
70000538027.201981
70000846690.573486
70000576957.350174
70000419425.470779
70000011085.460083
70000691063.158615
70000285754.242737
70000377292.672028
70000183824.159515
70000220910.746292
70000369581.521057
1.000000
70000048589.659286
70000297415.680588
70000795659.584854
70000817213.657516
70000639465.099579
70000966449.221817
1.000000
70000841822.710770
70000886998.108139
70000634834.962616
70000393876.269516
70000712676.061737
70000237584.578934
70000884928.132690
70000954073.836792
70000222568.687836
70000822203.687729
70000559276.657394
70000974299.602737
70000279171.271667
70000306111.246887
70000835596.306168
70000609648.311600
70000981386.509247
70000266586.758453
70000579308.495834
70000992491.718719
70000978391.347183
70000351259.680862
70000668955.320206
70000523367.403275
70000448312.142319
70000193828.289139
70000218284.937866
70000819989.750168
70000256525.808167
70000402455.036987
70000484787.821915
70000249798.389038
70000740698.854019
70000403043.944382
70000940142.860657
70000996321.549911
70000664314.203568
70000933919.654602
70000864747.304596
70000710327.559143
70000848331.989670
70000921332.923401
1.000000
70000652580.356415
70000277795.356339
70000823729.992828
70000277010.130371
1.000000
70000841209.112198
70000658849.347549
70000176491.562927
70000091536.867584
1.000000
70000750791.644791
70000731270.330154
70000777319.821014
70000644910.085754
70000763751.110519
70000301741.682800
70000981835.636353
70000104300.714737
70000061045.568314
70000566260.470688
70000203831.220703
70000941266.341385
70000759503.325806
70000667092.813263
70000008897.794235
70000868192.701355
1.000000
70000412256.715546
70000628924.570206
70000986810.596176
70000566628.324295
70000423013.636292
1.000000
70000567529.563416
70000531414.552948
70000161019.897873
70000891765.238251
70000141320.136459
70000770370.555618
70000036918.078629
70000841099.087952
70000234745.172150
70000332974.835388
70000877444.933868
70000481792.283234
70000069472.842117
70000196870.266632
70000618626.216232
70000949013.816284
70000712582.898178
70000954915.698242
70000104663.504166
70000024931.126480
70000554986.532425
70000268549.995728
70000466434.011993
70000169049.295639
70000238497.610413
70000573925.821213
70000555804.955109
70000778945.593140
70000912186.513840
70000529465.155807
70000545427.375183
70000758264.843124
70000397597.303741
70000096665.672119
70000667776.361191
70000037232.340851
70000748160.224762
70000423610.629059
70000857935.081543
70000971110.218506
70000004905.026749
70000080101.651489
70000722423.435654
70000595895.435455
1.000000
70000446653.325485
70000100465.207794
70000469635.003082
70000315918.133102
70000145729.309769
70000862413.299606
70000929839.459167
70000668703.395554
1.000000
70000343317.110336
70000808036.135620
70000572977.909470
70000635123.322464
1.000000
70000407373.766556
70000331549.609299
70000807655.903976
70000912780.383484
70000543115.651093
70000032688.234467
70000740454.602676
70000798148.685669
70000197210.907150
70000736552.299301
70000264145.375443
70000898596.743820
70000582199.832397
70000134294.774658
70000240722.742599
70000761878.634384
70000962095.565552
70000353007.585541
70000538466.551163
70000984268.701492
70000022167.290985
70000157399.119812
1.000000
70000211257.790970
70000710872.093826
70000280094.187515
70000315823.026871
1.000000
70000233564.449905
70000451393.969009
70000946708.647583
70000615884.580444
70000728775.455948
70000529789.809387
70000166783.849838
70000168274.875946
70000941726.759857
70000096836.385559
70000718618.063095
1.000000
70000141877.818695
70000228990.460876
70000828207.332642
70000566329.943069
70000021988.578796
70000527812.055557
70000413606.247147
70000868037.679932
70000676344.188263
70000920465.674713
70000638456.717148
70000547386.513306
70000214787.061630
70000653990.326553
70000731795.057480
70000648648.073593
70000399831.285446
70000287664.866302
70000929363.911499
1.000000
70000582304.707550
70000957998.309402
1.000000
70000834707.111542
70000255427.003189
70000497540.276642
70000485150.642624
70000704725.860840
70000182634.155045
70000399263.412460
70000749782.657318
70000891726.278549
70000586033.480377
70000181684.103882
70000393664.515366
70000868409.041183
70000722337.813385
70000133594.914261
1.000000
70000011782.878220
70000323385.314941
70000984925.589890
1.000000
70000950508.000702
70000312465.759323
70000658570.126602
70000214421.611160
70000803767.521667
70000868110.278656
70000966880.636230
70000580021.739838
70000201314.354324
70000684904.714188
70000951457.117661
70000965728.006607
70000721922.850784
70000293998.289902
70000856532.914398
70000702547.873901
70000600958.052948
1.000000
70000875572.332733
70000918228.086334
70000573796.546463
70000629514.592743
70000290682.550430
70000918510.134903
70000400897.542389
70000246020.890091
70000935778.921463
70000178161.235687
70000249964.101120
70000042701.614502
70000490204.931259
70000063267.543457
70000071289.848709
70000279030.299713
70000035992.663986
70000397395.368103
70000542978.899277
70000616511.042572
70000448340.034958
70000244958.751343
1.000000
70000774176.260620
70000087064.794830
70000433730.720871
1.000000
70000932116.898209
70000628830.947495
70000751901.883896
70000598674.964447
70000123716.894699
70000731112.086441
70000006084.160995
70000293091.327469
70000168490.709290
70000455414.395187
70000969815.874756
70000752043.762009
70000806898.153900
70000960494.558334
70000499201.727600
70000678693.706848
70000286301.165115
70000697951.462479
70000652196.890366
70000419272.105850
70000377482.881699
1.000000
70000925933.540085
70000239138.093292
70000665900.389572
70000757321.908737
70000920533.464798
70000039874.864120
70000060187.352432
70000089147.454834
70000843138.196747
70000916551.870010
70000131233.576248
70000357875.858047
70000386839.012161
70000470677.560837
70000087049.525192
70000936882.146957
70000837047.635223
70000948399.218918
70000241885.071335
70000462508.796906
70000521176.283722
70000466504.105591
70000574546.367035
70000017085.083176
70000039567.329453
70000493792.617325
70000526575.480927
70000159551.770737
70000832358.610901
70000778012.775421
70000353766.770248
70000927665.892319
1.000000
70000900284.819077
70000946185.422028
70000772028.017426
70000877972.250015
70000034881.022919
70000906624.921844
70000367719.713562
70000029326.690125
70000140498.206589
70000595609.383408
70000965354.858902
70000498961.977905
0.33
 0 0 0 0 0 0 0 0 0 0 0 0 0
