1 401
70000781478.720551
70000958046.082138
70000673941.404510
70000106517.465149
70000201790.314896
70000499604.291397
70000614568.229080
70000665357.685089
70000330866.018753
70000577007.800415
70000010521.165070
70000637738.012497
70000642269.070557
70000267123.283524
70000943758.679001
70000490735.302719
70000656680.932327
70000921880.926331
70000692716.323929
70000559789.332230
70000454895.968185
70000676735.403824
1.000000
70000311229.323883
70000537071.837616
70000641291.913010
70000675546.843323
70000363113.306625
70000579119.732132
70000968275.494797
70000297006.317810
70000398136.091263
70000241493.599930
70000182052.627548
1.000000
70000318575.761230
70000913198.339279
70000210319.705276
70000996444.227707
70000216874.061523
70000542789.213394
70000732279.617813
70000575227.390732
70000990726.579666
70000982353.357162
70000652810.785156
1.000000
70000157252.201248
70000844274.565369
70000418526.922302
70000453651.284134
70000069374.914215
70000236290.348450
70000981154.637100
70000069422.986984
70000280268.280319
70000355490.722168
70000470299.212326
70000730098.459534
70000016018.745773
70000455182.521530
1.000000
70000760379.882248
70000679619.347076
70000357923.080704
1.000000
70000107372.444565
70000267724.144577
70000783008.216995
70000800121.320419
70000285005.829681
70000588621.174057
70000885516.547638
70000430118.403625
70000395570.057449
70000660275.938721
70000942384.547150
70000302187.456039
70000773320.061234
70000187109.931580
70000827021.729568
70000378217.633743
1.000000
70000911505.613861
70000605041.276489
70000908157.428619
70000996920.787445
1.000000
70000534106.933441
70000035251.294601
70000713915.711777
70000379927.837326
70000683508.373337
70000377917.322159
70000739587.364807
70000270650.367722
70000833382.640976
70000508869.636398
70000418216.235962
70000810573.822662
70000674380.558456
70000801523.550079
70000976919.428909
70000085161.906998
70000829102.085846
70000580355.634201
70000403713.803925
70000882835.274246
70000767442.706268
70000850977.030273
70000426956.609940
70000029167.118866
70000914903.189438
70000179438.655197
70000595435.000000
70000271027.747681
70000248588.739059
70000534400.650620
70000408613.879623
70000196895.537994
70000796630.743942
70000962529.363571
70000982276.452133
70000188537.309952
70000160023.799835
70000099875.117279
70000851613.613297
70000921135.643539
70000966663.747452
70000981490.978821
70000142163.046265
70000751165.081787
70000088141.918823
70000129827.470139
70000863954.546738
70000952327.066910
70000450684.959763
70000723264.350784
1.000000
70000638019.849854
70000460599.625351
70000719823.815552
70000215777.041733
1.000000
70000026571.108704
70000656540.132767
70000799095.056412
70000946781.376587
70000494665.443344
70000949427.505508
70000810672.607651
70000478971.522293
70000352470.561722
70000238330.808456
70000144306.393570
70000783359.466492
70000869468.191849
70000163158.100754
1.000000
70000529840.040512
70000580535.207748
70000502156.863342
70000997106.240311
1.000000
70000247517.483978
70000149887.663315
70000404551.326172
70000853727.867538
1.000000
70000934500.366364
70000118231.566803
70000311750.784317
70000788652.973160
70000738353.082031
70000010534.008133
70000428271.992432
70000170442.020096
1.000000
70000983460.723114
70000467950.532440
70000537295.081299
70000582424.975342
1.000000
70000308013.074600
70000390439.875427
70000908791.252792
70000336852.333725
70000328592.928558
70000766404.521561
70000907565.084457
70000541813.999298
70000814325.493896
70000529554.889862
70000889048.006577
70000361110.874969
70000206780.922989
70000726191.051224
70000055122.642838
70000515314.777939
70000927916.870682
70000513392.424774
70000728006.015320
70000193210.041656
70000615329.473709
70000373143.513977
70000584264.462967
70000900256.381653
70000951778.238007
1.000000
70000866177.184570
70000830700.493134
70000186973.478882
70000084802.124512
70000530402.585861
70000548341.425079
70000898291.960724
70000556419.637085
70000671478.290527
70000154671.125183
70000296639.797943
70000871109.990097
70000598723.660736
70000760655.403198
70000763047.894547
70000066387.871964
70000432880.141891
70000435931.088745
70000729622.375595
70000595978.275116
70000220816.563202
70000762152.325302
70000420079.312057
70000604042.881439
70000430250.184753
70000760218.205231
70000533575.130295
70000899353.028931
70000832580.921768
70000200599.500839
70000812285.397995
70000149711.358810
70000887587.124313
70000664347.693619
70000109992.768631
1.000000
70000090649.986389
70000942046.838303
70000707889.363495
70000834677.603134
70000178210.896118
70000678427.229736
1.000000
70000944340.670456
70000872695.604355
70000494688.602036
70000125787.398758
70000931740.352341
70000957226.451584
70000477291.263306
70000524343.654724
70000268401.204514
70000668963.067642
70000626033.822433
70000247455.002365
70000494160.701447
70000685598.848679
70000453614.857574
70000487946.409332
70000627463.058472
70000686159.409958
1.000000
70000987959.775009
70000906044.080536
70000284317.108688
70000624418.302536
70000613976.618179
70000282046.834976
70000953942.842545
70000131168.974136
70000297014.594406
70000139757.856308
70000623570.860840
70000704646.127655
70000901927.207596
70000785474.178085
70000090901.157578
70000744976.349274
70000446557.592422
70000508128.769485
70000574088.936890
70000126166.731018
70000313395.131058
70000732226.597961
70000016090.290894
70000074470.242142
70000708139.571899
1.000000
70000691699.295776
70000995735.927811
70000846593.906204
1.000000
70000007735.041779
70000540108.943481
70000983689.248596
70000328444.583847
70000703329.728607
70000914066.276337
70000533790.288712
70000365912.468491
70000406838.438171
70000149332.421097
70000488844.669403
70000093094.116867
70000796919.754120
70000067269.642746
70000276937.099197
70000586084.734085
70000487705.134094
70000229185.999344
70000697436.958252
70000109068.028152
70000810897.767273
70000071907.394180
70000441065.601517
70000065632.507828
70000167459.981293
70000205251.112396
70000060413.058029
70000874092.310318
70000395723.465622
70000166080.757568
70000440994.872437
70000000733.997467
70000480671.622925
70000977952.411301
1.000000
70000023633.737732
70000486152.108032
70000808246.425156
1.000000
70000960631.240982
70000187006.108490
70000561743.327393
70000483853.577194
70000523710.532089
70000589894.171158
70000102731.033722
70000754050.603470
70000075436.960571
70000059661.793060
70000857610.446854
70000976156.029556
70000732064.729996
70000796743.483658
1.000000
70000930914.157013
70000504659.842987
70000904436.864441
70000360486.085541
70000781898.232925
70000192768.160507
70000127611.008484
70000715133.018814
70000103302.974442
70000330385.087265
70000771297.970001
70000361383.176590
70000180064.221909
70000420883.041962
70000482818.541824
1.000000
70000557046.505676
70000691478.497086
70000771321.564011
70000388250.102264
70000877909.385544
70000971003.764420
70000128174.182251
70000424636.290115
70000448698.218979
70000584286.600677
70000487804.510284
70000002430.140442
70000109353.167007
70000112433.058075
70000636038.734756
70000204338.934586
70000703963.305115
70000168048.382141
70000845572.572205
70000897206.262482
70000062261.919937
70000897758.151611
70000800569.734955
70000573284.248138
70000869429.508728
70000868122.789307
70000905006.033188
70000796220.810318
70000056720.516220
0.33
 0 0 0 0 0 0 0 0 0 0 0 0 0
