1 401
70000030173.955460
70000755325.368805
70000471653.876617
70000007552.565659
70000592107.979721
70000049580.764038
70000286469.370697
70000228424.751144
70000930269.702255
70000353715.494446
70000391368.315353
1.000000
1.000000
70000651386.510468
70000605075.225281
70000460591.366028
70000513691.973618
70000719876.026398
70000279041.176666
70000548389.865585
70000734758.061813
70000909690.620102
70000146719.738846
70000635293.934021
70000095174.630066
70000339576.818756
70000184980.779343
70000045402.896729
70000525246.600296
70000073340.046097
70000583884.039261
70000795960.002441
70000762299.634247
70000674014.273956
70000194742.205170
70000961969.068237
70000279338.617874
1.000000
70000956868.771622
70000456165.248993
70000778919.983047
70000627497.089264
70000553057.038635
70000364198.196030
70000451607.002228
70000643481.374939
70000584399.686432
1.000000
70000421094.649704
70000670062.824036
70000319052.455795
70000310184.475433
70000016897.808060
70000403148.727173
70000460710.836578
70000713306.726639
70000977207.635834
70000449684.595657
70000474619.512451
70000543647.619217
70000534704.160477
70000464071.350708
70000187257.242538
70000293381.067139
70000057708.957550
70000582842.597214
70000695464.640823
70000407472.455933
70000683424.175278
1.000000
70000463721.638840
70000255555.818756
70000410684.871826
70000333742.713593
70000354145.392776
70000074594.819397
70000866894.623444
70000122432.239838
70000342443.128082
70000727702.336670
70000211943.398071
70000013466.207733
70000702671.281326
70000837181.537018
70000439962.570755
70000564080.645966
70000518890.810425
70000925223.210678
70000070635.190048
70000879930.560120
70000834389.717896
70000237017.685623
70000067412.576202
70000227604.205429
70000587224.905731
70000839467.369736
70000957506.585541
70000410719.560745
70000557949.255875
70000854811.059891
70000739856.454926
70000126317.277954
70000552703.716766
70000193606.548126
70000062955.932114
70000345927.384842
70000233831.134613
70000873179.387161
70000705282.722992
70000028267.856079
70000246278.725418
70000392059.214691
70000549793.229721
70000184384.175934
70000682077.307831
70000462046.073318
70000341692.557129
70000816302.849915
70000613657.746887
1.000000
70000067251.432602
70000007139.793060
70000578809.588531
70000711758.586990
70000168315.478241
70000766315.732635
70000544531.993073
70000706871.017975
70000401775.090225
70000412583.403564
70000684860.024902
70000390721.927917
70000967709.854767
70000308501.696518
70000508760.813385
70000430004.980164
70000887931.270721
70000570221.838379
70000428391.164383
1.000000
70000477343.304291
70000765529.010147
70000688642.182678
70000214105.561768
70000435901.404831
70000255924.113800
70000977826.453522
70000769618.363556
70000130598.700790
70000694583.997620
70000865184.889725
1.000000
70000714317.301208
70000022664.655640
70000843260.467545
70000812277.814209
70000552270.707169
70000553554.312057
70000698568.169907
70000028712.976425
70000564653.689407
70000864530.972794
70000892325.874130
70000057952.587433
70000927535.231628
70000260164.341873
1.000000
70000977818.524734
70000658140.659851
70000755031.667084
70000657699.675781
70000660225.887680
70000372583.755951
70000317446.939270
70000290463.980576
70000494705.072388
70000969846.057159
70000092211.258667
70000370819.133652
70000092384.640884
70000923619.836929
70000614632.649719
1.000000
70000368099.506439
70000506672.936996
70000821871.222260
70000552756.412643
70000143910.971481
1.000000
70000564073.752121
70000238252.690033
1.000000
70000483000.134384
1.000000
70000627520.809586
70000718769.510178
70000030370.972824
70000628727.191162
70000822762.665436
70000375277.517639
70000304266.406509
70000896403.225525
70000875798.257477
70000106428.564697
1.000000
70000098776.719360
70000123630.358551
70000358144.429321
70000992097.614456
70000688616.598877
70000641841.796402
70000866196.356339
70000318918.085983
70000632573.273376
70000328774.868729
70000012079.436142
70000225580.397736
70000097354.051315
70000519428.413208
70000358728.293274
70000184933.027542
70000341264.183990
70000686870.977814
70000135390.133194
70000282647.467987
70000695766.314819
70000522451.785248
70000638633.424728
70000609897.863541
70000037334.225021
70000968524.301178
70000810166.909744
70000460807.457855
70000762882.635971
70000767588.981476
70000406646.520447
70000610740.109879
70000437391.452164
70000913355.907089
70000415885.239685
1.000000
70000723174.271088
70000500185.219223
70000559001.414337
70000221457.182617
70000106859.558060
70000770345.078979
1.000000
70000999216.551987
70000862529.136856
70000325104.636826
70000605452.112976
70000103401.501862
70000178064.467514
70000684160.565903
70000587649.037094
70000608884.584976
70000391291.334457
70000358444.306992
70000397444.131073
70000378506.679398
70000838172.167221
70000080328.890091
70000514473.881226
70000871902.182297
70000139606.227921
70000215909.773727
70000207117.836639
70000738795.976807
70000095220.875198
70000017526.225967
70000057885.773514
70000465514.555679
70000086625.353027
1.000000
70000328483.720398
70000732622.987518
70000450502.861374
70000749087.146057
70000896128.176743
70000982393.907318
70000385016.079453
70000586047.553818
70000700475.770584
70000263501.384659
70000583720.608932
70000475396.443863
70000467296.945526
70000558573.351044
70000733258.084595
1.000000
1.000000
70000546534.978241
70000500712.619751
70000393256.451355
70000755614.333572
70000692533.676880
70000525585.910217
70000274225.923965
70000921775.981857
70000152205.412155
70000162704.198837
70000348599.515411
70000431042.430374
70000877301.605484
70000438742.670685
70000817303.273117
70000453948.435272
70000149028.619095
1.000000
70000583747.203918
1.000000
70000868341.328918
1.000000
70000637512.456558
1.000000
70000421926.380646
70000974963.788788
70000361884.571014
70000137393.898026
70000090622.503738
70000344843.693085
70000834212.877563
70000015694.659866
70000189961.446838
70000989167.679810
70000647836.244919
70000637702.852158
70000332842.926529
1.000000
70000277993.672974
70000883579.480698
70000751903.499115
70000814045.171509
70000113501.735504
70000402878.506393
70000593577.600235
70000000813.350952
70000597141.842087
70000675022.567795
70000355644.392212
70000734634.337326
70000490896.790939
70000757544.486298
70000215349.298889
70000296665.148972
70000057892.905914
70000095556.712631
70000983143.829910
1.000000
70000429201.135162
70000501535.273132
70000556404.294540
70000243436.019501
70000003559.633865
70000392877.814377
70000438249.219025
70000593563.792511
70000183378.985718
70000639572.460876
70000288481.171310
70000066095.810410
70000353532.019287
70000598037.147797
70000881346.822266
70000797854.185364
70000121836.263641
70000123487.073288
70000929593.943207
70000046999.293488
70000542957.811798
70000599216.298721
70000768815.564255
70000009547.635864
70000603128.285278
70000657098.229965
1.000000
70000458685.287857
70000803098.366318
70000891392.471695
70000254907.369385
70000224856.070602
70000069220.209351
70000085263.374023
70000075268.545395
70000248126.677170
1.000000
70000873721.747803
70000328578.807648
70000750649.559967
70000520941.609573
1.000000
70000745816.219498
70000586016.653336
70000794476.357880
70000223176.027237
1.000000
70000292227.352997
70000659317.727829
70000682194.075943
0.33
 0 0 0 0 0 0 0 0 0 0 0 0 0
