1 401
70000566081.184662
70000904501.264832
70000491872.368683
70000964912.407852
70000488022.018188
70000033744.585800
70000521211.076035
70000708016.222870
70000720663.847244
70000618225.548004
70000653871.355804
70000730531.144104
70000308929.950012
70000635445.805603
70000155422.324478
70000525801.992889
1.000000
70000381798.276474
70000967486.253387
70000105454.308289
70000072595.832291
70000896903.178284
70000929812.459137
70000600163.102188
70000826725.845795
70000632802.724518
70000235553.323669
70000319246.641754
70000817115.178284
70000918399.543564
70000493920.462128
70000127218.554657
1.000000
70000912897.243362
70000780893.040421
1.000000
70000609285.292557
70000150416.146667
70000658617.278351
70000250989.555908
70000802894.540710
70000755179.053848
70000965105.122574
70000287923.045135
70000386592.691574
1.000000
70000715184.636841
70000558447.535782
70000593460.216324
70000217364.634628
70000131850.247772
70000973838.654343
70000111423.610245
70000472454.735458
70000738271.431625
70000307845.605972
70000512302.424332
70000405103.294525
70000338684.846863
70000049247.920822
70000372610.679794
1.000000
70000400760.296753
70000588720.979996
70000645828.131943
70000847673.746002
70000058283.806198
70000385229.274048
1.000000
1.000000
1.000000
70000882355.224777
70000302485.289307
70000940003.440735
70000657935.669540
70000982369.827835
70000944545.922333
70000329541.620590
70000282072.931580
70000875472.310852
70000734393.053009
70000881001.782944
70000003982.438751
70000688772.535721
70000024137.067917
70000807020.439148
70000923421.418137
70000177176.417801
70000684626.135727
70000997796.143875
70000921756.609314
70000370324.769470
70000612037.787033
70000281469.700653
70000437543.847641
70000532983.881088
70000711317.440292
70000228397.078293
70000610209.546692
70000988951.284409
70000872792.805481
70000484527.375717
70000238382.518936
70000426957.173752
70000870620.092361
70000353867.553802
70000368222.908813
70000674478.491104
70000012441.373154
70000500802.130554
70000479247.309601
70000479950.280716
70000906590.199493
70000660587.755478
70000483276.531937
70000189506.838043
70000216880.876282
70000334692.250443
70000188950.152328
1.000000
70000077020.412186
70000469284.018768
70000484995.528152
70000829583.211166
70000592925.019180
70000446174.283279
70000428178.422653
70000939106.859741
70000769998.782913
1.000000
70000463871.791428
70000532769.194077
70000221418.113235
70000020748.342865
70000329725.722992
70000200368.600586
70000842026.651337
1.000000
70000501730.900818
70000868633.659851
1.000000
70000963713.536469
70000471318.706131
70000187056.983154
70000285302.291306
70000766957.358902
70000412107.321045
1.000000
70000475546.894318
70000532695.825134
70000347986.327560
70000736308.306961
70000441818.617599
70000483188.672363
70000384364.223602
70000829626.804962
70000695726.202866
70000043309.481003
70000690826.804718
70000716483.631256
70000307489.123062
70000033905.610458
70000405445.563095
70000753531.190582
70000315287.489609
70000040063.930420
70000319540.769241
70000802987.208344
70000354765.312881
70000176597.435120
70000193999.823349
70000295532.506622
70000262443.344299
70000766478.196243
70000432377.132248
70000347488.936478
70000877005.116135
70000705143.383118
70000967996.963623
70000649723.007233
70000778960.339798
70000291070.227539
70000980592.736435
70000666560.535217
70000685502.576538
70000949823.937775
70000152757.006943
70000494061.138641
70000594997.476334
70000234823.336563
70000928599.365601
70000625960.953629
70000834435.320251
70000914008.620392
70000155159.381683
70000411692.635986
70000080943.752304
70000561413.261261
70000325320.348755
1.000000
70000745710.152878
70000929754.519318
70000441155.663635
70000010536.301926
70000293329.010910
70000765061.321228
70000900980.107117
1.000000
70000629907.540817
70000595200.775650
70000139298.027695
70000489658.842834
70000851386.572571
70000440744.639984
70000296513.625275
70000454291.078140
70000850335.960312
70000843213.806931
70000864661.401535
70000278247.263031
70000781648.121048
70000862296.466675
70000144985.778046
70000223216.071259
70000308874.654419
70000446217.541977
70000337044.107574
70000988525.407974
70000222574.184860
70000838543.908005
70000309167.169342
70000820102.889893
70000807168.763245
70000685701.898514
70000138425.563675
70000476764.921371
70000520109.108566
1.000000
70000795763.021301
70000641133.481949
70000841088.395142
70000005947.495071
70000971217.688675
70000228292.320328
70000159339.429733
70000148470.808441
70000235215.975555
70000700377.518494
70000111837.713852
70000835601.994064
70000518087.373276
70000220425.539734
70000018031.039215
70000395078.364197
70000174381.146057
70000030077.695374
70000860805.600189
70000447975.551743
70000539314.040314
70000332754.740768
70000429402.562531
70000936841.495941
70000195040.044144
70000284818.726151
70000326693.569901
70000694103.279800
70000624948.815460
70000492043.356995
70000422126.406113
1.000000
70000205911.821747
70000925408.379547
70000947443.116409
70000180587.373260
70000144474.406830
70000464712.616013
70000730224.795364
70000617223.385208
70000033657.648239
70000706475.376892
70000175912.884460
70000065341.942612
70000138420.917206
70000161164.999268
70000341243.032227
70000789599.482056
70000308922.489700
70000033779.677689
70000052458.054413
70000170861.300400
70000635902.697815
70000522973.028915
70000491085.480392
70000624569.392532
70000179231.062881
70000648096.693695
70000279553.596909
70000810374.243866
70000253878.813187
70000073026.084671
1.000000
70000100896.988708
70000615498.760269
70000900489.010056
70000439667.542236
1.000000
70000053852.686295
1.000000
70000576394.694199
70000145791.200516
1.000000
70000569661.348892
70000599003.592239
70000310855.996170
70000195411.136215
70000758970.323242
70000168663.915955
70000398275.622314
70000726986.727005
70000749156.922821
70000535962.237015
70000898551.848251
1.000000
70000658243.148346
70000876947.896744
70000247060.563797
70000809243.899811
1.000000
70000291202.222626
70000459613.748734
70000025928.162674
70000650647.546844
70000598666.887527
70000372448.220703
70000480580.655731
70000322716.893341
70000904926.913422
70000758396.227188
70000354354.970932
70000363947.683182
70000574783.154938
70000202246.899399
70000714206.689987
70000466636.126495
70000107071.452316
70000498481.473526
70000336370.299026
70000717890.028214
1.000000
70000952797.244492
70000980737.568817
70000804893.616837
70000346413.037186
70000774075.219849
70000465574.060730
70000566908.200211
70000353789.034332
70000098984.786942
70000813236.345032
70000492296.081635
70000736290.152725
70000836281.579254
70000881363.425842
70000477795.889755
70000122604.847870
70000390931.461777
70000101530.182892
70000684147.543442
70000525903.433243
70000179906.754730
70000309680.638458
70000263807.090485
70000211177.554886
70000038049.130875
1.000000
70000035865.787827
70000581188.353516
70000484811.050629
70000330872.095078
70000548017.744003
70000545816.480362
70000082962.607513
70000751366.745895
70000234555.240829
70000416825.601746
70000445417.257004
70000783016.539703
70000628529.435013
70000854208.540878
70000473759.924438
1.000000
70000689639.990479
70000214188.039017
70000868815.433105
70000776324.980011
1.000000
70000715813.456619
70000957785.290527
70000739189.707581
70000698671.656647
0.33
 0 0 0 0 0 0 0 0 0 0 0 0 0
