1 401
1.000000
70000281540.644196
70000165036.007721
1.000000
70000992156.101822
70000768973.845291
70000270333.398972
70000725032.000702
70000227044.303391
70000411923.081543
70000003192.129089
70000800349.373825
70000099626.031891
70000043736.939270
1.000000
70000216476.317001
70000250097.964417
70000098221.387787
70000730782.456604
70000183391.088486
70000880787.326859
70000044187.314880
70000035684.693909
70000306174.507065
70000803230.053833
70000630868.930679
70000825305.726151
70000664328.299225
70000134696.386353
70000284468.223343
70000583343.956955
70000985661.399963
70000223085.473099
70000102957.434113
1.000000
70000266115.883591
70000960271.954697
70000715030.676804
70000162087.931503
70000550124.477814
70000599665.992050
70000003739.291046
70000337365.110901
70000118588.118546
70000192759.369095
70000833447.710220
70000786535.156509
70000627225.226639
70000133158.251450
70000579493.906204
70000224938.642715
70000007964.264221
70000428504.116867
70000403546.855560
70000439597.285492
70000524414.084335
70000667004.305069
70000416375.866531
70000112333.408203
70000609259.117096
70000454242.372299
70000935306.675720
70000944460.918304
70000986373.791534
70000111847.959366
70000702539.878250
70000665297.048355
70000151079.104156
70000922780.064835
70000523225.456329
70000124470.338226
70000999987.231522
70000677376.235916
70000906146.029297
70000424519.500122
70000052455.754501
70000837264.169312
70000111299.837494
70000814411.849762
70000554673.245865
70000083230.062134
1.000000
70000118602.438644
70000640554.626526
70000408905.847885
1.000000
70000912697.393936
70000916172.385834
70000005473.974762
70000045282.342285
70000511329.499222
70000161791.077728
1.000000
70000319967.829529
70000893769.365082
70000736736.181396
70000988325.592148
70000915854.988235
70000973593.131790
70000130437.449356
70000972554.902206
70000100508.367661
70000255879.079910
70000357657.445023
70000897778.127243
70000006795.214996
70000825692.001465
70000545187.655869
70000769646.482971
70000312123.212402
70000735984.687912
70000890007.685135
70000544870.820496
70000922230.903397
70000353973.320770
70000116825.492004
70000128263.440643
70000736949.550934
70000101877.920029
70000579726.776733
70000313423.882019
70000989804.815231
70000911218.520035
70000753926.140030
70000660736.469101
70000906287.837036
70000580289.487534
70000996792.869720
70000099155.438370
70000712528.188629
70000313945.349136
70000846705.951920
70000977734.887604
70000122365.249161
70000328567.018280
70000731357.078918
70000519623.792374
70000209415.105713
70000253988.601151
70000078695.774368
70000639250.824753
70000951734.269730
70000042908.119522
70000703821.415192
70000479386.013657
70000634959.924698
70000429272.189270
70000463117.320221
70000714685.788864
70000698178.117157
70000601961.142181
1.000000
1.000000
70000076786.279556
1.000000
70000625455.300644
70000830312.721878
70000678277.394424
70000172196.451508
70000760393.310760
70000106485.428345
70000685454.389633
70000417558.381165
70000796435.761749
70000947994.784439
1.000000
70000731690.762192
70000418644.511444
70000789188.880707
70000437643.886093
70000198686.873993
70000889940.121124
70000679632.889771
70000804513.364059
70000530758.665314
70000037136.621780
70000853059.991791
70000890849.156296
70000961846.008667
1.000000
70000160587.751022
70000384265.043671
70000876026.813599
1.000000
1.000000
70000422175.704147
70000333180.396759
70000728333.024002
70000385674.735794
70000765574.356277
70000724668.747925
70000280041.609100
1.000000
70000474733.963806
70000064654.197968
70000092753.683502
70000181319.139618
70000300812.508667
70000209410.371521
70000628429.731476
70000603420.398911
70000123004.228149
70000847279.697128
70000036152.157303
1.000000
70000268195.382294
70000231856.495331
70000943098.428635
70000298219.287354
70000776325.044846
1.000000
70000730619.183197
70000107654.876236
70000320084.989273
70000093004.750122
70000681391.680756
70000033842.595352
1.000000
70000762004.446762
70000943886.801117
70000254963.829605
70000682006.175491
70000505668.172119
70000434398.914413
70000638474.337891
70000318644.844498
1.000000
70000143664.436432
70000117160.633377
70000794208.036743
70000882067.624344
70000919542.535706
70000646914.312378
70000643211.955582
70000691189.079987
1.000000
70000547236.202957
70000247326.709915
70000778827.639328
70000814877.491547
70000117672.057404
1.000000
70000438677.102661
70000694594.845398
70000775201.592361
70000031353.310577
70000482568.835907
1.000000
70000538882.779602
70000727635.316635
70000325287.796539
70000025509.826401
70000754959.963364
70000637757.812744
70000176786.681152
70000213387.876328
70000571563.512924
70000523554.094650
70000882531.139175
70000277161.489777
70000467260.128006
70000058628.485016
70000256221.840759
70000903197.592453
70000157782.269562
70000244987.368484
70000330311.836914
70000663027.407516
1.000000
70000888050.944458
70000929302.438126
70000662913.071594
70000301746.796356
70000357754.615097
1.000000
70000713371.466125
70000543477.858994
70000781247.817261
70000518902.604279
70000140192.686783
70000045573.893204
70000125231.800171
70000472317.714706
70000998319.445572
70000141198.572159
70000724123.148956
70000610215.328705
70000229830.330765
70000335041.662689
70000148448.289658
70000583355.012314
70000041334.359604
70000571159.168060
70000343932.211426
70000836319.514725
70000479805.412491
70000713022.188278
70000046260.493622
70000038641.127548
70000708925.223465
70000656833.205765
70000205940.936676
70000286525.183762
70000103892.122971
70000410685.578278
70000890079.065048
70000859744.048538
70000387525.085709
70000195388.017822
70000361003.771957
70000146412.367630
70000950774.869324
70000998414.442108
70000282484.632980
70000336638.743011
70000727570.359894
70000081325.454681
70000932990.959427
70000016787.876434
70000891550.103989
70000879686.881699
70000870533.706253
70000924930.884674
70000020076.062088
70000748163.594193
70000274851.503052
70000152237.696442
70000321506.985657
70000836506.547272
70000753132.959045
70000644230.184937
70000141508.705261
70000271267.258270
70000732606.478180
1.000000
70000391787.621002
70000375070.590714
70000299703.871506
70000678483.489426
70000190724.480927
1.000000
70000566818.969940
70000646221.592178
70000400921.221115
70000939513.503479
70000090052.910431
70000918844.466080
70000195084.062271
70000580350.517990
70000781116.090729
70000690861.349762
70000699238.376862
70000089960.233459
70000343852.721237
70000000634.375412
70000001012.401367
70000530879.874176
70000297916.033264
70000796407.341217
70000026672.338104
70000016187.275131
70000223392.677582
70000479969.725372
70000654800.804886
70000636881.989807
70000152892.069641
70000948205.640442
70000374884.696945
70000421835.346802
70000547397.624405
70000731148.454666
70000881959.560577
70000030861.148819
70000612717.405228
70000136553.484894
70000427554.531174
70000773435.284286
70000428781.202927
70000331438.625259
70000911374.113892
70000733872.278183
70000857345.632355
1.000000
70000698321.186996
1.000000
70000145819.903473
70000145473.710175
70000829082.454132
70000220289.032242
70000351122.376617
70000996348.234390
1.000000
70000673815.530075
70000023954.406174
70000452091.747925
70000944600.682602
70000891144.196213
70000251475.950592
70000070678.830093
70000110040.886765
0.33
 0 0 0 0 0 0 0 0 0 0 0 0 0
