1 401
70000806709.211685
70000937193.212112
70000123395.217194
1.000000
1.000000
1.000000
70000228139.857758
70000691027.991165
70000724254.642014
1.000000
70000264231.990204
70000780223.200516
70000850312.238907
70000587701.616333
70000831661.508469
70000091740.839554
70000692262.027069
70000140919.091263
70000092880.773331
70000930269.885086
70000118965.073792
70000602837.700958
70000261830.811874
70000153964.019028
70000385720.330750
70000892119.429611
70000536316.047562
70000409070.696228
70000873816.858231
70000853098.302063
70000913404.306915
70000031678.450195
70000156589.522186
70000255011.941650
70000620645.621780
70000174105.890228
70000255525.704178
70000897414.472672
70000349345.526749
70000059637.590546
70000225559.164413
70000925102.526215
70000679352.055542
70000775491.687561
70000667841.476349
70000835685.367264
70000092686.632538
70000866869.512543
70000266237.189117
70000950871.613388
70000382104.431839
70000937158.724228
70000058602.472458
70000962239.763672
1.000000
70000870279.423737
70000887763.914627
70000532683.740250
70000557203.902756
70000089406.726166
70000355122.651688
70000591713.225754
70000416534.537659
70000910912.724838
70000323960.668427
70000231264.619843
70000357424.462585
70000312174.028870
70000117405.325043
70000019942.632095
70000580495.074142
70000786178.485947
70000577713.688385
70000712826.858810
70000617968.609985
70000802796.719849
70000651180.020676
70000820595.534790
70000237619.241837
70000150030.550278
70000083350.524902
70000811675.460342
70000623476.254013
70000750432.633270
70000333679.857574
70000320862.974960
1.000000
70000220755.873459
70000626746.240814
70000559199.698318
1.000000
1.000000
70000858143.382965
70000832457.693359
70000307103.999695
70000865532.586121
70000976215.549866
1.000000
70000612076.022232
70000692497.129990
70000768136.316483
1.000000
70000867527.736786
70000546671.289841
70000696258.647125
70000134319.765335
70000443191.595474
70000650314.916077
70000321585.159424
1.000000
70000863034.526108
70000663131.293365
70000480050.150467
70000938109.166458
1.000000
70000966115.627136
70000755733.531738
1.000000
70000411089.536621
70000789903.418549
70000786689.980042
70000436069.915009
70000285765.269028
70000071357.925705
70000012091.931122
70000569883.028748
70000588833.061798
70000517690.313202
70000700940.094940
70000797524.254883
1.000000
70000058815.732971
70000706955.007858
70000367742.578491
70000791058.604401
70000274981.828171
70000186419.013123
70000493213.123199
70000456829.252075
70000384069.998520
70000727181.733826
70000230783.745865
70000136257.892746
70000143598.242630
70000814487.318253
70000957210.393143
70000053170.746063
70000143701.847946
70000397598.634033
1.000000
70000945277.014755
70000357472.928101
70000120081.148376
70000766070.823212
70000495633.415588
70000777695.802704
70000135614.768661
70000651384.922623
70000257933.717743
70000541046.252472
70000136573.359924
70000436526.939087
70000650830.155930
70000597076.362137
70000206582.672363
70000165168.695206
70000748131.796814
70000441839.437378
70000246554.993423
70000047877.623306
70000358239.669662
70000762036.544189
70000494985.509995
70000449865.614105
70000173569.088364
70000276752.330460
70000132311.008621
70000210068.980469
70000273066.236038
1.000000
70000974724.221283
70000563355.323776
70000273066.028732
70000052125.194336
70000343272.701385
70000292323.817825
70000263164.202728
1.000000
70000724999.892090
70000895294.800934
70000419058.867157
70000609420.266464
70000337694.803238
70000880007.714294
70000945611.114456
70000994319.902679
70000281442.232315
70000131866.639496
70000533410.248123
70000379637.173233
70000310232.987564
70000918740.325562
70000895940.410873
70000755632.637024
70000318024.361053
70000066332.617798
70000315116.159195
70000412599.044174
70000297455.998611
70000634047.053238
70000695526.800552
70000526352.517029
70000348344.991974
70000876774.793106
70000879790.878952
1.000000
70000805693.493912
70000950577.016327
70000411071.845108
70000106924.500092
70000986421.087860
70000148494.517731
70000415914.473877
70000589501.108688
70000059117.256790
70000100566.896988
70000464661.583618
70000881832.590225
70000725233.103088
70000425075.741409
70000977691.953201
70000488931.857315
70000777649.281174
70000932729.393768
70000434622.578644
70000661210.740845
70000613152.421310
1.000000
70000866966.601868
70000408605.164520
70000674151.553375
70000698815.497894
1.000000
70000696707.309952
70000876903.745895
1.000000
70000277904.035187
70000308992.682587
70000801915.549377
70000080729.362457
70000602598.217728
70000066208.294586
70000873072.338486
1.000000
70000716933.457932
70000170674.145889
70000519185.063614
70000145052.230209
70000486739.350983
70000105143.175415
70000518255.097565
70000356116.893906
70000502413.911789
1.000000
70000270661.620621
70000730261.823914
70000860634.737442
70000887102.722733
70000295145.331039
70000258632.269501
70000980571.363770
70000243299.905304
70000337285.746613
70000361607.151016
70000806637.124252
70000423818.789154
70000581858.291901
1.000000
70000918209.498123
70000389369.839996
70000904443.510452
70000984317.320496
70000643517.028091
70000542258.288742
70000383739.234985
70000698790.121735
70000536094.685974
70000946795.797775
70000077800.864914
70000281005.646423
70000039688.322159
70000179577.775620
70000172240.870377
70000630702.973160
70000133921.798477
70000100515.867050
70000078360.760300
70000446418.853455
70000015587.007721
70000333491.705429
70000143645.283646
70000049237.576263
70000245982.484161
70000396183.438873
70000811461.780090
70000412398.099640
70000585513.126511
70000230906.766541
70000142895.978378
70000879587.459961
70000045656.071030
70000928543.969055
70000627714.071884
70000475364.265442
70000101424.340881
70000728232.282394
1.000000
70000167607.127380
70000004467.806885
70000713179.749329
70000353217.299820
70000117963.587128
70000922395.436966
70000475580.169708
70000249222.084991
70000004163.499969
70000472522.482803
70000975680.106934
70000543003.964737
70000902159.111237
70000895285.957901
70000833470.994339
70000934061.991684
70000799052.464325
70000130160.250916
70000304841.072174
70000680847.370590
1.000000
70000924159.540543
70000546701.671829
70000923516.435333
70000276003.514481
70000043154.322800
70000233539.631683
70000155369.950974
70000709272.253342
70000282614.609726
70000163712.876663
70000876342.703979
70000742002.778152
1.000000
70000568836.623001
70000992069.935287
70000482686.299545
70000201667.860886
1.000000
70000727704.653244
70000211854.333511
70000211372.597168
70000603996.476959
70000235511.133911
70000358982.896713
70000598241.103897
70000416248.595993
70000067193.896530
70000537608.840134
70000858427.717316
70000450452.867767
70000263388.809387
70000074523.101654
70000096660.210709
1.000000
70000397915.537521
70000551245.006516
70000677814.627991
70000865450.083572
70000716824.748627
70000862570.240524
70000972998.478439
70000771043.213120
70000149222.468384
70000702137.273758
70000794973.953751
70000048129.257706
70000654687.612198
70000826419.491760
70000496542.789841
70000382806.008163
70000511576.688248
70000325483.557327
70000763747.410843
70000147455.602905
70000727024.133026
70000006194.989426
70000963162.330566
70000448024.426117
70000571300.937836
70000894488.122864
70000588980.796417
70000849337.229523
0.33
 0 0 0 0 0 0 0 0 0 0 0 0 0
