1 401
70000512363.820343
70000177282.871185
70000651643.795441
70000901502.412399
70000942285.733948
1.000000
70000624087.881393
70000637667.744354
70000486354.846100
70000969747.014099
70000825009.975479
70000667191.671677
70000561404.572693
70000822010.177689
70000525110.995697
70000605604.994888
70000589014.585434
70000307896.786728
1.000000
70000623414.921722
70000351261.670486
70000932211.886978
70000147864.392593
70000561297.237411
70000019606.598785
70000012260.946213
70000038534.932968
70000114764.871109
70000186117.741455
1.000000
70000467742.670654
70000705810.158707
70000251385.949478
70000224886.496796
70000813808.589417
70000393802.981201
70000589481.646851
70000230872.702393
70000609839.612350
1.000000
70000128857.417191
70000293554.557114
70000712596.423355
70000761883.981537
70000518699.835342
70000885792.448044
70000299107.387161
70000785757.762726
70000971643.990524
70000251922.745300
70000363258.601059
70000325708.109055
70000444466.603775
70000790524.245911
70000777597.696533
70000744588.446304
70000382203.486649
70000512569.678650
70000482824.713745
70000522091.921921
70000548226.812119
70000838935.069687
70000371203.951004
70000260421.534866
70000594915.986435
70000869660.967377
70000021105.264755
70000762905.724640
70000040555.936569
70000138706.629013
70000604815.914215
70000470456.132492
70000120730.759521
70000779843.443573
70000672564.802933
70000342864.125488
70000198837.566071
70000110562.548492
70000841497.935715
70000897988.045319
70000337015.561325
70000709497.078964
70000122998.371002
70000904659.206863
70000794495.293854
70000519909.626343
70000747953.300049
1.000000
70000732481.906265
70000699379.329681
1.000000
70000661130.033859
70000833933.655167
70000118271.210297
70000948318.159622
70000935836.540161
70000511760.415390
70000665932.503769
70000049560.263748
1.000000
70000627892.482986
70000907786.750000
70000014543.180222
70000941150.132263
70000568712.325562
70000568886.317978
70000922922.790436
70000174267.728500
70000421634.978729
70000579556.910782
70000999207.376755
70000400792.602600
70000216998.847855
70000737935.822937
70000688814.726212
70000236962.054260
70000554568.093155
70000362629.169510
70000846597.879028
70000238512.875351
70000677292.006531
70000081657.508942
70000789718.611649
70000611699.697556
70000874322.242996
70000683754.398468
1.000000
70000796882.367508
70000150849.387939
70000012255.264923
70000957624.271790
70000793512.216919
70000946049.767685
70000346741.388702
70000069502.347778
70000212527.106796
70000467926.666321
70000003229.593170
70000010981.928986
70000155517.740601
70000416226.235992
70000190121.890869
70000127517.594208
70000166346.542297
70000591066.845718
70000323209.665878
70000218433.851944
70000867250.769989
70000377891.147003
70000195686.049576
70000252754.396988
70000372783.850632
70000984890.028625
70000835944.809921
1.000000
70000383103.257477
70000755528.400558
70000215896.740555
70000797921.832916
70000086196.098099
70000743448.294266
70000931116.603073
70000502470.832001
70000714056.396164
70000236974.038269
70000504358.310959
70000674904.362961
70000561856.521225
70000951674.319763
70000557441.150208
70000272893.181976
70000436632.819321
70000592563.331528
1.000000
70000796950.818314
70000700468.444351
70000332493.947723
70000815672.552521
70000666974.260452
70000906311.611053
70000528845.037857
70000160766.861481
1.000000
70000839145.111786
70000301758.127121
70000975850.639801
70000502410.684372
70000069033.229462
70000687495.641769
70000945427.814606
1.000000
70000674224.478241
70000359094.864365
70000832558.614273
70000328959.779434
1.000000
70000145623.395523
70000843776.621765
70000593614.959427
70000631165.046188
70000057169.873093
70000482090.923264
70000869141.437241
70000288661.869644
70000092487.281952
70000975924.833603
70000735046.380798
70000013896.650253
70000111806.095688
70000095043.077591
70000171800.130859
70000050242.029144
70000468664.957840
70000007697.194992
70000514579.903458
70000497775.950760
70000488497.463181
70000381469.104355
70000105182.654541
70000943601.024597
70000182385.386139
70000136064.625488
70000523444.230743
1.000000
1.000000
70000048920.944626
70000777250.875778
70000718303.378311
70000533206.556244
70000785718.064316
70000453311.163971
70000316859.798355
70000286680.782959
70000028119.031723
70000928304.162079
70000100915.367188
70000882704.447372
70000923920.864334
70000171663.974167
70000803899.700745
70000733551.174591
70000962838.976395
70000362763.748764
70000156646.555038
70000707446.585663
70000700691.540787
70000070470.372986
70000420546.085785
70000785964.682983
70000378959.331909
70000471995.364105
70000965885.658325
70000025508.111176
70000070807.310593
70000753076.063446
70000621152.411026
70000883515.504944
70000381697.697327
70000378185.758087
70000035639.081589
70000284981.256485
70000321002.942169
70000993039.055771
1.000000
70000639227.374146
70000973054.477036
70000565378.308640
70000625464.694977
70000649775.387695
70000528871.024338
70000986898.382370
70000367756.172058
70000537118.220871
70000414991.351227
70000816291.063065
70000089890.082443
70000819062.000366
70000369031.724640
70000301497.436066
70000041113.614578
70000326681.351868
70000644134.734329
70000185790.392517
70000481832.266357
70000481638.798965
70000612563.554718
70000923345.685333
70000159544.548187
70000823439.216080
70000615089.882111
70000702201.544266
70000337052.503128
70000238622.128098
70000251062.632675
70000134499.901871
70000937591.758698
70000549580.522827
70000367117.566299
70000088190.523834
70000649563.024231
70000102038.384003
70000513581.659637
70000070725.515259
70000586610.759048
70000331512.694809
70000927921.851105
70000543720.911911
70000768802.429565
70000538749.831909
70000732547.318558
70000984520.562042
70000762006.972916
1.000000
70000835802.427887
70000321139.208145
70000610107.468536
70000836519.601944
70000996487.296494
70000358585.842712
70000890878.634293
70000008656.694992
70000094695.380829
70000302337.090576
70000314043.107147
70000811575.663757
70000523089.967529
70000156116.910263
70000856537.405701
70000468209.506500
70000161915.979630
70000044462.350952
70000689376.763153
1.000000
70000578091.798233
70000469815.192749
70000397784.114304
70000865269.528259
70000022792.225876
70000426318.441864
1.000000
70000388585.214508
70000486957.117310
70000961671.283813
70000992993.791748
70000482821.819214
70000463701.662704
70000794479.024414
70000778983.024857
70000170426.147858
70000269743.936066
70000421121.812271
70000587588.564926
70000757409.770721
70000622508.121460
70000182243.163361
70000392274.748367
70000022906.710419
70000089378.626816
70000135902.965393
70000983139.666077
70000466688.983643
70000113827.465775
70000050503.344650
70000434984.824539
70000770976.597885
70000502766.844131
70000981344.019958
70000496602.908524
70000702271.564819
70000188632.726379
70000976653.570633
70000028746.711670
70000793932.886383
70000050783.897202
70000517971.906555
70000788079.011902
70000214621.931702
70000560373.284958
70000182141.275620
70000589227.905823
1.000000
70000288427.142151
70000359177.706879
70000940950.634964
70000752610.043823
70000940938.588959
70000633140.391815
70000515158.814117
70000443005.712799
70000237004.073883
70000120447.624084
70000950301.771347
70000999683.795410
70000461313.485229
70000518037.943405
70000172575.446411
70000481499.217148
70000948686.494232
70000695572.568558
70000676152.442719
0.33
 0 0 0 0 0 0 0 0 0 0 0 0 0
