1 401
70000625367.271881
70000599669.750717
70000262301.351761
70000806434.493439
70000561306.113831
70000862788.323639
70000119849.335892
70000232506.207672
1.000000
70000655506.314896
70000594171.646561
70000018562.142517
70000396521.065170
70000991020.279831
70000390239.076843
70000909943.049026
70000111972.848434
70000474396.982101
70000312126.641006
70000102279.116714
70000449884.684677
70000355164.163605
70000489776.796234
70000628553.829407
70000405644.032715
70000807431.454544
70000759383.995193
70000204876.646301
70000719107.115326
70000089107.768921
70000425865.709045
70000694033.984512
70000564811.061508
70000384218.491135
70000921590.667221
70000102448.736221
70000820036.622177
70000461226.392395
70000171607.104874
70000253460.893494
70000721870.484390
70000533657.567261
70000725943.425095
70000173886.092361
70000646398.759064
70000672528.006409
70000777800.883057
70000717237.131454
70000643337.354874
70000619710.147614
1.000000
70000807392.183899
70000923399.306259
70000786060.981216
70000232703.865082
70000832411.638809
70000846573.042892
70000297221.938431
70000215765.996384
70000681635.248398
70000752659.890747
70000151915.476608
70000573501.541962
70000589368.401825
70000181129.233826
70000354431.221649
70000335708.738495
70000619212.425995
70000670882.949631
70000708251.001907
70000427273.711685
70000679619.783325
70000760390.886093
70000451213.018982
70000677541.980850
70000222599.675827
70000037456.866821
70000909674.363327
70000293643.739120
70000739345.455322
70000824723.552185
70000967680.227448
70000989333.932083
70000557063.575256
70000505530.621063
70000675669.630066
70000288383.555405
70000406261.907211
70000919484.406799
70000738158.331558
70000717417.521011
70000422585.703888
70000758349.553528
70000501449.058960
70000662871.811005
70000264803.575806
70000511531.400574
70000644020.840759
1.000000
70000818528.701706
70000173698.866730
70000882064.166031
70000945696.105133
70000335378.013565
70000456671.237350
70000070584.116547
1.000000
70000428173.584579
70000271372.686829
70000182096.643585
1.000000
70000468394.862686
70000544718.894424
70000692011.267914
70000680353.968246
70000243879.688644
70000655335.380707
70000525532.183304
70000042075.724442
70000756275.139694
1.000000
1.000000
70000530556.853958
70000159280.142075
70000794082.978424
70000240473.823761
1.000000
70000173997.942719
70000100859.214401
70000784353.950729
1.000000
70000498802.647964
70000725972.383194
70000455590.479004
70000164036.560776
70000704183.355377
70000822743.038864
70000387745.214951
70000038185.124847
70000717997.232025
70000348659.704056
70000853402.752029
70000809324.711807
70000656055.023392
1.000000
70000096709.977936
70000356088.060486
70000519633.986145
70000299120.107376
70000413339.190521
70000185246.253677
70000368225.340332
70000551476.028397
70000398147.819794
70000414028.926880
70000182412.774033
70000461499.509323
70000786153.922684
70000561149.545441
70000804639.954300
70000213462.808289
70000478617.297150
70000417219.971375
70000793513.460526
70000862833.286133
70000283268.719238
70000922161.782944
70000685427.364029
70000620735.765411
70000383467.863190
70000441060.630096
70000751108.241287
70000035175.707733
70000379790.280762
70000025135.381088
70000634472.882568
70000525472.420166
70000616680.548019
70000275505.431412
70000804038.868744
70000564813.408447
70000762473.974869
1.000000
1.000000
70000782435.656876
70000299894.600815
70000819859.298508
1.000000
70000225959.609894
70000242143.919266
70000013324.021942
70000207997.380722
70000255875.864258
70000867361.479782
70000194378.558167
70000531222.629288
70000007922.060791
70000496896.039688
70000170916.357498
70000352792.946045
70000958109.511047
70000928525.512833
70000990816.303787
70000972651.632706
70000944750.325317
70000182749.591339
70000700736.212769
70000144980.706207
70000043222.268661
70000935428.054169
70000738002.977325
70000766617.733047
70000196742.752121
70000192231.587250
70000703165.178802
70000820651.965027
70000244331.947296
70000263932.013046
70000659553.336441
70000682282.019348
1.000000
70000769986.787582
70000452136.077026
70000734582.397720
70000007922.521988
70000154145.962738
70000728059.010971
70000779090.567322
70000089600.261414
70000515246.669800
70000853886.339630
70000940662.447540
70000479180.485382
70000644152.546860
70000377335.478302
70000332304.114700
70000523194.782318
70000337842.224747
70000115126.138458
1.000000
70000552171.839630
70000307080.920990
70000478174.875824
70000268421.378998
70000347698.705261
70000422022.144440
70000650032.651459
70000413018.296814
70000794511.147812
70000822489.076141
70000552663.886734
70000922443.882889
70000800913.188522
70000820935.864883
70000244994.326981
70000722691.023026
70000715991.298630
70000531040.477188
70000098936.466858
70000824046.228088
70000757244.680161
70000449010.662537
70000429624.036789
70000352366.337311
70000130339.123611
70000359125.560333
70000276767.893661
70000496866.447067
70000758519.800583
70000108661.835480
70000524043.521698
70000603765.880630
70000600881.076569
70000114435.474533
1.000000
70000206550.268280
70000531653.678940
70000973950.995682
70000651549.694214
70000236885.453079
70000348036.545624
70000639295.582626
70000732043.296387
70000922347.537567
70000340319.869186
70000629831.916092
70000989942.945511
70000766274.913269
70000815040.479980
70000959657.287430
70000502959.930511
70000434296.045151
70000305344.264221
70000201084.834778
1.000000
70000290229.463165
70000647800.641464
70000380698.788284
70000867281.041000
70000056723.768921
70000470928.267090
70000660787.213943
70000889883.446762
70000703954.088821
70000712173.094986
1.000000
70000906957.476364
70000394204.451233
70000270664.467941
70000977547.263168
1.000000
70000434878.671143
70000350854.906662
70000749988.075714
70000465834.355423
1.000000
70000823631.047180
70000184458.090668
70000245303.198441
70000806864.941574
70000957723.124954
1.000000
70000742508.203568
70000823147.125275
70000270046.497192
70000824010.424927
70000928012.259125
70000106051.902466
70000250280.140961
70000230772.259048
70000964586.910934
70000943256.490570
70000082992.142059
70000663951.907394
70000467450.155060
70000321996.626923
70000061426.953888
70000330315.883118
70000103488.036087
70000801347.491257
70000879222.337570
70000314943.892349
70000004633.835831
70000486822.123672
70000575190.904587
70000289227.247726
70000520937.551453
70000338010.372223
70000506502.213882
70000867129.124054
70000695592.280716
70000635199.129761
70000001458.881363
70000209416.276474
1.000000
70000385671.624542
70000467916.938248
70000668107.243134
70000972244.596832
70000131376.708176
70000055101.387878
70000133496.383316
70000854955.252090
70000622620.999191
70000721592.431732
70000343507.231689
70000626684.405121
70000287638.053497
70000416057.906342
70000065186.285599
70000991008.715973
70000901625.421524
70000663240.275330
1.000000
70000504783.163788
1.000000
70000998919.477585
70000466351.529968
70000576806.174911
70000658221.225189
70000701609.618576
70000055843.850204
70000727690.014862
70000825937.255432
70000373017.989212
70000459663.865112
70000875872.773224
70000289500.149750
70000687955.868057
70000744729.040527
70000969934.644867
70000775690.008057
70000187835.508270
70000820257.345825
70000778320.564468
70000392589.341675
70000357210.281265
70000140165.131836
70000538547.579025
70000773793.248871
0.33
 0 0 0 0 0 0 0 0 0 0 0 0 0
