1 401
70000427979.930130
70000384987.430771
70000477119.023300
70000358893.557022
70000226861.935959
70000612386.878250
70000070251.760956
70000132973.223679
70000514448.321426
70000682406.205688
70000705971.930420
70000987996.134979
70000590107.412582
70000006521.668777
70000960351.315262
70000944209.077438
70000351778.943893
1.000000
70000322558.700531
70000677549.857376
70000585235.032257
70000099455.748306
70000006123.828232
70000994743.909439
70000609816.971893
70000781949.214172
70000016273.222046
70000685558.087952
70000531188.250366
70000298432.421890
70000644133.073639
70000193802.215164
70000127796.193192
70000562307.063965
70000568203.619751
70000094699.983505
70000910934.286362
1.000000
70000787351.699875
70000549113.523468
70000934312.096313
70000569871.707642
70000501113.348083
70000700840.514557
70000279338.171158
70000723372.599518
1.000000
70000870493.660950
1.000000
70000913617.113922
70000664621.603806
70000339355.115036
70000305296.064819
70000085861.243546
70000351720.473022
70000988903.859756
70000425867.142609
70000097667.714172
70000077597.479858
70000236836.164993
70000471114.945465
70000897384.031082
70000493999.203064
70000102818.660309
70000212901.160690
70000084535.831955
70000096606.410553
70000288043.330750
70000765081.601639
70000082623.594589
70000659058.317917
70000172638.217361
70000664934.882904
70000658050.172302
70000426958.740433
70000822213.432571
70000605314.171890
70000668862.785370
1.000000
70000809727.475693
70000945550.166611
1.000000
70000249121.310455
70000570806.398346
70000603483.707306
70000321154.516769
1.000000
70000435211.474884
1.000000
70000572307.506714
70000597345.890381
70000602997.574417
70000595416.323242
70000426108.467300
70000418299.840332
70000905615.747482
70000508025.565598
70000516377.678635
70000021065.823624
70000004780.410065
70000557653.518433
70000640876.348160
70000357976.488861
70000410876.249969
70000387187.648087
70000144354.066208
70000120329.495544
70000627325.905777
70000626604.917587
70000927111.824127
70000841292.606400
1.000000
70000977009.809326
70000621162.908493
70000102322.166290
70000684770.758255
70000988495.298782
70000499502.768066
70000476326.455338
70000100888.785828
1.000000
70000829281.443665
70000641800.576721
70000568627.710663
70000176326.346054
70000185594.646759
70000140330.083771
70000293596.792618
70000617463.220886
70000825723.946838
70000469171.458633
70000900216.941605
1.000000
70000280345.881577
70000294539.081726
70000456860.289322
70000328536.647781
70000821265.231049
70000047061.251923
70000889404.512009
70000558397.287201
70000016527.646957
70000679247.222534
70000379803.711456
70000169197.365570
70000128699.123993
1.000000
70000699275.339157
70000907978.637039
70000796024.314270
70000150924.254913
1.000000
70000996575.870728
70000644143.576508
70000926041.281311
70000974318.998428
70000391687.495667
70000762596.254944
70000431350.694901
70000191356.942520
70000428931.614365
70000876119.250992
70000391188.424927
70000975808.537598
70000892905.256912
70000331383.358414
70000379281.222183
1.000000
70000783805.828552
70000857681.641129
70000997411.676208
70000146016.194458
70000325197.938049
70000190032.143005
70000637730.259567
70000884009.530548
70000346848.185669
70000382662.506180
70000756842.498672
70000682103.206619
70000281167.874756
70000562187.022354
70000702038.888428
70000958578.351639
70000791607.387695
70000597473.804184
70000067703.765472
70000623507.909607
70000790698.404388
70000138996.657867
70000699256.072693
70000723747.099579
70000266594.649185
70000015003.160919
70000077557.436493
70000430853.204758
70000781990.921280
70000385732.576096
70000621613.493469
70000149644.755402
70000516976.613373
70000715886.670914
70000229026.061142
70000510113.055252
1.000000
70000333293.361938
70000101809.861588
70000970578.096985
70000746977.719498
70000817010.080536
70000654890.552261
70000277599.948318
1.000000
70000492729.464844
70000677472.795959
70000997644.993805
70000698443.571228
70000436375.412323
70000923827.721588
70000215818.578156
70000251107.221420
70000614219.809326
70000690389.505585
70000429259.824570
70000116179.732468
70000974126.988876
70000376957.614914
70000193365.534500
1.000000
70000687190.266632
70000790269.621002
70000250913.423691
70000860124.780655
70000156901.648209
1.000000
70000705735.176453
70000020961.178925
70000190422.138916
70000192782.829926
70000568851.510468
1.000000
70000396442.870071
70000572836.548248
70000844566.138504
70000933885.023743
70000673789.720871
70000207138.909744
70000651308.437103
70000072447.332672
70000310620.683563
1.000000
70000713698.200394
70000725328.740692
70000835339.506729
70000025156.914200
70000260193.134857
70000560258.997437
70000519438.289963
70000648964.174973
1.000000
70000480950.453079
70000123134.144058
70000342366.818802
70000270716.792572
70000032185.311996
1.000000
70000353763.663040
70000466832.960236
70000604005.036469
70000109426.144440
70000182309.014221
1.000000
70000308374.823593
70000070161.817764
70000726758.524414
70000908667.632309
70000066961.548752
70000993233.056458
70000713315.935745
70000349660.532745
70000570235.742859
70000465692.012909
70000639208.529755
70000400450.661118
70000357244.161697
70000847096.276596
70000543073.166519
70000552479.678360
70000737739.115891
70000893136.811707
70000857404.747101
70000722945.129578
70000394865.203094
70000434213.961349
70000211256.446320
70000140817.483200
70000407880.689621
70000364464.782196
70000383650.110641
1.000000
70000970498.645706
70000452873.185226
70000840285.882858
70000667832.594925
70000458040.307175
70000206415.712494
1.000000
70000892158.438766
70000590350.391617
70000287431.337646
70000909521.641647
70000470197.877213
70000279634.976273
70000732798.679337
70000888344.107941
70000968609.467331
70000112909.352783
70000410445.786728
70000723355.547318
70000481144.049957
1.000000
70000980617.631271
70000041538.152344
70000438212.741226
70000210607.837662
70000906883.422699
70000222228.159897
1.000000
70000674907.762604
70000495782.415329
70000840776.246872
70000265849.048981
70000332196.631012
70000476024.255249
70000576413.625580
70000640504.989182
70000686285.694641
70000723225.228760
70000648128.050034
70000845088.277908
70000832821.683777
70000210261.800140
70000607692.524399
70000804654.804916
70000322547.598373
70000657699.177383
70000085218.875122
70000886641.204056
70000454217.216858
70000123848.013245
70000872170.240189
1.000000
1.000000
70000755262.081009
70000653437.666504
70000137921.214935
70000328457.297287
70000757568.526031
70000010493.992828
70000927077.895966
70000270251.949188
70000528965.336029
70000313826.377396
70000457046.622009
70000010947.419846
70000521461.530441
70000731298.195694
70000121995.889008
70000254923.845413
70000370828.709579
70000467667.912903
70000470799.791397
70000131946.697617
70000010996.155365
70000100019.046326
70000132618.427841
70000882052.304733
70000685786.898102
70000385470.195358
70000679126.411346
70000445094.468246
70000086873.603897
70000497923.642395
70000044807.235458
70000476574.180023
70000578134.098358
70000102766.523148
70000798115.899643
70000109902.629517
70000556832.025421
70000482073.602829
70000743696.097458
70000677323.937088
70000778507.385483
70000670883.785599
70000699998.038422
70000527843.989639
70000711053.989258
70000107613.899597
70000294667.269379
0.33
 0 0 0 0 0 0 0 0 0 0 0 0 0
