1 401
1.000000
1.000000
70000260607.515747
70000378125.811111
70000874412.232895
70000212638.204590
70000576067.588989
70000811019.092239
70000151128.925034
70000006240.347076
70000942530.248230
70000961568.130600
70000301465.129303
70000610321.175827
70000368987.684677
1.000000
70000915667.451126
70000827481.714020
70000863324.481918
70000603301.124680
70000765243.809082
70000347024.376678
70000227365.412399
70000952952.182846
70000417498.840775
70000236225.048187
70000205552.296967
70000705396.638458
70000300353.742752
70000877745.707428
70000667708.667007
70000457377.292770
70000481437.962921
70000183193.282089
70000024403.890198
70000309082.518066
70000904335.914337
70000204685.754547
70000049704.805176
70000126021.165665
70000743350.405762
70000872782.685837
70000231554.947998
70000412023.789429
70000815237.206039
70000566847.646271
70000601846.684906
70000427272.456558
70000026638.538025
70000502948.813446
70000900101.341278
70000055543.325317
70000237773.902817
70000774647.785126
70000628065.351974
70000441946.608032
70000288249.156906
70000049582.183777
70000069313.196396
70000119154.484146
70000799155.662827
70000676823.678894
70000113402.720032
70000877097.831100
70000439755.900406
70000699950.105881
70000869956.969589
70000943238.876450
70000614631.904190
1.000000
70000785685.304077
70000808195.972839
70000077617.781738
70000459382.715454
70000243081.852692
70000098544.397736
70000436050.087433
70000832921.780029
70000488285.164825
70000154524.838928
70000828931.002090
70000319577.522263
70000029629.345978
70000972102.723999
70000192153.859116
70000415982.765762
70000363769.452896
70000207958.288422
70000340498.481277
70000590188.891220
70000437318.399536
70000568556.318207
70000547201.116867
70000951717.410248
70000910809.798004
1.000000
70000077129.220596
70000787799.384567
70000373001.208878
70000101151.543076
70000561400.862564
1.000000
70000017991.041473
1.000000
1.000000
70000169762.034409
70000620186.699890
70000657228.280350
70000826719.227356
70000142747.200500
70000062151.218918
70000889519.428085
70000251781.849762
70000323287.183609
70000218676.975235
1.000000
70000460768.056076
70000147265.828262
70000046763.429733
70000188262.959732
1.000000
70000697814.665390
70000034110.105087
70000470470.265366
70000247019.521408
1.000000
1.000000
70000055149.862503
70000594495.651642
70000283377.408829
70000892810.327316
70000877856.363449
70000393121.500839
70000083666.563766
70000056245.267258
70000138647.778809
70000481061.240799
70000900266.703400
70000057073.932388
1.000000
70000701602.037842
70000362763.330322
70000027577.139679
70000044539.223984
70000477398.279495
70000530650.350906
70000907925.205185
70000694187.380646
70000111503.045547
1.000000
70000074661.418503
70000463715.120377
70000720563.009689
70000948319.713654
1.000000
70000420774.509171
70000183033.274124
70000455065.029480
70000463982.127853
70000565010.973251
70000963454.239868
1.000000
70000145864.873627
70000941408.637665
1.000000
70000046612.823441
70000416016.373062
70000566164.582382
70000981167.160507
70000036794.914658
70000407157.741730
70000914391.099319
70000363851.319504
70000490841.183319
70000013238.321350
1.000000
70000555674.696762
70000153472.589523
70000208605.031082
70000089833.741135
70000531597.901642
70000640247.627258
70000174622.986481
70000937909.592346
70000650207.915543
70000371995.797623
70000249232.695343
70000460649.211319
70000524402.582932
70000185582.051163
70000756997.544540
70000939768.031982
70000556126.796204
70000707991.017853
70000253762.107330
70000405194.934372
70000575088.844345
70000720610.372604
70000352068.857498
70000708014.949493
70000625763.329926
70000735090.656296
70000404678.543518
70000663489.861862
70000075901.350159
70000605583.160919
70000179162.119873
70000950490.679901
70000593895.143677
70000078804.032745
70000885319.798843
70000884076.761581
70000032472.412994
1.000000
70000119391.527298
70000424252.606461
70000094134.544678
70000966967.889679
70000524881.814377
70000455631.070541
70000656220.904724
70000986908.455139
70000728196.055328
70000610873.670364
70000138263.525238
70000663644.399429
70000743397.974304
70000467941.219452
70000065580.335556
70000554123.671173
70000889829.637726
70000319100.534378
70000290455.254257
70000906498.515533
70000914403.547592
1.000000
1.000000
70000159390.410965
70000767516.916397
70000143639.512482
70000172385.081528
70000778327.823837
70000126642.579224
70000145439.200851
70000489889.420502
70000448827.395020
70000734973.279587
70000110779.180161
70000809710.991516
70000476115.368759
70000401903.841980
70000679392.521240
70000858701.992615
70000402161.975082
70000703746.550339
70000213764.083435
70000810650.815094
70000326419.717102
70000490114.242096
70000791548.208054
70000542956.532501
70000482031.577896
70000909559.253098
70000127699.465088
70000236086.448227
70000939456.415833
70000488625.749817
70000330869.682465
70000741262.543198
70000048175.817978
70000651216.839676
70000248646.377304
70000955213.763977
70000336663.984924
70000915880.476547
70000834160.559174
70000248665.827164
70000359053.072632
70000958392.801056
70000540443.749496
70000825065.732635
70000165985.551208
70000239003.671066
70000217292.882553
70000122246.342758
70000473612.168106
70000238532.429382
70000539260.596130
70000815143.871582
70000236785.360123
70000389854.864471
70000711816.111542
70000957216.867554
70000140546.941452
70000613039.105164
70000745709.132660
1.000000
70000379812.648865
70000486320.280533
70000271360.764023
70000038715.755554
70000741555.415039
70000528634.578918
70000686339.990051
70000012035.168686
70000806733.717163
70000700532.574005
70000921996.650467
70000253412.504257
70000584561.795410
70000261617.661011
70000761360.596054
70000323565.486862
70000473220.010788
70000179341.386917
70000543645.189560
70000927563.296036
70000792247.681915
70000835904.724075
70000640385.610764
70000142342.836823
70000503780.874908
70000837106.792328
1.000000
70000468907.346786
70000057167.825089
70000694221.132935
70000371812.524246
70000951869.806259
70000054315.694931
70000582029.469269
70000590753.512772
70000205468.899246
70000538149.930466
70000237622.385132
70000701022.025269
70000420294.957809
70000172838.691177
70000253205.273605
70000082703.031647
70000143256.731140
70000419680.584061
70000762512.567230
70000034362.062149
70000606227.540466
70000877288.900513
70000574698.876236
70000239944.917618
70000251418.367050
70000883832.160416
70000633940.257111
70000588453.840805
70000237327.526062
70000085037.731491
70000473550.897461
70000397032.459946
70000143282.239258
70000643915.557541
70000482541.233353
70000320917.720932
70000508415.632187
70000030516.190552
70000300249.790817
70000213471.354095
70000504620.269623
70000860313.771759
70000115821.726654
70000198720.604568
70000337508.331390
70000149509.968445
70000413379.604706
70000848105.780365
70000637752.075729
70000515026.645279
70000940584.286102
70000275342.011490
70000721333.660599
70000782866.155991
70000921886.329254
70000133403.264160
70000432973.667572
1.000000
70000183908.617737
1.000000
70000177673.854370
70000341183.338562
70000453545.644577
70000352214.367477
70000654039.434235
70000903972.123230
70000247321.365295
70000487203.161499
70000650583.084351
70000530728.014099
1.000000
70000243787.794800
70000263166.528305
70000184106.035629
70000535142.257782
70000218421.364975
0.33
 0 0 0 0 0 0 0 0 0 0 0 0 0
