1 401
70000654481.459991
70000993808.012329
70000842486.841293
70000689862.763763
70000140280.062042
70000668926.816559
1.000000
70000138309.315552
70000693399.373184
70000654231.185089
70000009567.037521
70000932253.871170
70000494530.951447
70000477448.201981
70000948849.142548
70000701870.700363
70000252209.507065
70000262247.514084
1.000000
70000701202.026260
70000059277.657166
70000167866.272919
70000499847.248734
70000685459.994797
70000242635.037231
70000236623.114319
70000925449.544067
1.000000
70000464566.363205
70000074195.603928
70000184646.466629
70000497880.408707
70000887740.006744
70000578183.949951
70000393615.402710
70000904163.126099
70000580888.481552
70000253748.439224
70000067066.736267
70000230608.182220
70000376147.687363
70000208773.210526
70000779377.484207
70000395637.719940
70000418817.663910
70000555799.375549
70000774388.932892
70000207693.659241
70000864868.074463
70000115125.127686
70000819102.698792
70000770852.980225
70000880467.763611
70000136896.063461
70000498510.976135
70000063298.797211
1.000000
1.000000
1.000000
70000192320.479019
70000447098.954620
70000035130.409500
70000027714.930481
70000286004.127060
70000622423.545090
70000598350.107544
70000325421.442276
70000492832.653488
70000475943.443420
70000898199.846344
70000802645.104340
70000325706.105804
70000330738.617645
70000367629.089539
70000475758.824982
70000249676.479446
70000840239.525940
1.000000
70000745848.177597
70000725093.102707
70000277891.920258
70000307600.009766
70000925740.970139
70000946795.561798
70000902049.846756
70000690427.803680
70000694823.590851
70000236426.504013
70000136892.391129
70000486770.951691
70000365219.753601
70000609232.780487
70000218746.827774
70000182591.135147
70000030698.120148
70000049169.202347
70000382113.799591
70000611272.081192
70000911548.757721
70000175971.687103
70000493180.332260
70000635836.824295
70000244074.434402
70000113752.091019
70000271644.634445
70000911129.167282
70000218099.225510
70000710393.251694
70000252720.747787
70000219504.953140
70000325810.925812
70000201977.168381
70000019238.764297
70000562492.283188
70000238376.992706
1.000000
70000681761.732285
70000508551.082855
70000771065.068512
70000602079.819809
70000844957.197021
70000174564.244461
70000139056.134842
70000643719.956543
70000350742.234650
1.000000
70000514174.880203
70000018598.486160
70000755204.947021
70000502120.381638
70000334271.766434
70000821518.121445
70000578020.331284
70000398578.705276
70000045413.051331
70000659642.545944
70000439551.198364
70000507711.709442
70000813520.649155
70000851906.745575
70000025629.497116
1.000000
70000839362.429092
70000386299.928284
70000558837.327301
70000891676.296753
70000244961.219055
70000381882.603134
70000863943.642365
70000321544.399475
70000642058.797485
70000417315.021561
70000544381.608887
70000451276.161362
70000526711.965637
70000563439.339401
70000683756.526123
70000320819.535019
70000170044.049820
70000088095.915497
70000642808.603729
70000105532.096222
70000804391.518707
70000991297.649857
70000291304.936752
70000093601.096756
1.000000
70000137846.335022
70000272057.929138
70000532970.832932
70000343866.730942
1.000000
70000147192.346924
70000911381.701309
70000601142.580643
70000755808.770493
70000024836.131134
70000546122.216858
70000929518.807907
70000740522.935699
70000434821.708542
70000870831.758316
70000341140.244354
70000645320.615891
70000897877.388382
70000726065.890930
70000904093.783310
70000848459.324005
70000324161.000931
70000675531.851242
70000267366.744400
70000629830.789078
70000950090.294785
70000184681.604706
70000231163.616776
1.000000
70000823457.319336
70000407244.569077
70000634025.318512
70000933705.708328
70000179417.477844
70000591662.756210
70000517578.297791
70000238657.762497
70000868213.318878
70000047559.974335
70000614960.746613
70000157087.833771
70000802914.404129
70000793874.260986
1.000000
70000465045.521271
1.000000
70000165322.165436
70000743220.101990
70000683939.264099
70000815791.746323
70000924908.256454
70000788844.897308
70000180733.869354
1.000000
70000093573.591736
70000232183.049393
70000302458.311539
1.000000
70000812590.672348
70000617230.424377
70000126130.313065
70000740546.008240
70000721711.986359
70000782179.613388
70000770133.436111
70000355375.141098
70000041559.833267
70000464137.265457
70000748746.209335
1.000000
70000674303.941513
70000686400.663513
70000832169.355850
70000832260.694901
70000260900.702927
70000733682.749725
70000302072.543518
70000517093.580673
70000819638.434769
70000642591.243820
70000935497.573196
1.000000
70000496523.636536
70000936706.232117
70000267532.219284
70000658386.968201
70000177404.733032
70000568020.653503
70000849045.063141
70000244562.864258
70000130082.346100
1.000000
1.000000
70000078726.961136
70000869600.444321
70000047803.548157
70000491509.259781
70000485444.305695
70000520952.694351
70000711080.635040
70000121799.458984
70000156320.231171
70000770404.057983
70000931928.121841
70000548600.567627
70000814631.691010
70000533282.204468
1.000000
70000478070.452118
70000508670.073318
70000089510.979050
70000691812.268219
70000244268.128098
70000112124.726028
70000442660.747086
70000924465.213074
70000642179.215012
70000107360.998688
70000074732.007294
70000053398.408997
70000949994.095322
70000654126.150833
70000393550.069214
70000749290.595612
70000351023.945267
70000762062.691879
70000441740.635712
70000811933.399445
70000195837.600937
1.000000
70000201252.279434
70000078352.343994
70000437319.041428
70000030747.785461
70000551744.640930
70000239602.885162
70000705954.924179
70000926523.865036
70000323461.875824
70000184312.328232
70000973200.836624
70000427564.036514
70000670582.121201
70000110452.467270
70000338043.183929
70000420293.602890
70000966121.489456
70000130505.891632
70000350322.625717
70000689264.693405
70000647048.348007
70000774559.212570
70000493104.765915
70000109333.748535
70000809650.854324
70000713686.940063
70000122522.217133
70000917658.307190
70000648994.791550
1.000000
70000806984.714417
70000164069.101318
70000474757.715897
70000531354.177612
70000929751.060104
70000698634.121552
70000532156.852081
70000328688.738693
70000960276.040771
70000100033.952057
70000322438.693008
70000017013.889816
70000518786.408600
70000871367.623947
70000425225.990402
70000341701.386917
70000242775.308884
70000967385.326752
70000291294.157013
70000205093.453369
70000914558.444946
70000426492.567764
70000697262.199677
1.000000
70000806040.425980
70000828891.930252
70000481545.112274
70000382384.572906
70000933618.266617
1.000000
70000588811.466370
70000399788.997437
70000648892.649750
70000577191.809723
70000940265.288773
70000042860.440598
70000594937.885880
70000741371.375763
1.000000
70000838038.375473
70000287049.786545
1.000000
70000485935.927170
70000230355.206360
70000112527.005280
70000231763.898392
70000402357.248047
70000995349.274429
70000893687.368500
70000514003.326782
70000044230.932770
70000402470.805511
70000053746.275345
70000942797.324615
70000553277.619354
70000183441.307083
70000324695.632416
70000625326.772415
70000345472.828995
1.000000
70000425886.187988
70000369426.778946
70000414753.944962
70000543846.307083
70000368030.982605
70000877853.706604
70000251997.468887
70000573373.429398
70000977328.061127
70000246318.158493
70000434215.623077
70000598906.586823
70000716425.852722
0.33
 0 0 0 0 0 0 0 0 0 0 0 0 0
