1 401
70000771743.999969
70000548065.665817
70000631314.992203
70000191989.307327
70000031290.629532
70000415642.653824
70000167311.953735
70000336828.368149
70000232465.136063
70000340123.608734
70000915695.641052
1.000000
70000282927.233200
70000194479.919739
70000672113.214172
70000208074.099121
70000865146.777176
70000039895.798798
70000830468.772842
70000873736.745667
70000080008.586395
70000863598.884628
70000100118.490234
70000860000.847778
70000471912.518387
70000957435.318405
70000203077.178284
70000420917.877335
70000591888.007050
70000538657.042892
1.000000
70000452166.814636
70000979885.651062
70000399410.206894
70000764504.602280
1.000000
70000671848.977921
70000482073.195572
70000673001.420776
70000789659.042709
70000001462.446930
70000497526.008270
70000611048.746490
70000028237.285431
70000181780.743423
70000439713.895538
70000902769.654373
70000785595.045227
70000138743.473404
70000065324.906693
70000730497.634338
70000220214.479492
70000834624.490799
70000684234.408432
70000119666.980927
70000518306.288834
70000572337.025986
70000747943.700211
70000222798.519669
70000978105.719406
70000049236.095932
70000521961.152374
70000374458.783768
70000729808.646774
70000206450.168137
70000875242.366623
70000656393.635056
70000422086.690170
70000636074.907272
70000746974.516556
70000198563.658661
70000927725.343521
1.000000
1.000000
70000230426.526672
1.000000
70000407485.751099
70000690046.935486
70000816292.852341
70000518146.996918
70000328582.814453
70000647072.045242
70000776169.876328
70000973741.969528
70000670042.521149
1.000000
70000126708.315048
70000453914.189835
1.000000
70000182227.125839
70000747564.792648
1.000000
70000241789.240356
70000043018.035507
70000648541.456909
70000684017.401611
70000960369.929764
70000466226.932327
70000274356.843964
70000310192.996643
70000603815.689102
70000392693.433304
70000816513.626144
70000340503.614853
70000601177.272720
70000243268.045578
70000126771.127380
70000056631.719376
70000269546.390625
70000782487.310776
70000674717.271301
70000461340.656052
70000160051.900040
70000506930.248062
70000224629.668198
70000406775.267380
70000368421.004715
70000422934.576859
70000530293.026199
70000116962.580688
70000139521.707321
70000273086.358597
70000935446.306610
70000718727.225906
70000591124.857574
70000068534.097412
70000443131.187363
70000644704.134552
70000790284.588516
70000272306.580551
70000421918.403336
70000434241.603363
70000911731.111603
70000602532.281464
70000593506.331741
70000427776.616455
70000140159.372070
70000520874.045135
70000795897.207321
70000711339.483856
70000834593.480164
70000623002.488098
70000017083.114822
70000116689.322525
70000585933.508957
70000944383.724670
70000036593.654037
70000469136.831680
70000453686.606064
70000174843.228989
70000879547.674149
70000929297.475632
70000669264.908234
70000962503.431168
70000675898.537582
70000377163.818985
70000714414.833298
70000006816.030823
70000675580.199860
70000694232.314056
70000638468.096680
70000044129.083572
70000466078.850693
70000342183.573944
70000645949.226151
70000792104.205338
70000642156.794128
70000899743.036697
70000471321.276199
70000724299.867569
70000388643.702728
70000622052.865417
70000022084.374481
70000168733.048050
70000209493.369629
70000056755.312195
70000022561.174347
70000449556.484253
70000041325.997208
70000685639.477875
70000715439.975693
70000813623.361130
70000787366.099991
70000779021.357407
70000651397.506393
70000439766.158005
70000285357.235718
70000520477.054214
70000670421.910690
70000966698.792450
70000831074.524521
70000553412.637573
70000919011.195541
70000195614.207306
70000863264.985153
70000032505.516922
1.000000
70000633764.804199
70000778510.968063
70000183813.985901
70000449203.982788
70000963697.926590
70000615855.674530
70000753582.311874
70000252111.983871
70000443242.608994
70000585844.143768
70000187142.742859
70000859987.902939
70000764058.652939
70000759924.465317
70000613298.553772
70000540003.663925
70000099329.174408
70000585041.282684
70000512070.671616
70000514477.550140
70000687705.534088
70000019329.585114
70000319134.557266
70000697779.637283
70000072026.459946
70000790742.436371
70000824395.971283
70000959719.542160
70000004066.449951
70000221442.883591
70000983454.781174
70000460728.995804
70000209287.170212
1.000000
70000743130.168289
70000286799.546875
70000516886.438568
70000397460.982452
70000752428.378693
70000525260.438599
70000104835.750229
70000293145.003662
70000431638.182205
70000227979.148621
70000862502.592941
70000507039.468658
70000859720.416565
70000697700.844482
70000520589.917252
70000640547.080078
70000789597.750565
70000679927.762314
70000476867.919205
70000385642.935959
70000768966.742737
70000739369.467224
70000282920.929901
70000584584.204315
70000330381.553772
70000559243.427948
70000415353.303802
70000608766.378281
70000195237.899170
70000786480.667816
70000399184.410736
70000133507.265427
1.000000
70000710894.217545
70000617473.438873
70000755715.077469
70000652770.327835
70000510463.430420
70000379400.777008
70000503828.357437
70000770710.253754
70000576858.791550
70000442785.256546
70000701411.383362
70000665485.859253
70000348672.436493
70000934548.239456
70000052128.873154
70000768798.811356
70000296383.858078
70000644141.233261
70000234013.683701
70000053831.512238
70000464650.288010
70000352085.494690
70000969745.902512
70000873426.160858
70000281906.856735
70000638296.448502
70000937948.724869
70000388089.301239
1.000000
70000725114.043961
1.000000
70000381407.021744
70000288855.041931
70000216667.154007
70000720510.757996
70000119992.456635
70000202339.354721
70000419519.068741
70000073681.553864
1.000000
70000242804.054886
70000155953.663681
70000472402.272278
70000275872.966080
70000036359.177979
70000338818.155029
70000060295.044815
70000515316.199631
70000312205.840591
70000043371.002716
70000136470.113632
1.000000
70000478951.149796
70000043851.736267
70000354315.279236
70000388190.237595
70000097654.407867
70000058649.986298
70000728699.436142
70000099847.337143
70000937817.784439
70000941185.128860
70000128167.017014
70000543511.598755
70000623413.058899
70000543790.942123
70000266775.454559
70000697645.239258
70000829009.382675
70000194046.410355
70000377597.975098
70000888406.699585
70000307829.429916
70000619243.635025
70000743309.374374
70000393395.572800
70000584609.482651
1.000000
70000593191.878815
70000496280.352341
70000028817.891235
70000524521.832138
70000958026.314423
70000114585.570709
1.000000
70000588032.733505
70000014217.997452
70000083676.155243
70000247061.623367
70000972517.005371
70000389152.282700
70000674962.026550
70000731705.775467
70000884610.062592
70000473683.939987
1.000000
70000324795.603302
70000601292.272446
70000997697.674973
70000939493.347870
70000985006.494125
70000544599.084320
70000871681.580276
70000977591.555893
70000502218.175644
70000968443.216232
70000419889.671310
70000444352.972412
70000656540.900543
70000912572.065033
70000831710.691132
70000003751.583740
70000710811.107620
70000770154.308273
70000409843.030792
70000792295.283142
70000376387.157303
70000354043.777649
70000876095.768372
70000692523.719376
70000415376.588699
70000136304.555099
70000523555.740234
70000424906.522202
70000253451.817322
70000760169.164093
70000751447.650986
70000009525.681747
70000233466.080597
70000277121.758865
1.000000
70000155401.426239
70000521932.840927
70000429049.959015
70000613753.052231
70000015179.646515
0.33
 0 0 0 0 0 0 0 0 0 0 0 0 0
