1 401
70000570502.291428
70000882656.927200
70000081220.775085
70000363495.065445
70000858510.575714
70000101896.485794
70000624078.025757
70000584399.975891
70000525245.624527
70000197743.864136
70000687294.484283
70000574321.807068
70000669683.111298
70000428789.410538
70000538543.170441
70000246302.378937
70000928927.811722
70000096210.998138
70000981967.218521
70000312669.882019
1.000000
70000978933.868668
70000087444.434723
70000955596.633789
1.000000
70000868968.650711
70000286414.259827
70000323272.550507
70000485784.933762
70000443255.238770
70000492699.969086
70000026747.181488
70000745862.895370
70000429933.659332
70000953227.544556
70000088279.517776
70000212506.996155
70000913185.496429
70000054233.350311
70000462507.195145
70000900281.466782
70000926316.352310
70000417395.754395
70000863886.430008
70000083042.791336
70000534228.994186
70000151722.534592
70000117648.617615
1.000000
70000127991.468994
70000796575.933792
70000640504.897110
70000385290.569702
70000329809.176453
70000827632.272842
70000209225.117477
70000936577.326553
70000309069.926529
70000153051.748672
1.000000
70000937492.836823
70000202284.714630
70000270168.572220
70000173992.806854
70000718769.694504
1.000000
70000928507.880615
70000491789.840378
70000092523.416992
70000806523.912537
70000167238.042358
70000984631.663177
70000024779.562744
70000872537.103119
70000260539.540665
70000055541.982376
70000545219.871735
70000840643.933731
70000561002.658112
70000887366.021545
70000044997.890503
70000699482.004517
1.000000
70000797793.896683
70000056439.089813
70000704768.998947
70000048807.381760
70000949323.649094
70000073449.340683
1.000000
70000533852.798462
70000845393.129013
70000770466.933533
70000359566.084808
70000532631.888290
70000936374.290085
70000944604.218933
70000676129.645477
70000624195.934174
70000485562.159714
70000833440.799545
70000611865.692200
70000829097.007126
70000360224.782837
70000562873.639404
70000566660.032959
70000828708.589905
70000732410.028336
70000760201.416367
70000663851.203690
70000834853.071625
70000458774.439041
70000058710.876022
70000825358.815109
70000421750.682327
1.000000
70000471127.432617
70000022386.047607
70000078195.992767
70000090948.090439
1.000000
70000393276.377792
70000833478.534775
1.000000
1.000000
70000713035.303970
70000666552.246414
70000551870.232422
70000045571.700745
70000629081.046143
70000926053.736526
70000432605.319443
70000102339.748276
70000783160.980713
70000318695.434402
70000824524.626801
70000480004.327240
70000932577.848572
70000139579.449387
70000769686.394531
70000863161.769257
70000049598.215012
70000815454.567169
70000601378.527252
70000885793.266693
70000887914.564560
70000371220.901611
70000311817.875107
70000015267.919327
70000970737.333511
1.000000
70000834136.307831
70000555143.715317
70000110025.815323
70000669858.979324
70000180687.612961
70000945938.335770
70000861061.232437
70000746096.506897
70000988863.301956
70000732463.757202
70000182900.827301
70000533104.619644
70000585789.486755
70000708760.853851
1.000000
70000609333.975677
1.000000
70000548743.017242
70000387534.333984
70000885858.200500
1.000000
70000867538.552994
70000982101.088623
70000285813.709793
70000759081.916550
70000659089.852356
70000116809.741211
70000158374.285370
70000864617.606552
1.000000
70000713706.658295
70000005666.281082
70000615593.812973
70000563439.374649
70000849299.563431
70000641740.591217
70000350483.086288
1.000000
70000364559.750504
70000776591.202560
70000848885.035416
70000973841.082565
70000129062.125610
70000906198.628479
70000735910.546387
70000126308.826691
70000735207.743057
70000532337.261841
70000683522.261551
70000728238.245087
70000233874.502243
70000107421.970627
70000254034.657867
70000078126.344742
70000586586.291428
70000568338.320114
70000832184.807236
70000957639.211304
70000502353.539368
70000088730.305237
70000001117.500107
70000591347.589081
70000271159.817856
70000297923.217163
70000713787.816422
70000799619.622055
70000556686.268478
70000304093.610413
1.000000
70000750597.962234
70000443414.143768
70000813182.220779
70000037933.244095
70000224402.798553
70000881006.034195
70000126964.939468
70000118180.508484
70000002881.511154
70000484501.589890
1.000000
70000081985.539597
70000867914.088272
70000092844.285416
70000954514.433289
70000915040.257629
70000081057.760025
70000951240.179230
1.000000
70000313465.880112
70000105497.192963
70000284585.930725
70000222996.980118
70000096436.188705
70000741769.891403
70000025675.682892
70000682956.034470
70000463030.414108
70000826420.790222
70000237931.965118
70000684099.354416
70000251569.990051
70000626032.814407
70000852401.227966
70000684434.682098
70000240428.736801
70000464568.923279
70000323591.688583
70000325935.348221
70000013364.119446
70000320296.606842
70000160508.066635
70000177126.459930
70000601592.882034
70000535828.903702
70000252183.060379
70000683199.177551
70000577913.972366
70000672941.086685
70000415151.336411
70000612663.925858
70000721782.418045
70000740648.494522
70000875558.576431
70000435742.277328
1.000000
1.000000
70000631355.925888
70000785998.275269
70000129039.275253
70000964888.560669
70000131824.802719
70000288039.089249
70000517007.714050
70000868281.451950
70000845592.921402
70000980208.489441
70000422414.586456
70000461599.833893
70000854874.160568
70000603810.430191
70000704748.915726
70000152656.016617
70000035704.377945
70000520092.901611
70000447890.551529
70000682984.257889
70000286306.581421
70000236689.653885
70000115345.885910
70000674016.768600
70000301959.888306
70000068366.393951
70000331671.012268
70000238050.689362
70000260744.915909
70000826213.469727
70000846425.202744
70000129606.190430
70000331040.836090
70000560445.532852
70000613436.538803
70000497851.959305
70000018391.394302
70000224764.254807
70000388412.110931
70000801427.901382
70000011969.173416
70000970841.384399
70000180739.732803
70000863265.218216
70000402617.031708
70000485582.828018
70000361131.784790
1.000000
70000151738.544708
1.000000
70000694811.041855
70000319239.124649
70000185382.709000
70000091210.865829
70000888981.519180
70000029568.426498
70000222935.626099
70000638755.434006
70000896085.898605
70000097505.067505
70000359346.910278
70000056267.971130
70000616824.761536
70000639449.369781
70000321100.307251
70000797603.993805
70000651578.248657
70000897789.058105
70000211491.789200
70000173054.994247
1.000000
70000424177.928101
70000669956.740356
1.000000
70000776920.470718
70000383319.106354
70000242304.748947
70000623206.826523
70000799564.244324
70000930885.429947
70000809565.034988
70000815450.767288
70000551970.325546
70000801538.207458
70000048618.152924
70000295774.023880
70000990257.483246
70000340696.457504
70000571093.030884
70000287572.507904
70000090538.119781
70000152659.553665
70000532843.034821
70000654270.803497
70000686401.713806
70000852019.958084
70000379934.143158
70000493093.315994
70000264108.569504
70000483160.534470
70000740828.279388
70000126128.769226
70000963776.871292
70000665184.537277
1.000000
70000436376.183624
70000657209.281937
70000644133.166290
70000419462.703354
70000383419.403488
70000684607.086990
70000279784.912216
70000178552.086990
70000812428.092987
70000938568.801651
70000779559.687241
70000516606.709305
70000992608.943710
70000467617.030167
70000856298.913284
70000178994.759018
70000318397.012314
70000564120.727448
0.33
 0 0 0 0 0 0 0 0 0 0 0 0 0
