1 401
70000656068.644897
70000745815.440796
70000114990.097107
70000575702.570999
70000039211.853745
70000557177.981537
70000207806.415054
1.000000
70000310326.877792
70000286206.292542
70000471907.743683
70000485222.861023
70000826249.220444
70000754457.843964
70000508251.342316
70000876834.112534
70000084544.224487
70000098959.930435
70000861563.934998
70000009839.118866
70000079088.663162
70000335054.533829
70000926855.668823
70000939022.624344
70000737598.731720
70000723894.304291
70000323035.288330
1.000000
70000979182.752731
70000631586.191345
70000636565.592178
70000326938.480026
70000113046.990952
70000899242.725388
70000812183.992157
70000230979.373169
70000177380.952316
1.000000
70000953773.871689
70000409699.188583
70000537325.795532
70000046979.697708
70000897893.529800
70000106224.236450
70000798050.288406
70000485999.568100
70000113311.616516
70000932985.438660
70000796886.519424
70000039569.949997
70000720711.383255
70000816359.323822
70000574313.074005
70000936787.666382
70000021407.033676
70000207093.033539
70000840559.340744
70000357394.627991
70000228102.358215
70000963868.942276
70000028375.099106
70000380179.357254
70000849791.759064
70000609376.553787
70000758287.587585
70000466574.431793
70000515368.856735
70000516290.601639
70000361473.999832
70000287944.917603
70000154311.005524
70000528499.516937
70000210915.946457
70000509027.810089
70000097158.815582
70000028713.294235
70000923118.237778
70000529433.437637
70000341214.672073
70000492565.014145
70000549612.531387
70000245032.929916
70000714639.621384
70000459832.307205
70000602818.624527
70000676806.918396
70000316946.326553
70000847277.908920
70000487813.758896
70000494605.473938
70000859347.418427
70000611967.164337
70000714720.797806
70000997933.522964
70000310144.940445
70000166277.202011
70000995595.418640
70000337223.874222
1.000000
70000431089.156235
1.000000
70000310089.496033
70000270197.289932
70000696986.247208
70000820329.758316
70000148189.810379
70000335758.024139
70000998876.480820
70000801327.002029
70000342442.596176
70000763873.144730
70000216109.701935
70000258635.211151
70000236367.181320
70000290662.595779
70000463813.588165
1.000000
70000649597.179016
70000830258.346939
70000000489.004089
70000082497.988937
70000877342.026505
70000751737.215179
70000618248.228180
70000775933.282776
70000426839.213104
70000835019.191681
70000380841.922684
1.000000
70000274449.050797
70000497788.839478
70000089605.415817
70000621329.087158
70000940249.313660
70000429028.848190
70000690227.298904
70000730071.005844
70000367505.921417
70000777026.250961
70000793266.362991
1.000000
70000800813.381195
70000184371.412476
70000221173.099258
70000919563.191956
70000682662.896362
70000487665.283539
70000017045.849609
70000074212.925888
70000490499.711044
70000399430.580383
70000564174.565002
70000895053.589127
70000630214.948059
70000086665.028778
70000025208.095062
70000144093.547913
70000638519.562866
70000710332.205734
70000062302.637344
70000205719.263535
70000925567.356522
70000568120.304779
70000579247.574554
70000998529.265213
70000936475.378296
70000691954.318542
70000816831.080765
70000750615.918121
70000253215.260620
70000497908.419846
70000751260.678513
70000868145.772034
70000601483.342636
70000291304.474655
70000304717.404373
70000058665.207047
70000748888.391953
70000458993.606491
70000846094.419907
70000054056.208237
70000193222.246307
1.000000
70000350789.887421
70000764914.278046
70000455528.917236
70000436014.260544
70000226584.917740
1.000000
70000775327.579559
70000694794.167068
70000885957.104904
70000364255.194214
70000132450.559143
70000103702.730515
70000353810.123245
70000798492.382645
70000928000.025055
1.000000
70000642063.853668
70000850033.989960
70000950544.867279
70000862094.445007
70000819490.944153
70000187360.295685
70000122756.770508
70000000518.615540
70000157463.497543
70000603148.618927
70000995251.782486
70000587490.299133
70000682807.064209
70000024213.659012
70000811825.618973
70000232789.733582
70000412802.864563
70000763694.489655
70000802086.043701
70000171869.804108
70000412032.341278
1.000000
70000973115.534195
70000680330.606293
70000376644.011200
70000270492.339218
70000988032.489792
70000448484.610748
70000160222.402420
70000842200.272995
70000220400.746582
70000753241.947220
70000772394.534454
70000842525.138504
70000423586.325684
70000489512.767410
70000114152.689194
70000472793.145737
70000967455.855911
70000922389.881561
70000709595.241333
70000772245.659256
70000155181.930954
70000990736.841827
70000441836.078232
70000144732.308853
70000731191.660431
70000974190.567764
70000381784.213852
70000484684.480118
70000052576.317139
70000760070.661072
70000500663.362579
70000137860.971893
70000454058.845322
70000849536.000656
70000342101.359940
1.000000
70000014515.479614
1.000000
70000972950.278763
70000063860.911575
70000453486.478500
70000358664.433868
70000461107.589203
70000378503.587524
70000787722.580109
70000428910.519379
70000757264.333298
70000996940.484924
70000455230.620651
70000011941.594971
70000856368.834290
70000107382.887100
70000829758.621155
70000607007.712189
70000019677.592529
70000362592.743454
70000536211.847961
70000033260.167221
70000085133.434372
1.000000
70000964469.165573
70000680891.033340
1.000000
70000000979.385010
70000770627.413879
70000428011.139465
70000785740.242188
70000750908.795715
70000185157.686172
70000769202.995667
70000559259.180496
1.000000
1.000000
70000868201.415634
70000791152.404434
70000406363.790833
70000023009.465164
70000420455.702744
70000136179.546432
1.000000
1.000000
70000915905.345123
70000762581.633209
70000655070.565445
70000942186.287643
70000693052.368835
70000652203.003708
70000730568.840378
70000479525.763199
70000600217.556931
70000216458.152557
70000110490.287903
70000390788.791519
70000871577.218277
70000507528.557816
70000500045.491837
70000375113.936615
70000858894.685257
70000347612.996887
70000999066.925644
70000613989.760483
70000540813.990250
70000853887.929398
70000401689.618698
70000968083.978439
70000885657.083145
70000099981.874268
70000970538.650757
1.000000
1.000000
70000351291.829926
70000205408.491165
70000662095.149948
70000237345.802505
70000994225.218826
70000866339.596008
70000102345.207672
70000557337.867798
70000212922.300827
70000007637.841949
70000845631.792175
70000430423.714859
70000255805.184723
70000431985.197235
70000251071.568176
70000884436.666504
70000340592.510330
70000404040.637711
70000470553.149384
70000546784.710770
70000915515.275894
70000288349.180786
70000325646.904205
70000838746.880524
70000766332.776306
70000036151.499786
70000425241.240997
1.000000
70000671891.408279
70000541417.026321
70000415237.679840
70000684197.684494
70000151066.536835
70000081811.732483
70000234693.299622
70000154796.209732
70000566555.304962
70000013942.898056
1.000000
70000671733.375626
70000912069.708664
70000853557.349487
70000412050.998596
70000002597.433151
70000143241.090485
70000327658.418549
70000314511.092163
70000671008.115555
70000350694.985809
70000741877.716217
70000654888.213211
70000457825.783325
70000243085.720840
70000541603.771378
70000454355.052917
70000706291.606995
70000557124.665359
70000200441.920761
70000161481.229523
70000850555.708496
70000152621.334198
70000871248.238388
1.000000
1.000000
70000577088.877167
70000307204.226913
70000907739.086990
70000226503.299881
70000163526.484238
0.33
 0 0 0 0 0 0 0 0 0 0 0 0 0
