1 401
70000161598.712112
70000624013.045349
70000052503.075958
70000067756.747528
70000111372.148727
70000281703.923553
70000069277.650543
70000991523.821716
70000873392.578140
70000342042.047333
70000806545.128769
70000304020.576706
70000299185.323288
70000476909.990997
70000732010.492172
70000994477.057022
70000973091.663544
70000011954.065155
70000905594.452515
70000299551.216309
70000446134.062103
70000612190.468979
70000604488.313797
70000463109.009964
70000001887.542908
70000074373.032669
70000522978.772339
70000369926.955063
70000194464.401886
70000306251.728180
70000871790.737915
70000270121.540131
70000944328.388611
70000690429.531601
1.000000
70000292686.255997
70000686275.732666
70000171910.254044
70000016843.562714
70000808687.379562
70000329006.836014
70000545686.990341
1.000000
70000700623.722153
70000330071.130585
70000435830.328903
70000057681.284851
70000624091.751541
70000653283.394073
70000537313.537430
70000588475.135986
70000166662.001526
70000853811.305923
70000978431.272736
70000071151.229721
70000225308.750381
70000963461.241104
70000461128.700256
70000400237.466476
70000443876.141754
1.000000
70000093811.438034
70000736965.517502
70000146320.439713
1.000000
70000584280.131744
70000846073.806686
70000758509.281677
70000347247.733521
70000657669.832550
70000419406.409286
70000588996.092667
70000557118.224701
70000059304.724777
70000187254.835342
70000846065.867432
70000559514.382126
70000297925.863510
70000688739.122238
70000156702.222610
70000988050.422287
70000748573.791000
70000508107.616226
70000077594.379532
70000573024.809067
70000431689.654343
70000775685.221405
70000179303.543121
70000329034.300262
70000549129.835892
70000465706.742050
70000676398.960648
70000033544.459656
70000987120.757797
70000852423.154297
1.000000
70000865142.920898
70000413986.964249
70000734412.508484
70000422483.089310
70000351548.643539
70000768888.893112
70000042317.040985
70000369875.090073
70000123846.047592
70000513439.465210
70000159546.631317
70000836002.100403
70000425513.023560
70000900214.379227
1.000000
70000251682.917145
70000796873.365128
70000049503.183182
1.000000
70000876296.818375
70000281499.104538
70000284479.598297
70000196979.902283
70000433039.276428
70000400479.552780
70000802738.469742
70000855655.665009
70000685802.351013
70000516829.242050
70000323790.751984
70000782070.859680
70000437639.238327
70000647811.713013
70000227086.350006
70000253686.911301
70000385178.750824
70000790541.280762
70000488131.045380
70000547277.466232
70000391362.772552
70000716373.789963
1.000000
70000967908.570740
70000275734.049820
70000823179.948334
70000384470.753479
70000056741.647324
70000453907.182312
70000875915.280167
70000317611.120712
70000607890.718811
1.000000
70000392700.350220
70000554481.022690
70000964489.746155
70000815673.289642
70000719249.813156
70000770510.734131
70000921208.963409
70000156997.788513
70000571187.095154
70000525414.221848
70000016820.047363
70000836775.488678
70000543870.455536
70000482499.310913
70000816853.403992
70000998695.262177
70000593567.257690
70000039117.652695
70000025932.387772
70000742607.904907
70000015981.212616
70000732336.074203
70000943588.638016
70000684874.585342
70000369697.124008
70000948885.394028
70000098666.501129
70000283990.040710
70000634056.641327
70000060445.062881
70000395180.439011
70000597909.362564
70000899593.091568
70000718293.650345
70000108865.281311
70000645162.322906
70000521710.025635
70000111711.444321
70000726618.266418
70000853053.571136
70000598023.640045
70000545806.142807
70000913065.889801
70000419262.480438
70000959545.101364
70000205518.739944
70000036673.929489
70000655424.290970
1.000000
70000816210.665222
70000726469.220169
70000877230.013565
70000523853.119980
70000223129.159897
70000135313.480789
1.000000
70000467038.052124
70000247559.919159
70000920566.368851
70000877414.548401
70000525155.072983
70000246528.466476
70000431887.416550
70000272676.685837
70000685546.343475
70000771095.896149
70000346335.629761
70000875560.195007
70000660631.404587
70000500164.055099
70000077302.075027
70000682403.281036
70000911700.565552
70000842845.179962
70000504166.651611
70000339759.326843
70000437283.988495
70000088160.039429
70000813807.990601
70000887490.269455
70000178390.403503
70000019271.864243
70000208823.983871
70000953767.416275
70000444428.738953
70000357815.416412
70000896137.045685
70000063078.734772
70000529248.728577
70000854339.284546
70000466922.545380
1.000000
70000143006.820251
70000307909.854706
70000342538.745224
70000525263.328964
70000110059.851807
1.000000
70000535922.235138
70000663214.818405
70000719448.637939
70000041687.714035
70000823271.381454
70000713934.449295
70000760854.914673
70000437227.770859
70000332228.146698
70000551800.458984
70000290446.042480
70000727150.395645
70000182023.643570
70000168755.955383
70000400179.286362
70000075557.420944
70000867844.462006
70000066439.723145
70000545296.515717
70000276888.348145
70000080950.081421
70000548098.444550
70000017666.323730
70000969835.782608
70000995411.136276
70000349846.176590
70000008075.114426
70000599215.020645
70000755338.575195
70000821412.489334
70000452052.200241
70000828899.064285
70000437389.255386
70000275202.882095
1.000000
70000579331.933167
1.000000
70000538945.365051
1.000000
70000753985.756241
70000686801.511322
70000579401.524734
70000985974.783463
70000000072.228699
70000689205.220627
70000181126.860657
70000638563.823105
70000990337.291946
70000043852.349243
70000532859.710495
70000768124.270752
70000615301.923508
70000713768.405807
70000566215.245178
70000271288.682846
70000896450.603302
70000845940.350830
70000779072.351395
70000972710.502792
1.000000
70000902637.464630
70000929651.508316
70000200054.550201
70000941101.681839
70000022694.815079
70000271342.020691
70000886313.818573
70000748358.856659
70000760745.515076
1.000000
70000054950.527267
70000403306.616333
70000971076.742676
70000985388.580841
70000593641.293182
70000204148.451035
70000034592.516251
70000971236.822464
70000421095.410324
70000064967.056442
70000726837.195892
70000136812.902924
70000650050.324310
70000367291.445282
70000382242.383698
70000174613.404160
70000087582.761353
70000946575.485687
70000876991.352356
70000527037.897522
70000037073.591980
70000009699.832809
70000469916.760742
70000029538.712570
70000490055.711487
70000324461.534348
70000415103.225510
70000508000.553375
70000846946.003571
70000534282.210785
70000642856.652237
70000733055.970352
70000572061.387024
70000271305.724197
70000688483.106979
70000708826.914795
70000162332.808456
70000586471.159042
70000151537.284973
70000251724.173111
1.000000
70000574986.864990
70000359937.444229
70000483698.323334
70000532287.246368
70000931372.440063
70000075553.209976
70000655801.217316
70000340700.540604
70000455181.889603
70000539783.940842
70000667442.987701
1.000000
70000471382.090408
70000024885.001389
70000133308.840622
70000690882.475998
70000069565.776276
70000960448.880829
70000742330.730179
70000391342.288864
70000495908.177460
70000329708.780701
70000862735.022736
70000202681.473282
70000959162.732162
70000195586.007690
70000655072.126266
70000196346.458801
70000056968.664581
70000321200.260300
70000416018.455048
70000836979.894028
70000024594.188873
70000406180.396042
70000493051.598373
70000396975.747635
70000494763.021744
70000566105.102448
70000878286.370438
70000166076.087708
70000282587.800339
70000101996.638275
70000231541.548386
0.33
 0 0 0 0 0 0 0 0 0 0 0 0 0
