1 401
70000866515.482147
70000340108.955109
70000674067.948654
70000215935.409195
1.000000
70000252929.104889
70000152175.795502
70000369263.103210
70000861632.033905
1.000000
70000000205.525909
70000436742.006302
70000650149.902939
70000451633.955490
70000728265.325943
70000424629.270218
70000854511.397827
70000408372.193985
70000362962.346619
70000676663.814499
70000611556.284485
1.000000
70000441322.343811
70000900928.932266
70000973599.013641
70000656129.532837
1.000000
70000427480.419937
70000442608.704727
70000006946.803894
70000892326.682129
70000291738.956604
70000000326.899338
70000433389.206436
70000700037.142899
70000204873.873825
70000427852.424866
70000958449.360794
70000820887.877319
70000635779.783035
70000931677.917267
70000214274.754105
1.000000
70000734988.505035
70000230097.276703
70000268336.058960
70000403410.285507
70000201053.215195
70000354675.220093
1.000000
70000809076.430038
70000436795.704117
70000347022.236557
70000507166.363220
70000794286.687195
70000987078.355682
70000846408.556091
70000776947.960251
70000696714.152527
70000943624.515701
70000704510.273071
70000534374.026459
70000568708.591034
70000614530.386505
70000914008.446991
70000460373.774338
70000249753.904312
1.000000
70000725728.731354
70000745315.654785
70000101509.844574
70000493655.276535
70000455534.019241
70000265775.471558
70000468140.231659
70000600191.724426
70000237994.171463
70000960495.360199
70000506303.698120
70000532710.637100
1.000000
70000652327.058212
70000046429.949814
70000681784.455597
70000604637.304153
70000787354.840469
70000536509.723923
70000164568.186111
70000511506.007843
70000654025.351166
70000013628.122543
70000717006.862259
70000459687.598541
70000445384.610947
70000267897.133316
70000423060.445389
70000092593.314346
70000307250.873474
70000617287.436417
70000298466.971725
70000091140.036636
1.000000
70000184102.699585
70000300337.442001
70000634533.608597
70000947911.777222
70000020367.016281
70000145301.125412
70000514673.967941
70000628581.361099
70000995972.224838
70000920723.016479
70000133252.718109
70000307789.180359
70000099343.704117
70000052205.238037
70000075078.839828
1.000000
70000367354.494766
70000867671.935028
70000389485.740311
70000897972.724655
70000740531.930527
1.000000
70000474793.408829
70000880114.772949
70000764532.924515
70000415250.590408
70000198602.933136
70000182970.048309
70000613679.469193
70000032634.064041
70000750569.595398
70000004366.467712
1.000000
70000988857.743271
70000909266.178528
70000984239.070084
1.000000
70000894596.677429
70000761305.263062
70000561597.849014
70000258614.765579
70000691424.576462
70000518147.240662
70000856897.312378
70000051663.126144
70000528386.612198
70000727213.247559
70000666529.491028
70000839160.738525
70000123486.858643
70000815306.562424
70000455900.804886
70000548944.288361
70000870434.834778
70000606471.084702
70000724764.003387
70000406478.596680
70000471026.400864
70000028556.191696
70000295054.432312
70000740107.558990
70000761993.460953
1.000000
1.000000
70000026831.371536
70000613955.809998
70000886582.300293
70000438243.660965
70000487151.408234
70000187928.126129
70000031097.509003
70000139563.244049
70000255262.858597
70000188897.176300
70000088255.118332
70000789091.525955
70000969501.549530
70000481350.992035
70000115472.804688
70000842405.756500
70000908303.794067
70000558995.860382
70000285014.405090
70000746144.671646
1.000000
70000802973.328110
70000753029.273331
70000032791.683853
70000560886.124634
70000395739.208221
70000486764.625046
70000380455.241867
70000448885.677231
70000464420.584229
70000008553.606644
70000706622.119522
70000459447.892929
70000792636.698257
70000511777.915314
70000241985.112305
70000462523.812439
70000428632.126938
70000363161.041672
70000906322.183533
70000947442.860977
70000764150.222000
70000216023.403198
70000532271.075714
70000137826.756271
70000428860.450607
70000947817.081940
70000640591.704041
70000535494.839737
70000495962.238190
70000169974.372025
70000817896.883209
70000505961.923965
70000740725.932068
70000276168.549637
70000852699.244019
70000852568.246796
70000991738.885895
70000120004.609100
70000310667.467270
70000320778.071167
70000985790.163528
70000303357.348785
70000470128.458237
70000856071.920227
70000256796.683655
70000576285.369980
70000865483.933395
70000448204.819427
70000464086.309219
1.000000
70000866021.703186
70000371021.491959
70000770032.837524
70000383206.266266
70000117406.676041
70000005929.227768
70000573184.415894
70000961084.417831
70000653128.404144
70000124942.919998
70000988026.287811
70000256590.552612
70000107182.893967
70000997020.757172
70000050772.760300
70000373482.180420
70000208457.542603
70000936493.788467
70000086223.365921
70000715906.640686
70000382308.822556
1.000000
70000858473.792862
70000195457.376419
70000756331.954453
70000145005.660263
70000930759.145523
70000004434.402435
70000353730.915802
70000797345.447693
70000633629.263809
70000204508.582550
70000725877.314499
70000654117.749588
70000096389.324692
70000962751.672562
70000309980.662994
1.000000
70000600711.920456
70000875555.009735
70000827711.429214
70000800449.431412
70000082579.470917
70000758628.705078
70000964406.829849
70000476582.231964
70000947491.080643
70000371214.702744
70000952000.401047
70000814103.543594
70000119527.394608
70000500246.340118
70000152113.949600
70000836171.894135
70000145476.330048
70000047515.290741
70000000990.074738
70000784841.678436
70000999070.126144
70000518408.057175
70000276647.420456
70000772468.233337
70000790490.484512
70000139837.982544
70000715745.363617
70000916563.649597
70000085623.049469
70000909604.202301
70000702813.326294
70000480500.712555
70000306866.630447
70000388048.167099
70000908246.610184
70000287935.527054
70000477647.655518
70000332595.120544
70000573462.566498
70000795318.695404
1.000000
70000573170.209976
70000813327.205872
70000594411.430222
70000671837.754532
70000543800.025787
70000663935.433578
70000443016.237396
70000480074.604950
70000902864.697037
70000580861.797302
70000162390.867889
70000420819.066086
70000123989.696564
70000482015.149521
70000032744.358551
70000240619.579453
70000282418.531433
70000070006.108749
70000669373.082581
70000659344.688721
70000845559.160690
70000228141.121155
70000878439.293976
70000613048.667938
70000482120.974457
70000962044.713348
70000946622.200439
70000496724.398575
70000142798.298111
70000452673.490067
70000677372.417877
70000348065.594513
70000071124.550827
70000252121.015625
70000216668.122940
70000658926.585739
70000349291.678833
70000234934.296204
70000231850.877380
70000682974.099152
70000260067.014999
70000394830.855423
70000475435.172256
1.000000
70000700888.448944
70000777285.250717
70000544562.670776
70000958619.231201
70000850825.960953
70000645797.699921
70000809600.560303
70000291752.136230
70000849857.420242
70000271902.296295
70000796674.987656
70000937141.990326
70000391967.976685
70000895526.002869
1.000000
70000237335.946381
70000092889.112305
70000412673.190414
70000587634.833771
70000075839.725433
70000550565.845306
70000715461.581650
70000898864.199875
70000963155.522690
70000830369.332718
70000318054.477859
70000813312.127869
70000254821.238327
70000423244.509247
70000106581.009659
70000546184.231171
70000783415.330139
70000436569.550583
70000983265.733063
70000810803.321075
70000521124.930481
70000357027.433334
70000298436.099335
70000228258.757126
70000787854.103287
0.33
 0 0 0 0 0 0 0 0 0 0 0 0 0
