1 401
70000138303.987701
70000644120.017242
1.000000
70000552730.588943
70000012354.126572
70000855313.970108
70000569213.607254
70000025971.048111
70000032765.341415
70000140832.572632
70000944873.947906
70000152680.672318
70000307255.185333
70000283873.176285
70000442981.029510
70000891258.515137
1.000000
70000169758.103180
70000382569.685013
70000827114.645142
70000963240.528458
70000985861.947723
70000812539.087006
70000065952.020844
70000157989.997192
70000045886.230957
70000719522.169815
70000142974.003723
70000202974.923889
70000538913.177444
70000822144.480606
70000093032.120239
70000367933.484131
70000902365.864334
70000453035.467346
70000755312.509216
70000324085.334152
70000495690.689072
70000575897.674561
70000584563.817215
70000693605.786179
70000011429.358658
70000871291.689499
70000008694.292847
70000179543.408615
70000716187.178223
70000665499.256973
70000427878.215805
1.000000
70000897939.281219
70000839051.239716
70000423143.572464
70000876653.110092
70000682623.992493
1.000000
70000581124.195389
70000292321.165009
70000907578.209686
70000049372.796722
70000634941.700012
70000131299.893188
70000568917.797516
70000031377.809113
70000965077.460815
70000896939.348907
70000643931.933640
70000434880.950439
70000455286.241470
70000266221.467712
70000160954.762070
70000689863.286926
70000540443.790375
70000026205.988739
70000724168.231552
1.000000
70000223648.713608
70000021704.276733
70000423649.272064
70000712149.815460
70000048196.367996
70000965714.439789
70000463968.264664
70000520839.445557
70000512863.476746
70000706462.797806
70000157818.795502
70000718822.118332
70000388288.546890
70000710178.894043
70000793555.698242
70000454936.737061
70000893091.161850
70000507340.994400
70000979038.655151
70000156193.024536
70000814401.336548
1.000000
70000576277.373047
70000754991.704239
70000938766.601013
70000010837.986038
70000465534.603821
70000987408.480148
70000286642.532944
70000590135.091034
70000575143.536713
70000727278.081604
70000600508.912064
70000845163.701538
70000240211.169861
70000543667.632065
70000697924.338745
70000041597.695099
70000946328.391022
70000578519.983978
70000283439.133026
70000226529.742462
70000270174.957870
70000678980.352112
70000377246.137665
70000105524.931595
70000506361.354080
70000878791.529343
70000649840.130722
70000986571.329346
70000769959.058548
1.000000
70000174692.545181
70000873810.056091
70000042602.862671
70000268791.136765
70000414764.414444
70000128208.543472
70000698463.592377
70000257483.732178
70000979365.002991
70000239222.118240
70000126402.505630
70000593454.245605
70000359995.699570
70000015713.814499
70000386727.012711
70000614853.477463
70000457251.516098
70000160635.540359
70000928803.003677
70000386899.103073
70000974351.310303
70000181905.007614
70000645384.886612
70000178735.877365
70000543863.145020
70000106544.393845
70000282534.103790
70000807370.849838
70000001940.169052
70000446350.563965
70000369587.172470
70000502274.592728
70000754799.234375
70000823605.311035
70000056750.839706
70000370317.943939
70000778448.472549
70000226900.886276
70000396080.462463
70000621924.663391
70000857470.931641
70000638354.407455
70000166664.480927
70000203963.124619
70000447311.239594
70000889867.153458
70000540841.620590
70000582750.815475
70000401340.824066
70000816541.238297
70000486935.265594
70000943015.618759
70000929155.449341
70000570748.763687
70000418200.654388
70000413146.358444
70000259747.517029
70000933676.932571
70000149179.638458
70000199768.904907
70000355493.710236
70000749745.136566
1.000000
70000846300.664810
70000916720.735184
70000677282.693710
70000936061.539703
70000981209.589111
70000239140.835266
70000868015.290497
70000579672.853302
70000467190.206680
70000144036.134872
70000867768.566574
70000407561.242310
70000146454.183990
70000362891.538376
70000014836.258865
70000557703.789230
70000263819.584122
70000519940.383163
70000863717.376160
70000667980.075653
70000134459.036209
70000082634.068008
70000954256.627167
70000465520.710175
70000483591.997574
70000686677.039459
70000070001.990524
70000900357.389832
70000854263.737289
70000328963.923935
70000406234.647125
70000158520.786087
70000705008.951416
70000954735.443710
1.000000
70000905455.707413
70000759253.042404
70000356873.507401
70000412302.856735
70000385451.175339
1.000000
70000221719.054169
70000558777.283112
70000206898.934967
70000305180.607056
70000170793.613678
70000585503.062515
70000538152.765366
70000738438.539093
70000495098.032791
70000204561.285019
70000453735.161270
70000459599.662903
70000672643.044037
70000745527.723862
70000979025.474213
70000107988.373703
70000161129.397659
70000368183.205643
70000647047.869263
70000745586.400131
70000709555.489212
70000851775.975952
70000567062.621521
70000060724.802567
70000346091.977875
70000730684.561859
70000302455.767700
70000641624.869476
70000336700.687744
70000519868.514343
70000580202.633255
70000730310.536652
70000402585.010040
70000564493.849777
70000659896.047836
70000778923.803711
70000619765.809341
70000065392.789780
70000479590.664597
70000697707.413528
70000624143.209702
70000143942.452866
70000769398.911957
1.000000
70000803930.916611
1.000000
70000769205.103928
70000775780.834503
70000412873.251038
70000445340.137680
70000726654.872849
1.000000
70000893704.133347
70000418129.890747
70000190686.501495
70000476937.379684
70000318062.529968
70000097776.938110
70000977027.164368
70000189174.485611
70000389645.951981
70000416799.862152
70000775495.117401
70000348252.733139
70000328841.926666
70000937591.493469
70000781280.997543
70000422612.486908
70000855925.865128
70000630524.317108
1.000000
70000911767.504166
70000203107.427444
70000405384.223984
70000287567.337570
70000038609.235855
70000640084.932129
70000829102.690079
70000666717.131409
70000117757.879486
70000510464.345612
70000088744.436218
70000172493.519043
70000731866.478821
1.000000
70000395595.345184
70000261151.497482
70000520788.401245
70000956150.914658
1.000000
70000884404.206039
70000284195.166718
70000701881.386780
70000818081.055756
70000593252.541992
70000166388.489136
70000222968.881516
70000046507.256760
70000319488.989166
70000007411.884705
70000287623.107071
70000600791.927979
70000597708.197418
70000077042.565948
1.000000
70000568083.094345
70000436420.156921
70000870548.540710
70000860360.502045
1.000000
70000914044.223511
70000572262.712875
70000278785.477829
70000534399.416489
70000213846.008957
70000207200.368179
70000306540.632568
70000187084.786850
70000211677.047760
70000858016.141281
70000629274.859375
70000982406.589432
70000343561.555008
70000373144.495926
70000951893.282623
70000188945.445770
70000753337.579163
70000098856.360519
70000442254.727478
70000418440.039642
70000643361.828079
70000016216.668961
70000286712.975540
70000754542.744965
70000326570.158157
70000043420.848511
70000851459.877365
70000474940.135971
70000810747.316742
70000630577.690979
70000745212.299591
70000702808.707840
70000123810.998611
70000469313.368851
1.000000
70000105391.624344
70000565318.472198
70000333731.403854
70000863842.251694
70000174050.772263
70000653439.333313
70000094759.054108
70000315381.166809
70000070162.852982
70000172061.265442
1.000000
70000669799.613525
70000145600.255234
70000851434.426453
70000194607.422363
70000542952.153397
1.000000
70000773628.747360
70000893581.980209
70000422902.095535
70000089923.501297
1.000000
70000327811.581635
70000280095.678452
0.33
 0 0 0 0 0 0 0 0 0 0 0 0 0
