1 401
70000956901.174591
70000730177.702393
70000492625.505447
70000114154.516769
70000397625.462418
70000144261.481903
70000514546.389252
70000868732.416428
1.000000
70000656932.649734
70000289080.395996
1.000000
70000365778.449066
70000047952.761627
70000810157.864883
70000419496.395340
70000768975.509537
1.000000
70000903343.891342
70000605548.855957
70000666461.201660
70000363234.233673
70000277826.668503
70000665432.819870
70000822709.091339
1.000000
70000054420.705475
70000671193.966614
70000597050.324402
70000678115.249588
70000949338.391800
70000707177.387314
1.000000
70000780997.877380
70000825675.633682
70000625823.163498
70000124974.962418
70000406517.345795
70000114761.264938
70000507226.333313
70000991335.610489
70000703118.044418
70000631371.229279
70000314271.238800
70000045254.710938
70000314649.343185
70000097197.913956
70000358282.626511
70000577995.464188
70000862403.998550
70000591823.249161
70000429812.788254
70000651936.315979
70000672452.930359
70000144237.464172
70000794242.832855
1.000000
70000636149.159515
70000587673.190063
70000674145.649399
70000096400.933060
70000965666.897888
70000388687.425064
70000021537.875336
70000766808.439194
70000445950.500168
70000260300.961105
70000717665.331848
70000695661.809433
70000671767.497940
70000235616.863449
70000037430.274979
70000382420.527664
70000956566.504715
70000291067.862259
70000788263.927872
70000277476.880035
70000406643.423553
70000679709.263397
70000245882.109055
70000311968.913162
70000979288.527237
70000813665.477676
70000935144.395859
70000630423.254547
70000232797.948135
70000606198.146423
70000122676.553360
70000405865.772385
70000188486.376251
70000708286.859085
70000568193.963226
70000338984.661728
70000791596.568192
70000403617.151184
1.000000
70000802496.806427
70000070698.970383
70000538895.963135
70000533456.739044
1.000000
70000656275.381531
70000929276.765579
70000677957.157471
70000740829.593781
70000189499.507874
70000611357.049881
70000388697.151291
70000139382.194931
1.000000
70000003239.739075
70000359254.914261
70000065632.999298
70000986882.832275
70000452408.862213
70000385436.953979
70000750958.277664
70000013442.434555
70000695593.047379
70000811027.243698
70000579143.306915
70000272841.869492
70000654669.042023
70000272396.841980
1.000000
70000240798.953842
70000755313.248718
70000638880.203613
70000631326.995743
70000218720.017868
70000351061.407227
70000075861.167404
70000384177.200897
70000443059.628525
70000663821.196289
70000861453.149963
70000951955.324982
70000946298.213409
70000620854.981705
70000668526.551178
70000652036.758255
70000884818.804306
70000748269.264282
70000525216.361633
70000057081.277527
70000656977.030228
70000916439.126266
70000388684.579269
70000625139.779495
1.000000
70000023446.749298
70000939588.783920
70000576457.296722
70000223173.097107
1.000000
70000103030.714249
70000960841.604004
70000314842.882965
70000824528.241470
1.000000
70000163471.416290
70000711852.281097
70000691030.157898
70000023235.397415
70000541301.084305
70000095090.738586
70000569774.732712
70000121562.759979
70000082172.403763
70000401222.786575
70000162799.975540
70000792531.090302
70000623943.450241
70000420830.252777
70000773299.581741
70000972417.824585
70000733806.063141
70000405404.399139
70000270056.055725
70000879383.174637
1.000000
70000017710.445496
70000453722.548279
70000408401.169632
70000145290.935440
70000359220.251892
70000201721.845169
70000589414.501877
70000113258.456299
70000636270.074615
70000616787.472977
70000784731.482651
70000449414.551483
70000103853.618683
70000551787.379990
70000609409.849365
70000579820.343704
70000630639.912827
70000475811.979477
70000759909.242020
70000234636.600601
70000908986.810196
70000791203.603531
70000974509.373062
70000988215.232254
70000568569.883224
70000184866.997406
70000939073.654541
70000709213.824677
70000362493.252060
70000040520.942352
70000520098.495071
70000628820.148407
70000696481.538300
70000016930.159119
70000135495.329636
70000440300.887100
70000284787.595398
70000724723.663300
70000524191.408234
70000109317.573120
70000545998.074005
70000940983.932053
70000864542.326080
70000204304.488846
70000108448.403442
70000503795.105545
70000326098.883743
70000403157.474777
70000979110.798203
70000471991.888977
70000864221.420471
70000463093.893448
70000358745.612579
70000050861.052368
70000541185.521408
70000552982.762695
70000298086.473679
70000649271.392319
70000830577.278946
70000457970.814606
70000933806.323029
1.000000
70000121566.739380
70000556829.404373
70000719828.024673
70000138653.326096
70000006658.505692
70000911402.383347
70000108022.858932
70000008932.596863
70000713378.900513
70000524735.353653
70000020516.147568
70000003692.608994
70000696742.369095
70000521620.458878
70000350718.706329
70000044853.241150
70000199085.841003
70000817385.634674
70000246975.967941
70000684780.308090
70000024084.600174
70000826550.149643
1.000000
70000855188.282074
70000411457.784042
70000064318.850906
70000268779.914062
1.000000
70000206074.330490
70000245788.836639
70000404528.669281
70000404331.857742
70000256281.601913
70000219690.977692
70000964477.794006
70000838244.079742
1.000000
70000504723.235275
70000395212.258423
70000934953.571823
1.000000
70000226965.346863
70000275145.297928
70000820865.611313
70000469624.449219
70000720356.335144
70000375759.828629
70000715057.127182
70000604459.703903
70000217241.454056
70000105252.319565
70000673420.315506
70000392089.138763
70000982219.673569
70000328444.839676
70000940620.207397
70000298289.803085
70000472595.321808
70000359473.085358
70000398539.325256
70000438074.507324
70000074296.912796
70000408413.585617
70000777907.399109
70000283767.022446
70000258378.333725
70000680446.434128
70000611873.564621
70000556563.580933
1.000000
70000868892.102829
1.000000
70000543431.152649
70000031358.969925
70000136836.113617
70000814259.304062
70000634400.984955
70000039567.992203
70000754070.365402
70000420592.431061
70000888879.366074
70000340337.987839
70000486058.387573
70000703657.468628
70000557859.028503
70000254994.150024
70000031215.495178
70000281190.377808
70000775683.791840
70000407849.739487
70000172426.219574
70000525786.036545
1.000000
70000097763.736130
70000762053.340927
70000600144.923569
70000800151.493744
70000527348.540878
70000367185.408539
1.000000
70000482136.939758
70000434423.660706
70000582829.358459
70000850621.382477
1.000000
70000898566.380722
70000372666.728088
70000310409.874634
70000223817.360352
1.000000
70000718055.179092
70000903724.037842
70000685098.250137
70000400398.264832
1.000000
70000745737.223221
70000347836.572876
70000082485.528046
70000880053.800140
70000948036.649658
70000842371.013962
1.000000
70000020805.067932
70000455966.608307
70000749777.757095
70000664358.298141
70000416440.557343
70000891906.677338
70000965140.982346
70000728596.116196
70000292849.561905
70000880789.146606
70000231249.591919
70000699293.833160
70000519030.876190
70000643346.910873
1.000000
70000469551.031799
70000149232.691010
70000228750.562042
70000259165.950562
1.000000
70000977447.413818
70000896299.149124
70000553458.347885
70000268547.883499
70000861859.236404
70000886135.477036
70000430719.223450
70000073270.014023
70000961822.884369
70000797089.204422
70000291122.642624
70000490904.224625
70000717514.541595
70000450438.096878
70000022527.206116
0.33
 0 0 0 0 0 0 0 0 0 0 0 0 0
