1 401
70000462368.091980
70000643433.774445
70000146005.123413
70000198006.070145
70000374907.730988
70000207131.306412
1.000000
1.000000
70000180594.354034
70000691757.435669
1.000000
70000023109.930969
70000148500.213699
70000842007.844894
70000116117.946075
70000165007.332153
70000514746.608200
70000152753.606674
70000017041.247086
70000464999.905121
70000510080.395187
70000374061.014343
70000137046.051071
70000581213.897018
70000575700.665054
70000379725.606888
70000771064.385254
70000543633.748184
70000073360.784668
70000352805.117203
70000186154.356506
70000698598.763840
70000491781.477249
70000752605.986740
70000759828.108063
70000397587.702255
70000359900.740005
70000102366.400726
70000657051.635208
70000939428.245056
70000463360.167038
70000177517.855820
70000046177.984711
70000494994.009201
1.000000
70000676014.103577
70000682636.978287
70000348589.126343
70000089864.183350
70000892325.241394
70000367242.388794
70000820997.785233
70000121458.461899
70000580594.939316
70000456763.932083
70000040684.460922
70000046037.892654
70000778584.364883
70000770803.596497
70000837182.554169
70000817319.287888
70000263421.334335
70000212931.770233
70000998158.153015
1.000000
1.000000
70000403539.029404
70000490519.326111
1.000000
70000447360.030807
70000111521.437332
70000084379.463654
70000386757.781738
70000796722.853149
70000070554.106033
70000809222.349304
70000677415.837784
70000863231.366425
70000543842.663254
70000784072.272903
70000927138.726578
70000809334.176132
70000258347.791916
70000682785.133804
70000177003.693756
70000246779.795914
70000363175.552200
1.000000
70000053453.469574
70000605470.828964
70000902774.783203
70000928133.687897
70000881599.266357
70000695504.150085
70000654636.239182
1.000000
70000837959.912979
70000644012.166870
70000646923.848862
70000811261.514023
70000691771.381683
70000303313.378098
1.000000
70000001681.564072
70000929440.792343
70000212985.045807
70000103032.479584
70000086169.144882
70000111515.404175
70000412166.403580
70000377328.619888
70000308528.596100
70000484468.885605
70000891858.448730
70000562481.797623
70000896432.183289
70000409009.455429
70000764317.374161
70000052586.539047
70000839942.519363
70000004334.676697
70000373060.495117
70000656759.190994
70000941821.320419
70000639423.547897
70000974513.557220
70000837803.751907
70000940737.251526
70000346454.268799
70000159128.609680
70000388097.607224
70000087444.815857
70000815340.350128
70000046695.560135
70000069077.324493
70000873811.245712
70000344746.220703
70000101477.721634
70000159713.351151
70000475205.795059
70000912378.769882
70000550506.586456
70000670861.458771
70000141525.401093
70000666645.219345
70000039104.408508
70000445167.330887
70000479140.033249
70000188891.694595
70000849121.136719
70000072678.073074
70000685522.668579
70000828888.667084
70000194308.266571
70000728928.661392
70000574981.658646
70000613930.126312
70000792870.002167
70000650536.188980
70000506686.215179
70000097983.512726
70000680333.106369
70000089788.676590
70000709360.618500
70000689372.427521
70000960298.464203
70000055193.716324
70000201252.134445
70000269463.903015
70000503049.715164
70000813819.268631
70000758680.112747
70000838811.271851
70000714300.246857
70000782545.407776
70000207622.793716
70000446813.745911
70000955109.887238
70000167906.021484
70000756166.666275
70000794401.411377
70000953332.997116
70000828440.242981
70000307517.030212
1.000000
70000978625.923798
70000900988.129135
1.000000
70000051025.307877
70000275508.942352
70000184899.587982
70000011538.327896
70000010493.042877
70000827639.550507
70000752183.062515
70000213646.302155
70000820598.663223
1.000000
70000334367.350998
70000111137.792099
70000966823.581116
70000985723.703827
70000465162.776764
70000439023.573944
70000913242.208679
70000450129.037766
70000692069.292450
70000453224.211548
70000189556.484070
70000104077.075409
70000232594.731476
1.000000
70000708109.172485
70000200249.170624
70000245562.286072
1.000000
70000250160.399704
70000923425.910965
70000072557.647934
70000334304.369904
70000220658.544189
70000073652.134735
70000936735.528458
70000533596.237183
1.000000
70000166078.674957
70000658788.050827
70000332506.555099
70000310208.880630
70000330121.891144
70000996023.825882
70000342944.550049
70000602980.471603
70000423086.079468
70000024669.901428
1.000000
70000485099.308487
70000749333.159622
70000986510.575073
70000590488.165146
70000974301.380035
70000425815.015320
70000247632.925552
70000510448.509216
70000090941.439102
70000708341.090607
70000365831.256836
70000633864.653854
70000056111.255035
70000547016.323288
70000494557.017090
70000475368.491165
70000078012.934799
70000477416.265732
70000511933.151825
70000145577.269379
70000246583.910080
70000609213.746674
70000128923.483643
70000057235.846375
70000274414.866379
70000021567.388336
70000486303.796371
70000816373.074524
70000803348.545120
70000900112.317551
70000057801.637024
70000823517.484268
70000158491.705688
70000213557.673203
70000316831.979202
70000631244.538712
70000687662.960495
70000140668.686310
70000910550.193039
70000704869.081604
70000218757.643066
70000904341.233719
70000566646.433411
70000133085.027557
70000749513.178726
70000826113.405655
70000534279.464584
70000065466.852982
70000300286.972000
70000059252.100388
70000224375.847107
70000182158.990143
70000715228.372925
70000603011.609619
70000765902.726364
1.000000
70000839493.739151
70000292011.497406
70000079315.766251
70000381037.936508
1.000000
70000883028.231583
70000657925.329224
70000345135.735336
70000571884.301361
70000716974.893173
70000253100.609177
70000868319.797455
70000679608.229385
1.000000
70000574385.069733
70000566897.593231
70000591816.892715
70000588639.650574
70000108061.324234
70000664912.383698
70000399623.887253
70000818535.836075
70000402853.679977
70000915106.539948
1.000000
70000048611.419479
1.000000
70000352595.824722
70000057301.616974
70000908310.001907
70000901112.652664
70000651239.295288
70000386515.069916
70000126215.565536
70000640162.574921
70000318535.424973
70000813083.547256
70000335936.796173
1.000000
70000398274.198929
70000422172.419891
70000099250.810654
70000739149.465179
70000497457.756424
70000455435.915466
70000297596.576782
70000364105.447281
70000843966.948029
70000949880.986160
70000417514.492065
70000105289.057632
70000841433.244659
70000254045.713928
70000327959.919846
70000632531.806244
70000729628.526825
70000338042.104919
70000591431.893478
70000680300.693054
70000268625.797028
70000700605.364655
70000430276.834320
70000737086.494888
70000346090.252975
1.000000
70000120124.444382
70000326399.721298
70000836331.185822
70000983595.091049
70000169946.364746
70000422974.007111
70000280524.589584
70000862944.210754
1.000000
70000179558.201309
70000045296.402985
70000042188.472595
70000310377.357330
70000323195.341599
70000290424.133759
70000326624.162827
70000737835.607803
70000569167.954865
70000408258.652298
70000103395.486572
70000001337.268814
70000295517.395645
70000757351.263412
70000070619.525665
70000775184.061951
70000399834.997849
70000785500.024460
70000199607.151184
70000088928.782639
70000944876.626022
70000316177.200867
70000797607.463272
70000519627.910309
70000250620.239838
70000297282.443222
70000657763.840775
70000826368.442764
70000742424.895020
70000278272.673477
70000716413.173279
70000303329.350311
70000268181.962921
70000707147.038803
0.33
 0 0 0 0 0 0 0 0 0 0 0 0 0
