1 401
70000548852.723862
70000878419.226089
70000519196.209412
1.000000
70000385706.073914
70000156232.213425
70000045613.953644
70000908344.440018
70000559570.367828
70000885172.807327
70000139186.942780
70000456388.676041
70000045072.364319
70000391725.747681
70000470782.324295
70000430391.213089
70000358379.478241
70000884537.272400
70000049722.415222
70000632158.997375
70000427678.754532
70000940425.776581
70000939115.724106
70000607473.191589
70000174489.263474
70000675088.380646
70000186482.316833
70000929993.494202
70000880524.616669
70000534402.091599
1.000000
70000824337.013519
70000347955.264786
70000914603.737167
70000686215.847290
70000528334.972397
70000102887.531982
70000734198.164902
70000867223.468948
70000740965.068573
70000044156.414322
70000008186.261765
70000443989.452606
70000082168.760498
70000387179.905701
70000796946.858810
70000884937.497528
70000541334.992737
70000220707.112869
70000151956.091583
70000102345.850784
70000251475.293015
70000846336.358978
70000854788.964005
70000982223.977921
70000263510.310516
1.000000
70000467681.434982
1.000000
70000635753.082367
70000528134.476883
70000881812.165070
70000642610.110504
70000429980.837540
70000152497.826233
70000347035.028397
70000281808.358459
70000868729.905350
70000999028.412491
70000697517.469193
70000106757.696701
70000824685.783661
70000162573.662827
70000505067.241898
70000785006.603088
70000445878.919449
70000198596.328720
70000140906.766632
70000299773.462097
70000913241.217361
70000474746.540054
70000455652.880966
70000653816.343399
70000659537.534454
70000825470.163635
70000775152.454956
70000651231.582352
70000493384.731613
70000191948.314377
70000085524.909195
70000425550.467316
70000000742.065964
70000097372.159882
70000773813.627777
70000797476.907990
70000120945.717636
70000278919.626709
70000927280.151321
70000216039.386017
70000726820.513565
70000488476.012817
70000973200.671188
70000428138.958069
70000162627.917175
70000730502.737747
70000743577.893494
70000716519.801483
70000931421.802460
1.000000
70000850159.865433
70000146205.484589
70000599687.408981
70000741268.289612
70000898686.408920
70000218477.608612
70000339954.768600
1.000000
70000551786.670227
70000466533.235565
70000031822.140350
70000141346.635666
1.000000
70000830976.877548
70000985895.632843
70000368253.196716
70000966705.914749
70000712333.152405
70000847405.063889
70000418730.453979
70000828834.628128
70000712002.779587
70000732966.582138
70000010729.375565
70000461896.687256
70000177873.180893
70000657551.367157
70000832837.719009
70000823488.417099
70000766600.776367
1.000000
1.000000
70000278785.372787
70000819795.760483
70000978891.180527
70000704085.035217
70000094031.369095
70000139489.501831
70000465124.073410
70000308814.391602
70000685490.136230
70000919067.173264
70000321879.313843
70000607940.695984
70000498505.667053
70000856956.665207
70000616708.304672
70000649901.308075
70000635049.420486
70000458491.579605
70000321476.143616
70000263831.898468
70000713775.541367
70000127595.257584
70000200281.938309
70000531633.833969
70000774513.640060
70000553221.479584
70000036073.376297
70000409638.475082
70000435993.083542
70000741661.692719
70000203138.620621
70000687141.504196
70000670584.635666
1.000000
70000625474.509781
70000646146.975662
70000152047.575348
1.000000
70000116011.594208
70000107070.416412
70000580563.503922
70000990398.802231
70000704528.030746
1.000000
70000938883.751160
70000980636.918961
70000314671.909744
70000930079.275436
70000518419.637558
70000516052.982727
70000499843.004059
70000493400.739090
70000147355.715759
70000774637.734756
70000622739.541138
70000653396.396057
70000460621.649506
70000252914.482315
70000861652.126877
70000918481.284119
70000561207.767685
70000339380.675659
70000122331.561081
70000175546.026184
70000014679.789093
70000598773.432541
70000818036.131287
70000278805.714172
70000947919.302597
70000658952.979004
70000310284.076706
1.000000
70000370535.632477
70000992194.403473
70000719548.100937
70000304430.002731
1.000000
70000873886.298172
70000479366.494568
70000353953.348312
70000846214.104156
70000752883.611359
70000205424.594513
70000082633.320312
70000831241.525024
70000873977.534897
70000779216.665390
70000656723.722610
70000114268.079041
70000508985.616043
70000693848.215591
70000614189.945755
70000604887.654404
70000283095.875961
70000855990.000381
70000046376.649826
70000197699.481079
70000158186.922073
70000091258.988708
70000889318.168259
70000401925.794418
70000707344.617752
70000129700.225510
70000114445.854340
70000176627.404770
70000625573.862473
70000703689.402206
70000057189.018448
70000056046.057449
70000512347.976212
70000329585.738464
70000443482.335281
70000325660.514725
70000829955.172913
70000756417.757935
70000786288.872147
70000456155.286865
70000656434.655762
70000279339.641663
70000131549.077026
70000232113.279266
70000846399.316940
70000687969.422028
70000318780.533539
70000455393.340042
70000100451.597855
70000307619.859421
70000117400.864670
70000344599.136581
70000994777.568741
70000487459.975647
70000907124.174149
70000956893.824646
70000538381.568237
70000765003.919266
70000898614.934433
70000583995.431458
70000381424.741043
70000278324.337601
70000053809.520050
70000224075.681168
70000761574.377441
70000438216.078918
70000839238.983322
70000093077.948593
70000633772.744736
70000813372.235489
70000646150.184204
1.000000
70000885069.100403
70000722544.506683
70000735298.400681
70000295090.113129
70000965365.863556
70000363177.063690
70000409172.116837
70000434786.782089
70000922889.358170
70000377131.796890
70000528279.509232
70000399704.295502
1.000000
70000292677.182007
70000221070.897095
70000197077.329376
70000043922.323822
70000605239.998993
70000684917.152664
70000407091.366272
70000955833.985397
70000168216.293716
70000501781.490295
70000280810.607895
70000963131.767334
1.000000
70000248993.531052
70000813813.457260
70000144207.028992
70000447535.351639
70000761737.947449
70000356797.181503
70000475547.658707
70000955844.895828
70000394689.578079
70000815075.788849
70000400408.516235
70000514851.515366
70000119555.254547
1.000000
70000509126.215652
70000773409.618912
70000770316.887894
1.000000
1.000000
70000506569.725662
70000213848.747803
70000031639.256790
70000993687.894836
70000724698.577515
70000174996.431610
70000505823.129700
70000582997.629013
70000920510.664948
70000047918.418808
70000018187.936462
70000325347.793320
70000666320.393585
70000720312.168777
70000412090.717667
70000179337.779480
70000332603.435806
1.000000
70000624936.717728
70000850606.194565
70000899810.908066
1.000000
70000451556.728546
70000786208.945755
70000802452.224808
70000664966.180695
70000677387.433563
70000286235.024384
70000477705.107819
70000670466.267029
70000019361.388321
70000894422.527771
70000539562.784134
70000739059.171951
70000280974.055145
70000949066.044937
70000909626.431473
70000546169.126816
70000728910.015503
70000192239.136230
70000023410.758530
70000760319.801514
70000332403.619034
70000122723.357025
70000085188.684814
70000600626.017288
70000311055.726440
1.000000
70000327569.746750
70000181851.233093
70000691170.746109
70000181874.895416
70000084908.091049
70000263866.201141
70000829231.222946
70000848030.590424
70000942918.339111
1.000000
70000693256.586823
70000257877.700775
70000782133.585129
70000881334.514542
70000416392.565796
70000621356.127136
70000383063.582504
0.33
 0 0 0 0 0 0 0 0 0 0 0 0 0
