1 401
70000986330.992752
70000432140.195404
70000071643.152466
70000940465.137924
70000602227.201233
70000283089.801971
70000577594.547867
70000405610.614014
70000330834.857162
70000772372.146515
70000769374.894928
70000005122.726379
70000539591.601776
70000925095.493698
70000730713.826431
70000434270.385971
70000229925.910065
70000362288.264725
70000879879.427902
70000524340.995392
70000917226.828430
70000716951.223450
70000883353.396667
70000393071.185791
70000009886.047272
70000374588.121780
70000517244.492844
70000529877.785889
70000017298.246994
70000406483.280151
70000607546.690948
70000198225.999100
70000490953.279404
70000923921.164932
70000915462.195877
70000685183.492035
70000703436.433960
1.000000
70000630468.692780
70000730975.610840
70000240375.691360
70000606487.881485
70000750903.418915
70000682198.730209
70000320132.925156
70000796251.113266
1.000000
1.000000
70000216159.430496
70000315597.232407
70000190566.041290
70000357160.817139
70000760387.355927
70000883630.014740
70000612482.187836
70000107117.446716
70000264951.441910
70000584859.883316
70000839453.683853
70000547923.441086
70000923987.852615
70000532297.526001
1.000000
70000439841.584183
70000991537.344925
70000008140.938889
70000359787.281799
70000593505.987595
70000757356.976227
70000137207.286362
70000382301.626434
70000611515.641632
70000661322.125931
70000543586.342972
70000073110.257050
70000308459.230530
70000559661.439789
70000585812.742645
70000911713.633408
1.000000
70000279648.038376
70000203402.893173
70000116552.796906
70000927423.960037
70000376864.508713
70000438200.649551
70000379130.870728
70000240005.225021
70000960918.842758
1.000000
70000270240.200516
70000321838.490097
70000980915.152588
70000147405.587097
70000311929.490692
1.000000
70000217063.722397
70000830106.285721
70000762074.212479
70000687817.030685
70000460317.543472
70000241890.203613
70000672616.977539
70000422842.259644
70000449052.553802
70000099959.895798
70000417798.582092
70000368270.349930
70000840438.108948
70000260498.190689
70000903279.908295
70000646051.079773
70000720393.040924
70000230572.009598
70000820664.231216
70000875923.883057
70000316392.403549
70000343921.190659
70000644104.849533
70000447378.332809
70000123633.332275
70000442894.728943
70000362299.793976
70000014646.577911
70000200709.143539
70000979939.240570
70000623146.022400
70000392639.436157
70000071357.500778
70000026230.685944
70000652171.169922
70000693395.992889
70000223939.970779
70000706193.624573
70000033978.373962
70000431226.888367
70000123019.526474
70000249104.273865
70000727589.609970
70000316888.550354
70000553417.530334
70000901067.841370
70000343232.661804
70000002720.976746
70000514686.383072
70000082272.370071
70000784006.736404
70000646054.355164
70000188946.149139
70000079251.410843
70000030371.186462
70000153806.294159
1.000000
70000171236.814270
70000607369.722244
1.000000
70000397787.716324
1.000000
70000113559.646317
70000756724.445251
1.000000
70000463053.469711
70000585401.696930
70000033648.165527
70000150011.545868
70000932557.823044
70000547083.022537
70000601380.669388
70000739593.528641
1.000000
70000258104.494141
70000876946.350143
70000632148.194611
70000139773.990417
70000127043.662994
1.000000
70000072950.259323
70000006845.283157
70000212892.162033
70000345465.908630
1.000000
70000521427.999802
70000807054.627060
70000669898.587967
70000566111.932129
70000151430.104950
70000666370.883682
70000370535.802032
70000174480.051849
70000045880.006104
70000590657.647476
70000029536.801468
70000008959.102524
70000076585.832886
70000509860.083099
1.000000
70000616221.561722
70000170694.557190
70000848797.139282
70000609026.411942
70000409126.983917
70000166957.309616
70000183536.725220
1.000000
70000732874.565308
1.000000
70000562741.707657
70000010877.695160
70000811617.909622
70000862522.882462
1.000000
70000684789.168381
70000404127.899155
70000269716.516357
70000669811.530670
70000332816.270203
70000174683.505524
70000283832.277908
70000076227.124084
1.000000
70000397974.095215
70000252658.670273
70000330105.904633
70000908354.618729
70000289564.690567
70000589569.009521
70000956118.725937
70000896951.491653
70000117486.434998
70000617043.728241
70000354237.207062
70000787022.927704
1.000000
70000376570.876953
70000889772.410065
70000883299.786652
70000707148.192673
70000505173.332138
70000489286.663208
70000633774.374786
70000186382.496750
1.000000
70000373544.060135
70000978463.761002
70000372679.989685
70000767199.168259
1.000000
70000065820.945709
70000790326.232956
70000258319.880600
70000947311.450027
70000720680.541870
70000642908.438324
70000830283.639908
1.000000
70000464104.113617
70000400506.131989
70000278223.227798
70000241187.320663
70000369461.499786
1.000000
70000801582.797409
70000151336.857925
70000357620.391495
70000019485.111206
70000954771.719330
70000836149.401810
1.000000
70000169025.644547
70000682833.271149
70000606790.538620
70000723596.032028
70000931581.436157
70000505161.922089
70000410030.548172
70000594293.569534
70000364735.801498
70000774367.590424
70000046660.686325
1.000000
70000765234.087265
70000286110.820038
70000023254.444336
70000097709.954163
70000441934.634933
70000665228.395355
70000488255.579941
70000428608.671967
70000257630.822403
70000558301.391800
70000496105.706131
70000493718.729523
70000633681.134155
70000837806.100403
70000496670.499283
70000815378.135910
70000916577.743515
70000780466.047241
70000684120.230469
70000605756.642868
70000850056.015457
70000564291.019989
70000255727.572220
70000865738.489426
70000009548.166046
70000824988.730408
70000914195.504440
70000346912.294159
70000814969.573288
70000687570.515808
70000096526.802658
70000860271.485596
70000851657.303055
70000390572.471619
70000036809.258102
70000798097.605103
70000112180.545837
70000429840.667542
70000987965.369858
70000530390.047287
70000717086.972458
70000912105.037796
70000236011.549240
70000637174.412781
70000637153.301178
70000930801.047928
70000007951.314651
70000758606.964737
70000247298.987259
70000519950.346420
70000035447.411102
70000361527.527740
70000798103.176743
1.000000
70000564966.007935
70000464226.343414
1.000000
70000355854.568329
70000475920.251709
70000561310.579865
70000185983.892303
70000023327.049316
70000531131.703232
70000473669.373184
70000048050.862137
70000855835.399872
70000303808.793091
70000338781.862854
70000100877.204971
1.000000
70000343136.157501
70000784914.657333
70000355323.471024
70000319188.329758
70000927498.032852
70000924871.144730
70000793947.314911
70000629926.063095
70000798994.168167
70000681892.704544
70000183970.675507
70000226095.559708
70000534987.673019
70000995923.406570
70000812453.516663
70000759902.237946
70000602163.929398
70000043922.562088
70000093786.590332
70000758383.115784
70000666885.070953
70000839016.219574
70000279246.046280
70000469312.028427
70000801776.984665
70000516228.854904
70000083204.343964
70000168644.425735
70000423194.323700
70000504224.325760
70000354320.277390
70000625737.554169
70000036325.802078
1.000000
70000382380.143829
70000256904.499374
70000654285.128616
70000314834.452850
70000646434.934265
70000032948.353073
70000745129.560242
70000995294.931152
70000872069.540863
70000108827.270447
70000831291.217300
70000684201.480606
70000615972.655884
70000797016.467224
70000918829.967133
70000481198.465332
0.33
 0 0 0 0 0 0 0 0 0 0 0 0 0
