1 401
70000513508.586624
70000764270.384018
70000573852.895187
1.000000
70000009775.903046
70000797852.244019
70000891047.148590
70000539508.910599
70000782718.205139
70000441756.067963
70000562696.017853
70000087354.123672
70000492424.506622
70000290867.345230
70000608098.202103
70000658545.520187
70000173518.155792
70000928880.457108
1.000000
70000965836.358261
70000743669.824432
70000079779.023270
70000971164.321030
70000096131.935623
70000211889.883347
70000920322.653168
70000130784.341675
70000766001.706497
70000767325.253677
70000329638.875046
70000607734.732910
70000713465.934662
70000256902.006912
70000156399.629135
70000281538.850418
70000847880.271973
70000842047.460159
70000164432.209854
70000286785.520081
70000294150.707794
70000946002.427750
70000230778.527115
70000239793.188293
1.000000
70000487717.216064
70000846857.309509
70000870523.953674
70000030495.858658
70000964689.072968
70000232732.534195
70000901932.772202
70000193842.461044
1.000000
70000632683.934189
70000601863.568420
70000562838.944641
70000709886.174988
70000829401.717270
70000225719.948669
70000854775.508987
70000570797.130875
70000198978.102448
70000083226.458221
70000830132.351730
70000792566.257294
70000315875.128723
70000505074.848785
70000822811.362183
70000635350.499130
70000292420.921356
70000303341.188049
1.000000
70000260309.658676
70000267575.954865
70000301805.877823
70000611202.736389
70000372855.055084
70000089065.902130
70000966073.480118
70000767162.163086
70000270937.582947
70000874182.987701
70000134469.525955
1.000000
70000101155.427979
70000123020.447540
70000393902.516159
70000213333.972107
70000089159.977570
70000538061.164963
70000529753.716980
70000797945.011795
70000475601.837875
70000283252.012573
1.000000
70000902998.027283
70000136571.395020
70000307293.337799
70000626316.152710
70000177575.510590
70000143768.348694
70000842413.101044
70000837280.247574
70000669103.262665
70000823533.529556
70000699378.710419
70000836993.402466
70000235916.224594
70000287747.478088
70000171369.217194
1.000000
70000332301.788147
70000429745.091187
70000499284.559937
70000825458.710297
70000790983.848251
70000428272.879379
70000762996.067261
70000080404.153915
70000544476.501144
70000469022.553680
70000483298.716339
70000485115.308624
70000713525.775742
70000690737.584015
70000550181.796524
70000968390.869949
1.000000
70000214769.106033
70000589172.849106
70000282851.755646
70000551460.042450
70000039971.924072
70000561976.513214
70000158676.295792
1.000000
70000011895.557220
70000415173.507477
70000045812.121094
70000573850.882141
70000543290.557587
70000341866.483002
70000152846.432281
70000200564.604935
1.000000
70000346160.871887
70000667989.736938
70000115187.233093
70000580619.691208
70000600056.212448
70000879228.159393
70000703969.424484
70000706831.197769
70000901743.316025
70000951596.578705
70000906778.778580
70000113400.673386
70000324645.813675
70000222945.164978
70000088065.922134
70000858327.564224
70000431204.194794
70000765552.206818
70000328090.934586
70000424066.369308
70000254045.349915
70000063896.743118
1.000000
70000198767.156662
70000606659.859634
70000619542.335953
70000769514.543579
70000021176.345337
70000508936.055283
70000826713.638535
1.000000
70000629935.039749
70000938748.644608
70000316991.269852
70000449567.047165
70000970201.012589
70000772802.085785
70000377361.860992
70000489649.294632
70000121023.441086
70000638569.904068
70000475191.140472
70000861287.012817
70000168095.904587
70000663168.944794
70000163819.321899
70000044384.624283
70000660997.094345
70000836864.033829
1.000000
70000249978.788651
70000280449.878448
70000142235.196747
70000266738.563751
70000778158.764771
70000919644.399582
70000160661.163788
70000852457.282928
1.000000
70000021398.409653
70000032548.178589
70000475239.181442
70000937442.034241
70000002358.615540
70000774643.967712
70000976233.240112
70000580227.309464
1.000000
70000818787.489639
70000789371.540985
70000873780.485657
70000098668.423569
70000524087.870453
70000395516.218430
70000539915.862137
70000260896.917206
70000399730.493347
70000360187.579849
70000421032.460938
70000364649.632721
1.000000
70000483801.549850
70000529892.912613
1.000000
70000499685.575470
70000703036.215271
70000079485.673462
1.000000
70000011774.457306
70000177306.403702
70000228668.830734
70000244487.544617
70000740649.273376
70000339465.161484
70000651812.711899
70000326699.971939
1.000000
70000666307.214996
70000520170.492035
70000554025.025772
70000815889.855621
70000553103.502747
70000576194.366486
70000238217.110504
70000617095.578491
70000184632.442780
70000418296.046082
70000457069.061325
70000071134.849396
70000009529.382446
70000258125.964737
70000002478.399887
1.000000
70000590600.859833
70000361078.359177
1.000000
70000197310.094299
70000941303.114853
70000719657.992142
70000219695.302399
70000489594.317139
1.000000
70000304525.370041
70000813544.278839
70000433391.746353
70000693351.554474
70000600802.199036
70000839165.064133
70000820126.715500
70000159402.727402
70000370141.718445
70000396499.333344
70000537357.320129
70000734981.209351
70000349379.296448
70000046241.972168
70000611930.237000
70000701299.322235
70000295211.662247
70000990763.065964
70000441580.528091
70000322456.440094
70000156154.737381
70000316207.324722
70000630496.251175
1.000000
70000776736.695862
70000986283.552689
70000645390.329926
1.000000
70000144318.184036
70000320985.245651
70000058347.380325
70000010393.163879
70000283697.545273
70000396467.597702
70000630750.640427
70000115994.138214
70000564969.336380
70000936628.195450
70000079941.177979
70000167079.602448
70000927943.174179
1.000000
70000518686.957489
70000320658.391708
70000945576.499329
70000859296.351059
70000255216.931305
1.000000
70000438594.028091
70000573757.248611
70000055565.030487
70000302839.115631
70000850973.233749
70000409084.954300
70000985961.383194
70000864871.158340
70000804904.312119
70000093590.198639
70000900110.008789
70000541189.528168
70000798354.643707
70000686649.306732
70000215115.942780
70000158162.703888
70000827421.672180
70000006341.326324
70000136572.892288
70000506676.855850
70000366280.938583
70000619622.173691
70000901840.158081
70000970749.172699
70000654002.528870
70000934074.196899
70000586449.516464
70000827955.919769
70000139797.431793
70000605209.513657
70000092192.703156
70000523044.442215
70000699173.321259
70000061608.114471
70000992640.163910
70000799156.902023
70000900873.500076
70000985779.104279
70000962899.754181
70000929761.880646
70000640643.002304
70000004584.297424
70000359902.302078
1.000000
70000069100.474243
70000860799.567673
70000855241.185059
1.000000
70000705975.611801
70000584264.104919
70000596678.508759
70000149599.256424
70000609872.048447
70000452172.268890
70000377300.153687
70000378983.640228
70000368101.412170
70000483228.080765
70000432406.355698
70000773067.319504
70000337484.804489
70000740190.974564
70000280774.389832
70000189059.494888
70000988989.902710
70000628985.622665
70000765198.904068
70000517904.395874
70000380403.091156
70000201481.077316
70000769908.910309
70000482786.813583
70000370594.908966
70000594114.165482
70000999796.568130
70000219857.229187
70000168741.651840
70000407176.287216
70000759045.588394
1.000000
70000383095.992950
70000357967.015976
70000444244.214417
70000756096.522552
70000792052.305893
0.33
 0 0 0 0 0 0 0 0 0 0 0 0 0
