1 401
70000839308.098602
70000177800.606766
70000114225.636200
70000836942.215286
70000664436.387314
70000401219.911499
70000811229.038025
70000681413.670288
70000868654.820709
70000896287.020767
70000153293.899094
70000587105.120209
70000701655.947021
70000849241.137543
70000673187.958908
1.000000
70000123159.931641
70000756505.975266
70000629589.315277
70000400572.907104
70000108529.928940
1.000000
70000092514.581177
70000542053.069153
70000167023.097076
70000911001.879242
70000781437.002991
70000435473.169388
70000185266.283051
70000903019.541565
70000196922.749619
70000266610.143265
70000361215.665787
70000510817.381241
70000698083.928207
70000082654.662613
1.000000
70000039561.603180
70000157588.944229
70000487103.261444
70000702762.702530
70000434671.534653
70000582468.745865
70000522202.054016
70000789277.068970
70000613012.617859
70000004551.098038
70000612417.879700
70000119166.569626
70000892352.307770
70000747482.686371
70000241992.602814
70000240043.071686
70000988185.218216
70000180895.461609
70000425278.887299
70000682251.263672
70000787191.344604
70000711620.449524
70000024875.242004
70000081455.330551
70000729757.453583
70000012708.450531
70000737560.782700
70000327917.515533
70000896598.688858
70000925013.441956
70000383909.214996
70000768794.595184
70000307068.215897
70000539224.851944
70000295657.128922
70000652077.703308
70000650115.389511
70000437903.599228
70000931124.684692
70000335763.803177
1.000000
70000175287.336563
70000680679.948639
70000739372.638535
70000564878.876266
70000862738.362442
70000721237.212311
70000822639.943222
70000371018.824036
70000066047.831253
70000735179.712189
70000372729.279816
70000111938.561890
70000992997.570282
70000966513.345749
70000981365.277695
70000165075.614548
70000970823.382904
70000366195.726318
70000761680.160843
70000179047.488419
70000998738.237228
70000561752.575455
70000449202.919769
70000879848.049988
70000505984.620148
70000740323.780685
70000087479.237686
70000701943.397522
70000327086.429337
70000452436.545029
70000494008.564362
1.000000
70000260091.741013
70000193745.238144
1.000000
70000997595.218338
70000075906.322693
70000349563.707031
1.000000
70000385811.725815
70000432082.403076
70000014226.648590
70000939709.135086
70000397391.788544
70000854951.839584
70000093393.566360
70000543167.109482
70000976609.304047
70000028553.665833
70000688839.932739
1.000000
70000087588.610199
70000990961.943573
70000626881.956894
70000375590.585190
70000794463.791702
1.000000
70000300870.547150
70000481946.591156
70000610762.946487
70000263384.302917
70000846540.855820
70000244827.247574
70000689719.434540
70000527195.122925
70000820837.701202
70000422317.150131
70000740949.518677
70000055952.753372
70000351823.817200
70000675167.951523
70000558982.420395
70000556715.548752
70000741006.391251
70000259945.949722
70000685415.769043
70000953450.758698
70000930893.159348
70000772637.039627
1.000000
70000979155.448624
70000533654.498154
70000407950.312225
70000441761.477875
70000454809.813370
70000695740.563950
70000994302.383774
70000580418.113022
70000359397.273544
70000315417.521759
70000944806.399551
70000843364.554718
70000666397.606186
70000037682.172699
70000372902.850372
70000422281.264542
70000589979.232483
70000170084.425079
70000560859.811935
1.000000
70000105231.478943
70000678426.944870
70000496582.107239
70000495962.172119
70000970419.460556
70000917637.369431
1.000000
70000397850.250565
70000034957.112350
70000139572.623367
70000156980.330353
70000722738.083023
70000514309.583466
70000392574.833984
1.000000
1.000000
70000676450.559311
70000124145.717453
70000909722.853210
70000831498.197372
70000035765.062958
70000679983.791061
70000384568.801178
70000337140.797073
70000257309.726685
70000814255.557648
70000861270.445160
70000802462.115616
70000247799.981018
70000170747.479935
70000785721.072220
70000346725.602905
70000711354.229935
70000762794.838226
70000643763.882050
70000473009.415268
70000955448.959564
70000894644.608673
70000404050.009125
1.000000
70000122177.443741
70000281704.522522
70000762201.679626
70000982776.498138
70000186470.410095
70000333436.415298
70000789783.962830
70000536687.114609
70000336693.599121
70000920070.878448
70000075054.677933
70000683456.554031
70000672128.194824
70000124765.360016
70000174824.001755
70000052729.968658
70000463418.504852
70000034197.349838
70000193903.618301
70000202682.151978
70000710361.487808
70000814675.141663
70000397464.443985
70000595959.836655
70000012311.159592
70000426109.155640
70000638064.407028
70000794028.339691
70000204826.079803
70000466306.192230
70000468036.131287
70000264763.278610
70000955562.506622
70000375901.358521
1.000000
70000291720.609436
70000437095.262741
70000778042.020752
70000254142.475266
70000877171.720642
1.000000
1.000000
70000795553.031128
70000300914.479645
70000780828.462601
70000699448.045532
70000783582.227844
70000881513.590759
70000808660.672180
70000314501.603928
70000125041.619339
70000000159.370026
70000105946.012634
70000173513.870667
70000234826.421585
70000337966.825699
1.000000
70000688271.661743
70000424502.613037
70000650256.555161
70000173077.349640
70000348982.584305
70000596242.227936
70000436775.996902
70000709719.978012
70000222310.527344
70000091851.151657
70000802693.976242
70000819525.561554
70000145583.507812
70000771772.412918
70000297344.900177
70000706544.610214
70000133994.889648
70000313791.819916
70000230398.518936
70000293900.241699
70000479894.252838
70000840695.019470
70000200770.808289
70000727401.815811
70000814682.814560
70000589842.246429
70000925623.985367
70000283228.956757
70000667938.951736
70000835227.690125
70000388975.734085
70000128258.245483
70000761653.025452
70000627645.237671
70000396741.916275
70000275750.509811
70000769270.825989
70000761471.618866
70000562134.831284
70000084810.501373
70000395959.072418
70000121041.356644
70000479417.803665
70000334077.005768
70000945139.784210
70000612424.234314
70000970238.231674
70000048264.306656
70000976479.629913
1.000000
70000469658.894897
70000391716.063812
70000480114.802856
70000871129.931030
70000400847.385635
70000400990.679825
70000787290.253708
70000554451.505844
70000105309.275299
70000709688.356262
70000396901.446075
70000562885.458145
70000183808.862442
70000934785.460617
70000143071.808777
70000910744.704269
70000772400.930359
70000059800.768112
70000881582.480881
70000603427.564606
70000660022.122635
70000586801.269073
70000142796.046661
70000731027.941025
70000344427.317398
70000865642.999664
70000450750.086807
70000701692.989212
70000281315.816589
70000539142.106995
70000806394.196960
70000798974.395782
70000887427.872833
70000815023.616074
70000564117.563293
70000128300.334198
70000385099.446564
70000148451.856079
70000450767.081009
70000957142.876175
70000534534.685867
70000193849.393784
70000865109.368408
70000678472.050201
70000539048.092773
70000292792.155518
70000056642.632309
1.000000
70000567334.222519
70000635071.913422
70000381711.232605
70000803813.189117
70000531233.800598
70000700535.562119
70000438441.336136
70000460439.551620
70000499760.473434
70000811624.998016
70000824139.603729
1.000000
1.000000
70000690372.722443
70000291887.584625
70000704019.399689
70000152697.864456
1.000000
70000891094.084564
70000557233.371704
70000118177.986343
70000471239.336243
70000632175.659775
70000181727.048492
70000643005.774460
70000047177.091873
70000245843.819031
0.33
 0 0 0 0 0 0 0 0 0 0 0 0 0
