1 401
70000981275.975723
70000599024.722672
70000435554.897614
70000880735.001923
70000495420.113831
70000077917.125397
70000089677.282166
70000616472.416458
70000774313.478882
70000106734.835724
70000940669.038223
70000466926.744995
70000983696.798386
70000744717.659775
1.000000
70000321300.683807
70000243339.140030
70000425389.658569
70000680158.616714
70000018727.005188
70000777646.226318
70000494693.700836
70000194472.820831
1.000000
70000674540.430862
70000305829.332291
70000644245.017242
70000423866.166672
1.000000
70000985506.337601
70000865782.743011
70000706337.006699
70000280044.545486
70000957633.528915
70000825159.981400
70000594492.778519
70000248663.118301
70000321197.773773
70000918724.572754
70000561927.398346
70000002641.806747
70000850565.477402
70000111307.765091
1.000000
70000156186.380905
70000278139.027283
70000282962.639618
70000238327.803696
70000619797.594711
70000256138.678879
1.000000
70000959997.358002
70000303346.550354
70000093947.127594
70000829865.875000
70000762005.556808
70000615461.750290
70000969123.828491
70000342445.672653
70000406908.649551
70000337220.091782
70000143150.594955
70000648299.311737
70000887035.886383
70000638136.118546
70000193476.615326
70000515789.415649
70000935635.028870
70000408790.034332
70000293552.459015
70000334575.040222
70000844453.262573
70000372526.072754
70000608069.074570
70000797942.647995
70000736755.279282
70000759051.854980
70000909991.686676
70000033672.833527
70000718076.328033
70000781439.834991
70000050119.587524
70000038980.353867
70000313645.320465
70000582313.667084
70000666610.210373
70000381816.228531
70000222586.002441
70000091309.206238
70000901405.940445
70000001177.024734
70000313775.295441
70000870398.507828
70000514029.433746
70000791055.891510
70000871204.383713
70000686965.163605
70000900857.109955
70000097886.256668
1.000000
70000823986.579910
70000124301.530777
70000770980.106277
70000984018.584732
70000548917.726700
70000388091.264954
70000606248.943954
70000193909.344482
70000042071.658539
70000098296.013748
70000612445.315948
70000067278.246567
70000639785.715851
70000221007.737854
70000828153.184235
70000303820.566483
70000356400.731735
70000012636.174866
70000543567.086105
70000659501.353073
70000459898.369751
70000234996.240067
70000310001.715012
70000493290.882523
70000335049.236801
70000614383.838135
70000114338.070465
70000387642.387634
70000304884.744843
70000590825.853333
70000185112.323013
70000055535.319962
1.000000
70000770645.995560
70000431279.021439
70000326232.833038
70000108155.890961
70000133532.611557
70000751168.088791
70000876857.705322
70000189641.349823
70000561777.934235
70000597854.154785
70000637610.081985
70000162273.479950
70000187501.675232
70000359442.895844
70000004834.787201
70000287005.751770
70000640894.045944
70000936891.843521
70000344417.479706
70000758984.024719
70000402059.608841
70000527103.322388
70000137836.395523
70000697387.377121
70000734192.371628
70000179845.279129
70000545374.985901
70000256413.072449
1.000000
70000598454.186737
70000142701.472137
70000628577.829422
70000351042.054688
70000327563.378433
70000313339.618851
70000045998.197128
70000674109.115875
70000108386.921997
70000078446.065948
70000183075.554977
1.000000
1.000000
70000698158.993927
70000046681.154266
70000291097.565155
70000753806.418182
1.000000
70000013879.717285
70000081094.509369
70000997505.082092
70000834024.868118
70000314986.993668
70000098283.410110
70000632313.771683
70000002087.980881
70000621719.673126
70000450643.286087
70000294723.912506
70000882511.316574
70000156786.092239
70000642187.273193
70000767232.556107
70000791810.748108
70000794666.106125
70000958328.439362
1.000000
70000589027.163864
70000378067.349167
70000278329.098755
70000864380.810654
70000089150.282944
70000897523.031631
70000940282.752640
70000486595.759506
70000869444.729218
70000340516.070511
70000402341.418213
70000951011.819199
70000889215.605927
70000862606.810028
70000686076.444717
70000137362.439377
70000311481.180649
1.000000
70000962226.022171
1.000000
70000793838.361816
70000365642.698502
70000168623.797012
1.000000
70000584009.405182
70000252633.284409
70000047441.014450
70000354230.364151
70000763835.989517
70000343891.638733
70000034638.932831
70000341114.643219
70000785898.238541
70000189046.610611
70000953849.596115
70000833642.301117
70000672387.098038
70000539686.390533
70000290402.467056
70000276553.049011
70000815482.616226
70000959221.741623
70000506830.945862
70000682262.956421
70000125744.468521
70000160086.261948
70000863274.739471
70000820391.902679
70000222853.155106
70000455346.173920
70000644764.061203
70000810940.252792
70000122885.244736
70000519104.964539
70000877496.337265
70000177664.252243
1.000000
70000918165.371735
70000746820.187088
70000473135.991425
70000154840.487839
70000486625.424103
70000537790.528900
1.000000
70000093971.331619
70000012147.301910
70000852689.675934
70000750602.572617
70000599190.325150
70000323403.345139
1.000000
70000014045.261063
70000712369.748795
70000239838.350433
70000792211.048965
70000757713.905945
1.000000
70000564524.204620
70000259888.490753
70000546506.915543
70000018081.653961
70000096897.301483
1.000000
70000563389.668121
70000108156.538315
70000324778.770874
70000136191.135406
70000126059.148239
70000910083.806763
70000963633.388046
70000283597.989716
70000413854.339249
70000949865.896271
70000324990.659302
70000894064.946320
70000405998.626907
70000039753.358047
70000189189.774475
70000936862.685135
70000466353.148621
70000260161.006256
70000143557.785812
70000199489.519608
70000762083.289459
70000554944.854156
70000318712.419159
70000657837.484772
70000231424.026672
70000598848.892426
70000862925.353699
70000581782.467926
70000804839.418243
70000381011.562210
70000959685.270462
70000696440.227097
70000219141.985275
70000804416.413239
70000302254.250320
70000190448.418732
70000137002.845245
70000305027.364059
70000243751.123077
70000525309.285492
70000683720.042969
70000494238.518234
70000538088.394775
70000240996.386566
70000471658.252487
70000001670.565948
70000512757.250336
70000491156.075104
70000312083.708572
70000563812.914917
70000823509.000763
70000930205.235764
70000981953.712631
70000811746.987305
70000594421.503143
70000805632.041016
70000368985.267471
70000813264.944489
70000898510.930023
70000276951.929993
70000032904.807648
70000397626.853088
70000624484.783920
70000424270.282562
70000632964.296143
70000909195.498016
70000774163.343735
70000388934.221222
70000724132.352524
70000445177.575317
70000166332.588699
70000773596.067337
70000874204.088715
70000585694.753891
70000241963.233337
70000542897.662186
70000699188.024155
70000261151.986969
70000354781.406113
70000783174.511719
70000868083.641525
70000006287.102997
70000208516.725128
70000652955.997467
70000203386.004913
70000844387.013031
70000951879.591843
70000758670.159515
70000730772.614944
70000251324.910522
70000705112.063446
70000916469.926407
70000626969.307144
1.000000
1.000000
70000034126.449127
70000717799.094864
70000758755.667343
70000261872.337509
70000611101.760773
70000198825.355042
70000454523.364899
70000226416.824677
70000711535.814957
70000706607.297668
70000182482.713989
1.000000
70000661076.234955
70000731062.495087
70000308558.664413
70000386820.116196
70000195309.672699
70000123566.744980
70000195881.929291
70000561791.061340
70000039464.781509
70000955177.336151
70000052247.905823
0.33
 0 0 0 0 0 0 0 0 0 0 0 0 0
