1 401
70000735509.965637
70000447688.660156
70000061209.477173
70000267220.310150
70000920516.097443
1.000000
70000065107.661331
70000687218.258789
70000493054.697037
70000955192.675217
70000469743.746460
70000292812.253601
70000140774.471649
70000876109.835953
70000729201.207108
70000046505.596848
70000176931.408676
70000069089.430191
70000595654.481323
70000741296.404297
70000768458.354813
70000280506.273300
70000018049.122528
70000304539.202820
70000267336.789291
70000406847.697357
70000105257.291061
70000708525.929810
70000058691.749222
70000572355.458435
70000220441.715729
70000810928.753647
70000023220.095520
70000422365.975540
70000713934.793655
70000862734.391373
70000417456.701828
70000823145.539398
70000942207.320236
70000133276.835403
70000729953.558823
70000022315.588531
70000366361.630524
70000124325.714584
70000191085.141815
70000014796.794037
70000099972.071411
70000725270.181946
70000188672.112457
70000176984.866089
1.000000
70000745048.952103
1.000000
70000602135.238937
70000165882.499298
70000003291.930862
70000359294.863220
70000206765.482483
70000237639.750534
70000275407.816132
70000831926.378372
70000476082.698532
70000131837.584793
70000482755.218765
70000542556.240326
70000332535.752213
70000834298.799072
70000217656.709610
70000849618.443726
70000903091.577988
70000772339.435181
70000306524.317062
1.000000
70000090356.830353
1.000000
70000795224.821457
1.000000
70000985880.508896
1.000000
70000038760.714676
70000336610.182419
70000960595.571976
70000468513.298691
70000475435.228714
1.000000
70000261700.583679
1.000000
70000342955.686569
70000848059.625381
70000329148.474594
70000518172.435043
70000708075.673935
70000581587.420166
70000839051.696777
70000466953.948074
70000101188.377411
70000933929.206207
70000347648.908936
70000961351.053864
70000679025.434067
70000537008.370789
70000372526.138519
70000890683.309738
70000402162.565048
70000114148.995667
70000243700.781662
70000125605.641769
70000573613.737320
70000043875.737350
70000845296.676895
70000526648.335358
70000976096.777557
70000371348.646362
70000299957.599960
70000608325.080414
70000389580.593658
70000319830.616943
70000370448.013565
70000781027.642548
70000794671.409683
70000901922.968414
1.000000
70000589261.521362
70000713841.615906
70000758608.589432
70000695865.062805
70000892887.174362
70000087570.446213
70000079546.317535
70000722806.827072
70000990515.240356
70000308439.024521
70000489960.979202
70000289545.227524
70000122466.729065
70000387120.834732
70000952502.610977
70000206815.062378
70000411162.246857
70000990632.522217
70000740218.411179
70000327550.833130
70000704678.656509
1.000000
70000117812.687683
1.000000
70000353496.890884
70000685420.941132
70000675876.299088
70000965332.090668
70000398609.851944
70000791730.494476
70000707042.441513
70000597133.291351
70000709594.951019
70000905068.591858
70000490348.273499
70000105026.382019
70000910193.672760
1.000000
1.000000
70000215815.792725
70000115725.247467
70000485537.689743
70000621847.726517
70000136902.986954
70000342828.377014
70000090163.243393
70000374713.450638
70000830147.484879
70000347797.472122
70000148124.735611
70000760991.309769
70000386293.694473
70000061342.819443
70000020162.490204
70000940306.633347
70000883130.983398
70000705159.138229
70000127525.030228
70000121283.377380
70000209461.953873
70000201228.916061
70000975470.720810
70000348184.529144
70000533433.603577
70000583400.133240
70000118779.600693
70000219022.496155
70000112871.614929
70000921506.002136
70000189700.564224
70000223238.847885
70000408290.123596
70000217669.194244
70000908926.004089
70000251322.194550
70000508165.619675
70000087669.364395
70000225324.064987
70000043163.171875
70000031065.755066
70000231269.589584
70000957641.820251
70000710160.045532
70000460921.972855
70000313852.726807
70000875325.077927
70000061683.219330
70000644449.663223
70000955570.059982
70000984348.027664
1.000000
70000544182.528732
70000383697.311142
70000465048.978455
70000046688.378464
70000186088.395065
70000908779.635941
70000238607.832993
1.000000
70000507620.386612
70000512472.601898
70000112951.028030
70000171966.055023
70000115377.106400
70000327377.635208
70000979785.511307
70000228384.271057
70000782753.197601
70000078138.766891
70000290063.177444
70000679113.289230
70000766560.510757
70000031797.810608
70000974322.698425
70000231860.487091
70000085112.009674
70000918628.549255
70000594068.697327
70000526511.570007
70000118218.198944
1.000000
70000540996.009689
70000957134.014297
70000569147.443192
70000315394.976288
70000695508.733505
70000705697.284973
70000934523.121536
70000518456.999969
70000731771.611557
70000190789.060013
70000156087.434097
70000253305.117920
70000692614.707993
70000033577.255508
70000281512.164062
70000303148.462006
70000695917.123596
70000216117.488785
70000700750.754608
70000414807.099380
70000694522.273773
70000532673.429932
70000677805.806229
70000572792.625443
70000551420.843964
70000054376.649170
70000470035.252716
70000068794.973663
70000362182.849167
70000126863.789993
70000094933.370697
70000417835.367340
70000111857.232361
70000628796.378342
70000863626.703918
70000951109.962738
70000458481.223602
70000880016.540009
70000068142.263611
70000620179.859406
70000964199.772461
70000335488.960159
70000680053.301346
70000141337.759964
70000654836.541199
70000985802.005707
70000104553.914566
70000634451.706818
70000136342.255905
70000088261.460571
70000094345.190384
70000495698.464127
70000205529.339401
1.000000
70000179160.409317
70000477791.885742
70000128539.220825
70000148484.237183
70000686802.433182
70000100654.300705
70000362333.926117
70000700464.630112
70000043170.237686
70000544904.588348
70000895881.655350
70000796373.611404
70000482351.399643
1.000000
70000617283.881546
70000805695.418701
70000068379.152618
70000542855.461655
70000063034.286057
70000178839.541382
70000243286.732849
70000189449.028229
70000532896.999863
70000394478.274246
70000260962.651062
70000685855.297318
70000299861.806427
70000121259.816772
70000689069.857300
70000218325.800064
70000688093.132309
70000330001.602554
70000839988.171722
70000962845.854233
70000292665.308899
70000937424.092133
70000945900.510345
70000088334.146622
70000589183.865143
70000825781.025635
70000802333.374466
70000291932.404022
70000787687.656998
70000488770.132248
70000789502.844772
70000113373.899780
70000472378.679993
1.000000
70000799627.670792
70000433940.410721
70000715971.382034
70000219274.661209
70000675023.802841
70000633986.562531
70000053379.059570
1.000000
70000900170.672287
70000771772.520462
1.000000
70000117437.417160
70000360336.111740
70000776018.860123
70000529660.093353
70000711763.926544
70000380153.373672
70000661032.923248
70000119416.131760
1.000000
70000037221.385971
70000198282.369827
70000347856.982544
70000213353.166565
70000903064.536621
70000994051.625000
70000720358.155472
70000062963.540573
70000003022.426315
70000540282.384735
70000705512.012131
70000037881.254730
70000773154.833130
70000198494.418076
70000007748.745239
70000008748.087921
70000542141.617981
70000707023.869797
1.000000
70000954296.230225
70000597128.563126
70000911102.709671
70000861801.249252
70000370461.144730
70000091987.720901
70000175447.032333
70000619093.847351
70000329101.602188
70000938199.177658
70000577145.146667
70000540522.845642
70000013144.322662
70000712843.748016
70000104842.810120
70000896230.683670
0.33
 0 0 0 0 0 0 0 0 0 0 0 0 0
