1 401
70000933180.443268
70000048226.153046
70000136153.713562
70000174170.881271
70000719939.063278
70000066986.505066
70000225425.328552
1.000000
70000413410.264709
70000789661.383163
70000609270.402100
70000884944.519913
70000551230.886734
70000736702.452972
70000538628.654999
70000119655.923721
70000093237.156784
70000523522.463638
70000980908.071976
70000659726.302551
70000544099.592407
70000106709.530182
70000671935.335922
70000227088.897430
70000639341.041290
70000528398.240555
70000552703.832077
70000147162.671829
70000696825.259384
70000356923.981812
1.000000
70000443949.780548
70000442635.983429
70000349083.940369
70000068758.974777
70000168476.272568
70000352546.353653
1.000000
70000506161.283569
70000187099.057709
70000689771.830231
70000196483.203323
70000867302.675964
70000955109.147675
70000518246.359619
70000339997.998062
70000047046.805237
70000212187.899582
1.000000
70000507533.918640
70000842206.957657
70000288266.150467
70000965747.949875
70000661853.066284
70000790365.390656
70000062560.367249
70000324902.702438
70000836967.805893
70000164485.484131
70000432172.979156
70000989378.396667
70000439864.657135
70000506313.876053
70000575135.830124
70000469081.578140
70000627513.235931
70000280543.000763
70000373335.238907
70000501482.694061
70000926739.740753
70000112170.948380
70000731761.328827
70000730041.849472
1.000000
70000275646.967026
70000924524.153183
70000219297.715973
70000762041.955627
70000486443.874619
1.000000
1.000000
70000389156.966492
70000746776.856461
70000883658.797653
70000346074.740524
70000716553.205414
70000345839.542801
70000465207.815323
70000833310.674789
70000242656.623077
70000046793.149963
70000995750.136490
70000419555.150284
70000090351.116058
70000290473.779343
70000988709.846420
70000967876.483627
70000844074.924377
70000353530.233017
70000450568.811417
70000229875.831772
70000342300.432632
70000958285.985107
70000521124.677841
70000893553.988998
70000775642.061157
1.000000
70000183384.132874
70000776521.728973
70000612404.085785
70000963011.446426
70000863718.567947
70000950823.056168
70000646036.717529
70000923063.790054
70000522509.884079
70000611456.527771
70000834990.456116
70000992840.969849
1.000000
70000385439.878586
1.000000
70000567809.278183
70000868739.415192
70000961510.166107
70000226431.373016
70000799669.621460
70000480688.819244
70000418822.204254
70000855991.548706
70000279946.342773
70000767843.345749
1.000000
70000641898.555893
70000213375.337433
70000519633.679245
70000782677.686264
70000542208.493195
70000074824.920929
70000275028.756027
70000938303.845078
70000761276.165771
70000031998.213501
70000445620.828278
70000440692.867050
1.000000
70000242304.971222
70000726448.075256
70000097219.493408
70000944062.105026
70000513058.238327
70000042632.854599
70000926606.108185
70000458496.905380
70000126079.338196
70000213421.132996
70000651759.620316
70000598784.075699
70000068068.056900
70000214493.667465
70000877334.248917
70000681133.003113
70000114661.969666
70000996295.151764
70000555098.656326
70000984270.522781
70000289696.705902
70000323130.799545
70000198115.473526
70000333804.126526
70000224042.982162
70000393970.749100
70000185994.416229
70000420193.923203
70000175304.264511
70000934979.375031
70000011490.629883
70000434244.882004
70000453262.758713
70000458076.607620
70000009382.054611
70000326235.207672
70000850698.608047
70000355461.248672
70000048781.990112
70000845393.034698
1.000000
70000639474.878738
70000396388.759903
70000533102.090759
1.000000
70000454568.792236
70000476888.425262
70000360344.990387
70000869877.350113
70000912239.283340
70000518457.703979
70000888707.005157
70000818282.226532
70000770491.950439
70000632726.201767
70000700999.422104
70000759883.656479
70000571322.364029
70000770622.434021
70000195419.608398
70000607957.440079
70000836474.531250
70000241875.270065
70000315469.827850
70000011029.086380
70000396628.155579
70000084682.714966
70000340695.464676
70000017076.132233
70000642983.491745
70000576581.965958
70000816925.470795
70000756355.628387
70000885618.955627
70000884936.433350
70000970958.919281
70000679780.646835
70000054334.217438
1.000000
70000317766.175690
1.000000
70000603694.043274
70000860856.908157
70000596276.495804
70000872487.793442
70000786272.977646
70000687544.538025
70000118117.325714
70000516000.131958
70000901650.409546
70000804852.797272
70000102532.686768
70000178766.974625
70000568608.129852
1.000000
70000528883.817154
70000714453.854263
70000192131.197891
70000818449.011063
70000359999.050217
70000779100.453293
70000741785.538589
70000366643.035446
70000250613.150391
70000898807.796707
70000958100.929321
70000511580.630478
70000658125.363434
70000846664.905243
70000113891.978149
70000585242.847961
70000168083.557373
70000547117.743317
70000183884.802231
70000265093.357666
70000737502.734573
70000651810.432236
70000595971.803009
70000560439.974930
70000081050.637558
70000943701.174805
70000155374.949783
70000192568.131622
70000109645.184464
70000522800.107971
70000198101.910049
70000453779.141663
70000366723.748062
70000180598.375259
1.000000
70000210593.342178
70000946949.504395
70000106859.518173
70000960233.159958
70000804818.586411
70000306126.022476
70000389119.189392
70000735929.469864
70000848603.608734
70000432035.373398
70000017323.646225
70000416258.438614
70000310941.152740
70000137986.703568
70000863609.476685
70000362141.833344
70000043708.257004
70000995866.124985
70000759748.519699
70000102354.134033
70000736313.346237
70000595446.157806
70000893178.903610
70000232462.050583
70000142055.690094
70000103247.322525
1.000000
70000776881.989166
70000175307.142563
70000885283.846451
70000038710.177719
70000871328.436981
70000852696.186859
70000868436.840759
70000314814.016144
70000381464.392456
70000879914.297821
70000620684.552002
70000693638.872894
70000093699.859467
70000417756.208862
70000759587.862320
70000486907.309280
70000517624.366791
70000155194.581192
70000662690.025711
70000178860.398849
70000044241.480118
70000882766.750305
70000329835.866959
70000275018.190292
70000613589.281235
70000992866.135864
70000034689.005524
70000495038.755981
70000966568.218796
70000197938.061707
70000642601.646759
70000301445.703995
70000677361.826050
70000207152.757919
70000857042.345825
70000992904.937271
70000140550.343567
70000985183.706329
70000302004.751785
70000244973.483994
70000778506.367996
70000331288.050186
70000407397.491913
70000403529.447464
70000356246.860611
70000226926.000793
70000356639.135498
70000680624.887482
70000720076.002396
70000507338.707565
70000130831.182266
70000858992.102539
70000514394.374084
70000089210.203629
70000045805.373459
70000076231.051178
70000229475.046661
70000444079.506088
70000157327.263687
70000667863.003906
70000335476.258698
70000561091.717514
1.000000
70000068163.308365
70000626370.742081
70000439270.074890
70000363378.842102
70000184425.302963
70000730063.935760
70000948943.599884
70000074664.931641
70000419463.941055
70000682993.549576
70000666566.710388
70000280567.091858
70000841026.335220
1.000000
70000480310.639374
70000958432.462723
70000352860.918686
70000320732.374969
70000213198.989380
70000737151.658997
70000130640.413086
70000098480.755188
70000987767.841385
70000114796.207031
70000784299.511658
70000904521.121399
70000891538.627335
70000643676.613678
1.000000
70000429704.097717
70000369171.181808
70000319378.809921
70000437229.005798
70000558575.694717
0.33
 0 0 0 0 0 0 0 0 0 0 0 0 0
