1 401
70000718203.573380
70000702806.228912
70000337303.087280
70000608364.662506
70000062760.429382
70000315975.052399
1.000000
70000651867.281738
70000882116.658020
70000666398.032394
70000336031.090576
70000638080.394043
70000334666.106064
70000682922.521698
70000593645.889847
70000484890.525620
70000064193.938126
70000620387.432068
70000442618.566315
70000000768.115814
70000221925.089325
70000033756.696808
70000053606.946884
70000851970.882004
70000721326.434769
70000404644.024063
70000567768.662933
70000163458.520569
70000378309.951324
1.000000
70000077198.674240
70000314013.722916
70000011126.293823
70000198435.729614
70000937113.787354
70000502391.094620
70000743319.212921
70000045551.886810
70000792163.059433
70000071733.707413
70000682158.008087
1.000000
70000316238.340897
70000240827.246750
70000134116.692596
70000280522.033936
70000330880.636414
70000578078.182236
70000900315.067368
70000035018.862366
70000961569.658768
70000767428.620483
70000681010.252777
70000962520.980667
70000776637.830276
70000893736.232285
70000381545.640182
70000405886.173416
70000148622.754211
70000679839.092056
70000767419.133194
70000421168.039108
70000808174.515854
70000455127.743774
70000718215.744659
70000398182.183136
70000259872.561935
70000450090.028244
70000037718.527130
70000579753.552322
70000447494.491043
70000563154.754639
70000419155.801132
70000829156.891815
70000279448.434464
70000328854.642014
70000534254.985458
70000691872.932648
70000037616.804428
70000209877.456161
70000489593.170029
70000288294.729019
70000688221.252625
70000431204.703568
70000498347.458084
70000215642.933151
70000980714.737854
70000821549.464737
70000858876.404465
1.000000
70000216286.624954
70000293019.306442
70000986239.174316
70000243127.374008
70000640989.108109
70000853037.645859
70000883449.081421
70000918831.909409
70000911852.331589
70000590632.662216
70000764102.070526
70000980142.506836
70000400930.260529
70000830010.574112
70000934875.163727
70000985470.653152
70000575179.343063
70000866652.550507
70000435637.101273
70000668891.301010
70000602531.938782
70000078789.130249
1.000000
70000965109.066025
70000386560.169144
70000179724.353073
70000569041.901810
70000812726.948822
1.000000
1.000000
70000405986.349823
70000147238.470367
70000949184.641785
70000446057.250778
70000990717.957642
70000846650.153214
70000241044.371017
70000699145.737213
70000615863.912064
70000098986.840485
70000833091.528366
70000604638.871277
70000167519.179108
70000800285.828064
1.000000
70000047866.041641
70000773378.262054
70000121174.560745
70000363788.745056
70000551880.793655
70000211128.373642
70000659540.127487
70000554747.303726
70000218362.667099
70000057217.439270
70000526802.871368
70000369173.302124
70000332014.195450
70000580317.841019
70000051098.431046
70000876920.106522
70000269947.669632
70000369288.212982
70000561282.046127
70000329819.645737
70000876281.475113
70000227045.068649
70000242022.354263
70000209564.590988
70000248448.297943
70000027371.377274
70000768241.318954
70000797494.221634
70000547412.388855
70000544709.322998
1.000000
70000772835.458893
70000232350.968079
70000899500.266693
70000406466.697128
1.000000
70000116691.239349
70000168951.479416
70000869683.957153
70000334508.947449
70000082166.847931
70000921091.282547
70000728391.843475
70000694778.986282
70000613807.662643
70000964478.882950
70000646607.967636
70000180058.551865
70000468875.696304
70000822469.828369
70000633454.266815
70000001299.568634
70000220350.178085
70000644158.765717
70000234505.284988
70000133673.588974
70000310686.736023
70000335514.717087
70000476921.488434
70000708504.193832
70000331540.724396
70000016386.427689
70000198947.749405
70000159676.330948
70000479769.663162
70000776831.884964
70000430865.005386
70000897385.208435
1.000000
70000405344.248611
70000314175.557907
70000387677.720734
70000064525.751495
70000086972.404190
1.000000
70000177786.420090
70000412587.746292
70000771506.975555
70000749153.159683
70000062231.218063
70000149030.756866
70000878905.250122
70000509091.445892
70000998655.259018
70000976176.953964
1.000000
70000272191.801163
70000682685.621567
70000444436.528503
70000863748.503601
70000770134.564423
70000010162.538040
70000142383.307770
70000534728.342545
70000122261.602982
70000126604.234497
70000225066.824280
70000614281.790985
70000306988.842392
70000096562.500320
70000080203.175369
70000957720.637405
70000292719.113937
70000473980.030502
70000543163.519012
70000257768.840134
70000303265.909424
70000340093.843170
70000431467.372452
1.000000
70000649257.158173
70000860493.089386
1.000000
70000434778.808563
70000233754.722229
70000464404.268448
70000327237.934509
70000022128.885117
70000519646.957489
70000794886.975769
1.000000
70000903711.142288
70000263818.682220
70000225426.624588
70000306953.759155
70000311848.934082
70000350516.521317
70000893700.799774
70000559220.441040
70000850675.811859
70000517261.910049
1.000000
70000543558.084976
70000017736.267349
70000647612.410538
70000503067.579422
70000770253.184143
70000121627.456635
70000060777.980164
70000321751.470261
70000910089.023331
70000872534.432571
70000982864.016846
70000414542.385834
70000859469.833160
70000673721.114563
70000402810.018646
70000481628.659775
70000008418.131638
70000343901.124054
70000371130.279953
70000330868.463318
70000708875.671173
70000922067.621643
70000313725.252213
70000796916.217743
70000344992.871597
70000499700.246216
70000029391.210083
70000870243.324936
70000119753.642548
70000576031.508591
70000081525.496964
70000301926.249283
70000426648.149704
70000650486.473846
70000829788.159668
70000131374.875168
70000433391.780716
70000741551.399277
70000469865.025162
70000884225.491455
70000952299.927460
70000615647.701828
70000339725.146194
70000882778.848801
70000072623.080124
70000338258.388443
70000681210.549179
1.000000
70000123330.378876
70000104883.448441
70000129888.293808
1.000000
70000643091.291824
70000934194.697662
70000964076.561737
70000376066.372955
70000519043.567169
70000227032.709671
70000742856.540131
70000423865.168060
70000884488.695160
70000982969.035919
70000695840.266052
70000095611.527969
70000984141.764587
70000861853.236221
70000178717.878632
70000063434.204620
70000667276.898621
70000765469.661453
70000317969.439621
70000347262.187393
70000272799.905228
70000781436.264786
70000725601.773926
70000927362.914520
70000158096.571106
70000791659.975052
70000143970.923096
70000553158.054428
70000559415.381180
70000798863.697037
70000208092.548401
70000561454.578964
70000002638.127960
70000825819.648239
1.000000
70000090149.680328
70000628001.777725
70000802985.234863
70000063241.802795
70000989435.245331
70000444497.955566
70000828261.426514
70000617384.336609
70000785594.190613
70000924893.021576
70000729962.592163
70000725861.237793
70000323880.686020
1.000000
70000558525.990738
70000141038.579544
70000511807.343887
70000291882.746353
70000501515.063690
70000915091.322495
70000401776.109879
70000201185.400848
70000725071.727432
70000271641.336899
70000820233.569153
70000669352.978806
70000451334.352463
70000855183.085587
70000017126.890732
70000606273.369644
70000591495.228394
70000942711.521240
70000144361.434464
70000250881.558075
70000061071.326935
70000807474.936691
70000692626.399155
70000748700.507111
70000562511.745605
70000648828.163696
70000165485.966217
70000817840.091309
70000197435.729141
70000430177.376862
70000866182.548035
70000876117.985275
0.33
 0 0 0 0 0 0 0 0 0 0 0 0 0
