1 401
70000871564.733307
70000149197.953918
70000816646.655319
70000236453.591721
70000212566.324905
70000413989.187347
70000474822.488022
70000726033.735504
1.000000
70000830277.958221
1.000000
70000499691.186966
70000939807.814056
70000647347.406784
70000001532.229477
70000410830.182434
70000750515.873199
70000104386.286621
70000021468.063324
70000986366.139099
70000572394.017319
70000592461.355301
70000797706.473007
70000516497.102188
70000546923.820801
70000511319.420761
70000214238.204926
70000812856.592346
70000183720.246826
70000516962.206650
70000910571.499664
70000693514.083771
70000404867.328186
70000767329.214035
70000062046.688477
1.000000
70000022067.734955
70000095306.702454
70000978314.694534
70000213799.650223
70000385908.539413
70000804294.803284
70000895483.574112
70000292386.899475
70000356237.887436
70000737426.363998
70000641633.539597
70000908938.372101
70000786929.548447
70000660153.385269
70000090200.589996
70000927769.045547
70000253554.651947
70000670184.526230
70000821079.770309
70000847609.641022
70000750464.042252
70000295396.550156
70000330961.229980
70000207419.738495
70000757226.788147
70000822807.782974
70000059134.984344
70000227502.227936
70000494106.688202
70000570162.972824
70000604690.983200
70000916585.773911
70000841582.853516
70000317697.638062
70000622712.033081
70000391788.878540
1.000000
70000150442.382675
70000557091.280029
70000370221.227371
1.000000
70000707596.735794
70000121972.402512
1.000000
70000490136.545502
70000080261.633438
70000767745.437927
70000632778.272156
70000954124.355759
70000878994.529251
70000696907.379379
70000719986.412048
70000898477.168549
70000813931.356003
70000802825.844482
70000102856.163086
70000097826.224731
70000189241.828018
70000592382.285767
70000529715.845688
70000177649.752426
70000038607.166000
70000877812.797409
70000364805.624634
70000542535.474548
70000534217.943756
1.000000
70000182450.279907
70000750137.223419
70000376493.478790
70000357980.297806
70000856087.745728
70000618652.757004
70000486509.244354
70000268884.225433
70000404457.278564
70000046800.791183
70000837193.696686
70000580920.724960
70000544857.672104
70000586445.180954
70000723485.009125
70000502432.124100
70000525112.892776
70000841651.481674
70000274461.879425
70000538414.710052
70000509207.463623
70000203541.332916
70000219777.464813
70000610367.354813
70000409494.972687
70000757805.086411
70000203502.998154
70000284698.368515
70000371058.468185
70000339329.538635
70000985393.496567
70000440300.332321
70000462693.229752
1.000000
70000940447.895172
70000139855.987457
1.000000
70000136969.262848
70000306640.171906
70000108889.270111
70000400632.334320
70000618240.245346
70000090870.476547
70000145969.071106
70000647121.247986
70000401441.409180
70000750811.991791
70000204444.197128
70000031173.115936
70000951965.349289
70000051417.651154
70000154637.488983
70000038622.629532
70000679807.744156
70000826497.183472
70000910308.363831
70000469826.168808
70000048840.572006
70000789102.872864
70000177863.492401
70000234096.324158
70000380750.136444
70000616910.110077
70000797927.288666
70000010137.652451
70000066629.070435
70000732317.415619
70000875789.426498
70000503214.232056
70000133081.872696
70000694828.428925
70000901469.004761
70000061094.662613
70000422726.162842
70000260906.371826
70000532356.553757
70000633808.124817
70000218174.540970
70000649076.027557
70000131663.694397
70000735613.749908
70000839639.563599
70000570732.724640
70000455583.088257
70000388573.597351
70000369471.686172
70000937871.180878
70000417143.072525
1.000000
70000167545.495743
1.000000
70000401269.999634
70000370880.041626
70000910385.396118
1.000000
70000389605.478592
1.000000
70000047942.210510
70000066094.616730
70000335311.804443
70000984086.329803
70000225675.789017
70000471557.971207
70000206363.372696
1.000000
70000904025.852570
70000027174.591492
70000136172.927277
70000386176.980835
70000765382.133453
1.000000
70000855292.721985
70000552506.942627
70000072533.004410
70000013013.220596
70000620832.800659
70000579512.405411
70000768178.426773
70000331553.632355
70000828172.205826
70000272844.817307
1.000000
70000079615.544968
70000549094.368866
70000142849.900772
70000513934.620178
70000619800.949295
70000431834.302643
70000857615.048080
70000015357.367233
70000416402.632782
70000228738.628922
70000107088.349258
70000100401.458817
70000524671.426071
70000868315.939514
70000220389.750153
70000735259.637497
70000491496.000534
70000255528.594162
70000137866.950165
70000989958.251450
70000270695.783798
70000170276.202057
70000319605.636398
70000773498.882538
70000596198.815186
70000995671.310135
70000738714.109283
70000599723.430740
1.000000
70000827473.895844
70000431225.355240
70000287895.885361
70000615827.640106
70000014017.048187
70000098097.156876
70000107177.248077
70000793650.175964
70000112859.685760
70000021275.872314
70000092953.325378
70000102006.579788
70000488742.473190
70000197748.817368
1.000000
70000642505.743225
70000288159.495132
70000579649.851974
70000142599.763351
70000794219.480713
70000057875.541428
1.000000
70000251551.019272
70000318114.429138
70000247103.650894
70000338109.788544
70000707429.220154
1.000000
70000440148.325348
70000761251.554153
70000422165.980423
70000001141.900162
70000488525.273697
70000203511.522583
70000360866.645889
70000166938.498932
70000049290.860458
70000174778.834366
70000493526.715683
1.000000
1.000000
70000285317.195999
70000118757.784653
70000145759.915268
70000284792.488129
70000066272.039673
70000818226.525818
70000960347.504044
70000702902.810074
70000644739.108368
70000836965.889359
70000014381.627655
70000547650.086182
70000137699.084946
70000554730.330124
70000446393.282288
70000670293.404312
70000456271.707443
70000687778.291031
70000663974.494812
70000774480.443573
70000543025.236511
70000639006.407089
70000678923.502701
70000505432.240646
70000520259.096390
70000637562.717239
70000160520.040421
70000661587.457382
70000630535.882355
70000562716.344177
70000574970.486786
70000181447.624954
70000115427.365677
70000125016.318802
70000654816.428406
70000484337.936768
70000755900.797073
70000514123.455261
70000054881.338623
70000106855.074875
70000204412.982559
70000160108.516663
70000307531.185471
70000293309.649902
70000574566.222839
70000127519.276062
70000152168.421692
70000253104.936447
70000835363.919434
70000398575.721741
70000003681.582733
70000825235.693542
70000104192.672501
70000627853.927155
70000008517.957413
70000199239.613220
70000702333.738464
70000657165.972870
70000444701.464066
70000905603.698959
70000823502.564117
70000043060.045380
70000384640.778564
70000378062.985016
70000950198.103027
70000625751.312531
70000151503.353958
70000304894.569702
70000140412.377533
70000555853.298752
70000844464.251251
70000058536.460800
70000765038.209366
70000833930.012817
70000196852.744461
70000798435.794449
70000725736.099060
70000347777.742386
70000461952.822708
70000227874.115173
70000854700.738785
70000618949.180695
70000678874.657974
70000729934.868744
70000642702.765717
70000829427.235168
70000043462.040710
70000867620.808075
70000811522.711823
70000029556.623459
70000310931.232117
70000608044.501495
70000212795.881363
70000748944.496475
70000493421.272293
70000877144.747650
70000851866.451477
70000879056.596222
1.000000
70000867301.858231
70000767202.072800
70000275419.531265
70000086728.658188
70000290762.202377
70000038457.907715
0.33
 0 0 0 0 0 0 0 0 0 0 0 0 0
