1 401
70000238800.415939
70000599649.697906
70000144460.693329
70000396981.328491
70000023546.961624
70000326842.056488
70000559482.859589
70000189899.864517
70000627737.407516
70000648506.072357
70000670351.055908
70000103864.596558
70000771977.135315
70000833380.955093
70000199095.679199
70000158502.505325
70000235725.872513
70000513426.793472
70000507477.974182
70000816974.726974
70000417590.957230
1.000000
70000083820.921509
70000753977.081528
70000147129.493759
70000509858.488235
70000529060.650024
70000886992.050903
70000395972.603012
70000253726.191818
70000983996.006256
70000334109.692245
70000154018.448349
70000635687.855164
70000161832.824310
70000636176.683594
70000206771.971848
70000255674.932495
70000846114.761993
70000749620.902557
70000145145.313110
70000681796.559708
70000644852.488892
70000514060.439392
1.000000
70000592640.746872
70000754931.511612
70000127008.003860
70000128464.854630
70000040068.476639
1.000000
70000665213.133789
70000818536.436905
70000534922.424820
70000168390.473373
70000344965.121246
70000418234.700760
70000625986.382065
70000581582.846161
70000537892.068130
70000084714.038177
70000715063.179398
70000298730.411804
70000373923.706390
70000495274.742676
70000954811.516754
70000020870.501404
70000781841.185287
70000735146.205566
70000233767.734650
70000232183.474426
1.000000
70000334149.321899
70000072128.848404
70000098974.878998
70000915343.340317
70000507527.599884
70000775601.556229
70000153797.580795
70000338455.934723
70000269962.768311
70000692317.087082
70000081397.808655
70000952044.144531
70000923450.416382
70000595520.192032
70000941430.283035
70000327048.187408
70000452819.667496
70000602816.020844
70000488364.810837
1.000000
70000299937.036484
70000220907.706131
70000517083.212997
70000356721.693817
70000272737.031982
70000668854.720642
70000437333.982864
70000355059.808777
70000518004.496109
70000159618.918915
70000059227.159363
70000759428.536163
70000097723.657944
70000312728.851471
70000439516.175797
70000943323.481934
70000643442.989151
70000462400.278824
70000732335.444656
70000961541.156219
70000594948.798737
70000997001.638092
70000939848.675232
70000776729.671417
70000266978.974258
70000087133.642471
70000727384.189926
1.000000
70000496985.681198
70000118209.676956
70000848408.935654
70000718023.841339
70000951537.161621
70000367567.058823
70000091884.709457
70000896420.730316
70000531250.248413
70000801380.698730
70000494968.179840
70000657978.370605
70000438722.295959
70000989707.897110
70000302127.899353
70000683917.120132
70000401286.902267
70000036826.334534
70000484535.230621
70000053768.889023
70000425698.271484
70000127663.041962
70000580176.527878
70000967383.137405
70000128583.081116
70000114195.745087
70000244202.297745
70000038792.879150
70000393935.661713
70000178886.836212
70000727714.312439
70000146842.148453
70000002876.534500
70000634219.393341
1.000000
70000769572.861069
70000158740.386337
70000015194.811157
70000187929.141891
70000269035.103012
70000951919.456818
70000055268.095383
70000742999.783493
70000221253.267838
70000740518.897018
70000151646.335968
70000270062.243622
70000033764.218063
70000823118.954803
70000091399.479355
70000985074.787598
70000088158.586884
70000631119.483429
70000907633.283203
70000793424.040344
70000506040.533539
1.000000
70000032957.959351
70000346157.348755
70000036770.247223
70000376354.250168
70000633428.108841
70000474257.157501
70000299340.287338
70000482816.789688
1.000000
70000411249.708221
70000083412.141312
70000391563.870163
70000056992.214127
70000779958.291931
70000009410.769424
70000973095.662506
70000833387.019318
70000052661.322830
70000998547.085144
70000913793.220917
70000891572.139221
70000656944.663635
70000422648.694778
70000142812.880264
70000877135.221649
70000286250.954819
70000049911.113434
70000742480.209808
70000663211.649658
70000695666.597397
70000173621.167603
70000321844.119370
70000100825.464035
70000357189.871445
70000848410.373627
1.000000
70000589847.738037
70000961287.039856
70000572249.406525
70000671244.476303
70000355090.780487
70000942965.250381
1.000000
70000981761.776642
70000090511.849396
70000680027.539307
70000085427.171051
1.000000
70000065397.488678
70000008252.140305
70000929274.266418
70000735711.399704
70000262284.085220
70000367311.659180
70000039879.449036
70000650331.198181
70000008081.149994
70000554856.736450
70000971754.654282
70000069433.023880
70000810618.552521
70000417454.334717
70000262570.378601
70000561205.459274
70000693835.043427
70000061456.379593
70000810297.863220
70000489530.194305
70000539876.865082
70000679168.901810
70000630639.939682
70000852749.365433
70000116602.419632
70000679211.130585
70000365532.429214
70000905915.850510
70000630082.630280
1.000000
70000119718.729980
70000885000.799515
1.000000
70000315565.702728
1.000000
70000711832.448853
70000478870.473480
70000415737.756088
70000622734.527420
70000467186.113663
70000817617.698227
70000416244.677734
70000456422.809067
70000222477.314819
70000389295.633636
70000015485.000122
1.000000
70000804374.903351
70000165595.464401
70000040021.460419
70000485489.050125
70000598785.802094
70000397236.795517
70000352814.093185
70000683119.575790
70000068879.796982
70000001136.764053
70000405352.509384
70000131679.729156
70000049786.100128
70000960113.612030
70000281371.415085
70000146986.547058
70000841454.357437
70000693056.219528
70000342431.478897
70000226871.888733
70000305658.301483
70000054997.231476
70000995074.361389
70000090993.423355
70000549804.417923
70000983611.551193
70000376331.230453
70000478872.141632
70000900560.267075
70000574805.621536
70000947375.584930
70000345336.684616
1.000000
70000470056.380295
70000791275.241470
1.000000
70000230452.029419
70000190237.603134
70000359043.625717
70000485139.709930
70000131568.632996
70000703746.619949
70000548793.991470
70000255930.829758
70000388796.945038
70000753746.204010
70000859811.439880
70000197080.020279
70000742696.949677
70000753819.882355
70000866727.763397
1.000000
70000419159.107452
70000088913.296555
70000061054.074203
70000366257.707626
70000091130.739487
70000555791.260223
70000308599.181915
70000752258.367981
70000391816.785614
70000592768.150635
1.000000
70000693013.357513
70000980232.493515
70000872317.357040
70000383443.060867
1.000000
70000520518.947067
70000985521.573380
70000159116.320480
70000917475.009872
70000877899.657303
70000902418.986389
70000611658.304565
70000458572.947266
1.000000
70000756976.577835
70000641811.076752
70000010186.037582
70000511922.777435
70000904086.566895
70000525834.509262
70000283071.775650
70000735900.170197
70000361567.822418
70000749059.506134
70000306800.425278
70000332661.678421
70000951682.689163
70000903845.918640
70000675189.375183
1.000000
70000311404.844345
70000549506.547974
70000236358.481125
70000060261.325653
70000645390.225281
70000244222.953217
70000281252.412781
70000832264.930344
70000062249.232483
70000344963.314621
70000754179.417725
70000201505.387085
70000245528.545288
70000291470.579590
70000087386.388580
70000766134.270126
70000003188.446136
70000261174.301102
70000943233.607437
70000820171.093796
70000862544.405106
70000284576.906494
70000087280.582947
70000540636.842499
70000440436.785446
70000741600.949051
70000570219.412140
70000991463.425949
70000215787.417404
70000388138.662476
70000491135.768799
70000094109.362671
70000195642.710205
70000685297.294510
70000843865.756393
0.33
 0 0 0 0 0 0 0 0 0 0 0 0 0
