1 401
70000702539.391724
70000318492.302139
70000908447.385834
70000432428.689499
70000566776.439697
70000423754.589493
70000606460.754227
70000874005.511124
70000550187.598618
70000780795.175552
70000499224.774948
70000888509.309448
70000068523.435455
70000916243.493988
70000587868.429626
70000837478.156265
70000930214.037231
70000955248.708038
70000324621.482437
70000580388.708160
70000706309.655197
70000851672.497330
70000303800.132370
70000711895.881668
1.000000
1.000000
70000900519.055588
70000122300.879761
70000192495.435532
70000951730.903152
1.000000
70000959685.085907
1.000000
70000382256.730957
70000624069.429916
70000310390.837997
70000079099.740509
70000121604.320724
1.000000
70000399062.358780
70000636093.199707
70000328804.993454
70000077146.895050
70000785904.707886
70000065841.672592
70000023307.351395
70000304869.531754
70000571528.596268
70000690530.199585
70000850154.607590
70000073182.924179
70000922907.395416
1.000000
70000479052.200195
70000668399.102585
70000409242.323975
70000249759.699646
70000867703.183304
70000413701.134995
70000628065.130157
70000159572.634430
70000606647.521774
70000609962.410629
70000344278.980103
70000709966.292343
70000775781.898117
70000372284.115662
70000052515.716965
70000550916.097992
70000237797.268936
70000256118.633087
70000100000.636261
70000128777.736603
70000209350.582169
70000973495.428436
70000283710.677353
70000024383.221512
70000454043.946701
70000100296.639679
70000332626.619949
70000871407.537842
70000875697.041336
70000755984.952728
70000766742.884674
70000113675.706146
70000270199.726761
70000679658.718948
70000122780.294815
70000163484.092422
70000320478.765549
70000102288.780167
70000601496.483032
70000881034.092606
70000660360.984329
70000715306.023712
70000119323.664795
70000659576.209351
70000338148.439301
1.000000
70000904525.450562
70000258837.910675
70000431800.743896
1.000000
70000489388.843353
1.000000
70000886773.515045
70000316909.085312
70000733447.561890
70000378664.662674
70000642831.322464
70000194576.723648
70000096186.600082
70000769752.970230
70000437257.649994
70000009921.243195
1.000000
70000303387.737854
70000068219.705002
1.000000
70000202947.885513
70000754544.790726
70000782122.520859
70000650475.900558
70000570795.712143
70000514289.161530
70000334833.466171
70000649733.038040
70000955162.502533
70000624482.175613
70000969423.339111
70000366067.426224
70000217718.492126
70000495786.675949
70000416513.361130
70000485868.255142
70000796263.939423
70000504424.195297
70000446057.238220
70000460244.576492
70000904512.855957
70000539235.469604
70000310250.565704
70000826592.330338
70000474883.414322
70000969713.877060
70000561659.944122
70000221689.654724
70000477140.283157
70000038358.904175
70000035835.938583
70000413395.780182
70000658889.868408
70000175145.487625
70000051332.908615
70000893468.001617
70000796741.346924
70000516244.125366
70000874609.439819
70000588744.924652
70000229930.819748
70000078235.788971
70000625639.001389
70000901770.327408
70000642704.415192
70000575963.956650
70000822441.242599
70000861064.472061
70000719454.022827
70000883906.068817
70000819376.185028
70000041475.231201
70000445954.919662
70000218047.742737
70000956669.827728
70000312964.490372
70000676266.704651
70000828096.508423
70000536038.579071
70000325620.850876
70000879946.282562
70000663624.466156
70000474285.535019
70000901513.527435
70000936967.667160
70000266947.453888
1.000000
70000946111.315674
70000744950.962708
70000809941.047119
70000706265.556366
70000140738.727386
70000189865.330139
70000254303.546860
70000366782.465729
70000060158.502838
70000325635.043564
70000644672.350067
70000272946.332321
1.000000
70000626061.975479
70000702680.303223
70000590457.132324
70000120562.396500
70000321892.797882
70000223814.393692
70000084487.161789
70000791494.239136
70000074916.752182
70000060593.782043
70000716689.324371
70000327931.282898
70000256752.198090
70000026847.665588
70000085998.580551
1.000000
70000654458.775558
70000584338.852432
70000739239.445450
70000970967.849655
70000468084.345078
70000237306.460922
70000692174.149109
70000858853.153152
70000071272.766327
70000014942.634232
70000808649.763687
70000154830.606552
70000585373.691360
70000510849.787781
70000474685.250076
70000096786.869705
70000716611.161621
70000155203.103622
70000137436.571854
70000564372.261993
70000587559.243622
70000619176.807739
70000841979.970261
70000728690.343658
70000938049.865677
70000233649.574585
70000391195.994919
70000967401.547501
70000456599.605789
70000444834.047150
70000792569.894135
70000364105.235992
70000397247.073608
70000240993.621521
70000558728.602264
70000272067.936966
70000606569.163498
70000351019.040497
70000796084.616043
70000016456.770523
70000848787.136169
70000328377.291733
70000871240.943146
70000177204.813232
70000468208.907516
70000809829.107010
70000691880.125107
1.000000
70000568019.951355
70000440194.414185
70000491336.271606
70000303663.713425
70000561794.800156
70000371978.470108
70000634787.013672
70000216484.879852
70000402364.182892
70000034300.707138
70000256796.741226
70000823921.673523
1.000000
70000582386.493484
70000393415.194565
70000192090.306717
70000957947.895920
70000782691.719986
70000617349.428864
70000303541.580994
70000766223.834320
70000573160.487549
70000689301.391098
70000970155.219238
70000296576.848999
70000528931.596313
70000076833.741135
70000889091.651520
70000802134.433487
70000348822.586334
70000136466.888687
70000093237.022125
70000000285.600388
70000689460.065506
70000715280.468567
70000688068.244492
70000677213.749557
70000071668.211090
70000901604.028168
1.000000
70000233271.310013
70000210707.723877
70000267279.528214
70000105192.668198
70000639642.447968
70000614354.125626
70000371835.224335
70000775783.274490
70000870047.506195
70000728307.226303
70000211091.857803
70000573091.290421
70000984469.451965
70000728933.499435
70000332206.899872
70000219295.127472
70000047556.147308
70000086328.047974
70000470478.411224
70000391479.026596
70000602693.900925
70000237426.021500
70000634380.601929
70000271146.699463
1.000000
70000865205.813126
70000191826.814255
70000003713.865616
70000993275.000885
70000764963.549576
70000424263.959641
70000438766.132294
70000595321.091797
70000869259.552841
70000757670.707809
70000237964.442719
70000894470.751678
70000340542.502151
70000733064.356903
70000660772.196823
70000123944.528351
1.000000
70000280564.948959
70000152808.943954
70000774993.321396
1.000000
70000480368.610733
70000586092.709503
1.000000
70000925524.053757
70000972981.952545
70000667279.607788
70000014587.122559
70000149572.257721
70000231468.647644
70000998722.581863
70000695142.050690
70000490048.343811
70000111750.660980
70000589736.291031
70000008230.299622
70000394478.015823
70000561179.887970
70000100437.708557
70000824694.046158
1.000000
70000666023.544983
70000128280.628479
70000685277.481110
70000712018.497116
70000330107.201431
70000407953.862411
1.000000
70000196585.662338
70000946677.028442
70000500169.655289
70000935573.401215
70000538930.665283
70000902436.492081
70000048199.967331
70000829951.764740
70000114056.676163
70000484367.355301
70000175143.738434
70000696283.745148
70000334047.892776
70000035173.292419
70000349350.438995
70000931329.702148
70000686055.797775
70000561622.541306
70000613679.365768
70000291887.689423
70000399249.328064
70000683503.813492
70000284175.569946
70000883114.904617
0.33
 0 0 0 0 0 0 0 0 0 0 0 0 0
