1 401
70000766701.345993
70000582766.863586
70000477660.785919
70000761921.169113
70000762238.167862
70000762238.948181
70000860946.023773
70000774848.302979
70000616534.703079
70000705802.609207
70000931213.898911
70000269803.061417
70000305583.270676
70000509468.833557
1.000000
70000821954.951752
70000029785.623688
70000879544.989059
70000248427.084442
70000435609.674210
70000597706.624420
70000352763.169022
70000912140.802322
70000934760.672104
1.000000
70000476248.468460
70000059159.649353
70000234114.507187
70000690372.116837
70000403009.792084
70000175502.532745
70000688186.990189
70000491141.202194
70000791034.777542
70000734093.903610
70000670433.470200
70000912935.842300
70000400434.689178
70000988207.002243
70000755517.143738
1.000000
70000310518.847122
70000523912.985977
70000314410.636536
1.000000
70000388796.525955
70000408316.917526
70000597240.927155
70000925306.544525
70000088237.465744
70000776416.603287
70000546679.673401
70000732735.064194
70000545341.671219
70000173891.266861
70000125686.323563
70000859063.506989
70000784673.815735
1.000000
1.000000
70000383422.170746
70000362704.027206
70000636057.023895
70000387986.997467
70000868128.836136
70000803285.774063
70000976219.535339
70000799882.273270
1.000000
70000416942.020386
70000193274.662781
70000691432.241623
70000464000.441757
70000609106.093079
1.000000
70000121263.127121
70000381207.841660
70000452781.469849
70000804330.562469
70000042422.583099
70000191562.122452
70000903539.576233
70000110393.524292
70000930297.894928
70000932591.048233
70000915204.361954
70000775953.750305
70000699188.169312
70000300825.882080
70000948470.266113
70000268713.937241
70000913820.853745
70000738001.970703
70000755017.755249
70000526952.741089
70000615256.548782
70000147224.570999
70000251947.858444
70000476208.494019
1.000000
70000461013.278259
70000628451.471222
70000466558.900146
70000379876.169312
70000912164.361816
70000975866.861160
1.000000
70000198458.424332
70000691508.752716
70000277707.857300
70000581399.945984
70000910225.502380
70000322341.057846
70000956012.756897
70000449027.578491
70000320968.822052
70000337227.000275
1.000000
70000306385.893921
70000229794.921249
70000952972.437866
70000919646.770355
70000514690.010010
70000780612.332520
70000772823.107193
70000020309.553879
70000685185.316910
70000916294.045380
70000879549.919037
70000218410.914703
70000821026.625168
70000176571.584290
70000812662.515427
70000191325.264572
70000340170.613205
70000135925.152924
70000621720.220779
1.000000
70000051951.819717
70000435202.636444
70000136598.927841
70000115193.496948
70000461780.669174
70000095942.719864
70000408822.089767
70000600745.245529
70000425060.830887
70000499329.867050
1.000000
70000271680.520920
70000729215.875015
70000778136.547150
70000889390.927643
70000035860.887299
70000042204.628860
70000060630.896500
70000213800.999664
1.000000
70000112099.310593
70000749672.682617
70000043469.664032
70000727521.700302
70000048083.591171
70000328081.616699
70000425538.593567
70000416098.611679
70000749802.946991
70000238099.784805
70000656634.303040
70000110513.912476
70000707678.312759
70000115615.731613
70000892284.112137
70000177579.929092
70000051070.297653
70000467523.712799
70000894923.603134
70000959763.628067
70000226245.546127
70000304323.205582
70000616105.052322
70000662174.485138
70000817410.939758
70000650676.860794
70000940518.775635
70000394005.723541
70000691677.804230
70000094908.760788
1.000000
70000991053.050552
70000486615.660278
70000895990.036179
70000699311.250916
70000306660.429459
70000598289.233124
1.000000
70000717655.238586
70000533469.271561
70000497342.112396
70000481824.759079
70000662262.942780
70000251332.345657
70000783284.452896
70000795891.565445
70000455640.068069
70000199226.873337
70000290380.298035
70000298491.688904
70000727935.761475
70000463366.485077
70000343760.755280
70000245462.561157
70000302546.289566
1.000000
70000162160.367859
70000580607.366913
70000221896.794891
1.000000
1.000000
70000440273.522888
70000824111.929901
70000089674.499466
70000380943.250015
70000718294.222122
70000787714.423782
70000538111.204636
70000936004.356094
70000797716.656952
70000072174.200485
70000743710.038605
70000935911.838242
70000712424.931366
70000422086.842026
70000146978.775009
70000755872.877228
1.000000
70000736863.458023
70000578588.857010
70000001193.160400
70000023219.519653
1.000000
70000545657.952087
70000421501.557693
70000900189.050354
70000239141.452362
70000845312.359589
70000397491.393097
70000520304.742477
1.000000
70000570703.700668
70000071590.100128
70000058537.805283
70000735696.291290
70000808955.953278
70000210903.011353
70000575235.640121
70000847495.838974
70000765508.648956
70000018994.255295
70000657827.869232
70000871638.774780
70000900692.484802
70000297520.654709
70000904142.734955
70000990405.092636
70000582932.495346
70000737110.733459
70000785318.518372
70000798566.193756
1.000000
70000356512.686264
70000904489.942123
70000853321.785553
1.000000
70000911303.047058
70000559824.590973
70000042733.522034
70000710753.028229
70000478300.408157
70000108207.772934
70000409174.836700
1.000000
70000478520.565125
70000435768.768814
70000638340.026077
70000657180.414154
70000040875.292694
70000465645.189880
1.000000
70000287978.571442
70000103348.185196
70000638822.126099
70000785430.648193
70000647574.112167
70000811738.571640
70000759253.848114
70000668379.986404
70000426301.067184
70000608636.968552
70000651238.109421
70000733978.956055
70000427599.751114
70000983123.966675
70000868880.858841
70000264031.254776
1.000000
70000549254.351410
70000108638.275925
70000536650.768631
70000570123.286057
70000075116.535736
70000007924.194244
70000373211.108612
70000711401.005936
70000123050.217590
70000375467.668808
70000667955.759216
70000932901.178802
70000852003.806778
70000615804.169098
70000819460.155258
70000240273.518204
70000970380.403763
70000703593.863770
70000871208.260834
70000566692.216827
70000898085.418900
70000625544.889465
70000331763.543076
70000854853.545090
70000073806.027634
70000406085.962158
70000965988.034912
1.000000
70000360940.475677
70000347372.064926
70000591636.429520
70000490777.047760
70000249808.320480
70000204279.487503
70000636347.517502
70000968452.984253
70000998408.272186
70000652910.335953
70000047385.751907
70000479986.669098
1.000000
70000822135.213715
70000415426.558838
70000929979.694901
70000571142.419632
70000824557.581131
70000558977.093323
70000584221.333237
70000015379.340347
70000459609.246918
70000328132.080505
70000310820.013519
70000675779.501770
70000954687.399475
70000067927.944778
70000366659.082642
70000952952.707031
70000357688.598831
70000289849.057632
70000398324.806824
70000467966.552170
70000437428.022751
70000869893.664841
70000219363.435287
70000200616.097626
70000250611.421417
70000633714.858215
70000934199.217438
70000137655.848145
70000485587.389893
70000204414.696915
70000463672.798599
70000715749.429321
70000453471.506500
70000174592.245865
70000084203.958206
70000488444.061676
70000314622.269974
70000697821.605759
70000660540.500000
70000904140.026016
70000889636.714462
70000830501.692062
70000887268.135803
70000720265.225372
1.000000
70000891366.469116
70000442728.018463
70000977571.308533
70000610303.060699
70000757694.813156
70000785670.709412
70000925844.352783
70000846699.774307
0.33
 0 0 0 0 0 0 0 0 0 0 0 0 0
