1 401
70000841899.492081
70000263065.893967
70000724397.810211
70000186638.327560
70000581191.348999
70000975108.811172
70000349077.894241
70000939763.636230
70000669673.794586
70000346737.967529
70000154752.303467
70000214255.837784
70000067762.643524
70000930978.185959
70000217937.327866
70000755272.902939
70000617654.112228
70000902842.434189
70000369242.879639
70000646873.609314
70000543125.404510
70000719906.339752
70000338390.920685
70000351338.888336
70000042545.407959
70000996966.574570
70000073634.551117
70000952999.568832
70000155733.284958
70000733168.105713
70000027500.134277
1.000000
70000849123.913437
70000228418.469452
70000289675.935974
70000822834.732330
70000562967.069504
70000819084.877914
70000949042.822250
70000289925.395721
70000534264.034225
70000524379.919174
70000785961.777069
70000929630.773972
70000052065.351730
70000210675.208771
70000554475.797516
70000372695.386063
70000211951.229797
70000931770.658432
70000934638.724091
70000161253.967606
70000782047.060898
70000322051.270325
70000434034.253433
70000858202.708817
1.000000
70000375660.995163
70000891541.042023
1.000000
70000859876.583084
70000078639.717331
70000221865.961655
70000171559.137253
70000356233.874115
70000931376.097321
70000350531.234467
70000848303.567383
70000749808.306274
70000352677.800476
70000173811.264359
70000191465.366791
70000356555.856888
70000197573.009460
70000943619.987701
70000570984.156296
70000965236.482895
70000176604.999924
1.000000
1.000000
70000910552.320282
70000542293.501282
70000365314.865570
70000087409.835190
70000258787.852249
70000837820.283340
70000043271.562363
70000095466.968582
70000178176.562729
70000048948.324524
70000274388.063171
70000038940.407715
70000140004.190887
70000027113.396027
70000145584.815567
70000243873.012863
70000361425.493378
70000500654.080276
70000789232.091888
70000240544.011749
70000175446.299026
70000050241.195251
70000092758.414246
70000074136.230255
70000008958.807037
70000088933.983276
70000460889.889282
70000403927.070023
70000924572.878403
70000788469.093674
70000297394.873489
70000659199.486038
1.000000
70000507200.034790
70000670189.098419
70000909714.964752
70000300620.535080
70000659750.774963
70000930990.875671
70000232598.036789
70000076996.271469
70000836750.597946
70000603987.599197
70000335319.829346
70000233298.696930
70000138254.829163
70000127033.859650
1.000000
70000879488.735977
70000937374.023148
70000358806.723648
70000628598.438309
70000567054.477127
70000900743.493469
70000037008.111023
70000253441.640778
70000027538.209778
70000736398.075958
70000011493.554184
70000255687.220825
70000067857.077560
70000670812.983124
70000291220.443665
70000373340.903641
70000376164.231293
70000429393.195404
70000795106.501221
70000208543.415421
70000201523.223923
70000000977.804672
70000049074.360687
70000384187.763550
70000420471.436417
70000463073.159561
70000337328.096573
70000784008.475159
70000882387.647781
70000383886.204620
70000061731.736481
70000296608.290207
70000080324.157410
70000626454.426270
70000333165.442657
70000592534.654053
70000654465.218613
70000584289.851608
70000008033.132263
70000525024.945251
70000191093.374039
70000958770.439590
70000222426.456665
70000305379.775757
70000732146.499817
70000293651.371170
70000497382.292999
70000127875.942520
70000361277.818588
70000300431.727371
70000522372.315155
70000605394.248688
1.000000
1.000000
70000235071.168686
70000712635.842972
70000827613.961975
70000422825.073334
70000009478.248367
70000213412.544418
70000918502.247025
70000595642.319946
70000669818.056412
70000764042.722015
70000944513.048431
70000654889.947235
70000385399.580856
70000449882.134155
70000904565.005676
70000726453.463699
70000342134.994995
70000488485.458038
70000594366.466003
70000661325.852829
70000591788.384491
70000616142.465378
70000611644.528152
70000680685.383240
70000386081.727432
70000941664.198318
70000172871.879776
70000833207.929123
70000377800.155228
70000967916.357803
70000284380.261383
70000570401.879913
70000638702.278229
70000996192.448593
70000610306.622879
70000180521.896820
70000655147.406891
70000431475.940689
70000733408.625076
70000105552.387115
70000199805.496857
1.000000
1.000000
70000621814.559280
1.000000
70000349597.957611
70000994707.619247
70000251678.181793
70000872111.165756
70000881054.586334
70000100624.157120
70000828558.446869
70000582612.333603
70000230085.031815
70000691191.567337
1.000000
70000704476.471100
1.000000
70000141071.249100
70000192058.825607
70000810058.418503
70000747336.573227
70000820552.843048
1.000000
70000110529.631500
1.000000
70000882116.642700
1.000000
70000852059.188446
70000338724.525803
70000654742.087219
70000254072.573730
70000068884.034393
70000196527.037918
70000164067.219070
70000985690.507980
70000483056.665024
1.000000
70000918805.279160
70000072686.883667
70000153840.853729
70000654231.954102
70000837261.382919
70000744236.903412
70000182558.022919
70000390879.759048
70000417347.974197
70000836023.419556
70000096338.558517
70000162778.678406
70000711003.872482
70000220605.884567
70000646903.727997
70000032055.958511
70000261410.219482
70000222500.804153
70000075097.103394
1.000000
70000230616.405365
70000549952.361298
70000518074.656906
70000192521.007065
70000688929.494583
70000577632.244125
70000335983.724350
70000693446.071777
70000625239.497894
70000983727.352997
70000548489.791046
70000449596.334396
70000580700.534866
70000418677.300552
70000708738.587311
70000256784.006439
70000523902.053894
70000450062.016724
70000743194.258194
70000231485.558792
70000998609.380203
70000335459.645752
70000951521.059875
70000166136.504074
70000446127.953583
70000574049.069000
70000196320.295456
70000960487.651001
70000885824.186279
70000737277.944901
1.000000
70000897007.485550
70000191845.411926
70000746137.635391
70000424547.023041
70000495210.994751
70000848621.344482
70000569502.146912
70000143112.761948
70000563213.616547
70000404644.374878
70000563716.865738
70000922256.741837
70000048705.486481
70000494607.598160
70000388382.043854
70000201393.876526
70000951789.230865
70000665962.736267
70000266800.595444
1.000000
70000476882.587204
70000887987.263504
70000100590.605453
70000026307.887909
70000404382.521530
70000742542.073410
70000613706.419785
70000970966.598206
70000884751.889313
70000513472.501389
70000843293.385422
70000863701.188339
70000994063.416473
70000299418.503128
70000510454.936615
70000314452.040665
70000382284.720688
70000319856.487854
70000774512.320251
70000106952.154114
70000317835.911865
70000338727.684235
70000931598.097137
70000629170.866211
70000243202.593430
70000204832.286560
70000197822.727966
70000564238.124222
70000553953.772156
70000941954.227676
70000156144.509735
70000891960.268112
70000365937.372925
70000881412.340820
70000046412.256073
70000923622.826431
70000115686.281784
70000180906.118042
70000442093.101517
70000253822.089005
1.000000
70000947497.754654
70000059292.908310
70000174257.602203
70000384279.332825
70000125625.101517
70000350967.851898
1.000000
70000793683.010696
70000747624.996902
70000804342.819656
70000387655.443069
70000160081.078522
70000777918.258331
1.000000
70000063231.565292
70000285616.856155
70000971856.006851
70000253431.843323
70000597012.918671
70000571550.088715
70000585501.581909
70000831410.852402
70000738904.628510
70000295325.920898
70000098043.999222
70000091063.443939
70000548636.985611
70000750285.514709
0.33
 0 0 0 0 0 0 0 0 0 0 0 0 0
