1 401
70000097789.674240
70000809611.877686
70000734575.845139
70000823964.763733
70000043720.210144
70000782698.875137
70000172224.037018
70000853540.182495
70000707369.979736
70000106701.987411
70000400800.034012
70000443044.491562
70000058519.271561
70000465359.207718
70000395922.205765
70000587198.934402
70000544043.908569
1.000000
70000692942.401810
70000975334.910660
70000747768.568237
1.000000
70000065464.374512
70000900733.222427
1.000000
70000781354.133987
70000438759.234833
70000839503.930695
70000098865.041428
70000566205.758957
70000222727.030945
70000389511.300186
70000140838.410812
70000793984.906967
70000476943.791321
70000412188.826202
70000997385.698990
70000098278.266647
70000218611.538223
70000247591.774490
70000380455.096680
70000162917.814285
70000690259.244232
70000616011.611481
70000908905.664062
70000889030.082855
70000022370.053497
70000050107.575409
70000261756.788574
70000656115.798996
70000859716.555557
70000686084.229568
70000593187.992477
70000372886.720688
70000388666.325958
70000407489.568085
70000346858.847473
70000454657.519379
70000153350.664902
70000840303.959137
70000540450.459335
70000626530.222504
70000949070.748932
70000359820.321121
70000009362.572906
70000618854.129288
70000000714.498901
70000349940.098740
70000509832.618149
70000169114.073669
70000458095.839172
70000571464.935242
70000753352.508423
70000046833.742538
70000931986.471954
70000752582.951965
70000377896.134735
70000996487.073730
1.000000
70000726177.918320
70000906048.951813
70000012120.974487
70000473517.372345
70000479679.338715
70000886915.941040
70000655337.162430
70000982139.682877
70000423344.811249
70000266857.893784
70000370500.124466
70000916846.371002
70000144656.522675
70000310959.867599
70000767514.261169
70000841257.323364
70000589052.050125
70000127488.569595
70000959287.968460
70000513813.411118
70000810533.501450
70000256107.751999
70000977512.470963
70000772813.110580
70000051846.330322
70000602876.082031
70000473308.651733
70000719914.815063
70000029596.657593
70000059299.939438
70000261479.809464
70000906808.230438
70000500763.804550
1.000000
70000353463.789398
70000257243.713608
70000930475.262878
70000072626.897949
70000730821.002518
70000925540.687073
70000568308.307816
70000283458.591614
70000679517.596085
1.000000
70000710307.471848
70000664801.776520
70000066859.891129
70000321598.874008
70000189043.567734
70000035170.751160
70000280086.300079
70000879616.649857
70000768199.595215
70000293069.880966
70000785737.589569
70000859166.052597
70000284053.249664
70000237316.438965
70000459016.131363
70000340807.189346
70000009527.929779
70000772231.145538
70000031741.016983
70000929687.250748
70000015885.145691
70000047314.546097
70000350043.540833
1.000000
70000566628.055725
70000895342.460678
70000889056.919159
70000601988.293015
70000132358.282303
70000743694.698257
70000729042.918900
70000741024.995377
70000470038.537643
70000317908.480286
1.000000
70000389597.048676
70000743513.449371
70000072706.080032
70000090532.949341
70000019621.184540
70000738731.826492
70000161924.059998
70000608870.414871
70000564448.421768
70000126482.267151
70000104668.925827
1.000000
70000202483.272354
70000439893.727249
70000465270.104874
70000314402.667389
70000646077.525711
70000225935.860626
70000152123.372604
70000475740.151840
70000696913.718582
70000863647.010208
70000393995.014587
70000011361.556595
70000287064.306976
70000834685.202560
70000468234.043533
70000541527.135895
70000304888.066162
70000405540.804382
70000513389.740036
70000371252.399429
70000166590.167755
70000798461.439590
70000330517.065323
70000374900.606064
70000228513.456970
70000639810.762421
70000785977.670883
70000645754.175262
70000069418.873444
70000344977.139236
70000657404.685211
70000802285.412186
70000269259.857178
70000008799.195084
70000148373.890244
70000044021.843781
70000342275.214310
70000632664.534302
70000445685.536819
70000752157.233612
70000709791.515900
70000349788.541382
70000182744.899246
70000092399.266647
70000741835.454315
1.000000
70000530269.325577
70000954682.526520
1.000000
70000229129.788712
70000836294.129532
70000632077.278580
70000630781.676956
70000576864.296127
70000112513.005920
70000785937.451096
70000110191.766327
70000308180.945206
70000140619.454758
70000786358.637253
70000902860.478622
70000287063.328766
1.000000
70000194777.509506
70000679278.358856
70000777080.401627
70000254372.645996
70000119834.886612
70000163672.778305
70000065700.614746
70000713034.313049
70000145076.171570
70000741840.093155
70000038428.185745
70000881251.848282
70000955296.326965
70000023029.385162
70000067566.554703
70000610648.012146
70000569563.305923
70000988950.323578
70000785417.365326
70000533565.730484
70000130499.232025
70000934049.209610
70000910506.920547
1.000000
70000482702.071701
1.000000
70000568708.700912
70000388195.575043
70000515140.541046
70000620470.810211
70000782375.705322
70000957733.011795
70000532673.796158
70000154205.474854
70000206135.210388
1.000000
70000849545.148804
70000146996.792892
70000595426.031677
70000005112.449982
70000690193.046448
70000777274.228638
1.000000
1.000000
70000481722.901154
70000606785.508881
1.000000
70000245068.587769
70000552163.473618
70000904276.308273
70000323743.749268
70000280221.267929
70000843447.601852
70000018702.307495
70000379796.494141
70000222104.367676
70000430946.972504
70000005734.913574
1.000000
70000487317.369293
70000579943.367722
70000481159.694107
70000144645.177505
70000455454.161575
70000791008.125839
70000637336.066055
70000181269.851044
1.000000
70000394572.873505
70000768475.273880
70000603115.908096
70000456495.576294
70000309240.216354
70000669027.016113
70000819318.991928
70000752071.641602
70000195367.355850
70000867161.134918
70000218463.692261
70000177524.309509
70000354077.517181
70000413192.444397
70000885177.545334
70000691612.654404
70000591423.109192
70000452910.829102
70000086753.588379
70000525580.469376
1.000000
70000315335.885178
70000459661.182785
70000375779.280899
70000339538.936676
70000157512.795700
70000944601.618713
70000084682.567596
70000706345.237549
70000292767.914017
70000419705.096405
70000610776.945404
70000234109.436142
70000223456.911301
70000931359.798492
70000037718.506760
1.000000
70000899062.163147
70000087873.840668
70000995908.834076
70000319791.305481
70000096601.312943
1.000000
70000747157.691971
70000779359.106476
70000320659.364594
70000958333.185608
70000362482.811325
70000315902.879089
1.000000
70000146560.186035
1.000000
70000552705.185425
70000923959.090759
70000314411.303528
1.000000
70000389163.163086
70000653022.191574
70000066906.779160
70000903504.389481
70000367750.512009
1.000000
1.000000
70000837084.631729
70000976798.054642
70000868330.887573
70000976934.966827
70000666310.393646
70000592296.051498
70000450558.788651
70000508339.349823
70000804921.279388
70000142744.244049
70000478459.243622
70000947102.076538
1.000000
70000061194.564713
70000980479.237137
70000215952.991287
70000523246.167206
70000916539.975769
70000011969.238205
70000627695.367371
70000474238.123550
70000039253.903885
70000367174.136444
70000364651.417587
70000680944.175034
70000201324.381180
70000492703.481384
70000582588.076416
70000388963.686676
70000054086.987198
70000962674.966904
70000313337.103165
70000893226.789612
70000892908.010986
1.000000
70000973618.224808
0.33
 0 0 0 0 0 0 0 0 0 0 0 0 0
