1 401
70000083326.561218
70000018262.736298
70000160022.975006
70000552621.272263
70000531557.389679
70000710123.857559
70000627102.327881
70000138182.767990
70000346356.513687
70000388062.916534
70000947722.686859
70000107782.893860
70000082403.032608
70000601932.664627
70000248036.123047
70000305623.403625
70000936197.664185
70000595693.399826
70000595865.259995
70000102086.711105
70000942067.563660
70000555732.169907
70000522453.101639
70000839134.163040
70000110795.429962
70000167601.737396
70000226072.130386
70000463863.442978
70000085467.165894
70000015920.810913
70000407569.460800
1.000000
70000815416.309616
70000692161.779648
70000833154.256256
70000589391.355164
70000734402.661514
70000588656.553085
1.000000
70000109563.593491
70000144188.311264
70000256621.029694
70000049567.508362
70000840028.269226
70000895066.604675
70000704789.501541
70000682424.902557
70000325595.317795
70000585292.396057
70000284715.011230
70000234217.140305
70000028998.494720
70000957343.870544
70000105473.634674
70000935212.135666
70000242573.382721
70000629163.743057
70000841648.484360
70000042651.268692
70000380219.983536
70000381325.452988
1.000000
70000788057.924530
70000993258.544006
70000566002.947128
70000532698.734360
70000084977.931519
70000846260.561401
70000895525.345779
70000097069.542297
70000161104.065292
70000476856.585922
70000289184.476151
70000076733.356384
70000157816.229721
70000033701.511185
70000050888.272934
70000701286.636871
70000368527.666153
70000786673.517838
70000678500.263107
70000894214.368011
70000246678.994583
70000856533.056412
70000103526.989395
1.000000
70000270666.760620
70000073518.161438
70000133134.885086
70000116946.899078
70000271739.816162
70000471910.475967
70000340597.504333
70000115506.083344
70000607043.168686
70000652907.130066
70000528374.221542
70000032877.786682
70000075246.360611
70000910853.421280
70000716722.071930
70000944056.972931
70000087464.603653
70000832585.872162
70000559102.037186
70000715321.944138
70000613994.827713
70000134876.703674
70000035694.978012
70000028228.657257
70000892119.578354
70000701530.293594
70000637597.550385
70000154157.615402
70000339018.369934
70000119184.204376
70000610335.138062
70000327839.382187
70000834825.642838
70000900505.727219
70000983716.546066
70000194232.386963
70000800761.289764
70000810544.550278
70000614865.329834
70000192283.702896
70000261698.681717
70000712909.732727
70000107562.611465
1.000000
70000664358.450211
1.000000
70000717489.243088
70000558694.130844
70000415455.366821
70000747391.302338
70000585845.840668
1.000000
70000288728.902176
70000325719.235550
70000497341.902435
1.000000
70000723388.227722
70000530723.313980
70000426268.489899
70000241108.526276
70000642303.194107
70000694237.212357
70000632638.637299
1.000000
70000087987.521530
70000289203.608490
70000858211.132050
70000348253.188293
70000454079.047684
70000414959.277359
70000028636.528915
70000980561.437088
70000292554.398529
70000918339.414993
70000602909.195618
70000230027.003220
70000817646.185806
70000969160.220566
70000063217.163269
70000862442.622375
70000604414.798523
70000662301.733795
70000902193.230591
70000661360.065369
70000447683.285568
70000057239.901917
70000657657.691666
70000849772.564697
70000283437.422455
70000824772.727386
70000868399.162552
70000223269.733887
1.000000
70000298300.959427
70000804334.145035
70000520983.154266
70000136033.761215
70000382808.853302
70000747007.593735
70000295414.355133
70000951563.302490
70000534899.863770
70000631069.501663
70000579615.312027
70000512520.440155
70000009706.438553
70000652196.331726
70000491566.581146
70000124891.635040
70000735804.493362
70000237258.445297
70000960284.439087
1.000000
70000710231.047791
1.000000
70000520601.937042
70000125957.569382
70000823932.665863
70000604113.949982
70000480534.343750
70000214663.371094
70000042840.338593
70000458653.117676
70000306724.954681
70000531137.355453
70000667942.209396
70000841760.783218
1.000000
70000811977.942398
70000709586.741928
70000946982.694077
70000917889.273102
70000496513.361877
70000171680.025970
70000841828.062408
70000654891.554749
70000329673.659256
70000084335.837524
70000698410.756348
70000762764.732712
70000304557.824509
70000987628.823318
70000134598.400452
70000557006.208969
70000571516.847290
70000381621.981323
70000347577.883835
70000969540.373535
70000800090.071381
70000396405.024200
70000968628.442947
70000715795.908020
70000501639.105881
70000145363.982834
70000021263.094040
70000773168.735382
70000561326.473511
70000748720.023697
70000553166.209518
70000330840.545441
70000490813.622833
70000712600.795410
70000606376.693726
70000524156.396927
70000228412.929810
1.000000
70000065248.492065
70000625328.102982
70000802522.712814
70000486194.117310
70000106423.445145
70000256963.982437
70000064104.934982
70000398908.677582
70000891156.256561
1.000000
70000869124.091003
70000014135.968765
1.000000
70000429972.070938
70000648393.139099
70000978105.480225
70000571822.253555
70000201278.313492
70000217091.643799
70000751178.670776
70000602175.304184
70000898631.973145
70000064873.874710
70000825232.916702
70000999146.402298
70000532558.315735
70000940158.366623
70000067184.085434
70000250308.995514
70000838647.819717
70000087508.938766
70000526457.605698
70000053138.239883
70000440061.158417
70000624473.987579
70000675752.209152
70000222364.752350
70000648893.609894
70000012657.861435
70000929441.467224
70000964423.316788
70000491607.438736
70000295105.688675
70000198086.263840
70000235814.037338
70000000609.981186
70000811199.922531
1.000000
70000642853.422485
1.000000
70000297753.222870
70000160331.853973
70000059400.513901
70000331355.631180
70000755845.358139
70000936964.917831
70000463162.694321
70000846713.271805
70000904146.077225
70000988821.979660
70000723903.033783
70000346107.284851
70000862563.105423
70000156949.879486
70000994970.596405
70000013082.798874
70000264229.778030
70000001909.088791
70000564710.329361
70000207866.845245
70000713824.745590
70000445796.041901
70000190082.470963
70000636888.148071
1.000000
70000252545.925323
70000721867.026215
70000542184.976822
70000056205.554016
70000779494.349350
70000246187.972214
70000606254.585175
70000681236.480408
70000736053.259781
1.000000
70000214955.816147
70000867731.245300
70000475701.257111
70000584845.484268
70000448240.892761
70000221811.996552
70000565860.495026
70000911753.080551
70000676453.546707
70000075365.163849
70000906278.789597
70000533073.880585
70000260464.035980
70000174515.661301
70000957772.317017
70000122767.672928
70000400822.782135
70000218211.323715
70000476139.235352
70000519558.930099
70000556164.860535
70000234132.391174
70000268348.417526
70000901402.703354
70000526620.939102
1.000000
70000449743.290482
70000701385.765182
70000573562.707764
70000906941.904526
70000149368.217194
70000606373.858398
70000092480.153717
70000295749.423782
70000427519.276672
70000467998.487503
70000244767.554459
70000748128.069946
70000503381.989914
70000365400.811325
70000366317.456390
70000115722.909256
70000556283.953857
70000997974.384232
70000932079.987701
70000284825.464417
70000853371.157059
70000533424.483658
70000062105.077942
70000759719.097229
70000345918.237885
70000449264.380676
70000876194.565277
70000455617.674362
70000819410.920990
70000175912.869049
1.000000
70000402127.311920
70000714775.794479
70000219893.069214
70000410442.541321
70000252979.129684
70000419168.537277
0.33
 0 0 0 0 0 0 0 0 0 0 0 0 0
