1 401
70000667165.241592
70000587995.669174
70000284947.721802
70000542152.713257
70000532203.689362
70000221558.930237
70000124407.446548
70000365860.080734
70000212530.050522
70000023571.656494
70000620189.933914
70000431257.342972
70000682232.443604
70000378528.458893
70000478410.301895
70000578984.861008
70000108958.952194
70000000056.849701
70000065052.290436
70000192408.398438
70000232479.449036
70000678048.797470
70000040169.588989
70000740942.021011
70000361309.338196
70000188196.238297
1.000000
70000748512.642227
70000302301.145920
70000659078.321274
70000640413.654938
70000792578.719284
70000407428.603302
70000470176.062424
70000172200.391815
70000744189.972504
70000884872.168427
70000292488.098495
70000541284.074890
70000658095.613541
70000115742.637619
70000429418.006073
70000249329.580460
70000673901.954178
70000450051.055084
1.000000
70000713091.427383
70000764975.803314
1.000000
70000062074.296707
70000576336.095779
70000481992.744919
70000783964.894943
70000024023.646973
1.000000
70000685691.128067
70000557466.104553
70000548512.506226
70000758135.580597
70000123337.407288
70000683882.326385
70000758068.139771
70000493135.544159
70000221932.491058
70000775046.259003
70000507544.810028
70000039239.712799
70000869917.098495
70000089610.393341
70000938905.107803
70000090083.771454
70000675335.971100
70000757496.485077
70000566112.221161
70000146850.462006
70000492311.938034
70000149453.156799
70000915836.651718
70000511634.166870
70000380438.754135
70000137682.838608
70000088172.913986
70000039059.710938
70000280007.413620
70000417675.755386
70000056323.936462
70000486645.750107
70000344835.536179
70000534882.047806
70000007133.026505
70000485749.053162
70000068706.023376
70000597219.479935
70000344885.587769
70000890085.583420
70000423146.909088
70000510524.044083
70000620000.075699
70000459327.273804
70000845026.998901
70000132744.222931
70000955982.261719
70000900642.572540
70000774513.741653
70000679750.605392
70000347004.859314
70000890568.910080
70000908231.196640
70000396679.088623
70000397891.955338
70000197805.599655
70000137255.386124
70000363433.256104
70000759042.734283
70000848606.563507
70000598703.615967
70000539049.190781
70000110243.774506
70000501125.837265
70000327595.528793
70000782129.424683
70000662801.828018
70000142962.083481
1.000000
70000433292.628662
70000935973.808609
70000221283.685593
70000689723.447083
70000701815.168533
70000237690.741104
70000828677.338501
70000070081.203796
70000298449.589157
70000083715.238800
70000173690.125320
70000287096.607590
70000251562.523315
70000007954.360840
70000262579.891800
1.000000
70000306659.160721
70000280111.646866
70000620785.555695
70000349487.700439
70000728329.582642
70000937301.298767
70000879625.489792
70000045066.060654
70000039408.300201
70000165554.648849
70000375866.209442
70000905197.125137
70000884143.724808
70000277654.587524
70000527255.341095
70000643503.470428
70000498688.346375
70000779117.096436
70000181699.655853
70000150858.648453
70000031094.215454
70000510646.625229
70000666034.168732
70000362649.935532
70000017772.809235
70000202354.341507
70000885427.633911
70000437708.618790
70000463468.987305
70000240774.979156
70000674124.255341
70000574334.957138
70000112145.222458
70000387932.141678
70000439351.696381
70000245767.392639
70000979722.445984
70000943397.912201
70000668523.458496
70000408324.194107
70000292358.229538
70000069630.638046
70000697705.170502
70000347155.024460
70000402572.748077
70000222009.663132
70000229916.868011
70000841350.750015
70000935073.483887
70000299560.955521
1.000000
70000618962.347015
70000507188.755554
70000241818.714752
70000576614.171204
70000884610.713455
70000974458.906570
70000073190.931473
70000183089.575485
70000117119.278046
70000667593.651520
70000992708.756104
70000402017.225769
70000634567.412079
70000116520.080933
70000765609.660339
70000448285.972794
70000413070.678452
70000358865.505341
70000884323.610245
70000534650.975128
70000787478.729263
70000012523.512894
70000123096.670303
70000635229.517166
1.000000
70000056982.143555
70000289799.220444
70000862223.113617
70000675422.499985
70000929613.281082
70000122646.324570
70000235674.908066
70000404553.334946
70000031659.032867
70000831460.269913
70000477337.222153
70000562681.416611
70000390320.032944
70000510135.628983
70000637843.905853
70000263550.446869
70000917429.388702
70000177508.136429
70000406562.746140
70000454402.870987
70000167007.910263
70000167199.705490
70000046658.420593
70000188986.285126
70000717083.954712
70000493988.443436
70000888283.977127
1.000000
70000324507.728973
70000380085.587631
70000802220.115723
70000938441.018768
70000010188.642639
70000175453.955338
70000166562.824265
70000247985.221756
70000334197.697693
70000915873.470474
70000195918.920883
70000893404.768539
70000946427.277420
70000030982.973587
1.000000
70000809855.727951
70000373948.670151
70000531397.764908
70000003614.351624
70000026788.620041
70000600631.085434
70000821295.010971
70000615657.624298
70000302247.312637
70000604864.842087
70000997388.164810
70000537356.513123
70000507481.884491
70000323083.563660
70000806525.884964
1.000000
70000565609.128769
70000930432.961349
70000366863.663651
70000795141.666473
70000454941.299713
70000576687.500000
1.000000
70000522264.651535
70000219336.048828
70000059342.531433
70000828312.128143
70000920063.576187
70000111995.445023
70000079040.074600
70000997058.325684
70000705368.885269
70000700950.959457
70000933533.081192
70000245467.005295
70000140092.555191
70000711410.976990
70000328489.026581
70000545440.871353
70000343495.517761
70000726402.793335
70000680317.583252
70000415617.995010
70000457618.530014
70000837712.480545
70000150196.389008
70000986714.665253
70000785007.059402
70000672467.137207
70000527209.593323
70000083371.852951
70000738236.039825
70000965833.365677
70000538558.464584
70000523005.508911
70000624612.970856
70000976906.507401
70000088635.869400
1.000000
70000135921.254471
70000932843.666870
1.000000
70000437094.599808
70000385208.372742
70000123328.573532
70000843834.890671
70000471655.069656
70000317221.097031
70000549282.879822
70000509479.577011
70000351608.522995
70000937174.302902
70000406306.817886
70000661082.168839
70000672873.803696
70000260267.610168
70000641601.619629
70000172754.750336
70000545934.962540
70000460750.446136
70000828444.085373
70000664296.487595
1.000000
70000994446.827011
70000474568.452484
1.000000
70000497192.749161
70000773209.024109
70000385715.130096
70000742481.881287
70000975386.163620
70000274222.856781
70000304916.114777
70000466855.131210
70000795101.057678
70000000009.266785
70000056745.357651
70000910788.786331
70000683135.650162
70000075064.097198
1.000000
70000999351.699966
70000896099.227753
1.000000
70000494032.313385
70000568619.937210
70000683362.744141
1.000000
70000738989.402069
70000936841.331894
70000313019.135651
70000898878.959869
70000559561.964493
70000912728.244232
70000263116.246704
70000398232.783478
70000046634.725204
70000626148.644180
70000195582.027985
70000104404.974579
70000223335.918854
70000764421.430008
70000828122.420166
70000987139.161133
70000356541.705688
1.000000
70000573479.844666
70000757896.030182
70000035234.667694
70000615069.300507
70000047665.157303
70000594473.512512
1.000000
70000099096.535187
1.000000
70000952920.562225
70000695865.085815
70000876597.875366
70000117298.160873
70000190168.683670
70000418523.116241
0.33
 0 0 0 0 0 0 0 0 0 0 0 0 0
