1 401
70000394098.072479
70000391090.342789
70000414695.354706
70000868591.426910
70000535190.668411
70000302922.781097
70000603334.851700
70000685517.667282
70000605083.359070
70000877824.344467
70000662048.035339
70000860038.554001
70000759472.468216
70000345966.207962
70000199365.491608
70000284178.863129
70000231929.772705
70000641619.668015
1.000000
70000034148.399277
70000627483.702789
70000456941.999039
70000583577.290161
70000671262.766968
70000355743.953964
70000635429.290634
1.000000
70000386698.278320
70000319786.647186
70000023399.319550
70000811933.569565
70000903531.035049
70000087492.103027
70000299647.535263
70000521413.828445
70000367381.569122
70000742771.506638
70000496210.121582
70000603643.455627
70000661496.718369
70000692436.322144
70000115695.907913
70000621961.900864
70000416075.602325
70000505839.166733
70000926816.511871
70000097130.421860
70000956053.469101
70000300787.605118
70000051515.468170
1.000000
70000994374.259460
70000659932.671951
70000640079.223846
70000483943.146042
70000300711.959290
70000452529.106781
70000927622.328461
70000012378.064575
70000028729.745346
70000228617.982986
70000086256.938004
70000511509.728119
70000960399.692490
70000669727.175934
1.000000
70000774197.443100
70000605102.716843
70000118239.404282
70000045708.268036
70000357050.545319
70000840838.390823
70000382731.510574
70000787150.895203
70000448626.631897
70000528779.091049
70000075063.372040
70000422126.510635
70000944375.977768
70000926488.160233
70000728128.926331
70000552418.112854
70000793892.972778
70000821656.864883
70000665283.907501
70000136996.605164
70000349631.139908
70000494371.630280
70000972561.809448
70000798888.115112
1.000000
70000365011.446976
70000656945.384964
70000568145.297440
70000606842.770401
70000347617.394913
70000494606.567841
70000583176.997635
70000915657.325470
70000356948.220032
70000921799.499329
70000727560.715195
70000769062.491089
70000479309.906479
70000453961.573196
70000141082.900909
70000186532.269409
70000766496.978622
70000571821.433670
70000241602.918854
70000516885.897461
70000578590.304550
70000377827.643799
70000719934.122543
70000003935.231705
70000389221.798477
70000886727.336990
1.000000
70000616865.844543
70000388784.808762
70000759131.131210
70000028932.692734
70000338081.973450
70000386331.399078
70000978431.710739
1.000000
70000512991.574982
70000480593.480377
70000369665.980942
70000953026.783310
1.000000
70000180793.948410
70000212429.861389
70000415225.919510
70000316369.334030
70000026723.184723
70000149331.701294
70000738781.338959
70000688371.335846
70000616746.505722
70000264256.737762
70000668919.508377
70000526456.428131
70000579107.560242
70000037214.813553
70000265443.556854
70000415282.719376
70000095088.866135
70000587947.489761
70000999551.676666
70000235116.307129
1.000000
70000398658.256561
70000682407.600647
70000331703.731583
1.000000
1.000000
70000726317.571350
70000314708.540848
70000751121.230606
1.000000
70000254073.173904
70000784441.114471
70000596522.044037
70000280124.643509
70000472978.959976
70000251085.953186
70000255340.457870
70000818695.660477
70000135315.030106
70000907975.879379
70000542907.043152
70000512869.231491
1.000000
70000883883.115112
70000381474.975266
70000552603.079483
70000195268.089996
70000510995.944351
70000449781.468033
70000586419.270172
70000637606.123276
70000372300.980453
70000049972.814896
70000696654.922913
70000904421.491104
70000615920.797882
70000714819.284592
70000881321.510162
70000375687.972916
70000599948.371414
70000850486.187515
70000344190.480545
70000031447.208572
70000472801.798950
70000418839.569351
70000291934.358307
70000064497.610626
70000232774.880112
70000929316.262894
70000946882.648224
70000624196.345428
70000234134.682983
70000241347.720749
70000702519.548340
70000820849.897659
70000847552.943726
70000768133.712738
70000246824.756592
70000550296.812286
70000435408.052078
70000181538.031921
70000569774.714874
70000104147.023285
70000968839.550156
70000411645.319214
70000848378.535202
70000155008.558212
70000868786.376328
70000355370.046112
1.000000
70000175785.410019
70000351809.528885
70000531911.055832
70000655066.240219
70000891539.254501
70000352992.934402
70000782818.969635
70000189555.344925
70000107320.627579
70000148193.495422
70000809889.029266
1.000000
70000733709.752106
70000562996.472229
70000282650.302292
70000936258.408142
70000444092.402496
70000507384.554016
70000005130.705399
70000074074.453751
70000239043.169205
70000178081.744324
70000909482.600891
70000814857.466354
70000750784.229630
70000612507.579636
70000199398.086151
70000514146.927734
70000844699.256546
70000176470.361694
70000912793.312759
70000614937.633316
70000375765.480316
70000864874.340576
70000095969.000763
70000929064.306137
70000943961.707748
70000601465.037796
70000356060.512085
70000701986.229218
70000984130.330170
70000132376.093445
1.000000
70000807370.857437
70000548037.305588
70000198225.588043
70000070266.030960
70000420576.585632
1.000000
70000616495.403824
70000682432.153915
70000492738.747971
70000480173.353302
70000533884.865814
70000118605.708694
70000522529.624908
70000589242.200943
70000083540.409058
70000034267.769516
70000538383.372864
70000222034.845779
70000376528.122452
70000399295.950623
70000673594.001511
70000224484.370712
70000572968.448227
70000699867.966049
70000046881.185349
70000359125.284210
70000286417.531265
70000828959.214966
70000904275.740189
70000494867.803482
70000578788.412613
70000620956.847733
1.000000
70000011627.880585
70000732371.105255
70000517018.394974
70000278852.911743
70000660498.343414
70000108601.318985
70000817673.929092
70000497891.337082
70000459846.100388
70000492808.732620
70000038250.112244
70000997677.416107
70000410921.224792
70000482107.824203
70000776695.293900
70000162546.124130
70000966939.782547
70000863752.665741
70000819704.910721
70000480152.374084
70000752814.455872
70000534548.624313
70000760770.323318
70000291130.809784
70000572269.568192
70000538116.110672
70000773390.135910
70000436246.039658
70000436720.912003
70000386526.000671
70000322606.307343
70000999743.040344
70000317966.267136
70000917979.105286
1.000000
70000994223.531662
70000032176.781662
70000387105.065033
70000437819.777466
70000837214.051483
70000919263.589447
1.000000
70000440379.251602
70000652090.489716
70000864000.469040
70000502888.125854
70000113582.850143
70000344057.221451
70000797594.263046
70000673306.874420
70000233617.978912
70000024393.452682
70000931905.812012
70000171724.796738
70000202219.437683
70000192195.839890
70000646575.619781
70000102004.519196
70000986353.476822
70000030315.716980
70000284956.561020
1.000000
70000037588.399780
1.000000
70000087417.500519
1.000000
70000858826.605118
70000859247.035583
70000275164.151825
70000966810.930649
70000273264.850327
70000370850.942352
70000718057.418793
70000442926.115097
70000510033.164597
70000041758.933395
70000701342.200485
70000872153.056885
70000772474.781372
70000666722.650848
70000976572.921112
70000822099.627365
70000540525.740067
70000699499.679001
70000906587.518921
70000425867.190842
70000801168.390518
70000610703.214340
70000873683.329346
70000798272.220642
70000274866.359253
70000737944.337631
70000828672.296814
70000744167.343979
70000619026.186157
70000505793.263672
70000730264.581589
70000717786.604080
70000688427.020020
70000754445.544006
70000757979.932770
70000364712.336594
70000914138.962219
0.33
 0 0 0 0 0 0 0 0 0 0 0 0 0
