1 401
70000662492.985840
70000227793.845978
70000466044.785751
70000041461.438293
70000828802.912888
70000963217.847794
70000481421.174072
70000206707.538010
1.000000
70000842835.266113
70000972393.115845
1.000000
70000669671.736755
70000195019.857437
70000974852.983795
70000872835.446518
70000499144.089478
70000624685.161316
70000962931.449799
70000443165.972061
70000473613.166077
70000512673.968094
70000006293.089859
70000152560.862640
70000620944.926895
70000848915.199997
70000055705.191452
70000377893.847916
70000745142.836533
70000253115.302048
70000325153.841309
70000637204.255219
1.000000
70000296951.162521
70000082552.053970
1.000000
70000300784.949799
70000992046.954239
70000498804.034775
70000648789.920135
70000024162.622101
70000733910.509964
70000466290.279877
70000581169.655029
70000010941.511368
70000489904.208054
1.000000
70000935173.787216
70000634555.065414
70000359701.709412
70000254818.826233
70000691771.007431
1.000000
70000355695.537247
70000787401.232880
70000517980.963165
70000986711.053207
70000442171.627625
70000673521.769806
70000285873.535187
70000598234.008026
70000347837.036240
70000003176.067886
70000953935.757111
70000000270.440079
70000891119.873093
70000848128.242737
70000496186.226776
70000023211.452621
70000589829.187698
70000192047.312027
70000613166.003937
70000912333.389847
70000859954.859131
70000830515.835236
70000754860.390335
70000928143.020370
70000214678.765381
70000077694.135330
70000799439.549911
70000801794.936981
70000057817.198608
70000979370.289047
70000888012.350677
70000778821.804001
70000419788.322525
70000492980.666138
70000374942.523911
70000091454.524948
1.000000
1.000000
70000936120.162537
70000888179.988174
70000475480.556061
70000691655.784210
70000801442.080582
70000761820.430344
70000725596.227936
70000940999.282669
70000098463.998184
70000182134.050293
70000753017.903381
70000722078.455109
70000082580.387711
70000923631.417282
70000994642.734772
70000298996.096161
70000616150.294006
70000222898.775314
70000708932.876465
70000153063.632294
70000740488.913651
70000320180.098785
70000368241.452408
70000837784.680588
70000824385.638458
70000395649.562958
70000018607.382065
70000152672.837860
70000095128.250854
70000339962.548721
70000057391.405106
70000722861.401581
70000721349.855438
70000374482.727478
70000884627.634033
70000782682.134613
70000750221.957077
70000408335.178513
70000526276.478241
70000939047.428574
70000518390.340912
70000285870.970673
70000717993.593750
70000180274.932312
70000023018.499481
70000529256.057175
70000192121.122559
70000235494.417480
70000907523.513489
70000664341.679184
70000703009.747314
70000385601.707397
70000052677.201904
70000573045.150360
70000927708.493423
70000567408.582672
70000336551.597092
70000419137.350571
70000842880.830887
70000035550.705582
70000457428.076447
70000330912.305557
70000081809.138382
70000882842.963470
70000796771.969437
70000619227.709412
70000676486.982178
70000958427.673477
70000354569.413696
70000466756.307724
70000978598.627426
70000738345.879608
70000923800.192230
70000418425.229675
70000370299.957001
70000115607.552185
70000714910.797943
70000006250.854874
70000586725.455109
70000409150.513977
70000227462.346863
70000763018.286880
70000655544.617050
70000268349.247131
70000624443.235962
70000521543.337723
70000112234.454620
70000470965.307617
70000279157.121674
70000015670.243362
70000804905.702866
70000760989.149948
70000035941.151947
70000289243.211365
70000385622.117935
70000284131.498291
70000618016.341965
70000732149.800964
70000021461.541122
70000657365.855316
70000169052.304443
70000657368.354050
70000392348.960159
70000304166.056808
70000483934.816498
70000848203.809082
70000294976.737091
70000878498.784912
70000618498.731873
70000091057.548141
70000301936.836838
70000801584.579742
70000629058.062500
1.000000
70000569872.526489
70000864978.594269
70000424864.606903
70000543642.691376
70000125086.616135
70000127449.224854
70000021167.182648
70000014878.048508
70000345165.719940
70000458939.884033
70000699492.928757
70000948577.387100
70000205342.310196
70000045869.388000
70000117151.636093
70000069767.187500
70000519035.137909
70000264938.077316
70000051975.674866
70000048052.511810
70000729636.540863
70000742497.278397
70000129670.949875
70000914967.054581
70000307385.146439
1.000000
70000490139.476593
70000519199.458038
70000151081.847244
70000120114.959000
70000475528.543137
70000556441.750961
70000012106.494553
70000216022.304977
70000090209.905807
70000664924.127060
70000773221.467422
70000473141.250610
70000838816.455704
70000238109.890244
70000682597.794983
70000760016.461197
70000604615.941772
70000337902.663651
70000368331.326920
70000205553.293930
70000446519.280548
70000428075.839188
70000663076.731934
70000522779.811874
70000659916.540054
70000130226.171387
70000487266.847031
70000398599.962128
70000635381.524704
1.000000
70000968280.655182
70000477093.372025
70000475000.223846
1.000000
70000586216.519821
70000594796.267700
70000034807.239838
70000508710.328369
70000100472.213608
70000501291.452835
70000812680.946716
70000048435.128540
70000666669.852112
70000951430.232712
70000337266.304123
70000838731.817734
70000779316.340073
1.000000
70000850174.879227
1.000000
70000340297.893021
70000731744.855804
70000117364.273895
70000323113.517899
70000747646.899567
70000092495.274368
70000373129.845749
70000956089.331909
70000971589.009583
70000700901.497681
70000657426.717239
70000010886.806091
70000459564.500580
70000796685.013931
70000047017.619385
70000747338.515656
70000595325.546127
70000891753.355347
70000870383.044464
70000050329.234192
70000062639.686172
70000244292.918869
70000625908.063599
70000137385.213867
70000064371.954086
70000498965.027588
1.000000
70000522210.649719
70000093426.041748
70000262904.811661
70000725042.430862
70000308123.766357
1.000000
70000110125.315536
70000784340.711288
70000101668.333725
70000912121.577820
70000900243.054779
70000288348.144669
70000837463.207809
70000061083.804214
70000179354.533234
70000268903.962265
70000782936.108414
70000189526.179688
70000960675.757584
70000258157.201035
70000412581.920166
70000772011.029663
70000016790.029709
70000127175.813385
70000448237.765991
70000559642.259537
70000885866.800674
70000880580.166794
70000363761.501190
70000698482.866348
70000496693.876953
70000559319.742325
70000332028.766113
1.000000
70000682812.826950
1.000000
70000761699.040558
70000620717.222641
70000666215.258804
70000056020.191711
70000484532.005264
70000333492.347290
70000269409.224380
70000688810.322876
70000737752.051514
70000995779.033646
70000119453.314163
70000340145.083282
70000554093.051178
70000833078.710236
70000389533.267807
70000728004.345688
70000898262.589294
70000712520.357956
70000847448.971756
70000390822.479370
70000776766.311646
70000447637.758469
70000063158.121246
70000663368.833313
70000761081.903915
70000546348.786667
70000200862.041321
70000010108.686142
1.000000
70000556996.031708
70000428819.607269
70000292262.203491
70000809070.328812
1.000000
70000605900.014847
70000575156.484940
70000494545.008072
70000420204.706833
70000065738.374298
70000019491.301483
70000419040.377457
70000581486.687500
70000250851.638947
70000643497.347488
70000101762.280670
70000340431.957779
70000115720.392822
70000408964.561569
70000777252.411087
70000606897.586670
70000365119.607422
70000251820.863052
70000943342.160416
70000321913.535583
70000251227.999084
70000059243.854050
0.33
 0 0 0 0 0 0 0 0 0 0 0 0 0
