1 401
70000055820.670059
70000873177.789398
70000934946.766418
70000124625.480011
70000556900.343521
70000699323.870056
70000852039.572647
70000340791.459610
70000945761.163101
70000221358.242508
70000920849.618057
70000258460.668625
70000883750.817337
70000099927.978882
70000606662.585159
70000173055.458755
70000619013.398987
70000458305.373383
70000929171.091080
70000710094.055908
70000452360.960907
70000309703.528885
70000585821.737198
70000758709.783508
70000444186.573059
70000398130.564484
70000731816.784225
70000702185.419708
70000523811.768204
70000786411.860962
70000837757.088470
1.000000
70000307028.265076
70000019338.047913
70000177641.989883
70000917605.049500
70000464843.871063
70000307277.715546
70000122304.119980
70000801773.066620
70000937749.510330
70000990277.286880
70000541204.992065
70000839372.028610
70000186744.852417
70000510149.381958
70000888164.143188
70000552152.996765
70000588778.323990
70000213796.184753
70000445989.525146
70000433584.448441
70000405799.055313
70000066603.645004
1.000000
70000675781.346970
70000398905.133789
70000236282.603607
70000646496.421677
70000448379.684982
70000853006.188354
70000319948.256973
1.000000
70000901981.847107
70000759641.905685
70000445344.798218
70000607163.722000
70000687719.603638
70000269555.298630
70000980131.896362
70000666627.894714
70000375270.104950
70000799116.887939
70000918833.137115
70000480833.201813
70000235550.772583
70000218007.260315
70000671400.292480
70000439873.771576
70000630347.847427
70000294745.298996
70000661022.212051
70000765209.912781
70000498241.173172
70000033221.180344
70000786656.884201
70000617189.404724
1.000000
70000180878.823532
70000242602.812225
70000260940.790451
70000828467.901367
70000056534.940964
70000463640.409271
70000159302.389435
70000913730.564301
70000281856.619812
70000203611.601898
70000001459.464539
70000082102.599213
70000712112.789169
70000784975.884674
70000898011.045242
70000645855.125214
70000032896.969040
70000886483.547226
70000065580.014816
70000158910.452499
70000472323.926270
70000516735.305038
70000041511.653564
70000471515.064926
70000206602.081406
70000921739.373871
70000000309.049164
70000247562.686798
70000501435.410187
70000624202.338562
70000406107.354996
1.000000
70000390365.134750
70000506698.834564
70000575616.812576
70000738407.787552
70000032771.569962
70000062169.520660
70000199875.023148
70000895045.585342
70000722307.019287
70000142638.053116
70000596817.996750
70000456443.613770
70000566871.452591
70000978337.384705
70000629589.782043
70000785102.318604
70000227016.834549
70000075808.182922
1.000000
70000652970.748322
70000664352.087677
70000089083.186127
70000229560.758347
70000224492.043884
70000132678.050262
70000758861.508133
70000269272.417755
1.000000
70000698841.665100
1.000000
70000519964.698700
70000114777.193008
70000157976.240372
70000813743.726212
70000387755.293564
70000888563.827133
70000589117.340469
70000357101.639771
70000932771.715851
70000600544.367432
70000857946.726120
70000752128.981812
70000933748.805054
70000222575.651566
70000524642.572342
70000138305.177704
70000954006.449615
70000421250.791290
70000156159.103134
70000737035.128586
70000054818.002167
70000939099.829330
70000982975.557175
70000829318.534225
70000583968.143784
70000884845.674728
70000481639.882751
70000088411.052048
70000547724.282913
70000990476.057587
70000259709.714569
70000217281.320755
70000547782.897736
70000895513.636093
70000098173.883606
70000369907.883835
70000896586.662827
70000698397.501831
70000614220.464813
70000227564.511612
70000240258.592102
70000637039.657501
70000187461.824142
70000180924.567245
1.000000
70000943121.563095
70000785594.195221
70000603761.942108
70000382838.250244
70000483247.950821
70000435016.488892
1.000000
70000597767.545410
70000993550.461182
70000655032.894440
70000130261.632812
70000793076.129700
70000460303.586456
70000916717.899658
70000331587.593018
70000814302.956497
70000737855.639114
70000491457.641129
1.000000
70000910876.007156
70000301720.930374
70000123877.520615
70000514737.340332
70000371697.189499
70000470909.731781
70000431101.246933
70000825327.570099
70000551920.758041
70000402126.971451
70000542297.655930
70000996023.622833
70000537589.799530
70000763135.257217
70000936776.052185
70000711056.034653
70000325281.569046
70000136065.784256
70000106259.461121
70000742957.752472
70000708131.270279
70000107248.383621
70000104775.885452
70000738676.111191
70000997229.172470
70000166382.948090
1.000000
70000582663.440643
70000625046.609146
70000907381.749268
70000045201.430969
70000644106.789169
70000208043.842651
70000836110.595413
70000225766.827240
70000106576.141632
70000090212.451340
1.000000
70000265210.817261
70000395245.528046
70000883667.836594
70000592474.993271
70000945174.376160
70000280026.376068
70000200279.920609
70000216269.589737
70000799833.559265
70000516863.699692
70000278338.080399
70000191579.777817
70000997619.204132
70000515696.963593
70000037382.269104
70000386151.451447
70000341981.735229
70000810376.308304
70000167474.321991
70000432874.100372
70000280806.541214
70000308418.981461
70000604563.716034
70000269497.625931
70000074478.166168
70000634480.721848
70000524151.942505
70000078652.292252
70000152050.414948
70000695818.253799
70000335566.698502
70000777375.138107
70000019899.976761
70000814346.058701
70000809672.176331
70000589595.658798
70000844290.572205
70000830590.136932
1.000000
70000544226.422348
1.000000
70000138622.649628
70000370853.574982
70000032828.769775
70000266017.542862
70000777500.862518
70000176775.405472
70000073814.268448
70000668341.140686
1.000000
1.000000
70000729687.704605
70000452516.828583
70000178099.378662
70000466264.786148
70000582665.189774
70000212912.179123
70000136720.482086
70000401518.146317
70000997280.810074
70000822262.507507
70000346159.649582
70000369955.289169
70000520453.254028
70000492197.197952
70000721107.903702
70000472104.779984
70000636383.175003
70000048438.010147
70000120396.720367
70000423425.916214
70000128297.911362
70000223022.055206
70000142697.314743
70000905015.217987
70000298967.865814
70000535723.500336
70000289894.687668
70000144989.869034
1.000000
70000507629.687866
70000778113.858368
70000175474.073883
70000828189.119995
70000483974.596649
70000351317.506607
70000860658.712296
70000798826.484528
70000302698.699249
70000933278.933807
70000774102.745636
1.000000
70000342825.554901
70000406714.611374
70000484850.842957
70000840562.606522
70000298126.694168
70000272876.953506
70000714169.573380
70000270761.982758
70000040081.512970
70000970864.915802
70000866882.958893
70000531850.568680
70000369488.125229
70000026577.083420
70000100823.695251
70000594050.604294
70000493488.764145
70000701111.325485
70000351956.470551
70000152824.388107
70000440639.445221
70000423244.972824
70000767456.042557
70000899005.821747
70000957845.944672
70000845171.468918
70000258534.901855
70000168171.193695
70000842974.268570
70000391857.811859
70000053097.417694
70000323846.410751
70000709174.550308
70000428674.012939
1.000000
70000085132.596405
70000040089.643707
70000535119.709839
70000612845.489716
70000065984.830948
70000975646.659607
70000523302.180283
70000566632.184067
70000725294.222107
70000327237.712006
70000429066.792206
70000552433.064255
70000495640.356003
70000882745.167969
70000992818.774170
70000835188.325302
70000352934.472351
70000722683.159149
70000744697.647461
70000888613.527878
70000238724.098465
0.33
 0 0 0 0 0 0 0 0 0 0 0 0 0
