1 401
70000919042.709229
70000176719.063232
70000180070.428467
70000157253.887619
70000604073.961853
70000226061.202957
70000554387.158676
70000808824.459244
70000214263.219513
70000539627.805359
70000256208.580490
70000917300.982941
70000044639.622818
70000392239.378342
70000760412.001160
1.000000
70000352356.237762
70000134853.022812
70000095665.580444
70000756280.607925
70000652557.781189
70000952425.178589
70000332290.064468
70000178161.945999
70000383014.939102
70000895848.549866
70000464476.768158
70000421083.394516
70000559765.811172
70000103466.218399
70000102963.384109
70000062249.600143
70000576837.536545
70000098726.752335
70000206974.603851
70000810436.776764
70000181364.585068
70000507096.777908
70000738143.147522
70000339630.604904
70000229179.426559
70000964975.951965
70000691269.804062
70000318123.650513
70000977781.298080
70000101856.527817
70000897686.029099
70000415026.082199
70000809331.257294
70000340997.442230
70000358777.870850
70000404096.067825
70000517253.724243
70000251277.470520
70000810058.487595
70000144743.997986
70000175046.422638
70000495081.476715
70000788851.315201
70000896641.251266
70000621189.097046
70000793696.102585
70000675803.899933
70000503649.881836
70000308775.939743
70000422525.206070
70000550202.476471
70000237900.275314
70000350724.671646
70000470808.421936
70000446905.523407
70000703213.367325
70000886593.498001
70000372881.125427
1.000000
70000973842.726074
70000084414.086517
70000339468.298248
70000097144.315170
70000586102.866684
70000481442.041641
70000726293.255920
70000562845.439560
70000249698.099091
70000067772.682434
70000659472.977356
70000127575.209778
70000125035.431366
70000188038.776718
70000336535.765625
70000521050.005753
70000956711.360474
1.000000
70000781546.636551
70000926881.710785
70000431845.517090
70000550373.692703
70000432295.354874
70000973624.225891
70000630543.097916
70000419989.211899
70000825942.211670
70000651287.927353
70000949571.674850
70000354131.071503
70000528400.730667
70000282138.500549
70000075495.076523
70000687356.231842
70000418122.122971
70000455437.968338
70000757140.332932
70000314421.807663
1.000000
70000687737.465744
70000674802.447662
70000277829.236374
70000773070.935806
70000893711.069000
70000814008.144196
1.000000
70000432373.437866
1.000000
70000999129.702698
70000605890.427475
70000886510.092285
70000468852.533203
70000975769.789154
70000790747.876190
70000744743.059250
70000142878.483459
70000392366.067596
70000094998.561844
70000874964.843582
70000725354.409225
1.000000
70000715242.927414
1.000000
70000944584.178665
70000323159.678680
70000508416.069656
1.000000
1.000000
70000051104.810410
70000553886.299362
70000027688.230591
70000757063.473160
70000715133.988770
70000455928.885056
70000194313.268265
1.000000
70000941324.626114
70000368074.924301
70000539319.030884
70000985348.379044
70000612402.981201
70000454091.427231
70000468344.760376
70000776878.434448
70000874281.332855
70000921032.319717
70000809703.006119
70000142602.105759
70000370688.540482
70000691203.369247
70000637491.289871
70000519412.111374
70000576645.156860
70000241327.619553
70000746765.523834
70000252012.300339
70000945281.958008
70000573506.839676
70000749021.416656
70000500051.136780
70000480533.764435
70000738748.275528
70000721918.568527
70000110515.764038
70000414017.732330
70000179241.296524
70000675777.547424
1.000000
70000432988.130035
70000793818.986282
70000732725.778595
70000389313.091324
70000101114.626678
70000972802.083298
70000255494.318649
70000597944.354431
70000965910.175995
70000020164.695038
70000430950.320328
70000113441.128189
70000666531.983475
70000212701.463577
70000420285.823395
1.000000
70000110692.731125
70000490099.046844
70000308793.554626
70000033366.846222
70000890251.132324
70000251624.993195
70000401113.533066
70000004623.113739
70000878702.401932
70000952695.474976
70000112664.032288
70000888031.463516
70000805658.739090
70000932971.072327
1.000000
70000344603.201630
1.000000
70000100467.456665
70000188168.237106
70000958631.761185
70000725019.257141
70000276336.705368
70000115083.860229
70000156145.253265
1.000000
70000291121.644211
70000595278.352997
70000807818.615143
70000757079.614227
70000363287.721268
70000796396.800476
70000648025.687668
70000076810.361038
70000047753.762039
70000870545.011795
70000703198.236588
70000628996.892319
1.000000
70000032365.551910
70000711996.951019
70000501328.404404
70000974624.122009
70000135054.045685
70000061373.875671
1.000000
70000229908.372421
70000202728.453735
70000760795.431137
70000095875.854614
70000532217.339767
70000062668.528397
70000341736.884872
70000628076.030396
70000107853.700241
70000852035.929962
70000077826.238052
1.000000
70000446469.272430
70000839330.351151
70000378324.499756
70000754943.200104
70000420016.892685
70000757795.101089
70000723378.458389
70000715323.353561
70000878018.554733
70000146113.123383
70000823899.269714
70000927134.948380
70000309830.332291
1.000000
70000985112.365417
70000007711.755646
70000531222.779053
70000806852.133011
70000908106.089676
70000604263.707291
70000626641.081100
70000213638.092972
70000407470.347656
70000172075.285416
1.000000
70000650506.023819
70000443049.205505
70000244495.827087
1.000000
70000718865.510956
70000534708.298477
70000710044.744797
70000716698.522141
70000772878.610336
1.000000
70000856405.073395
70000241329.082352
70000856989.759552
70000187440.698349
70000154085.233032
70000485789.291519
70000107408.452133
70000325000.722900
70000362981.826141
70000493366.094711
70000873666.665375
70000402787.434082
70000499055.917252
70000903935.213562
70000852482.524384
70000271810.765945
70000024286.263748
70000953028.106583
70000234890.171204
70000577830.608032
70000106445.299866
70000893551.349762
70000935521.808701
70000880732.348755
70000340816.172165
70000842698.744400
70000392470.678146
70000737503.535065
70000081602.053085
70000708919.802429
70000196455.794708
70000161754.986176
70000267587.603882
70000367271.075012
70000128891.272079
70000880626.975372
70000557667.507141
70000682913.089325
70000569924.330109
70000178443.106232
70000470951.684097
70000282283.828217
70000982344.961838
70000981123.781235
1.000000
70000315268.147720
70000468453.189880
70000882716.709900
70000289427.287720
70000736598.203125
70000313360.971573
70000068166.188736
70000123611.459396
70000077560.177353
70000860096.430283
70000330058.500671
70000537670.690506
70000637991.642197
70000467781.361404
70000635218.901703
70000889735.147964
70000302365.224777
70000097569.358551
70000120581.792282
70000963230.024216
70000385631.149780
70000900485.780792
70000751339.512833
70000027481.516281
70000867938.044189
1.000000
70000361217.148773
70000276250.226852
70000617866.220596
70000750255.614609
70000928848.137497
70000025020.770218
1.000000
70000593405.968811
70000412137.490448
70000696352.821594
70000989229.324265
70000822144.104004
1.000000
70000434980.193665
70000748414.786118
70000934151.667023
70000691459.775162
70000402690.998535
70000040523.039932
70000054132.505524
70000802122.918564
70000531823.413223
70000907898.692993
70000483418.668594
70000860859.526657
70000453132.091568
70000587383.716736
70000848158.702087
70000001720.399704
70000677192.880005
70000683587.793808
70000451598.378693
70000603832.527817
70000321221.120758
70000798331.877701
70000109571.380035
70000337061.409302
70000694386.341766
0.33
 0 0 0 0 0 0 0 0 0 0 0 0 0
