1 401
70000478673.981277
70000138148.259766
70000392109.544739
70000046958.686203
70000891568.903534
70000316132.180893
70000474626.067581
70000638150.744476
70000428126.080826
70000824286.892838
70000767401.932236
70000678294.250076
70000425718.403183
70000434680.791168
70000753609.930115
70000160795.824921
70000910908.458893
70000227768.294113
70000285817.661667
70000145234.532379
70000102461.434967
70000380406.608841
70000617253.864319
70000339648.307953
70000000419.532379
1.000000
70000074378.446426
70000868536.170792
1.000000
70000370078.895111
70000366383.504105
70000799749.109253
70000784138.356079
70000812169.119568
70000237458.087006
1.000000
70000490447.562958
70000594154.869644
70000183842.843643
70000377354.944519
70000669360.808167
1.000000
70000114438.224136
70000599063.746216
70000519304.643982
70000461675.839188
1.000000
70000735865.576843
70000228147.558304
70000538139.414810
70000277849.753403
70000496375.670502
70000277485.286972
70000978772.839508
70000203789.586685
1.000000
70000986268.981659
70000795747.968582
70000497004.639572
70000080894.265381
70000443591.721863
70000217695.665024
70000498793.162125
70000137964.568054
70000982253.688019
70000293341.842224
70000609628.467300
70000430503.963196
70000938260.557968
70000611839.518768
70000686291.708023
70000154285.532715
70000281593.053452
70000123089.079697
70000996449.324799
70000669673.346695
70000520114.703766
70000219466.450760
70000796526.365601
70000899402.416824
70000901649.498047
70000217660.672241
70000966564.663162
70000809747.005600
70000085257.421448
70000597509.561676
70000497778.935089
70000832076.616257
70000953106.267929
70000226297.388596
70000101426.245605
70000750041.098434
70000409871.995819
1.000000
70000616198.124115
70000400943.271149
70000318143.598495
70000671617.090546
70000094888.610580
70000720688.429764
70000198070.767136
70000954747.066833
70000496813.722900
70000154259.665527
70000663418.097687
70000740743.031128
70000251722.513626
70000660075.220230
70000054955.543884
70000780091.591003
70000839302.226624
70000936843.923264
70000032101.102264
70000490295.806122
1.000000
70000451387.808426
70000791865.198532
70000529119.154419
70000113902.966690
70000694440.707764
70000097478.088150
70000619730.212799
70000424294.263458
70000083631.661133
70000901972.514893
70000159786.171997
70000381556.284027
70000492062.989365
1.000000
70000360323.526352
1.000000
70000897766.339325
70000148700.195816
70000210544.548721
70000933904.428802
70000833721.769012
70000313010.619141
70000846572.301697
70000355976.031967
70000759777.563904
70000330201.469635
70000934547.884781
70000394275.652863
70000636225.110214
70000802244.979263
70000956653.213058
70000419689.270004
70000479193.321945
70000292264.838211
70000436182.268341
70000675374.173798
70000590538.964355
70000004770.212158
1.000000
70000849113.474045
70000476705.734695
70000341526.511429
1.000000
70000346862.619217
70000685508.158646
70000114216.033783
70000571891.781631
70000481225.225784
70000241040.572906
70000774306.718109
70000678212.085678
70000472581.137375
70000642132.429092
70000298038.328262
70000547980.507629
70000967984.415634
70000911780.184174
70000349038.182800
70000430659.229614
70000693548.752090
70000103060.270157
70000157688.182541
70000437045.885696
70000131588.969269
70000347208.725342
70000534760.017639
70000083510.046799
70000870361.721909
70000655381.712296
70000535534.702255
70000103126.095154
70000646490.808594
70000208407.830383
70000913673.553085
70000898232.017990
70000665824.221542
70000932475.910202
70000156327.705948
70000736141.146881
70000256718.182068
70000348345.802719
70000165823.959579
70000533605.293198
70000422193.451447
70000312011.665939
70000355202.362808
70000561685.082001
70000283465.622238
70000333036.989136
70000095690.946701
70000043333.474335
70000769176.975021
70000463337.762802
70000482202.677979
70000176175.316544
70000740265.509705
70000443976.942474
70000827540.118576
70000414269.638397
70000211701.896942
70000214752.853104
70000561585.233978
70000599108.400925
70000132558.816391
70000566323.616470
1.000000
70000077625.321930
70000966428.719452
70000213257.679504
70000096010.770706
70000188057.921188
70000458246.430649
70000044661.705399
70000882420.251602
70000162335.455490
70000743174.267914
1.000000
70000356976.850769
70000405024.836792
70000355398.588287
70000902504.457794
70000149549.463715
70000556091.466370
70000799022.836060
70000355271.080048
70000249482.150833
70000430429.986603
70000466142.340012
70000114730.146973
70000668735.900162
70000392673.069168
70000952839.189423
70000002077.349014
70000831975.706116
70000450723.060135
70000873566.644745
70000497057.742203
70000771812.573456
70000255572.867264
70000014090.528061
70000181310.202744
1.000000
70000496936.250839
70000148346.202972
70000564199.587906
70000027390.622101
70000001813.953049
70000968862.571167
70000358939.527206
70000533221.510910
70000584339.498856
70000828817.232483
70000224995.275528
70000635037.513763
70000349368.193649
70000119152.407623
70000043045.219086
70000984948.228470
70000607087.971680
70000957926.381836
70000688072.614151
70000699274.070877
70000817302.716446
70000040193.939804
70000261624.318420
70000278997.528915
70000955901.789978
70000706360.097595
70000227231.527222
70000763015.887589
70000920171.011368
70000383415.342453
70000627301.972046
70000378243.807632
70000781226.458389
70000449382.338013
70000300339.592712
70000280390.049454
70000354188.407394
70000662709.119720
70000298060.425842
70000105398.310318
70000962484.639359
70000097040.139114
70000616949.842789
70000813531.810791
70000793836.817535
70000158105.860428
70000089100.971603
70000284628.071106
70000796510.844315
70000731202.762253
70000254410.076965
70000477125.186401
70000993205.518661
70000564978.105270
70000011961.493698
1.000000
70000549702.919250
70000088483.253220
70000234401.451508
70000622249.440582
70000865651.963852
70000101512.219147
70000513111.670609
70000372939.437286
70000237137.581940
70000924250.771805
70000916411.548233
70000274106.818512
70000961802.542313
70000332334.828537
70000423420.640945
70000297007.079575
70000308362.961700
70000435250.587830
70000121048.529236
1.000000
70000806912.531387
70000599286.075226
70000483318.727280
70000036019.668976
70000696289.215027
70000235617.423798
70000967605.882187
70000398618.038803
70000565065.410126
1.000000
70000733366.370880
70000998752.688995
70000829581.234467
70000159744.828690
70000427419.902603
70000834148.962494
70000588410.543091
70000062534.048935
70000918813.485336
70000471075.408752
70000062440.600464
70000582386.614914
70000138412.864731
70000123266.794662
70000752300.395416
70000483858.497940
70000923902.327774
70000281793.342545
70000724994.258438
70000314558.475647
70000676483.214066
1.000000
70000523695.394394
70000696321.374100
70000520704.967545
70000420565.181412
70000201686.395950
70000532383.718506
70000473873.960754
1.000000
70000618692.530746
70000210411.466568
70000238689.259918
70000239688.056122
70000984827.472656
1.000000
70000109833.853745
70000661688.937851
70000595584.810242
70000752687.733810
70000768463.408951
70000572872.904373
70000675442.841553
70000829971.689453
70000838732.672531
70000543142.178726
70000565393.445816
70000910872.584122
70000910133.599457
70000629362.273193
70000789955.877228
70000801784.606491
70000948001.067230
70000587585.160034
70000398898.902328
70000383390.621216
70000037991.024719
0.33
 0 0 0 0 0 0 0 0 0 0 0 0 0
