1 401
70000316047.691238
70000685812.845505
70000261442.627533
70000501882.949890
70000153743.157898
70000747698.695206
70000360526.202957
70000874489.445816
70000377871.490875
70000558805.882767
70000705317.294586
70000118357.660400
70000299447.471146
70000308586.676025
70000834689.168823
70000277018.322693
70000866418.034698
70000945243.356354
70000979359.817856
1.000000
70000197293.043716
70000705752.180313
70000433023.321793
70000628137.597626
70000838777.443390
70000382941.316345
70000896043.140579
70000780552.897812
70000631224.973389
70000792085.681427
1.000000
70000602059.914825
70000144628.428696
70000654094.068359
70000568827.841660
70000262493.993500
70000713358.320908
70000867902.914719
70000085505.647583
70000545197.763321
70000652819.564331
1.000000
70000611094.562836
70000339306.945938
70000628607.544357
70000096593.638275
70000560160.080811
70000732627.533234
70000025802.834290
70000911602.175415
70000841808.698990
70000570265.729858
1.000000
70000326578.764557
1.000000
70000207519.000580
70000731974.241562
70000165863.230499
70000662387.850662
70000458486.520462
70000034484.536560
70000183632.166473
70000727120.130142
70000335195.991135
70000380331.570358
70000110348.229904
70000415011.936722
70000137856.757812
70000619100.231552
70000299820.095367
70000133097.106888
70000555641.186111
70000015038.521561
70000038685.138382
70000652629.701477
70000464546.607239
70000172799.278641
70000615217.684418
70000093451.467392
70000480973.538025
1.000000
1.000000
70000828685.103745
70000248700.251572
70000623762.692612
1.000000
70000473802.330902
70000470776.016251
70000005616.300873
70000877272.042145
70000180631.865204
70000969040.796234
70000248084.033554
70000557594.017380
70000789048.650269
70000975283.294678
70000742815.710617
70000411273.116058
70000544044.054886
70000312181.350250
70000939629.772339
70000480980.411758
70000434384.560059
70000218152.674393
70000612695.195908
70000408419.307999
70000748097.578125
70000491563.044846
70000510112.500977
70000434150.913269
70000730451.989014
70000050642.332809
70000888926.253128
70000653313.668411
70000680233.276718
70000727913.148193
70000557346.678253
70000894555.122147
1.000000
70000348356.186310
70000592007.934769
70000500819.192703
70000917452.394958
70000922427.668549
70000746150.381760
70000084158.423538
70000016160.217072
70000259708.923660
70000659963.740463
1.000000
70000072081.735153
70000503529.727768
70000007777.651337
70000397100.897003
70000815724.846252
70000860815.563660
70000476928.417664
70000643905.154129
1.000000
1.000000
70000786911.774536
70000166791.653397
70000374567.535019
70000612865.969284
70000663083.138153
1.000000
70000522458.580124
70000845372.956314
70000702290.074783
70000690119.434525
70000118793.577362
70000822355.907349
70000387223.570328
70000124319.009445
70000069211.187927
70000359027.248260
70000943279.741058
70000041455.890564
70000505062.694504
70000999725.056259
70000573672.761063
70000836389.244141
70000036664.192581
70000540275.622177
70000221074.697769
70000993374.747009
70000681786.557114
70000098093.432999
70000961567.451843
70000641626.915314
1.000000
70000596196.287979
70000374946.439758
70000204342.077667
70000088059.855469
70000510771.948212
70000320062.988647
70000714566.444000
70000579398.687881
70000257710.107086
70000091480.706253
70000643584.881180
70000392766.487152
70000231595.216583
70000077529.460648
70000096705.615143
70000302384.759628
70000944211.891159
70000847368.068390
70000139605.680664
70000701065.641220
70000217546.353104
70000477494.273193
70000285151.663559
70000221868.021118
70000387361.279755
70000098124.121262
70000086915.915344
70000439951.145584
70000166738.041092
70000660875.053711
70000506591.024170
70000139936.389374
70000862536.286041
70000104430.170135
70000645152.724350
70000092225.528366
70000091383.454025
70000598683.693649
70000281126.971329
70000477103.707764
70000864032.854172
70000015197.610565
70000366196.708481
70000584260.726227
70000367917.471512
70000613116.634048
70000223341.479218
70000720097.848541
70000522393.709000
70000213166.131546
70000789733.035828
70000904167.288788
70000792540.532516
70000350974.162277
70000088352.609711
1.000000
70000817285.870758
70000078372.162979
70000462462.659363
70000245293.956909
70000547793.351807
70000114439.108795
70000976956.438751
70000234979.605759
70000718599.392502
1.000000
70000318474.352463
70000680998.737534
70000913740.630005
70000349487.881729
70000148577.769638
70000474188.658722
70000786305.915771
70000256799.737442
70000241909.946869
70000006016.887238
70000507010.897064
70000224522.333054
1.000000
70000893736.582901
70000196358.599548
70000894912.746231
70000780678.306198
70000982769.917419
70000579969.184372
70000465074.253113
70000645779.619080
70000608393.608475
70000618982.186417
70000866738.420563
70000730187.220718
70000209950.125992
70000325012.706192
70000054980.500748
1.000000
70000393843.996201
70000189443.748947
70000221436.759247
70000282912.153763
70000299054.980423
70000212898.948349
70000857971.130493
70000972479.099731
70000550989.337891
1.000000
70000392169.687469
70000285747.715530
70000796725.177078
70000395083.959961
70000456062.936157
70000824462.819885
70000170210.481705
70000014729.079575
70000023398.085800
70000237536.457870
70000023161.644730
70000537957.132233
70000802494.118027
70000984735.542191
70000639963.712875
70000440335.832474
70000659893.732346
70000875410.648636
70000477002.067139
70000401378.756042
70000542030.510117
70000766692.214752
70000169049.844894
70000988417.448502
70000108887.921555
70000681636.846451
70000850890.987595
70000076553.184738
70000392377.627441
70000208048.645264
70000307990.015106
70000034212.020630
70000440538.076492
70000682784.776764
70000449139.888657
70000790969.053513
70000584697.898987
1.000000
70000952389.447678
70000454714.195145
70000742355.234863
70000950767.985489
70000436367.864563
70000457007.794800
70000744509.094528
70000604057.361877
70000072141.411911
70000147278.888931
70000228231.754593
70000863281.978699
70000566831.661896
70000569337.711639
70000226065.908951
70000784186.561096
70000071332.522308
70000297044.685822
70000437273.292740
70000604927.486969
70000873482.270599
70000408848.609894
70000027200.603363
70000307620.788254
1.000000
70000761959.228668
70000339701.271469
70000922221.987305
70000942265.383911
70000034173.668457
70000558027.546082
70000879110.913177
70000761857.348663
70000857629.444687
70000630244.613190
70000401039.293411
70000489852.595581
70000775135.927887
70000755650.809982
70000325688.622574
70000465665.735474
70000329991.670105
70000559938.807785
70000526592.845032
1.000000
70000825600.476837
70000225815.664246
70000380257.377579
70000975732.086426
70000452378.818451
70000607544.001404
70000195032.330383
70000756676.112915
70000852682.319061
70000084361.440338
70000526549.311035
70000851024.455505
70000679732.099335
70000501564.159241
70000300485.189682
70000156893.327759
70000123499.446442
70000771735.782272
70000483768.893494
70000976635.245544
70000457486.457336
70000634071.191452
70000538107.478287
70000610052.777863
70000445111.664551
1.000000
70000500347.352554
70000554062.616302
70000121776.708527
70000748018.528595
70000238730.587402
70000530289.642929
70000017252.860229
70000565648.747513
70000468553.028015
70000736791.045639
70000191523.362732
70000933803.545135
70000555686.879166
70000535711.543381
70000077119.477905
0.33
 0 0 0 0 0 0 0 0 0 0 0 0 0
