1 401
70000309920.020966
70000237125.978683
70000702771.738266
70000724028.382553
70000178284.027847
70000990043.487793
70000813572.499130
70000413286.847641
1.000000
70000675939.311722
70000359682.462280
1.000000
70000528529.010422
70000484566.454163
70000834201.473083
70000558137.891174
70000209495.232529
70000771701.396011
70000607767.806549
70000094756.447510
70000446369.064438
70000395432.514862
70000979360.770859
70000542824.064835
70000278626.281204
70000242063.490814
70000428604.683182
70000364888.310928
70000933748.949875
70000200385.092484
70000756022.495773
70000043280.427872
70000896035.891953
1.000000
70000434153.167038
70000684374.896851
70000099493.641724
1.000000
70000113842.430389
70000334116.082642
70000200640.141312
70000101205.626266
1.000000
70000441258.771301
1.000000
70000982276.807785
70000122326.014313
70000530755.113174
70000677647.684921
70000264941.434921
70000302583.033417
70000089097.821075
70000833481.364548
70000758232.015732
1.000000
70000192304.262665
70000334321.754623
70000028674.083771
70000019666.484680
70000973979.044388
70000845231.449310
70000174307.112930
70000046056.105911
70000549164.178467
70000411478.748199
1.000000
70000853649.002487
70000774000.831558
70000024392.898743
1.000000
70000248746.227753
70000961528.757233
70000852664.144608
70000254162.265427
70000480423.468033
70000141780.741501
70000897481.706512
70000003769.255081
70000475808.531647
70000308129.615784
70000412383.095764
70000591551.302887
70000515160.087509
70000691113.634232
70000043727.284271
70000574462.854813
70000140386.992645
1.000000
70000176014.244675
70000359338.821259
70000127443.437622
70000094482.730331
70000126924.120255
70000322532.014832
70000836649.810455
70000916765.083115
70000204118.512131
70000113817.947815
70000516210.552994
70000852905.401016
70000374825.876572
70000471903.298920
70000380828.610428
70000588563.589859
70000322017.921890
70000117695.740601
70000640352.157623
70000855704.668884
70000599675.553482
70000583279.573853
70000210835.901352
70000017668.469818
70000331903.956116
70000039867.523010
1.000000
70000171043.658096
70000289930.915634
70000699434.790237
70000176767.305725
70000025425.592773
70000422239.044708
70000951708.105347
70000536862.847092
70000503573.410782
70000800715.340851
70000411117.481430
70000672799.148865
70000104128.929230
70000951125.998062
70000335073.424255
70000373576.576828
70000136079.706314
70000365518.061325
1.000000
70000039051.932877
70000526987.883469
70000291971.825928
70000126848.512070
70000712949.485168
70000200403.103577
70000722065.096039
70000296710.697510
70000320676.229034
70000431751.142303
1.000000
70000077916.963669
70000211080.614120
70000124950.742340
70000842650.468246
70000811057.969254
70000971886.435303
70000358634.466385
70000579276.935104
70000781552.340485
70000448465.909912
70000933183.408691
70000496167.315704
70000273678.686661
1.000000
70000313803.826996
70000443134.817154
70000277344.333435
70000079454.516159
70000373462.479980
70000254441.713364
70000915514.988129
70000635723.835464
70000521026.269592
70000751407.283356
70000424337.795715
70000625733.493057
1.000000
1.000000
70000724932.864029
70000258377.301651
70000179429.335617
70000416628.794205
70000467700.060242
70000497647.742783
70000085372.012909
70000989540.491943
70000506523.225906
70000326279.381027
70000320681.566223
70000960748.497025
70000782272.718781
70000670873.040222
70000316086.106964
70000026705.221069
70000385639.575211
70000918368.966263
70000744746.770386
70000403121.021576
1.000000
70000806050.684158
70000240902.110519
70000668948.220520
70000495125.055908
70000316373.200027
70000806004.536850
70000852662.716156
70000443031.383560
70000671225.872681
70000822809.156479
1.000000
70000436001.989120
70000602697.798203
70000741868.737961
70000417113.930267
70000439311.240585
70000799623.758072
70000051769.871414
70000220276.355362
70000116012.414597
70000226733.682785
70000119703.889389
70000339793.677032
70000054437.067047
70000676372.537903
70000148211.633026
70000768622.731583
70000877437.902420
70000514770.664230
70000941708.417877
70000636729.277832
70000060943.228439
70000284118.928482
70000600709.955215
70000736062.791092
70000502591.275223
1.000000
70000902723.687744
70000189677.481918
70000557506.615799
1.000000
70000823716.318115
70000871072.463409
70000762832.333725
70000847431.121155
70000207676.167969
70000742610.667389
70000929700.765549
70000438579.114410
70000045599.675476
1.000000
70000923967.732666
70000175716.207169
70000846473.958313
70000035799.139816
70000441030.167908
70000650915.107086
70000177931.275757
70000594934.835648
1.000000
70000640057.905197
70000601261.356735
70000720243.020676
70000583665.689163
70000114380.774551
70000453081.894760
70000593326.826218
70000905256.120041
70000216890.766403
70000311526.923859
70000130860.499283
70000720230.176483
70000085365.991730
70000817520.297501
70000801803.887634
70000610930.615204
70000227401.630096
70000234764.271973
1.000000
70000990408.053955
70000549414.422913
70000658557.315872
70000049236.818497
70000024654.487625
1.000000
70000047593.073608
70000109721.509384
70000678758.341019
1.000000
70000855459.529770
70000889498.022369
70000314259.411865
70000620848.297348
70000473485.102890
70000479821.156052
70000422852.853897
70000544685.842590
70000001885.788834
70000872682.784500
70000931225.012329
70000288995.844299
70000967636.031601
70000728850.819046
70000110751.370148
70000938512.012650
70000648128.687943
70000183521.515472
70000647641.879028
70000526735.783356
70000970912.420670
70000971508.604691
70000838081.197189
70000871402.939972
70000504464.254028
70000674593.938583
70000848357.746124
70000564232.059235
70000003703.442474
70000120113.200623
70000112662.844406
70000445274.014389
70000271650.488495
70000081301.543213
70000855297.353989
70000716844.753555
70000328445.018448
70000652658.562057
70000125831.914307
70000838535.461746
70000726239.987091
1.000000
70000808316.689362
70000297664.159485
70000908944.838043
70000599313.433975
70000728224.540222
70000695522.005447
70000523171.249023
70000657419.586044
70000785019.711655
70000857761.973572
70000248591.701309
70000559623.920593
70000804938.849579
70000988332.512207
70000917610.714142
70000330965.706589
70000269584.978165
70000880564.925385
70000303055.251404
70000577581.690704
70000173106.118134
70000281576.828720
70000101563.967575
70000902519.831604
70000321037.124603
70000020987.497513
70000319997.378830
70000947092.553268
70000409141.162750
70000071744.240051
70000552470.074448
70000746219.582367
70000329566.495911
70000177624.365906
70000295346.115433
70000547383.555740
70000335193.587189
70000641982.623917
70000965019.517654
70000074211.982971
70000587459.430725
70000328032.348770
1.000000
70000278244.216507
70000786061.745926
70000954476.065384
70000111757.071579
70000674920.317856
70000080679.535339
70000823490.863403
70000261870.947388
70000175348.230301
70000574639.807831
70000959372.126389
70000818512.140015
70000806925.319504
70000202517.830811
70000205206.939072
70000904904.372986
70000334218.583237
70000340064.170578
70000020766.450745
70000478712.504227
70000086908.941849
70000040940.824829
70000502388.469040
70000929956.783279
70000054692.616501
70000631668.859253
1.000000
70000516598.184189
70000591992.588425
70000451049.778687
70000391435.391998
70000528940.755280
0.33
 0 0 0 0 0 0 0 0 0 0 0 0 0
