1 401
70000530147.953751
70000857060.040070
70000677860.505875
70000956394.558762
70000616888.281067
70000690484.546799
70000168287.270538
70000172052.012970
70000648084.221375
70000575615.603333
70000708568.727890
70000227595.508759
70000295297.274551
70000728928.361237
70000293679.867203
70000018595.094543
70000243337.758209
70000863919.981842
70000768246.459122
70000812779.551208
70000478870.671570
70000449248.311722
70000743664.705414
70000950304.869324
70000829244.127213
70000812550.265228
1.000000
70000238766.624207
70000392833.145813
70000379456.155136
70000834721.217194
70000467485.702103
70000443156.298203
70000148342.845627
70000802392.532211
70000436225.153320
1.000000
70000005047.028244
70000468206.228500
70000778189.871719
70000298701.448196
70000630239.938965
70000197554.422623
70000130271.848282
70000773275.797058
1.000000
70000046175.770432
1.000000
70000370781.084305
70000596308.202805
70000580907.865402
70000769097.185043
70000496469.329559
70000047093.277924
70000351918.351273
70000713225.678329
70000742512.390045
70000515232.510895
70000174776.454437
70000652072.119858
70000367421.373154
70000186390.190216
1.000000
70000295081.283310
70000079074.201447
70000103746.306763
70000510540.365311
70000988605.734619
70000848090.591736
70000055392.913116
70000311168.197601
70000931143.463120
70000242262.305054
70000563412.200470
70000724676.661713
70000743306.927750
70000182431.736252
70000512976.753922
70000504484.577652
70000473108.269455
70000934389.044571
70000442461.372375
70000444369.100159
70000477509.356857
70000674902.844803
70000841069.786865
70000092538.334869
70000085897.756226
70000701624.647385
70000411575.243530
70000514528.169983
70000071588.129852
70000709478.448700
1.000000
70000036010.666885
70000402268.022614
70000492049.030045
70000093017.569870
70000357862.493515
70000502955.758453
70000521236.699600
1.000000
70000884565.213318
1.000000
70000545925.943420
70000446494.234238
70000650735.177994
1.000000
1.000000
70000932950.887314
1.000000
70000356338.261505
70000789602.897644
70000687057.933029
70000322075.470139
70000186358.108444
70000176258.325821
70000220602.108917
70000574322.862366
70000760661.204651
70000680462.056152
70000915159.520874
1.000000
70000041327.836868
70000252932.470352
70000103887.090683
70000174449.410736
70000606772.003387
70000719061.985931
70000317255.772720
70000329083.559647
70000633635.018814
70000492028.526489
70000428569.575745
70000021962.830505
1.000000
70000537464.693359
70000560887.747131
70000408407.173904
70000390837.368851
70000311350.414673
70000871698.386368
70000440502.281754
70000122327.008530
70000056291.264053
70000434480.152359
70000676593.163315
70000518553.041962
70000206722.676895
70000425785.719208
70000691819.478836
70000041983.327957
70000065701.608292
70000258931.644974
70000064767.895035
1.000000
70000564750.568100
70000116809.717102
70000276636.444077
70000692951.346054
70000756273.843323
70000704402.560654
70000588027.064346
70000536407.383286
70000464655.705429
70000205292.553787
70000396235.934250
70000762000.063919
70000177224.617401
70000555620.309967
70000975351.502579
70000315272.377762
70000236958.008926
70000048475.826004
70000557050.095749
70000514858.269577
70000313809.695740
70000073006.591019
70000717661.208435
70000479020.393692
70000397013.508118
1.000000
70000005098.567551
70000621141.815430
70000783802.485443
70000603082.810104
70000457189.810730
70000015046.917435
70000059892.935059
70000398504.302597
70000402162.085999
70000326602.900162
70000326240.579987
70000449362.171234
70000619031.823746
70000194211.595001
1.000000
70000109929.437347
70000379041.370193
70000830729.758179
1.000000
70000200241.369492
70000159833.531372
70000672486.917389
70000054726.924698
70000955581.315781
70000178455.711105
70000831648.462387
70000440721.028549
70000448400.849350
70000827674.413940
70000800591.161179
70000900765.306610
70000464242.569534
70000450798.868225
70000532286.759827
70000397572.519943
70000168327.330032
70000907592.202759
70000475988.212357
70000774839.693466
70000392202.915619
70000368068.773590
70000264018.363937
70000542424.501434
70000240756.162827
70000727379.737000
70000401911.565369
70000743207.682251
70000121004.268021
70000706181.920822
70000681695.862991
70000824698.484070
70000656021.947021
70000459767.112274
70000957802.476288
70000745574.774353
70000677532.238403
70000365580.891541
70000939604.619339
70000563984.367599
70000631865.296204
70000811908.752655
70000964308.032959
70000321759.850189
70000655583.381912
70000493720.622711
70000375218.384399
70000363407.949173
70000811288.395950
70000734697.651596
70000306746.169693
70000774055.051407
70000616643.640579
70000413964.823456
70000787985.618134
70000825250.655487
70000591904.300003
70000084988.307220
70000918094.816162
70000948436.261459
70000776806.792160
70000934464.950851
70000036962.254654
70000948098.161774
70000119098.824173
70000017327.541092
70000237496.703506
70000635825.503983
70000573458.459183
70000553409.616180
1.000000
70000015322.569778
70000402575.798172
70000198569.895538
70000662961.314728
70000204254.871948
70000956688.427872
70000370037.813919
1.000000
70000378475.717255
70000291797.320770
70000350102.307465
70000306301.399612
70000178016.527527
70000238703.286880
70000874267.238281
70000240345.959473
70000786703.730362
70000810895.744156
70000266482.090591
70000745303.396530
70000555448.748520
70000118910.881332
70000378220.198029
70000746760.748886
70000715077.610870
70000611782.893585
70000974251.912354
70000230172.347809
70000559785.555923
70000250168.844498
70000804570.724747
70000784270.984283
70000304149.934479
70000114185.452332
70000238703.438217
70000540917.923904
70000416475.174255
70000123090.127228
70000501293.284744
70000802352.129028
70000699586.468033
70000635695.159943
70000874377.883240
70000301834.708450
70000114345.566284
70000490080.398132
70000426444.592087
70000336088.681412
1.000000
70000360738.345505
70000063608.311050
70000967013.612961
70000711314.617859
1.000000
70000382669.617950
70000801266.002121
70000829122.698456
70000218800.391083
70000910149.083435
70000746983.680923
70000783169.735092
70000329915.044571
70000936798.838226
70000246317.151184
70000976088.509720
70000221050.308777
70000948551.172485
70000244995.391357
70000069934.461975
70000640148.705780
70000054239.515045
70000289107.123199
70000859760.193756
70000442902.109711
70000256999.937607
70000968723.145157
70000717273.066620
70000573519.664993
70000049057.394745
70000914914.789307
70000663028.689941
70000663393.650909
70000408202.993423
70000546246.663696
70000237823.344849
70000935328.215805
70000543922.418304
70000678832.421143
1.000000
70000536178.634018
70000679565.855225
70000307898.153702
70000989861.693283
70000177728.526794
70000719062.600540
70000293041.952103
70000343289.809494
70000555677.917679
70000890757.344467
70000503472.625702
70000893751.927567
1.000000
70000858006.478561
70000887208.936035
70000339036.469604
70000025713.019257
70000153052.570770
70000688574.359390
70000316906.598526
70000421700.084900
70000797221.608826
70000392791.966873
70000754011.671997
70000149493.575912
70000058084.859467
70000181133.568909
70000453438.670959
1.000000
70000329425.355164
70000039183.525330
70000761725.135773
70000277947.366135
1.000000
70000280665.422256
70000578090.831635
70000039276.494934
70000815119.544342
70000541237.441299
0.33
 0 0 0 0 0 0 0 0 0 0 0 0 0
