1 401
70000327487.989212
70000850480.446655
70000293929.348358
70000092104.201096
70000406122.802948
70000049264.171295
70000426430.423355
70000472257.014786
70000328295.428894
70000469200.339417
70000380956.325912
70000537446.977417
70000434317.970337
1.000000
70000980183.468475
70000433099.078430
70000013940.981461
70000590301.650223
1.000000
70000855197.639572
70000378995.030869
70000428435.173920
70000018861.219147
70000921228.037766
70000340291.555023
70000531189.159973
70000242021.006485
70000653314.177429
70000344598.802078
70000787582.549774
70000994742.539230
70000942820.746689
70000642416.496735
70000960399.551773
70000548653.100327
70000955631.931229
70000089840.531830
70000288532.739075
70000116937.376862
70000084407.257202
70000019205.249725
70000055265.444290
70000356588.958878
70000957627.923981
70000785577.743347
70000734093.733200
70000667466.035034
70000909406.051712
70000349640.217606
70000756103.238022
70000943333.117630
70000222129.263367
70000090898.738586
70000449657.280960
70000700739.391327
70000071856.611938
70000961436.706360
70000175576.583008
70000700227.275162
70000693813.457001
70000650357.801956
70000296279.205963
70000720091.188293
70000352505.649521
70000226566.095230
70000514140.158585
70000661053.336563
70000019541.979065
70000477540.788528
70000502960.618958
70000995994.590424
70000538168.826630
70000177489.403854
70000859501.301666
70000440613.398743
70000973432.073166
70000428692.620758
70000584484.836716
70000397350.890503
70000480660.505127
70000133374.690399
70000473322.389435
70000289327.621399
70000475849.532135
70000193991.586761
1.000000
70000520045.299271
70000130767.742035
70000573641.547073
70000546248.001297
70000664671.242065
70000081879.808411
70000047415.464661
70000777007.104767
70000412627.788818
70000915423.967819
70000371395.210495
70000832493.444733
70000306686.562881
70000778391.071716
1.000000
1.000000
70000229558.668991
70000771778.562210
70000242106.209549
70000139248.001801
70000015129.025497
70000842421.165497
70000058075.183731
70000169748.653015
70000972624.385498
70000718958.457901
70000202783.300064
70000927311.841049
70000030130.155457
70000823754.078827
70000289421.545990
70000174375.401901
70000707466.267258
70000127949.607101
70000355494.111938
70000541025.952591
70000030500.910858
70000339538.736984
1.000000
70000563987.681396
70000392671.905228
70000599130.766342
70000245043.696838
70000110562.416428
70000537670.705536
70000840300.466660
1.000000
70000799593.228455
70000041221.867401
70000634733.721436
70000780511.256744
70000958490.354279
70000697330.128860
70000801552.275528
70000591962.461777
70000966065.034500
70000120141.244492
70000186817.673492
70000399818.710831
70000374049.921722
70000162452.733261
1.000000
70000331994.389816
70000785428.169739
70000534911.424362
70000303506.560028
70000716117.187714
1.000000
70000965887.093506
70000542968.763535
70000957374.971344
70000339071.734024
70000344464.395828
70000860872.756470
70000168476.641052
1.000000
70000211683.783890
70000747890.299271
70000902607.315643
70000935090.279572
70000476940.093323
70000317207.462097
70000721393.256042
1.000000
70000630977.367493
70000807769.829498
70000126776.109711
70000913146.145142
70000798971.134003
70000329465.278793
70000502295.061096
70000143212.852341
70000247212.814133
70000204383.924561
70000454596.619522
70000418559.491119
70000840718.025558
70000425600.888596
70000892867.841629
70000342448.962036
70000144536.767395
70000041519.616531
70000224198.027008
70000455343.389114
70000360999.061340
70000708132.175629
1.000000
70000932877.734512
70000746510.753952
70000346037.765594
70000284050.457748
1.000000
70000841596.158691
70000584275.415405
70000113236.556366
70000958891.541367
70000283915.349655
70000273295.769547
70000433503.936996
70000329314.899292
70000385415.000320
70000191459.102661
1.000000
70000346816.575546
70000905817.943893
70000921463.352631
70000119848.772812
70000187624.232437
70000711749.155701
70000506296.954239
70000084405.196548
70000411710.106201
70000653045.675247
70000987562.007919
70000817599.854828
1.000000
70000617860.871124
70000798571.176743
70000331237.616684
70000585431.254456
70000644608.548767
70000395191.783539
70000474518.433685
70000913755.460709
70000734381.626358
1.000000
70000993227.706665
70000928173.573074
70000247226.932068
70000561803.182373
70000193461.487701
70000205080.748947
70000093792.167099
70000661271.163498
70000146960.169296
70000702482.305450
70000982809.742935
70000260744.564346
70000720616.244583
70000433792.946518
70000665237.593216
70000432637.050934
1.000000
70000506479.303635
70000936501.237946
70000836325.051758
70000856767.763626
70000526060.122467
70000522768.528717
70000826088.689972
70000456418.204498
70000650376.137573
1.000000
70000156978.550598
70000397515.027328
70000990456.370956
70000696086.750626
70000751421.895096
70000097607.043411
70000375583.686295
70000469732.982971
70000310209.101730
70000768993.808182
70000405165.829605
70000118827.174606
70000801674.159775
70000185181.000351
70000846608.903778
70000145082.766251
70000043942.029968
70000906193.331055
70000044454.614166
70000630188.160980
70000369188.462173
70000794600.578384
70000541896.297226
1.000000
1.000000
70000395897.370102
70000187359.148453
70000967648.039139
70000022433.453964
70000492906.670853
70000713044.214478
70000576232.414505
70000265695.363220
70000905554.978165
70000468874.623276
70000616774.412338
70000265954.906235
70000437934.864243
70000874409.387131
70000849057.792343
70000607756.685364
70000030839.335419
70000696066.996964
70000979984.819351
70000049256.008118
70000111268.650421
70000334834.352737
70000024075.245682
70000420533.593765
70000040558.129486
70000006087.273239
70000065388.733536
70000613958.948822
70000832166.533691
70000108064.584473
70000641125.342194
70000810743.071869
70000719932.145111
70000820800.851166
70000127088.325699
70000175576.595322
70000579024.021423
70000231293.799774
70000549126.895828
1.000000
70000218744.793579
70000560949.610748
70000892971.873184
70000836364.593292
70000400358.648590
70000178639.330093
70000305429.782379
70000287197.143814
70000491723.734360
70000727879.296677
70000636939.111588
70000373657.228653
70000996681.602615
70000935144.388153
70000459545.521744
70000744731.058746
1.000000
70000127383.495926
70000007140.249908
70000414028.663223
70000056550.769928
70000060379.285629
70000738153.762924
70000544394.768555
70000611589.780975
70000659677.505219
70000957302.536957
70000382641.133240
70000938639.570419
70000691150.001373
70000550425.078537
70000382782.470078
70000999331.626846
70000197498.564484
70000427510.632706
70000956747.266251
70000982031.451324
70000009126.907333
70000569605.769821
70000249023.731964
70000102119.658722
70000685485.068985
1.000000
70000584673.405762
70000727839.302094
1.000000
70000776771.193985
70000920446.148972
70000753533.529831
1.000000
70000661872.210037
70000841263.428101
70000724741.489380
70000696160.640854
70000706589.026535
70000418380.946899
70000854605.888611
70000363181.312668
70000706925.034302
70000888847.868195
1.000000
70000445298.044189
1.000000
70000790471.159027
70000616473.127365
70000140577.486923
70000504406.184387
70000947695.443680
70000962908.362183
1.000000
70000881418.450089
70000872263.263443
70000612356.991394
70000822280.500305
70000764797.220642
70000906446.238785
0.33
 0 0 0 0 0 0 0 0 0 0 0 0 0
