1 401
1.000000
70000390726.170364
70000561861.566299
70000112782.327240
70000956171.124023
70000607569.433685
70000687420.234711
1.000000
70000876770.672928
70000118905.019241
70000875717.367432
70000504200.940857
1.000000
70000252572.486374
70000578071.638611
70000902240.816116
70000891011.132050
70000970290.371826
70000372134.495575
70000559995.211609
70000727448.961655
70000955148.169647
70000670005.958954
70000687836.398514
70000842957.036972
70000878845.303680
70000221584.351776
70000135108.261826
70000347068.616409
70000221589.736176
70000890934.935486
70000376905.110764
70000718646.459869
70000625916.656693
70000758138.584244
70000133707.626663
70000579901.734467
70000942968.969025
1.000000
70000688009.239716
70000580612.819702
1.000000
70000618749.273804
70000023946.280334
1.000000
70000303318.459259
70000551329.114365
70000667582.281311
70000155142.845459
70000506687.028091
70000645078.664490
70000408890.846817
70000871899.306107
70000771224.764023
70000539019.392624
70000012630.631668
70000278511.030731
70000657098.908340
70000325069.238953
70000005301.362732
70000532733.987762
70000036794.617477
70000736552.867950
70000796008.197586
70000202123.798584
70000315255.144653
70000383353.962723
70000901723.730042
70000774419.683228
70000819378.167160
70000445345.269135
70000841897.152481
70000103682.046402
70000098729.295425
1.000000
70000950719.680145
70000656759.417099
70000686048.392944
70000733616.103348
70000993216.172119
70000738643.604477
70000747018.523636
70000570373.968384
70000273476.745407
70000202607.680115
70000912554.082169
70000960357.368591
70000689609.149231
70000389424.953949
70000812873.701920
70000711398.438019
70000874437.341522
70000921620.328979
70000082766.058044
70000458932.612198
70000808049.003387
70000794174.251465
70000111728.552246
1.000000
70000605216.732483
70000261599.291336
70000684274.396912
70000815667.155518
70000507509.343674
70000265656.992920
70000548204.396957
70000902007.523575
70000996738.942795
70000703276.102234
70000083790.635284
70000032795.244873
70000066238.561905
70000188274.605026
70000128092.620026
70000434662.217911
70000275637.253571
70000107054.886337
70000621078.079071
70000012091.438705
70000209517.437576
70000373213.945206
70000716870.726578
70000340693.569016
70000365562.530869
70000053250.091904
70000019734.349411
70000576284.102615
70000232785.504578
70000686588.859589
70000456454.959045
70000470990.457764
70000776544.037338
70000734345.378937
1.000000
70000880097.107162
70000870419.715729
70000686673.923447
70000041026.332275
70000336703.952713
70000294479.873383
70000556425.154648
70000443517.337891
70000554472.318649
1.000000
70000349790.034866
70000696363.208160
70000111610.764435
70000816755.159241
1.000000
1.000000
70000329507.628143
70000337800.180786
70000733392.980774
70000253134.389206
70000384786.561050
70000547405.683792
70000956461.521011
70000463924.452148
70000950252.135056
70000590404.387878
70000020765.242615
70000090804.672211
70000353303.501755
70000360436.217514
70000553109.283798
70000444213.876831
70000947228.251038
70000152212.828430
70000735828.803284
70000885586.359726
70000727607.760727
70000509627.570496
70000653013.242462
70000972189.619431
1.000000
70000409851.876495
70000896657.570007
70000022537.836914
70000267088.749512
1.000000
70000491779.566208
70000105325.647324
70000481838.864868
70000115914.889740
70000558520.123871
70000792465.356369
70000553991.882889
70000024627.074524
70000910325.169968
70000307357.267456
70000608309.915100
70000424138.958008
70000707004.235657
70000498487.277100
70000052443.746857
70000114295.797089
70000354032.947189
70000862129.543457
70000688449.533463
70000427480.716064
70000559162.023865
70000894233.543625
70000584966.292755
70000195770.514709
70000162291.470963
70000467554.696198
70000286505.951782
70000162285.142319
70000637319.519806
70000729949.388474
1.000000
70000668075.387634
1.000000
70000262697.188339
70000731771.240265
70000580478.150925
70000486945.022552
70000070495.179962
70000343583.451843
70000714223.878036
70000128524.812103
70000932637.101791
70000168941.790955
1.000000
70000445507.020706
1.000000
70000185984.637970
70000733021.896164
70000141603.489548
70000092520.516876
70000790861.188141
70000053862.164551
70000932806.031113
70000732356.355911
70000655253.082352
70000642598.856308
70000158680.546585
70000496689.447891
70000897194.283401
70000022994.445099
70000789397.546677
70000690946.554413
70000290097.902740
70000423070.705734
70000488597.155334
70000379947.634216
70000514153.266724
70000217183.570251
70000307560.238678
70000345141.813629
70000966607.460968
70000460451.313675
70000918097.691193
70000047104.277466
70000023198.075806
70000020271.228134
70000447590.058777
70000886111.133255
1.000000
70000804378.589279
70000992813.592300
70000352916.760223
70000708990.779694
70000091913.814468
70000699071.198593
70000147036.082458
70000520606.176010
70000871300.724350
70000238822.383820
70000051367.965057
70000700688.630081
70000804488.910934
70000297100.951172
70000001635.224289
70000041213.229187
70000615799.643112
70000905467.888855
70000618670.321121
70000354903.381622
70000624490.511246
1.000000
70000200104.487671
70000126357.015915
70000813774.145111
70000876280.567062
70000066190.813126
70000599729.887436
70000646270.957870
70000668931.020355
70000342433.067184
70000583207.132980
70000454387.158630
70000873013.729004
70000774824.089294
1.000000
70000217660.107559
70000102489.693253
70000772341.125305
70000519970.088791
70000880052.661041
70000158476.119492
70000226546.894409
70000513081.264496
70000081749.311172
70000254434.013382
70000668395.176926
70000456457.108673
70000856066.198181
70000908384.313873
70000693100.092621
70000727247.879227
70000126737.372910
70000543362.448990
70000072674.302322
70000055043.858429
70000253708.470871
70000904257.158432
70000082647.777756
70000426585.410812
70000453045.572968
70000829873.834641
70000480368.102249
70000600880.798599
70000413478.495010
70000175833.489075
70000445449.155792
70000043485.072021
70000458327.692398
70000497974.533188
70000808090.980576
70000298049.815338
70000137149.748199
70000709513.347824
70000229296.999344
70000866696.683487
70000680558.137100
70000911438.488754
70000942881.071442
70000516116.865173
70000526307.261093
70000925244.087128
70000779368.162689
1.000000
70000449705.842087
1.000000
70000917045.158524
1.000000
70000786943.609619
1.000000
70000782901.351456
70000665057.029953
70000270397.607819
70000929681.039200
70000586317.302628
70000479915.889603
1.000000
70000582193.724075
70000312100.289017
70000075126.504883
70000560542.625046
70000267829.137329
70000231585.723541
70000927421.451935
70000904686.157501
70000094159.403381
70000398174.726059
70000132622.934174
70000427610.701950
70000984139.160156
70000375607.374573
70000489800.284500
70000876314.849884
70000787182.665558
70000422315.621048
70000105463.699203
70000310123.810638
70000326381.325424
70000711128.558548
70000621064.818207
70000942163.818146
70000646269.112900
70000033103.107498
70000761783.315979
1.000000
70000713360.697952
70000168014.034500
70000162199.042786
70000758920.614685
70000716100.787170
70000830282.971924
70000378233.515457
70000031855.270218
70000737611.248581
70000024049.995789
70000565630.813446
70000459251.226166
70000099079.529190
70000169694.414993
70000617654.869354
70000524736.764343
0.33
 0 0 0 0 0 0 0 0 0 0 0 0 0
