1 401
70000300788.660965
70000063903.369904
70000371261.384933
1.000000
70000571140.433090
70000445573.277374
70000820146.050751
70000097845.435257
70000691071.469070
70000816283.234024
70000863895.990326
70000292210.535461
70000658165.439789
70000871750.186234
70000872098.727219
70000829813.234711
1.000000
70000577702.735214
70000911844.884155
70000983982.444580
70000274227.242645
70000350428.728058
70000309507.669739
70000780846.076553
70000829006.179871
70000261859.404129
70000653145.201950
70000345266.370804
70000399242.776566
70000487209.470490
70000914538.021591
70000831513.842865
70000301401.942444
1.000000
70000822236.804916
70000765778.630142
70000190990.666565
70000139811.433029
70000638085.590820
70000233566.649323
70000655770.306061
1.000000
70000101803.045258
70000887578.976974
70000659042.586761
70000720996.601105
70000724675.253708
70000576564.119186
70000927864.938614
70000407028.411682
70000810730.845428
1.000000
70000493507.748367
70000241702.770294
1.000000
70000554874.889008
70000744626.052673
70000198292.248413
70000531631.594452
70000458555.533798
1.000000
70000980157.811111
70000198911.813568
70000300015.307587
70000269892.250320
70000102681.004593
70000021346.755722
70000959910.092972
70000109274.361053
70000893698.980530
70000335754.195419
70000436173.189560
70000499382.233688
70000409107.893555
70000724565.325424
70000269632.442902
70000191027.798553
70000010379.240280
70000278946.718475
70000734776.757156
70000756237.147507
70000629503.346176
70000932806.669510
70000772260.918228
70000705063.982483
70000921400.610046
70000800852.556885
70000302655.621048
70000909828.849411
70000423072.307571
70000907208.033829
70000663724.438660
70000440417.636673
70000327815.504135
70000101233.302353
70000661504.016769
1.000000
70000983244.572693
70000577835.590408
70000643564.865585
70000365086.883392
70000862327.541962
70000715878.330536
70000341182.529587
70000083857.736450
70000408658.521622
1.000000
70000596957.859970
70000737631.455185
70000213523.918015
70000154219.508881
70000126375.416962
70000016171.224808
70000700705.208771
70000791425.074631
70000334195.461578
70000807073.541428
70000933249.474823
70000048230.705719
70000141458.622467
70000355293.134323
70000943243.717712
70000309403.500443
70000567890.925125
70000437743.535233
70000159978.020599
70000973180.524780
70000219707.401566
70000245629.778198
70000762606.907608
70000425725.295166
70000680815.785858
70000121456.527298
1.000000
70000079913.194168
70000396323.699524
70000977454.416779
70000715161.427536
70000493383.345352
70000923222.506348
70000456046.960526
70000380126.139282
70000404399.003250
70000167287.850662
70000249439.497009
70000237098.013931
70000990107.469269
70000404806.253616
70000647983.737564
70000968474.803024
70000310521.428284
70000431563.880371
70000388203.418503
70000996321.827347
70000530354.767334
70000504361.578217
70000367894.755768
70000892777.016495
70000000884.693176
70000386271.486130
70000340657.123322
70000166713.456894
70000818084.265305
70000705088.453796
70000049759.468704
70000060033.526321
70000264302.518524
1.000000
70000021510.353897
70000527311.023285
70000077068.491211
70000129479.859177
70000278246.489029
70000745686.869873
70000246377.581848
70000387250.627777
70000551657.360107
70000663603.730316
70000241130.741989
70000498262.636078
70000546605.205200
70000511367.959381
70000504176.715088
70000531013.060379
70000854381.274155
70000062627.665298
1.000000
70000831721.439148
70000957394.921249
70000577577.187500
70000068560.768814
70000579619.001373
70000807530.553223
70000895027.703964
1.000000
70000686990.239029
70000260071.064331
70000752106.466095
70000399962.655731
1.000000
70000481773.835114
70000475252.263641
70000847594.627655
70000729116.833801
70000303653.714920
70000690846.464432
70000067195.814667
70000864267.933655
70000676225.572021
70000739351.909698
70000430293.677582
70000800626.202576
70000671718.799759
70000870074.575180
70000631122.972916
1.000000
70000500246.854141
70000599503.335037
70000132463.878159
70000618270.318344
70000892907.158951
70000556647.032440
70000718113.377823
70000797155.313309
70000418659.055466
70000376166.076340
70000250572.298141
70000296079.989349
70000729515.325653
70000014904.101929
70000808287.692474
70000681404.876511
70000932181.617920
70000198589.564682
1.000000
1.000000
1.000000
70000011426.976624
1.000000
70000386072.467331
70000333550.007889
70000648988.446075
70000195889.278442
70000431107.243530
70000871204.779587
70000007319.162842
70000507281.257217
70000735818.690308
70000089826.287094
70000277118.291702
70000544795.560806
70000571364.655441
70000401300.670273
70000180694.628113
70000575006.314545
1.000000
70000880756.757217
70000907396.379395
70000860897.143021
70000694525.869690
70000569922.235855
70000299214.540848
70000449877.605927
70000778294.508530
70000226076.351303
70000651808.008286
70000902830.058624
70000017245.261246
70000095683.034134
70000669124.049683
70000833560.773087
1.000000
70000575287.781693
70000862174.310623
70000463543.265915
70000058594.679794
70000529541.806396
1.000000
70000044903.572006
70000518362.954422
70000541468.810028
70000481099.761490
70000604547.891403
1.000000
70000026594.672119
70000764317.901382
70000231868.932556
70000275516.957397
70000467531.777283
70000811644.306625
70000728781.689011
70000806352.147232
70000120794.115005
70000816973.996918
70000910283.771561
70000817554.157669
70000045111.371323
70000337587.879181
70000193418.022675
70000431860.064545
70000919025.721100
70000773377.837860
70000958726.706314
70000401258.431168
70000075359.765594
70000948212.196808
70000747424.323441
1.000000
70000853579.785614
70000420049.287415
70000237535.305099
70000101199.822556
70000201400.014175
70000218008.251938
70000010559.625870
70000918229.440796
70000982532.923676
70000417200.590714
70000665080.104630
70000578304.721069
70000279898.051559
70000730466.624496
70000924830.756104
70000612968.755234
1.000000
70000297541.530075
70000045007.825012
70000192452.769653
70000372332.243454
70000409592.893082
70000141297.007263
70000435483.394745
70000399080.430969
70000301187.269333
1.000000
70000312050.817932
70000801391.614792
70000973319.407242
70000446535.702454
70000174417.401596
70000805348.441528
70000717982.967255
70000085942.523712
70000534595.451309
70000447584.109512
70000205962.989655
70000768888.395950
70000813823.373245
70000959175.791794
70000053593.277969
70000597917.634415
70000389581.588974
70000042941.423615
70000965119.165833
70000152365.212326
70000500386.372894
1.000000
70000747137.604095
70000069064.066086
70000732578.390259
70000045814.584793
70000843262.873001
70000775676.225311
70000701508.143219
1.000000
70000299314.712601
70000908572.396103
70000558962.574966
70000046932.521790
70000743011.518066
70000675600.077316
1.000000
70000365782.032394
70000211658.463577
70000217152.284256
70000242746.270279
70000142492.964615
70000742976.764374
70000841572.886993
70000633731.420822
70000234159.406723
70000508055.940491
70000564631.941513
70000050654.415390
70000345687.612350
70000631494.671143
70000772302.173615
70000975930.484833
70000540292.791595
70000343507.408279
70000562026.184296
70000146505.040909
70000426424.854752
70000682404.276596
70000605522.454712
70000780014.435440
70000011293.858124
70000070729.404755
70000866723.655853
70000184846.048935
0.33
 0 0 0 0 0 0 0 0 0 0 0 0 0
