1 401
70000598450.305023
70000719448.019547
70000800392.301300
70000923126.128662
70000040307.438019
70000949606.838287
70000453224.830795
70000929422.980499
70000560560.576706
70000105041.423798
70000530005.849716
70000206866.542969
70000136492.567474
70000339626.581497
70000247449.265350
70000223529.016449
70000768091.749985
70000528331.240784
70000796892.919098
70000063240.782883
70000989652.962769
70000753274.558228
70000733780.464951
70000788344.102951
70000899272.473694
70000109594.371994
70000338018.058563
70000155404.320908
70000164151.363235
70000669478.002991
70000341789.234634
1.000000
70000118938.884903
70000230459.636551
70000472146.880432
1.000000
70000286442.950867
70000306244.959625
70000575268.709381
70000931307.461411
70000940544.579483
70000862910.780960
70000439764.163498
70000389064.799850
70000702897.801788
70000081706.182434
70000452877.301147
70000303356.934677
70000834111.385010
70000488799.692062
1.000000
70000600077.144608
70000371356.435181
70000625780.908844
70000976361.802933
70000109487.172729
70000231565.614471
70000356505.391586
70000645360.530670
1.000000
70000777620.306610
70000054013.541656
70000369349.549454
70000592111.454315
70000773344.942886
70000904754.099686
70000330135.572723
70000082850.646667
70000606104.583374
70000298717.355148
70000228463.532822
70000638498.744568
70000076131.263687
70000829047.572205
70000093177.422440
70000076818.478455
70000061104.304779
70000195459.418243
70000183280.494019
70000397955.215698
70000094227.297333
70000671201.213409
70000484415.215286
70000385302.110275
70000395638.408386
70000303330.617325
70000146260.094147
70000462898.021896
70000060803.571533
70000674214.537048
70000759067.001907
70000704327.574905
70000166476.922714
70000246695.638412
70000827993.395111
70000781703.947098
70000959266.587570
70000264712.158661
70000254586.384140
70000691626.953094
70000667902.281509
70000142800.632172
70000604118.055542
70000115223.710754
70000183374.702087
70000198574.542221
70000909942.847565
70000964583.024185
70000140097.098541
70000195259.663544
70000463381.590302
70000138490.873901
70000270312.474625
70000769635.643845
70000334200.816254
70000855792.235199
70000546742.159653
70000297761.511169
70000628425.252655
70000324636.489960
1.000000
70000173867.423538
70000018319.942307
70000691118.731323
70000251315.277710
70000894420.975998
70000864812.035507
70000059414.564041
70000143142.542862
70000789956.940155
70000969375.706207
70000304258.908768
70000291599.295456
70000762489.386261
70000351164.791275
70000409862.385971
70000370101.783432
70000333937.588272
70000512232.036285
70000594697.702835
70000479387.672806
70000588832.468170
70000301431.781799
70000368142.449860
70000311852.781464
70000785774.060760
70000391958.035477
70000594169.130234
70000604926.226791
70000051620.384064
70000591611.747360
70000433203.478119
70000398316.925903
70000020259.802139
70000905863.262512
70000345331.767944
70000216109.792099
70000455322.959595
70000782502.111084
70000935997.727997
70000577201.158508
1.000000
70000875867.959335
70000522207.368210
70000418828.355316
70000172004.906830
70000357418.271454
70000431013.298737
70000108287.795090
70000356680.420532
70000931715.050919
70000779636.809052
70000799626.071716
70000667914.359467
70000026240.264404
70000477035.216217
70000357681.236496
70000286343.096313
70000198492.879272
70000394171.346863
70000905447.978271
70000017049.960968
70000898356.660400
70000157387.352814
70000252610.317749
70000883990.718094
70000935856.288467
70000439138.357452
70000891236.186310
70000123789.053284
70000219691.315140
1.000000
70000733674.640991
70000777454.627014
70000485491.225052
70000623032.497284
70000971123.724808
70000888353.627487
70000933234.733627
1.000000
70000702808.804321
70000829823.358765
70000791506.972504
70000731280.254837
70000385549.939087
70000651255.761414
1.000000
70000862746.951797
70000558625.867828
70000858207.469620
70000164713.394714
70000336962.156143
70000620916.352631
70000862081.116699
70000556990.418182
70000623271.939590
70000020771.541183
70000714835.791580
70000163540.080902
70000529741.066010
70000195833.977905
1.000000
70000532552.253677
70000938379.030930
70000852746.290833
70000478914.547852
70000694039.452286
70000640141.467712
1.000000
70000404163.755814
70000760826.529694
70000170147.671387
70000864937.185196
70000901329.666702
70000030093.312485
70000998467.029663
70000018031.440216
70000855444.627441
70000345356.588486
70000907332.050110
70000029416.779419
70000537637.572678
70000510586.501282
70000694766.820358
1.000000
70000317850.066025
70000835982.180862
70000647497.430923
70000853435.258469
70000078855.440857
70000738290.911377
70000529483.827057
70000122664.925552
70000970241.031021
70000158129.995865
1.000000
70000634610.023514
70000727767.598648
70000051479.579895
70000349990.398376
70000998213.971466
70000030175.361496
70000201434.997711
70000712408.318375
70000321289.461624
70000002516.506653
70000335511.499100
70000859359.696457
70000330591.265778
70000727565.489807
70000759394.507599
70000086485.971710
70000694453.196289
70000045095.102112
70000853760.533813
70000395465.227890
70000302163.901810
70000488385.227554
70000748371.997726
70000357455.137955
70000472992.524933
70000822868.077209
70000398530.068161
70000786615.383759
70000489286.360489
70000999002.713684
70000501340.689148
70000884165.631744
1.000000
70000251274.611740
70000073380.329865
70000197155.479462
70000957548.979706
70000457306.569092
70000289308.772278
70000194362.089417
70000963182.883820
70000916854.980316
70000545739.260544
70000334004.656311
1.000000
70000635138.490005
70000113854.979034
70000303346.923965
70000404480.258316
70000058827.888077
70000031114.969437
70000969567.420593
70000641931.273758
70000925390.275223
70000016209.398285
70000435588.066406
70000931670.734543
70000010191.271194
70000177556.956482
70000122170.399155
70000790187.517807
70000244468.160904
70000041378.491226
1.000000
70000440948.246902
70000734931.850342
70000080762.391449
70000913474.121017
70000239584.180466
70000029844.883667
70000722647.664444
70000725586.605606
1.000000
70000994497.402939
70000959053.777603
70000351530.272125
70000711024.888016
70000973414.618500
70000139697.082367
70000592309.069977
70000223764.371490
70000777157.464310
70000588007.766525
70000974835.788757
70000882915.755356
70000175796.925339
70000646144.997971
70000314185.605789
70000923956.970078
70000793231.083496
1.000000
70000645028.563004
70000732780.182693
70000029731.577682
70000044246.731201
70000678108.571411
70000176835.338669
70000613432.350998
70000537678.917496
1.000000
70000943208.940002
70000210209.435760
70000750643.607849
1.000000
70000720837.743378
70000928923.344452
70000450405.896255
70000478956.505585
70000766125.095871
70000771111.680298
70000503420.766449
70000388877.409958
70000783253.181046
70000385635.188904
70000144393.324326
70000175535.536469
70000268043.681366
1.000000
70000964403.752197
70000609013.994141
70000535489.852020
70000662426.812958
70000891053.673233
70000448994.030792
70000906735.981247
70000524226.628525
70000258128.201843
70000172948.367981
70000110163.050217
70000626931.382278
70000675225.489044
70000719387.847061
70000340364.415390
70000656717.011169
70000921524.884338
70000081342.033508
70000613826.683411
70000285707.389862
70000001539.746933
70000725914.204834
70000782460.800751
70000868214.382568
70000712556.781860
70000439473.012558
0.33
 0 0 0 0 0 0 0 0 0 0 0 0 0
