1 401
70000013588.894638
70000088529.291061
70000849639.462952
70000015745.255432
70000758007.023361
70000058452.059601
70000980119.268219
70000174756.866653
70000016833.417496
70000932955.040375
70000734037.825653
70000166832.567505
70000922238.714279
70000231606.668365
70000884030.436783
70000536308.445633
70000490195.760773
70000421639.791885
70000418978.857361
70000537444.346222
70000847274.614120
70000980431.762100
70000297539.554199
70000326537.383194
70000186926.273697
70000103824.047562
70000810729.961258
70000647492.036209
70000138002.855057
70000539192.633606
70000749544.605988
70000094274.371307
70000780119.872314
70000429302.716522
70000476267.957779
70000866598.355499
70000351240.747864
70000030912.763062
70000326123.471710
70000677900.858322
1.000000
70000301473.645370
70000526297.184235
70000407849.780579
1.000000
70000486313.070618
70000927979.262711
70000424938.610916
70000523109.477783
70000223330.091629
70000920567.469925
70000280080.706070
70000758158.512878
1.000000
70000050707.939377
70000931557.587921
70000359781.647507
70000260337.935013
70000540316.593384
70000196479.857986
70000332264.849152
70000359034.885620
70000336115.980515
1.000000
70000924946.910629
70000599989.184631
70000425482.221100
70000869118.816727
70000985675.410675
70000371003.615128
70000748425.840240
70000113887.595306
1.000000
70000993985.642609
70000775488.626022
70000248117.291779
70000414677.450836
70000419899.508530
70000319936.599411
70000698863.598785
70000554634.317657
70000066619.542130
70000750097.638550
70000721772.023438
70000081784.932098
70000857469.943497
70000214255.536041
70000765271.692627
70000192394.912048
70000897486.063232
70000897598.579056
70000128107.031189
70000170583.820786
70000388270.920166
70000480473.301788
70000777200.537521
70000192642.487442
70000984448.206314
70000432421.665939
70000575224.815643
70000167366.576324
70000729799.110886
70000134557.358795
70000647154.218781
70000531334.406540
70000767130.022842
70000309941.231171
70000240094.909622
70000211870.669647
70000342064.415894
70000738291.496948
70000288213.488251
70000795838.010040
70000408585.299484
70000590416.292587
70000905706.092178
70000965794.841278
70000877813.325760
70000254865.973236
70000922797.819595
70000286895.791489
70000185301.109146
1.000000
70000862115.120697
70000579436.440765
70000626033.584106
70000191063.672958
70000901071.780640
70000090788.006134
1.000000
70000811178.857544
70000149732.910110
70000358606.147217
70000894876.371704
70000969084.133621
70000741199.587173
70000576000.389572
70000590384.567307
70000642159.751678
70000812166.554642
70000327256.304520
70000712948.585754
70000837286.949799
70000109393.937256
70000441913.193329
70000613121.580170
70000259621.284302
70000653823.018341
70000993817.791016
1.000000
70000178896.705292
70000989668.020279
70000861163.486877
70000045411.522018
70000230604.601196
70000640114.811676
70000417158.462906
70000864313.735657
70000842990.371597
70000174185.186523
70000457576.834839
70000113062.620224
70000468570.752106
70000047366.568451
70000628536.356125
70000326262.210739
70000285784.580551
70000472703.813141
70000845692.534607
70000821653.657852
70000911776.398743
70000985137.616623
70000620026.803360
70000004115.299820
70000635859.680328
70000500616.264908
70000431841.328949
70000996398.090958
70000418874.605652
70000526710.096786
70000978988.311676
70000308429.919937
70000264173.032623
70000037836.406830
70000146686.574402
70000099220.014648
70000859830.446304
70000855485.676620
70000034072.755737
70000601840.639297
70000058933.677994
70000396069.265030
70000202600.362335
70000965296.216599
70000279837.422852
70000702884.339005
70000453193.839081
70000510842.985641
70000115976.343582
70000314177.413193
70000833439.338135
70000252083.853867
70000538068.443665
70000620760.392960
70000519754.370071
70000921422.655334
70000258445.163971
70000079722.635834
70000328014.657837
70000800678.498672
1.000000
70000576623.959869
70000866620.056900
70000230974.642258
70000109724.797363
1.000000
70000340479.639694
70000155417.464050
1.000000
70000360024.291962
1.000000
70000184437.789673
70000126891.105087
70000674909.384842
70000840261.898758
70000575565.452240
70000584831.561020
1.000000
1.000000
70000925512.558716
70000037744.593002
70000308707.410736
70000207026.771042
70000307665.299332
70000086802.079773
70000377812.339172
70000747007.365097
70000927279.879013
70000276534.583939
70000893832.597809
70000665679.283798
70000676904.140945
70000551946.938995
70000884256.110489
70000888449.470047
70000994583.669525
70000734769.191956
70000547482.859222
1.000000
70000181637.819778
70000162446.406540
1.000000
70000214931.872726
70000793205.054672
70000252427.702881
70000727850.432510
70000975973.094330
70000874071.430618
70000430565.775009
70000089168.317062
70000198373.172745
70000048832.204681
70000797365.082642
70000788776.634689
70000249384.468735
70000696572.974899
70000144518.685349
70000719601.610260
70000888376.318665
70000056230.408585
70000281925.465302
70000240301.764725
70000502846.175613
70000914342.109375
70000753500.121841
70000775207.959518
70000141352.284866
70000759995.935684
70000608576.062698
70000129749.527069
70000481569.745300
70000392495.597931
70000572881.556320
70000552821.316772
70000002219.820358
70000851343.900146
70000497838.193390
70000819061.946762
70000834742.679367
70000624184.287643
70000823350.933548
70000508983.147614
70000901360.562241
70000309621.916443
70000809717.919678
70000382554.680634
70000040486.455017
70000588659.253830
70000087226.783600
70000463072.836548
70000457366.735504
70000472804.858658
70000345456.876892
70000348363.964401
70000054134.551682
70000109060.859375
70000919624.676910
1.000000
70000230629.556519
70000684499.356079
70000579660.103119
70000709975.310226
70000951620.704391
70000002966.368561
70000028012.135544
70000244842.763657
70000643094.183212
70000966971.914322
70000041886.761871
70000246189.370773
70000194481.290955
70000865993.657776
70000624034.321213
1.000000
70000252523.654282
70000820654.246964
70000392830.697769
70000721724.536469
70000440777.907364
70000208747.209961
70000857091.802917
70000926748.387070
70000642847.662582
70000689460.639740
70000710209.891083
70000531749.210922
70000089361.036438
70000397687.309128
70000813677.776596
1.000000
70000399419.808395
70000174559.073792
70000155038.676392
70000192834.807983
70000835730.881378
70000066325.381927
70000285008.145828
70000902336.401855
70000184008.107925
70000289400.721420
70000481349.433807
70000351935.293488
70000389048.634125
70000340140.551544
70000279666.944443
70000460619.638779
70000874724.054733
70000047337.709976
70000761248.346710
70000207658.859848
70000137623.993912
1.000000
70000832272.323135
70000724382.620316
70000601187.379547
70000948036.121521
70000292659.436890
70000134879.759018
70000883598.748230
70000281930.800308
1.000000
70000574611.653809
70000062466.829971
70000852668.006516
70000081716.929733
70000838056.387970
70000815711.007309
70000681123.638367
70000882875.960770
70000452249.488022
70000961059.522263
70000928797.933350
70000656554.294632
1.000000
70000749013.718048
70000373813.947678
70000402700.205566
70000813528.948166
70000340665.043182
1.000000
70000804168.750076
70000400676.588608
70000684918.712494
70000870776.610870
70000815331.032639
1.000000
70000626976.895813
70000041459.880402
70000168488.047211
70000209750.123703
0.33
 0 0 0 0 0 0 0 0 0 0 0 0 0
