1 401
70000612409.178146
70000651148.668930
70000562275.512131
70000489198.333344
70000617182.315994
70000242534.280304
70000584088.657089
70000106310.654968
70000673934.497986
70000184237.028320
70000781085.311447
70000505883.231354
70000632047.838303
70000012266.610992
70000946414.963013
70000237291.133926
70000631456.118423
70000880081.776428
70000333558.257309
70000520473.895706
70000308438.074341
70000053958.092651
70000904902.029358
70000831511.674454
70000790067.251877
70000584667.845718
70000256667.992050
70000117666.682495
70000238457.696457
70000132608.301743
70000899585.240524
70000088070.631134
70000733914.834625
70000225186.305328
70000350116.760101
70000555078.879944
70000898390.601837
70000852258.618881
70000481896.763016
70000176551.977478
70000578470.634827
70000540576.665451
70000736081.778824
70000000355.192535
70000108499.991791
1.000000
70000932096.668350
70000630165.303040
70000669973.578003
70000093151.534164
70000829802.851501
70000616486.121124
70000216602.165955
70000003461.618286
70000808263.309845
70000917932.778854
70000944525.052429
70000020638.381454
70000862051.764526
70000461476.580246
70000341055.260071
1.000000
70000218995.763138
70000038335.412918
70000514964.615280
70000675707.578110
70000284026.221664
70000889256.448318
70000988050.418274
70000239674.637482
70000512673.046570
70000851681.939499
70000291292.335052
70000212796.244766
70000224151.461395
70000704108.536194
70000452592.169907
70000361430.119446
70000605478.078476
70000617467.079620
70000635734.159180
70000140840.484299
70000292130.742401
70000360207.060928
70000505441.959808
70000936526.722519
70000630709.663834
70000052736.098816
70000910618.273132
70000830226.423553
70000702562.169159
70000910298.258209
70000112149.325790
70000740672.208267
70000208315.258713
70000976675.449448
70000032013.999069
70000627689.913101
70000654777.765488
1.000000
70000833553.694397
70000313061.428574
70000348921.073990
70000294076.673660
70000456689.478973
70000011691.020767
1.000000
70000142137.387558
70000335303.139252
70000001537.066406
70000014723.666870
70000950630.771149
70000449058.560913
70000416893.358292
70000045828.996674
70000910780.905548
70000342448.636017
70000610048.707275
70000063580.365143
70000750376.368057
70000272385.082474
70000720635.487732
70000547140.718735
70000604258.075317
70000331331.294525
70000077990.195877
70000247509.437485
1.000000
70000354289.199005
70000505431.804260
70000065925.736069
70000579915.772842
70000218117.208481
70000805264.785263
1.000000
70000568037.871857
70000446549.786667
70000511162.403778
70000999031.065887
70000219796.456421
70000871477.266571
70000948479.289581
70000222345.213989
70000648543.956696
70000673974.745087
70000530906.540421
70000800222.437912
70000046325.269547
1.000000
70000249244.371185
70000298047.614746
70000272562.510559
70000284742.448135
70000099069.626114
70000989970.382538
70000855297.346298
70000149210.250961
70000109250.171753
70000203564.177795
70000126259.026062
70000542860.153076
70000117154.048477
70000143630.223740
70000376223.383835
70000707206.381165
70000680881.812180
70000650339.305313
70000954208.728134
70000964021.603928
70000451691.697464
70000002656.753723
70000529576.087219
70000470413.222549
70000234939.582703
70000021267.236145
70000506538.751541
70000471730.386932
70000828535.381668
70000361256.574646
70000082646.062317
70000070330.506485
70000527754.448868
70000749136.552383
70000087477.355698
70000012522.411957
1.000000
70000228927.332932
70000564309.680008
70000072975.630768
70000456405.743927
70000761287.239410
70000382259.315079
70000312632.729965
70000900385.539536
70000294364.971893
70000722509.867126
1.000000
70000212156.587250
70000083455.351685
70000962272.000778
70000315095.615341
70000078569.426422
70000342011.339752
70000420896.330475
70000259838.870911
70000832583.346344
70000068047.309418
70000194773.704620
70000036721.596405
70000073852.984421
70000929862.734146
70000816295.508392
70000534359.048691
70000735216.155121
70000519401.864395
70000946196.912521
70000600577.655411
70000225077.430038
70000022247.167191
70000965497.901230
70000440269.991898
70000921205.583420
70000049207.756348
70000892558.072525
1.000000
70000061999.779449
70000107370.018097
70000574520.039642
70000157742.381195
70000612639.364136
70000013148.282578
1.000000
70000053603.335342
70000658626.954926
70000076623.837250
70000925623.142059
70000327056.750992
70000020733.500137
70000194084.654495
1.000000
70000674510.649765
70000203296.513840
70000712565.576706
70000667623.364334
1.000000
70000868794.710815
70000898229.031952
70000932779.514481
70000821102.568802
70000092356.907730
70000670193.108536
70000497120.469833
70000344506.156433
70000599987.095139
1.000000
70000047079.255341
1.000000
70000883375.496185
70000637088.089813
70000285986.305634
70000875541.972961
70000813435.232224
70000237269.643478
70000260312.622849
70000358311.269119
70000962171.048996
70000847498.123993
70000199545.377960
70000128092.099976
70000418414.850723
70000022558.803375
70000488988.724518
70000041839.444443
70000622199.969971
70000781162.746460
70000220150.865494
70000383886.536194
70000835573.903015
70000935017.700653
70000432602.197021
70000779826.628372
70000400996.951660
70000079080.246353
70000582809.704819
70000684601.796814
70000419200.965332
70000331349.073685
70000070503.738449
70000944749.946991
70000033800.497101
70000856808.175354
70000985118.958008
70000196232.869629
70000629312.775604
70000270309.101242
70000806704.541916
70000527149.191284
70000699703.681488
70000768602.169449
70000731800.680389
70000172020.050491
70000527280.191223
70000900576.226822
70000174840.951645
70000041051.249481
70000727018.711639
70000174183.255630
70000683873.346298
70000448090.377792
70000854137.385330
1.000000
70000863884.709259
70000085345.867416
70000075811.394028
70000692452.518341
70000420123.655121
70000899339.774353
70000240801.542664
70000841434.526688
70000231841.758957
70000224257.634018
70000544593.173065
1.000000
70000090685.605347
70000944509.859055
70000624168.167633
70000021664.663544
70000622785.636444
70000755244.272308
70000254080.736389
70000387393.269211
70000073066.751907
70000066683.916916
70000527359.037857
70000768415.039230
70000854588.001312
70000110381.053329
70000213772.738541
70000497950.853821
70000172785.959137
70000833237.488617
70000979754.857498
1.000000
70000005048.034836
70000178000.966415
70000563073.759323
70000716962.017761
70000980424.007950
70000940364.610352
70000939754.917221
70000658562.139359
70000221243.536194
70000179298.770401
70000909499.507263
70000493055.276596
70000628012.616394
70000024675.128036
70000774393.773712
70000485276.929749
1.000000
70000725296.597580
70000735639.174820
1.000000
70000346629.005081
70000755262.217972
70000987574.046371
70000332240.089859
70000084509.154663
70000646154.048721
70000205178.243301
70000048066.291534
70000433915.575912
70000974644.835098
70000170546.547623
70000457897.374878
70000381452.376923
1.000000
70000951054.687057
70000772463.153641
70000903428.776917
70000876705.490768
70000976395.385330
70000189477.494263
70000733049.299957
70000045809.896835
1.000000
70000868807.498245
70000394700.626694
70000465809.992584
70000601935.227036
70000255398.421371
70000787103.782074
70000931878.665344
70000026551.204041
70000254092.057251
1.000000
70000641678.920670
1.000000
70000778068.820831
70000581694.693344
0.33
 0 0 0 0 0 0 0 0 0 0 0 0 0
