1 401
70000776546.806580
70000518421.912445
70000364975.509552
70000224046.610443
70000301504.087372
70000011560.917923
70000658036.483490
1.000000
70000794322.515320
70000123256.986679
70000899074.709137
70000311027.962387
70000680439.282990
70000909417.299423
70000835574.357605
70000141215.371140
70000457442.228958
70000262555.516754
70000410956.833694
70000716407.424850
70000334856.033066
70000059764.404663
70000571322.953033
1.000000
70000200782.712494
70000328932.894547
70000757007.713928
70000120510.689240
70000773232.795059
70000692882.607452
70000562674.463791
70000855393.915726
70000083566.221741
70000517600.483078
70000918210.551620
70000724985.611069
70000408138.623169
70000422767.092865
70000977856.499725
70000564538.169205
70000635323.348709
70000488337.504562
1.000000
70000076419.168503
70000872018.617584
70000846340.791824
70000590843.454315
70000549311.633621
70000554006.797943
70000567349.214340
70000686632.804047
70000780828.890793
70000859615.020721
70000366855.891876
70000005057.189453
70000575146.507187
70000031350.374832
70000083937.071198
70000343280.663055
70000722958.419510
70000536919.660919
70000083189.610321
70000660108.521225
70000580232.657196
70000697190.575027
70000279151.845673
70000849319.457626
70000248630.542801
70000447546.307739
70000602344.606369
70000933366.415649
70000689043.217148
70000045960.462860
70000592457.885742
70000526417.884781
70000635533.145813
70000447742.318680
70000605104.172318
70000800005.476685
70000173977.577271
70000277342.764160
70000582308.698410
70000853513.034058
70000951763.265015
70000781919.966385
70000654725.642853
70000903387.243240
70000923972.732010
70000370520.092743
70000732936.548508
70000493001.354340
70000047798.263763
70000096595.509689
70000550392.589142
70000270032.663620
70000023227.923981
70000127800.789520
70000469152.398071
70000782069.459518
70000999025.788208
70000954035.283432
70000503587.908951
70000367975.866211
70000475210.114578
70000853005.578308
70000042605.916061
70000744679.898636
70000737305.046707
70000864521.096756
70000491152.300110
70000622069.042404
70000877494.489029
70000569481.675964
1.000000
70000734263.845459
70000063092.311966
70000557570.790451
1.000000
70000650795.013977
1.000000
70000977127.784500
70000079352.938187
70000897498.752655
70000150261.153351
70000587303.018677
70000638175.475601
70000884872.933746
1.000000
70000209210.228302
70000069478.575974
70000124309.415359
70000306701.048828
70000762369.053925
70000695434.667603
70000861833.228806
70000667564.548187
70000369875.263245
70000238945.388153
70000947444.989761
70000094198.030930
70000107905.503723
70000390961.061798
70000894513.644974
70000393673.549393
70000264294.593079
70000837110.111145
70000655496.543427
70000544229.893753
70000798503.622284
70000248300.338989
70000114974.763824
70000419906.621460
70000568045.558411
70000151019.253815
70000437004.706390
70000369560.097809
70000434079.016769
70000113556.730530
70000419904.329468
70000980281.945496
70000288535.856827
70000655313.527283
70000408982.865707
70000046171.501602
70000360063.413422
70000952999.679504
70000106780.527847
70000869929.259537
70000728531.050003
70000482156.115723
70000702810.049942
70000123656.456940
70000680510.003571
70000969462.553864
70000961398.317749
70000486548.526627
70000974218.461761
70000906556.744873
70000271730.570312
70000328990.352295
70000187547.793106
70000688368.602646
70000873799.167130
70000417290.396240
70000961111.778366
70000092862.812134
70000222768.904816
70000017069.542221
70000277930.464188
70000473922.308319
70000594987.695312
70000223465.205505
70000918189.647995
70000797836.063263
70000672842.114090
70000869673.718781
70000791215.335770
70000256988.136780
70000675955.500916
70000021827.310669
70000111538.663849
70000133978.051941
70000701481.781555
70000337008.757660
70000537777.414291
70000085776.270752
70000090025.592453
70000212788.925583
70000382810.605988
70000787416.373581
70000021303.988953
70000930043.231079
70000593922.915848
70000675618.785156
70000963695.555756
70000651940.301147
70000463199.412567
70000012577.288010
70000421235.332367
70000663928.382950
70000725215.453400
70000821269.157715
70000963953.846466
70000699998.669937
70000086071.846207
70000000085.644058
70000642775.338089
70000568703.087494
70000893816.126709
70000775843.524582
70000831064.332275
70000379665.088943
70000885839.203018
70000405353.994980
70000969395.783264
70000026096.179382
70000016746.387024
70000166783.924942
70000593972.596191
70000909763.696030
70000198030.414948
70000799469.416077
70000102489.278946
70000854481.005463
70000967719.797226
1.000000
70000956640.636063
70000859798.103104
70000897620.481033
70000176038.104263
1.000000
70000120125.976685
70000799942.183014
70000974947.184402
70000143249.002640
70000522079.710419
70000734914.628693
70000397308.539688
70000125813.040619
1.000000
70000375810.579941
70000234724.744400
70000682507.062073
70000585878.760056
70000127019.678864
70000941615.744934
70000079307.779984
1.000000
70000374841.808182
70000853036.914459
70000944489.678589
70000661538.139542
70000005839.698669
70000769423.425171
70000375409.511887
70000958676.172302
70000699971.606720
70000819612.514954
70000124187.369156
70000040705.178452
70000934540.545532
70000743230.179291
70000763690.181259
70000808366.094330
1.000000
70000678995.659668
70000772323.896301
70000744739.894501
70000147846.637863
70000467099.711655
1.000000
1.000000
70000806178.467514
70000977229.523087
70000689627.233368
70000235882.680862
70000503230.196655
70000492622.829239
70000419891.666901
70000747012.786148
70000024803.558350
70000756307.152100
1.000000
70000747651.886551
70000846721.365646
70000121053.638885
70000767054.515244
70000914380.043335
70000918167.476898
70000222234.387833
70000156208.460327
70000255827.437881
70000122551.117493
70000148238.373291
70000046228.655243
70000696322.442596
70000948985.482483
70000824399.486099
70000362203.015411
70000820872.892136
70000185819.171783
70000446363.930954
70000712692.456223
70000291907.807037
70000572344.554947
70000551272.302094
70000638062.081940
1.000000
70000889029.286041
70000132183.390671
70000082304.322296
70000658654.606567
70000511365.156555
70000844313.644745
70000186367.800552
70000787598.420761
70000598660.726852
70000225099.483810
1.000000
70000558393.150681
70000021387.061615
70000740528.094360
70000885290.464996
70000024089.659027
70000652336.414505
70000812026.761902
70000693533.967819
70000799339.878922
70000266307.938339
70000965708.628769
70000866759.995300
70000108543.892899
70000346651.749420
70000511350.669037
70000873237.217133
70000074054.346008
70000631328.792206
70000519393.861816
70000382351.905884
70000953036.401917
70000052291.413452
70000190782.204193
70000082761.110153
70000707770.309692
70000995721.496201
70000865184.145020
1.000000
70000403064.272430
70000472188.183105
70000213788.403656
70000470783.388992
70000318418.140091
70000594740.770462
1.000000
70000963045.619507
70000511122.557205
70000133890.676407
70000693592.172195
70000306142.680679
70000985038.811172
70000393241.996704
1.000000
70000294532.373871
1.000000
70000973888.877640
1.000000
70000977154.139420
70000737504.552643
70000607272.903595
70000543169.474609
70000639390.305710
70000957903.590546
70000802789.556259
70000345867.837112
70000583189.893494
70000597867.998978
1.000000
1.000000
70000808418.803391
70000293532.160080
0.33
 0 0 0 0 0 0 0 0 0 0 0 0 0
