1 401
70000148041.853592
70000386696.210876
70000219490.474319
70000964228.139450
70000847555.123245
70000657718.047989
70000234713.340439
70000411014.360535
70000571309.139420
70000774712.853210
70000778670.927338
70000339649.223251
70000742402.487656
70000111648.102768
70000698463.924118
70000159737.582809
70000694355.791534
70000264768.485016
70000220598.398209
70000677719.202087
1.000000
70000010339.455826
70000257078.241821
70000899000.853455
70000685794.281723
70000896482.005295
70000015978.009323
70000814725.291351
70000644700.028976
70000012969.680984
70000311520.813629
70000234780.837494
70000216312.348724
70000495937.416412
70000839908.926651
70000050711.633652
70000212871.121063
70000107488.666443
1.000000
70000920747.613693
70000850391.634064
70000952457.174515
70000297488.703873
70000729495.509872
70000726313.341522
70000995571.890976
70000647366.169632
70000006691.965714
70000174017.945312
70000957087.407135
70000509220.295227
70000071006.244278
70000232651.490921
70000399229.474075
70000372143.505508
70000396298.224472
70000350516.384995
70000356500.086777
70000952648.189301
70000555291.012054
70000373056.407455
70000607513.413879
70000831039.063110
70000606488.224304
70000930852.974625
70000849025.715378
70000722990.734573
70000442932.378021
70000748253.711624
70000654290.840225
70000163490.349808
70000771652.850922
70000122134.587341
70000523902.063293
70000460152.932953
70000965839.870026
70000178490.788879
1.000000
70000373964.491180
70000338154.369965
70000813741.234283
70000938816.633087
70000016486.580093
70000949941.137955
1.000000
70000110706.818344
70000729369.476288
70000720267.203827
70000524438.538712
70000036627.439651
70000060713.899750
1.000000
70000401491.410263
70000806124.301025
70000969328.422806
1.000000
70000880436.205063
70000980861.491074
70000537777.780685
70000528519.711670
70000158510.027924
70000413117.137833
70000494369.786057
70000502435.846375
1.000000
70000157643.964462
70000389471.656128
70000825208.008575
70000528038.644333
70000561616.697174
70000963090.497391
70000756955.754654
70000441554.746063
70000054361.720398
1.000000
70000088277.450211
70000172721.542191
70000971907.023361
70000859547.264664
70000232536.018478
70000644614.485199
1.000000
70000736106.513000
1.000000
70000486713.793289
70000635155.498398
70000184161.546494
70000332981.277740
70000767580.997894
70000882186.733643
70000254357.125076
70000219822.725739
1.000000
70000447455.192215
70000143959.350418
70000677060.005936
70000094276.275711
70000392854.206223
70000863814.883774
70000455123.725189
70000150662.215149
70000795992.172287
70000950739.422623
70000695246.023499
70000126565.891342
70000146659.604721
70000377875.635300
1.000000
70000511688.400406
70000780693.714539
70000761152.260193
70000304892.645233
70000142248.839569
70000080005.518127
70000468280.471863
70000777612.813339
70000657833.666824
70000138613.650497
70000920563.379944
70000137356.731781
70000255044.121597
70000564020.030548
70000076173.599457
70000021031.080948
70000003632.510223
70000905303.228500
70000071462.652298
70000191647.780197
70000075329.117004
70000682664.562210
70000177946.082550
70000324903.072525
70000869500.415390
70000231462.630829
70000622329.727478
70000639454.989258
70000436402.851532
70000967414.679810
70000554361.629166
70000369095.516647
70000356381.951859
70000448347.157440
1.000000
70000568577.281662
70000805663.446777
70000602929.101273
1.000000
70000094261.493210
70000971255.217880
70000637739.965576
1.000000
70000821387.512985
70000993522.156219
70000378539.939178
70000893161.367966
70000499563.582352
70000546138.854721
70000843602.457642
70000476648.499832
70000645159.720993
70000368266.153809
70000381820.197327
70000082910.478683
70000444471.989883
70000440211.416458
70000747516.513260
70000757447.999329
1.000000
70000464164.392410
70000555996.479187
70000903671.882462
70000687271.502808
70000526037.209641
70000597346.676056
70000123443.152039
1.000000
70000996001.720047
70000908977.540070
70000035216.808258
70000002666.506042
70000982336.918488
70000347047.637970
70000538107.778275
70000690271.357605
1.000000
70000793641.466827
70000486197.000214
70000317967.783569
70000767082.915894
70000743999.129852
70000681694.068604
70000001900.179413
70000400017.267059
70000289931.263306
70000947389.187363
70000445114.530197
70000739732.801300
1.000000
70000703532.048203
70000092627.672989
70000273002.376862
70000807221.183136
70000415721.268066
70000800661.358231
70000262701.786148
70000735795.567307
70000992702.153061
70000543742.726593
70000897928.093857
70000162269.389038
70000435743.174469
70000155094.733536
70000659691.807571
70000475463.124298
70000919867.573532
70000129950.284744
70000098657.102020
70000717312.453934
70000721198.549042
70000175159.911484
70000753789.815826
1.000000
70000682090.403488
70000228100.305267
70000912787.368423
70000802357.982300
70000754031.788651
70000881983.367783
70000810132.213806
70000619161.856171
70000506034.488632
70000640520.668793
70000932244.629852
70000969330.843384
70000306414.579376
70000087889.615463
70000637829.976334
70000672238.574982
70000309900.139786
1.000000
70000944030.037643
70000787082.301270
70000640357.767181
70000330833.715118
70000855735.010910
70000135039.750076
70000814783.426529
70000054481.975281
70000648157.815216
70000611113.156677
70000005067.138580
70000217224.901093
70000014655.448639
70000589315.523712
70000350871.075714
70000201031.496841
70000308287.038284
70000563701.019501
70000056825.378952
70000434695.254959
70000163420.789474
70000112140.554184
70000731794.563034
70000039862.787537
70000214189.105423
70000534717.664749
70000589651.600266
70000458763.168182
70000072651.416977
1.000000
70000228027.101212
70000441134.857498
70000443160.467392
70000262250.283020
70000169085.949814
70000656260.401749
70000256332.729355
70000808515.742126
70000890429.337357
70000388785.062759
70000382527.259018
70000921365.718582
70000828469.461975
70000155905.195526
70000362480.031952
70000222286.575104
70000771689.952515
70000321178.469040
1.000000
70000776458.566208
70000509061.264755
70000515514.651581
70000120461.605453
70000658239.040741
70000454347.770599
70000860452.795593
70000586265.421555
70000412930.150513
70000326780.168564
70000243629.705383
70000232389.165878
70000785208.903656
70000140126.419067
70000826897.796661
70000861393.282700
70000477941.470200
70000035130.358276
70000447661.968933
70000364435.539215
70000336723.879654
70000471192.646149
70000193212.680191
70000213552.697159
70000209079.934021
70000489529.308640
1.000000
70000025839.538300
70000426013.023392
1.000000
70000513435.207458
70000721035.744232
70000004275.153305
70000957581.888428
70000847012.835449
70000580546.042740
70000860264.437485
70000161607.734680
70000136319.353897
70000869516.487289
70000983873.803131
70000869515.369614
70000466001.082855
70000736569.185455
70000452068.873520
70000169830.329803
70000181202.825256
70000735015.195267
70000478264.144730
70000400160.447327
70000701024.693024
70000348564.642014
70000715316.104752
70000348743.658905
70000247091.847260
70000103817.163071
70000083357.816116
70000737253.114227
70000033903.553345
70000041018.682068
70000242738.840210
70000237762.823868
70000179171.928329
70000546722.075623
70000623440.235214
70000316518.856125
70000360508.003067
70000607857.955566
70000277052.304657
70000334119.076309
70000576135.735458
0.33
 0 0 0 0 0 0 0 0 0 0 0 0 0
