1 401
70000603376.067200
70000005655.659653
70000852068.779312
70000638725.308853
70000722284.043777
70000802388.404526
70000281473.114258
70000672502.507660
70000025153.197617
70000953376.791565
70000978259.213531
70000617041.085571
1.000000
70000296335.856735
70000322545.801712
70000730787.150131
70000742865.144943
70000263246.518539
70000311054.627304
70000640559.220352
1.000000
70000196469.985580
70000210714.036957
1.000000
70000537326.045731
70000594941.898758
70000350822.535248
70000748684.079987
70000576298.447723
70000175863.851257
70000557083.953903
70000321604.031036
70000636087.159515
70000406691.094742
1.000000
70000402793.054581
70000679964.890244
70000943726.244141
70000982263.449158
70000353130.429230
70000142436.570953
70000088585.337143
70000482886.549698
70000925064.853989
70000563701.369827
70000539411.825729
70000993484.208649
1.000000
70000902717.198654
70000009705.010284
70000881895.556793
70000063216.105331
70000125497.463364
70000739570.489044
70000389031.312424
70000054009.549118
70000467143.739182
70000611361.052246
70000846172.934723
70000556094.172684
70000178983.621887
70000527693.821793
70000045928.072052
70000987840.313736
70000639336.904861
70000683626.729874
70000065285.652695
70000427901.953506
70000057898.906326
70000379348.646332
70000155994.641495
70000558714.855499
70000000698.202316
70000506659.578705
70000460384.498215
70000205229.967392
70000768632.020798
70000005601.656387
70000818741.444000
70000648962.073425
70000957858.513168
70000750116.944489
70000441676.294922
70000854129.414612
70000447147.737976
70000847110.679993
70000383649.566788
70000637888.093765
70000619480.244507
70000143051.700256
70000659509.603485
70000651888.223068
70000454323.206619
70000012939.000824
70000181017.379425
70000647094.412766
70000159846.294128
70000616451.292953
70000084967.960449
70000443240.235397
70000978426.480728
70000364122.534256
70000138982.961487
70000856984.369186
70000581857.456833
70000359547.199066
1.000000
70000575249.385681
70000365219.600830
70000919622.717056
70000836303.495834
70000703970.731369
70000414950.485550
70000316635.223495
1.000000
70000167835.383270
1.000000
1.000000
1.000000
70000343103.997223
70000534317.395096
70000710490.852600
70000563789.662033
70000056528.578918
70000890396.514999
70000977688.324173
70000431748.933380
70000059477.936707
70000277856.593994
70000092411.246780
70000519741.576050
70000656411.252502
70000377357.206467
70000656597.689026
70000053382.802261
70000208803.917694
70000054813.396469
1.000000
70000248820.906082
70000302291.719727
70000979990.186447
70000519859.489700
70000670322.439865
1.000000
70000988051.591446
70000482836.617447
70000448200.508774
70000495067.745773
70000177029.528214
70000118318.102844
70000900671.918472
70000770340.485474
70000508119.467270
70000703719.345978
70000186019.351624
70000226191.133453
70000343014.410416
70000655697.016144
70000711206.200455
70000621450.937576
70000215089.499680
70000393619.075012
70000624059.819366
70000769079.156067
1.000000
70000581667.983643
70000744283.618591
70000201291.727051
70000957955.561615
70000027612.419754
70000847162.726898
70000021405.119293
70000084243.881699
70000081686.788620
70000796036.876846
70000321689.712891
70000158058.158218
70000810566.363647
70000791498.618134
70000084150.984299
70000912092.958740
70000162368.582489
70000877264.102356
70000652640.816376
70000487939.632416
70000758578.372147
70000400640.645889
1.000000
70000409157.397751
70000073339.448120
70000303037.044220
70000471881.736359
70000808366.478607
70000576010.230179
70000481881.746201
70000950647.057678
70000067281.854813
70000118534.218338
70000796745.337967
70000275580.735397
70000142473.888931
70000903865.361023
70000300719.262238
1.000000
70000368884.728683
70000687082.826843
70000223736.562500
70000820555.472687
70000135880.411880
70000654012.853256
70000060041.295090
70000521091.212982
70000016742.171082
70000987124.847870
70000769309.294769
70000765280.516785
70000816145.240280
70000065154.529648
70000507340.811188
70000831051.032669
70000863917.952042
70000443432.424042
70000374975.089081
70000080087.592514
70000085337.187439
70000532965.236328
70000463084.019012
70000530143.534866
70000667742.880127
70000653144.377518
70000111603.968735
70000306686.737701
70000480288.378891
70000968177.304657
70000129883.585068
70000708736.927689
70000992083.100677
70000623837.192703
70000547789.744385
70000727017.274094
70000667435.871918
70000168226.537613
70000660333.710831
70000620856.254059
70000447536.641220
70000823913.287933
70000036179.538147
70000882044.236267
70000339298.319016
70000236481.392685
70000635450.610413
70000370224.855225
1.000000
70000394755.143097
70000355760.149811
70000658651.867233
70000387249.071976
70000790954.918747
70000284421.558411
70000988788.183807
70000482952.543228
70000280652.931366
70000183572.906281
70000674612.403503
70000796131.746658
70000058480.437271
70000043406.317230
70000668692.712677
1.000000
1.000000
70000785421.215012
70000646032.470673
70000629749.628418
70000349902.854202
70000459983.075897
70000992183.169876
70000960251.621231
70000590245.262756
70000349373.508987
70000807283.129623
70000160014.038208
70000439697.695175
70000182500.204391
70000555952.795120
70000793555.217041
70000584466.148163
70000786501.091354
70000901350.861038
70000155467.826950
70000567719.195389
70000526636.670029
1.000000
70000024325.284790
70000258086.132263
70000997856.413971
70000391260.346100
70000355088.357635
70000276496.698624
70000141452.283524
70000717200.216797
70000260822.702667
70000770899.026184
70000542866.293411
70000169380.786484
70000374462.463196
70000388519.952682
70000610192.235870
1.000000
70000701930.163681
1.000000
70000142745.779327
70000382821.803528
70000956773.295441
70000296595.637558
70000890114.688553
70000957374.601837
70000685700.136566
70000478522.709579
70000181506.678955
70000357802.105423
70000821883.143539
70000941324.959686
70000668529.611420
70000090784.314774
70000912941.221542
70000955645.920609
70000687363.970123
70000207119.957321
70000797503.306412
70000376568.334564
70000273717.573105
70000917717.393570
70000754779.912811
70000213758.187012
70000769367.250961
70000693352.346878
70000742480.671677
70000630876.127319
70000559507.799255
70000032661.154602
70000304650.309662
70000697237.029144
1.000000
70000001009.693054
70000812212.835434
70000144965.497787
70000861990.355850
70000137362.785675
70000755817.786362
70000310845.444016
70000986701.093185
70000530911.579803
70000322393.097610
70000129189.273804
70000663210.682678
70000134349.902985
70000605910.248718
70000962018.869095
70000432143.385559
70000414005.624146
70000001130.865707
70000556923.478256
70000052145.731796
70000268903.225296
70000988913.691208
70000196598.172928
70000289254.992233
70000649744.307449
70000589198.957825
70000303089.014526
70000179993.065628
70000694497.977798
70000746258.488205
70000493943.476700
70000339224.394867
1.000000
70000141945.417297
70000440814.773880
70000618911.529053
70000635949.160782
70000185299.560822
70000281343.465607
70000471586.372208
1.000000
70000296239.045456
70000057125.150757
70000005480.643936
70000087609.490540
1.000000
70000516004.315399
70000124669.652222
70000470985.336731
70000276185.014664
70000558683.536804
70000708756.011017
70000231274.224869
1.000000
70000472046.667984
70000889838.544693
70000855782.372208
0.33
 0 0 0 0 0 0 0 0 0 0 0 0 0
