1 401
70000503678.357101
70000584879.985382
70000590260.502533
70000787552.655884
70000329385.690750
1.000000
70000807518.584579
70000681166.833542
70000487949.125427
70000326031.503235
70000229207.470932
70000037703.098709
70000234658.434586
1.000000
70000889524.683624
70000409142.514664
70000881940.111496
70000867063.352768
70000502789.794098
1.000000
70000029493.017288
70000956627.951141
70000110754.167679
70000874420.684601
70000261678.955750
70000138452.324005
70000209977.470245
70000978925.615921
70000486545.801208
70000591667.254227
70000041199.233795
70000244910.448578
70000484312.728973
70000130861.364685
70000459526.954697
70000843653.246490
70000903523.794342
70000169889.465164
70000481211.368622
1.000000
70000248605.619843
70000917925.676819
1.000000
70000005739.896255
70000934742.483292
70000313825.078613
70000703422.963287
70000905140.453949
70000730228.238388
70000166943.515488
70000907699.653229
70000263163.854996
1.000000
70000670944.531967
70000259014.314194
70000521448.747940
70000621507.220749
70000318532.116333
70000425396.727921
70000390639.980820
1.000000
70000349633.776642
70000479797.790222
70000514714.151154
70000100171.345383
70000907610.214706
70000729655.287704
70000723630.641434
70000997455.978470
70000735613.479370
70000501965.016937
70000629224.940872
70000281363.956802
70000305908.511139
70000578334.616547
70000751073.098373
70000224271.034119
70000639913.788284
70000976912.731400
1.000000
70000918252.253067
70000458933.080856
70000887059.996841
70000993920.138809
70000629529.776001
70000991423.048996
1.000000
70000047863.017563
70000440823.949631
70000459781.026871
70000267461.201996
70000144550.027145
70000365082.080154
70000572973.302521
70000142497.890442
70000105150.883163
70000287829.078171
70000369582.444382
1.000000
70000709910.722458
70000657089.521378
70000467361.139160
70000856275.122253
1.000000
70000365589.115570
70000104347.088791
70000891141.786850
70000334751.578964
70000948553.876816
70000376073.714813
1.000000
70000118908.592804
70000275370.206665
70000172484.551102
70000333621.866592
70000258141.186920
70000363260.834991
70000164002.042664
70000377217.803940
70000037626.272186
70000557717.137741
70000434844.194794
70000761823.896606
70000547172.407455
70000632271.304611
70000170267.266083
70000542145.014969
70000163323.870789
70000814609.088242
70000732536.865158
70000663298.694656
70000450141.401566
70000604044.164932
70000633211.420074
70000692142.194061
70000546629.925232
70000366033.913116
70000092905.659500
70000442199.146515
70000239804.993713
70000819508.806793
70000607619.257629
70000155833.247971
70000237091.976364
70000402137.995667
70000656277.865784
70000000938.513763
1.000000
70000431976.105087
70000087634.748779
70000386501.266815
70000892136.831055
70000273796.634949
70000380951.398270
70000899223.035400
70000898650.708832
70000950140.963562
70000603913.819046
70000384276.047455
1.000000
70000542853.283508
70000953861.181778
70000430767.554550
70000312009.978516
70000657444.637299
70000287636.806335
70000127828.980881
70000917383.217606
70000927453.493912
70000149950.584991
70000849509.982407
70000851800.352005
70000249444.719696
70000206077.480133
70000615651.607498
70000846085.580750
70000046803.127472
70000424150.437363
70000689422.085251
70000703897.901352
70000609547.789215
70000601886.682404
70000973087.029816
70000551296.184189
70000480700.398911
70000796870.639313
70000331109.129135
70000310362.073257
70000689457.629318
70000521230.894058
70000070820.897141
70000762173.545578
70000099262.317535
70000314745.196869
70000392479.094910
70000594220.606186
70000174516.458740
70000059212.896896
1.000000
70000379879.147369
70000846049.939789
70000076975.825531
70000114601.070068
70000726842.652237
70000722813.420898
70000539477.141098
70000515949.414749
70000426634.076965
70000551268.904404
70000132715.205292
70000204175.928635
70000039229.985184
70000442346.966415
70000885588.143692
70000450833.824875
70000956085.833939
70000695726.624771
70000609868.782043
70000816889.214584
70000236750.650818
70000882208.565521
70000535070.552917
70000217500.477798
70000221128.698135
70000703074.974609
70000988279.591980
70000185345.767380
70000708467.891830
1.000000
70000044084.198700
70000308541.837601
70000218513.528885
70000808719.725922
70000197939.402802
70000720756.255371
70000961506.736557
70000180895.505829
70000426117.299042
70000960432.690155
70000231261.265533
70000943707.686188
70000496544.796494
70000907140.877563
70000908649.551819
70000746841.797501
70000553082.324036
70000918270.817200
70000176442.314743
70000233149.808365
70000671497.883911
70000345793.238190
70000376693.270966
70000623804.500458
1.000000
70000590691.254532
70000046276.048370
70000444498.503372
70000806368.822052
70000820743.673004
70000209000.928238
70000278769.954865
70000118199.375305
70000020919.054245
70000858941.953827
70000882342.357559
70000776431.754669
70000363869.940582
70000322859.777527
70000285375.018921
70000601158.182114
70000449500.239304
70000070692.176453
70000918846.997025
70000705146.952560
70000098248.109161
70000653177.844345
70000499461.852066
70000807966.683350
70000852908.775009
70000707819.945633
70000208972.494919
70000624575.961365
70000278400.826706
70000687294.815308
70000303357.774109
70000615166.616302
70000638846.791580
70000156101.141052
70000338030.713959
70000567375.168915
70000743721.263565
70000054431.842636
1.000000
70000862710.987198
70000626470.102875
70000185491.292740
70000200690.991135
70000724039.944260
70000620888.507187
70000727287.269638
70000366690.636337
70000315317.341263
70000325743.328812
70000996917.218460
70000159220.036255
70000693314.811127
70000447335.084579
70000204987.681198
70000570058.299820
70000699166.154724
70000969276.122940
70000289838.789261
70000703636.283234
70000710293.839066
70000349962.671600
70000884638.377563
70000364602.965973
70000945969.470428
70000230414.163757
70000084255.868530
70000561799.704819
70000967292.379333
70000072785.976013
70000860537.146683
70000439447.872345
1.000000
70000154826.308395
70000432493.454224
70000743669.076889
70000806384.273148
70000381400.584885
70000116468.510132
70000214636.003647
70000160604.620972
70000384240.166550
70000133363.643646
70000106427.539566
1.000000
1.000000
1.000000
70000488197.360443
70000772374.044388
70000080261.730911
70000402464.606293
70000052635.641495
70000876151.213287
70000664573.147034
70000898585.202271
70000131037.406693
70000599686.247345
70000400242.232651
70000493905.407120
70000578136.860306
70000019305.090042
70000367691.919403
1.000000
70000483214.681168
70000714061.357681
70000168102.029633
70000364310.323563
70000152033.428375
70000192380.503265
70000135712.376358
70000371868.223297
70000377470.853683
70000104571.360672
70000594514.579773
1.000000
70000033192.710754
70000984870.355743
70000870439.440674
70000088592.417130
70000592972.429642
70000894453.182114
70000111268.343628
70000235201.335556
70000781310.305588
70000425540.886368
70000798487.048416
70000963062.162704
70000330573.860703
70000402228.939423
70000314961.690521
70000631852.640198
1.000000
70000480741.768036
70000567629.680664
70000146753.452820
70000728813.546295
70000921933.086533
70000506928.718887
70000805235.438370
70000703804.106094
70000022951.672974
1.000000
70000178303.390045
70000333310.422745
1.000000
70000420328.777115
70000679799.627808
0.33
 0 0 0 0 0 0 0 0 0 0 0 0 0
