1 401
70000296521.257217
70000094327.796326
70000784577.937073
70000393251.997025
70000815554.266235
70000216018.076599
70000029883.481552
70000331991.847504
70000057413.508728
70000913455.274521
70000634854.963593
70000981406.323761
70000744885.952072
70000931396.543808
70000882930.928360
70000248861.813736
70000610390.393372
70000180405.686844
70000867566.617966
70000089239.335358
70000668353.124405
70000706445.894867
70000470022.788834
70000805281.818359
70000131370.337982
70000394039.246048
70000513685.572754
70000158893.281326
70000222959.721313
70000472604.681381
70000588411.475372
70000141246.406876
70000750483.741074
70000746874.013947
70000039021.369217
70000207328.503967
70000294093.078033
70000467994.762939
70000093616.306854
70000055088.097031
70000833779.610046
70000381191.301880
70000210936.315308
70000308873.902451
70000903021.475433
70000430305.481232
70000298455.144241
70000638699.444458
70000672814.488953
70000442362.310577
70000484877.887985
70000481911.920578
70000755925.350433
70000227763.708038
70000770996.575745
70000282178.886826
70000996764.773636
70000166539.778473
70000372471.981674
70000697013.891724
70000465820.751419
70000850328.621033
70000283308.271957
70000233720.515045
70000284463.061172
70000362245.911621
70000318620.449448
70000620623.733719
70000257936.516663
70000626585.378494
1.000000
70000050162.998123
70000320076.175644
70000789144.678543
70000344406.971008
70000138317.716507
70000359966.193893
70000427853.896210
70000727300.489761
70000600110.854630
70000692834.372208
1.000000
70000674470.412979
70000143110.424805
70000042601.499481
70000767979.502075
70000196548.240234
70000992241.734116
70000396865.572449
70000190706.249069
70000158119.521805
70000771779.697311
70000575110.062744
70000286893.377884
70000327335.692017
70000448048.510361
70000604667.994659
70000689904.655716
70000156494.789520
70000972446.063354
70000623338.769531
70000922356.534119
70000752020.662186
70000805524.583694
70000896621.641663
1.000000
70000518941.110611
70000761916.648697
70000967727.983475
70000695062.110016
70000938382.967209
70000288229.022476
70000407057.445190
70000064069.976913
70000972497.290741
70000671305.843323
70000768714.184265
70000883769.086807
70000160847.675323
70000432245.900009
1.000000
70000034829.613678
70000331518.936462
70000392166.432831
70000244869.131714
1.000000
70000167830.466354
70000303977.641785
70000397984.293655
70000845231.709167
1.000000
70000716137.125275
70000871915.359894
70000559444.841492
70000816861.671432
70000853378.582092
70000826452.071182
70000383602.323486
70000814985.581223
70000946175.832199
70000389028.194733
70000057870.306427
70000708891.974487
70000846142.189163
70000689098.852737
70000863401.987564
70000614895.277618
70000071663.829941
70000054354.163132
70000687939.282379
70000557730.689484
70000328029.903168
70000680068.153351
70000730296.450897
70000342165.513245
70000636439.387787
70000812254.969864
70000157616.138321
70000159997.121384
70000127415.898666
70000653140.832535
70000292387.378799
70000800880.203506
70000065255.644623
70000321233.480804
70000702848.452530
70000523951.475601
70000044289.068726
70000394938.591644
1.000000
70000541678.276962
70000001127.844910
70000106612.730087
70000626368.522079
70000971870.467819
70000566699.436310
70000661177.850952
70000165430.779404
70000825748.378876
70000710609.535172
70000380118.755646
70000161610.900742
70000543963.324814
70000354337.122131
70000348322.884033
70000048020.095840
70000163469.345993
70000575496.102692
70000288675.198441
70000020776.973145
70000059509.336334
70000549572.735458
70000558887.001450
70000677666.813904
70000403440.778625
70000234564.262543
1.000000
70000233587.350616
70000322854.877106
70000402422.737686
70000163437.041306
70000565266.551514
70000873170.232605
70000045926.863373
70000691447.854340
70000549638.293167
70000671428.573227
70000177085.432724
70000945584.457596
70000194375.345947
1.000000
70000949514.219345
70000033328.793152
70000092454.828873
70000924492.981445
70000828778.903656
70000282870.324203
70000384080.795822
70000294381.669342
70000855887.506653
1.000000
70000095715.662720
70000105079.774078
70000575449.919327
70000466109.379562
70000281894.598221
70000756357.356583
70000147829.667862
70000406529.397232
70000725866.576233
70000627317.324844
70000690358.794815
70000883969.909195
70000733661.877441
1.000000
70000152796.026245
1.000000
70000333314.595520
70000436048.576843
70000530169.744949
70000937615.174835
70000865914.945450
70000694104.232025
70000709866.301453
70000429672.265823
70000804216.334763
70000886804.266479
70000351394.023895
70000626478.878006
70000738909.708389
70000989235.935623
70000089085.105133
70000638215.361847
70000679005.323517
70000669012.497818
70000015157.402130
70000327368.964584
70000503489.817825
70000432708.292664
70000851945.574341
70000631899.522705
70000907371.286224
1.000000
70000823509.618576
70000225357.686035
70000072679.901505
70000609558.375717
70000334821.063583
70000869493.424454
70000721896.406387
70000836283.740707
70000142538.554230
70000131768.440445
70000535597.974976
70000406237.935760
70000676139.673218
70000626393.191742
70000485316.634232
70000994033.681076
70000090465.722961
70000455830.964340
70000539310.817642
70000343483.907578
70000552643.510300
70000474223.599716
1.000000
70000110771.165070
1.000000
70000558449.314774
70000776229.349228
70000338236.964005
70000706874.782852
70000881451.542435
70000830682.537262
70000402467.572678
70000505596.607681
70000090155.251190
70000558249.874603
70000718771.620010
70000042184.943466
70000765845.371460
70000963626.195297
70000930234.852676
70000663807.672592
70000345694.045273
70000978013.858902
70000045421.466248
70000452665.466629
70000343652.558319
1.000000
70000860678.774658
70000181969.889984
70000392400.890549
70000453604.632050
70000888014.759659
70000885119.753784
70000504326.458252
70000982504.435852
70000360676.057068
70000038900.437103
70000350239.390930
70000790743.535782
70000249524.062607
70000783367.578064
70000299579.739227
1.000000
70000117286.194839
70000924246.210175
1.000000
70000140909.566681
70000164238.381210
70000838895.172516
70000009413.267532
70000787253.171265
70000533381.372711
70000703673.163071
70000935572.082474
70000815199.652542
1.000000
70000041589.884933
1.000000
70000202604.237228
1.000000
70000443988.742294
70000574520.194702
70000431812.822250
70000092577.680557
70000277168.173401
70000250058.430542
70000105042.776184
70000598460.525909
70000691789.624054
70000191760.888687
1.000000
70000797318.983307
70000476410.372986
1.000000
70000034147.709290
70000880803.635071
70000540780.033066
70000770710.016617
70000181622.555435
1.000000
1.000000
70000743061.856140
70000749053.654816
70000860587.570251
70000854979.271225
70000772199.479324
70000318780.609222
70000666891.830048
70000268813.713104
70000865253.196091
70000693400.611404
70000133417.688751
70000106491.338943
70000524742.040314
70000785983.753510
70000950099.283417
1.000000
70000633349.813538
70000142629.837936
70000868494.648544
70000055966.114426
70000397668.169159
70000801284.702942
70000643332.259750
70000118203.535339
70000622207.319183
1.000000
70000354997.277573
70000405202.528824
70000710551.081970
70000418906.470459
1.000000
70000229208.045837
70000675705.810501
70000377927.092575
1.000000
70000815965.238541
0.33
 0 0 0 0 0 0 0 0 0 0 0 0 0
