1 401
70000464405.098557
70000912420.029831
70000629676.555206
70000248888.254227
1.000000
70000267259.754517
70000246667.511169
70000858945.539337
70000735925.215897
70000450654.808334
70000104817.945755
70000929181.744431
70000148401.236969
70000139910.140060
70000204324.245667
70000249314.037140
70000417599.675934
70000880499.624954
70000534328.390671
70000426881.116440
70000777369.221497
70000067653.194138
70000196899.297791
70000282522.067245
70000616326.610962
70000008127.125473
70000420588.058350
70000074671.978653
70000165253.978012
70000181441.973587
70000786988.962570
70000826229.061447
70000034327.489365
1.000000
70000446142.099594
70000230343.203003
70000363045.581741
70000394551.012756
70000538371.106018
70000373174.201874
70000340491.185822
70000623022.622864
70000524946.326340
70000360546.243774
70000800463.376114
70000221130.531311
70000474026.936722
70000207137.317764
70000465265.709610
70000060686.424545
70000540109.383575
70000281342.775269
70000141355.325867
70000556751.390839
70000895835.690384
70000903495.206284
70000693856.094406
70000546712.189514
70000337995.421555
70000027373.386948
70000257183.862289
70000140098.117035
70000979443.566925
70000990136.308640
70000169617.603119
70000780544.360428
70000951221.830078
70000543893.661880
70000793018.153793
1.000000
70000740597.202362
70000959790.128403
70000386767.154282
70000626564.286911
70000002724.718735
70000885434.260071
70000257488.527740
1.000000
70000554724.132675
70000814120.668350
70000790321.189102
70000509866.023209
1.000000
70000626052.436401
70000585569.708893
70000884068.345428
70000491984.926819
70000819624.019287
70000447599.147873
70000983424.958176
70000200364.454437
70000723049.361786
70000385928.645844
70000509762.570312
70000280629.860779
70000751512.263824
70000636998.032761
70000641194.485123
70000174744.912903
70000226842.903458
70000597567.410583
70000670697.874405
70000740080.740997
70000576129.762787
1.000000
70000417530.842041
70000893633.401596
70000835948.173950
70000632781.540375
1.000000
70000570597.969467
70000281110.839569
70000785771.786377
70000360356.414841
70000028627.854279
70000606780.932648
70000410452.649429
70000781202.018082
70000239955.846390
70000318842.301300
70000893501.332596
70000896279.898895
70000887452.687637
70000609621.943756
70000164347.043335
70000182678.107895
70000745602.886642
70000523834.833817
70000430218.395248
70000864890.555191
1.000000
70000481603.481247
70000928324.310669
70000250494.046005
70000374921.830704
70000776363.424988
70000511050.398117
70000087359.006775
70000818352.044952
70000160511.613953
70000854206.271744
70000159561.699936
70000081388.036743
70000413920.735855
70000837168.288467
70000274554.836349
70000223869.461838
70000210077.264694
70000479853.037674
1.000000
1.000000
70000995525.473923
70000179798.678909
70000239493.833969
70000330876.897385
70000744428.449493
70000687674.093552
70000624231.472610
70000633168.369949
70000413331.135178
70000846829.712204
70000527084.289886
70000832847.037109
70000884440.676407
70000327427.895325
70000805026.251099
70000336035.554413
70000850692.705032
70000199390.097839
1.000000
70000358750.969727
70000854449.221802
70000708441.667755
70000686532.017578
70000033550.032074
70000344291.646622
1.000000
70000252392.627731
70000978260.115524
70000290872.933044
70000284849.854126
70000412532.111816
70000264677.943298
70000952513.516266
70000072171.541290
70000182724.263763
70000079202.096558
70000652819.846283
1.000000
70000384733.662323
70000500824.412415
70000727684.215866
1.000000
70000931941.186401
70000915120.285492
70000265976.757812
70000931694.927505
1.000000
70000760740.165802
70000821154.476868
70000857478.745590
70000857868.171066
1.000000
70000837413.255066
70000459201.804337
70000047721.698410
70000927712.478058
70000340301.405182
70000444693.090530
70000861033.675095
70000716668.272507
70000459316.735062
70000788298.586853
70000959309.315796
70000671833.645935
70000876254.929718
70000165932.088989
70000223376.226440
70000229446.024704
70000890075.233398
70000867012.768875
70000518568.446396
70000101693.534546
70000864947.952377
70000366303.952133
70000779408.031662
70000255842.712601
70000682487.076691
70000755977.685211
70000434812.748825
70000589974.435333
70000251952.164185
70000232597.222168
70000528532.960510
70000588244.698044
70000951442.132904
70000044176.645096
70000194661.285034
70000292408.092224
70000068256.907669
70000667812.340179
70000964210.968140
70000931311.300293
70000109585.786499
70000502477.035767
70000341034.382446
70000871981.759766
70000228205.757767
70000513867.931396
70000214095.469040
70000357641.436646
70000114195.127090
70000422195.294205
70000867575.017899
70000364096.141983
70000838610.993317
70000578293.351746
70000244782.607346
70000007688.615372
70000240161.707291
70000174645.817307
70000655466.880798
1.000000
70000093856.759445
70000490531.994003
70000113599.351303
70000418980.164627
70000772818.260910
70000832454.428558
70000264614.456573
70000032722.055435
70000907094.674255
70000717858.677521
70000524555.074112
70000784951.395889
70000086614.022766
70000427486.535217
70000313674.729568
70000615139.402069
70000570530.037628
70000267074.352219
70000687527.854584
1.000000
70000009717.330505
70000542820.149429
70000277713.254990
70000869320.894211
70000933171.014008
70000263114.178009
70000288598.096619
70000382345.884811
70000746162.442215
70000052235.923431
70000639404.297699
70000802810.648514
70000756070.631454
70000071818.450363
70000648378.404572
70000463778.614365
70000780122.987518
70000129791.203125
70000052249.243408
70000751630.385162
70000599340.717102
70000158739.155746
70000004737.179153
70000642966.500076
70000705432.055313
70000888980.472809
70000594391.447540
70000365749.163116
70000083037.250458
70000657560.353851
70000487262.689377
70000075218.213364
70000981854.567169
70000689717.789001
70000564990.437149
70000016654.330017
70000611988.002228
70000579421.844452
70000991479.404312
70000023351.830048
70000655471.087097
70000081010.831985
70000822196.365509
70000220401.933884
70000942287.963196
70000998142.372208
70000703898.814285
70000907062.356277
70000194419.430237
70000491346.564423
1.000000
70000131110.723465
70000855477.508408
70000004600.806961
70000192045.109879
70000792142.695740
70000603533.263184
70000823323.619522
70000601730.522018
70000635711.960861
70000401243.343750
70000751177.411469
70000951544.249878
70000004253.191681
70000808272.530945
70000184759.731903
70000597446.868896
70000174409.609665
70000980626.469376
70000096547.102646
70000741609.844528
1.000000
70000489791.686630
70000192454.247391
70000594176.229019
70000046729.856689
70000215775.949768
70000643929.726379
70000885306.311493
70000767719.296585
70000979872.877579
70000045457.972000
70000927612.941238
70000303492.262360
70000324368.754166
70000374444.645203
70000372050.025314
70000127348.206711
70000921391.416809
70000192136.489212
70000641727.504730
70000365081.506073
70000510525.752258
70000546754.512146
70000509818.816605
70000848925.148331
70000628013.724792
70000874712.268356
70000229605.575150
70000177467.893814
70000075259.124176
70000490687.571991
70000829843.113815
70000433468.205780
70000747350.260223
70000377824.594849
70000503451.186172
70000993681.768768
70000904978.103729
70000347163.965759
70000840694.792618
70000462203.955353
70000214318.897934
70000568767.921143
70000453322.927765
70000873761.730133
70000757924.127747
0.33
 0 0 0 0 0 0 0 0 0 0 0 0 0
