1 401
70000933073.199585
70000918878.030762
70000679206.032181
70000389655.148743
70000074620.689636
70000624817.123566
70000261207.165817
70000651689.630157
70000039705.048981
70000648212.408295
70000845355.688217
70000522593.148987
70000810055.157578
70000731919.943130
70000313159.281570
70000550663.776413
70000767486.689133
70000533796.493439
70000271153.613846
70000519364.469620
70000397275.900436
70000770002.604843
70000523800.667313
70000731806.543106
70000661039.298798
70000407616.651123
70000404146.189270
70000891263.805191
70000224832.115463
70000081497.309708
70000486206.609055
70000369949.058594
70000785333.304993
70000681264.058823
70000193619.864120
70000663547.816299
70000761203.678757
70000135932.700714
70000118596.442368
70000626895.021072
70000317516.764801
70000541427.543411
70000049795.902832
70000505493.656235
70000433787.896759
70000453231.404556
70000217970.543427
70000986278.748703
70000072582.157288
1.000000
70000532834.422165
70000653774.156143
70000025508.099121
70000247461.676987
70000062229.525711
70000135554.002670
70000414609.831406
70000993473.317200
70000029215.805145
70000944473.403320
70000593076.027695
70000315592.547714
70000724044.969788
70000092314.973068
70000532793.758713
70000335157.858292
70000322141.185532
1.000000
70000389608.172668
70000441282.638016
70000646721.279572
70000561166.232193
1.000000
70000305647.361389
70000949012.899872
70000697371.782043
70000700733.203995
70000396694.633118
70000270175.630722
70000877987.589127
1.000000
1.000000
70000191056.839050
70000196399.616470
70000464551.119812
1.000000
70000734952.159637
70000215862.184875
70000729456.294388
70000870392.430222
70000494640.731323
70000568378.664688
70000662245.243607
70000626931.820633
70000235301.130356
70000965892.196640
70000376568.436340
70000591182.280533
70000091123.109970
70000124323.600983
70000062186.386292
70000199984.840729
70000606612.636688
70000213537.909836
70000123783.909912
70000205917.196976
70000745391.837265
70000169139.730255
70000149659.257401
70000235326.409698
70000488515.590286
70000138694.186096
70000551239.002747
1.000000
70000305178.467468
70000191632.272980
70000130971.695358
70000070093.377457
70000291978.126190
70000741468.537445
70000943210.886353
70000864123.488022
70000037022.382904
70000087875.327057
70000881757.827637
70000929158.756729
70000223657.173080
70000508850.897186
70000089220.571472
70000459950.874893
1.000000
70000229286.064896
70000801527.479294
70000990164.070587
70000633509.150803
70000095269.749268
70000309128.577988
70000113704.788055
70000302156.833267
70000915108.485291
70000632470.984039
70000811469.719208
70000005925.091110
70000558340.529266
70000857257.016693
1.000000
70000675808.931503
70000685096.138931
1.000000
70000906355.769836
70000398121.419189
1.000000
70000890211.525955
70000446636.693222
70000726614.882965
70000405659.656250
70000660725.262451
70000638443.087433
1.000000
70000854703.150330
70000709181.896439
70000459681.046692
70000076025.725220
70000536478.251343
70000008177.542999
70000278214.382812
70000826982.567215
70000055325.230255
70000134775.468857
70000844006.542526
70000908213.635651
70000141161.097107
70000086790.617203
70000430940.816650
70000793074.957443
70000532971.698502
70000863250.108459
70000022060.772324
70000222106.751663
70000417625.586670
70000072249.740509
70000839027.543823
70000460032.763016
70000281298.908875
70000705801.532104
70000980276.752899
70000881391.336197
70000867785.039124
70000642072.888809
70000424592.464905
70000723517.281754
70000365812.338684
70000780278.213974
70000537365.769302
70000494685.137115
70000049613.641785
70000142969.429520
70000020030.146210
70000578487.883469
70000739293.059845
70000494973.586395
70000342156.044846
1.000000
70000558203.839157
70000399255.941711
70000812869.506470
70000520641.981949
70000579464.072784
70000101468.568130
70000066509.938568
70000163529.187119
70000326262.208298
70000886871.663208
70000350898.321518
70000229149.317215
70000984555.509262
70000201510.798935
1.000000
70000250989.619492
70000792722.247177
70000167859.443710
70000175168.216736
70000893949.377563
70000833009.834625
70000784565.153381
70000553563.108719
70000460152.757629
70000231964.161041
70000540238.771637
70000132952.161896
70000520456.029114
70000798085.579346
70000563657.760178
70000903238.888184
70000591499.305634
70000532177.542664
70000512623.852554
70000002751.908310
70000698095.117462
70000169238.271606
70000212759.536621
1.000000
70000382319.500488
70000026824.338318
70000589980.711105
70000888470.352829
70000988268.468567
70000325369.756653
70000727011.876343
70000001398.044891
70000242049.050217
70000685347.273544
70000167207.045837
70000375939.856888
70000993179.308945
70000674118.291138
70000151456.505569
70000047929.813248
70000040683.558960
70000325437.835220
70000379853.257233
70000260296.436310
70000094423.046753
70000431978.971985
70000405638.393265
70000370499.924271
70000937109.444183
70000594298.435760
70000446765.900803
70000254026.409546
70000256484.514328
70000546080.975204
70000402250.677536
70000021368.568726
70000699934.062485
70000350497.190445
70000390023.252502
70000323079.907730
70000922297.253632
70000907339.961014
70000126487.107239
70000029400.419266
70000551763.136963
70000108001.403259
70000493096.336227
70000549390.278900
70000712578.925507
70000466347.025238
70000850159.283463
70000390970.521027
70000462859.903915
70000485178.549774
70000182184.149292
70000237826.654831
70000078094.119186
70000291295.090622
70000747700.624130
70000865824.241776
70000414478.769775
70000100776.533844
70000168312.539703
70000864347.807159
70000233398.129517
70000290448.936844
70000860469.090149
70000259664.882660
70000746803.630219
70000648924.882797
70000910106.636765
70000525158.341187
70000731916.441879
70000617330.597672
70000197861.397705
70000350155.767487
70000651307.291138
70000971045.988632
70000470404.722534
70000722513.552856
70000204182.307541
70000394171.418030
70000685896.932617
70000727861.382248
1.000000
70000648609.463516
70000346571.165588
70000547071.459579
70000237657.669327
70000341452.931137
70000192608.056168
70000952905.337067
70000675416.384689
70000558362.986664
1.000000
70000801015.489563
70000151392.907196
70000153060.903992
70000629316.310471
70000948378.590256
70000463721.309387
70000136228.628342
70000139475.974991
70000489460.582458
70000462944.252655
70000189286.426376
70000731206.938034
70000415628.688690
70000360607.285553
70000285628.610504
70000780380.333206
70000561874.208954
70000676722.996796
70000955359.387924
1.000000
70000484815.971024
70000355109.887909
70000872789.755554
70000381691.138351
70000034917.664536
70000451276.295013
70000409882.005356
70000504274.182877
70000441061.231796
70000516615.135498
70000590354.840408
70000961168.268097
70000134235.940308
70000548200.552979
70000484741.768814
70000944364.740646
70000887052.957184
70000235568.931946
70000544216.211136
70000211920.635086
70000297899.752548
70000488904.534454
70000977384.164688
70000977160.654007
70000775052.507156
70000757606.851959
70000769144.150452
70000357867.856888
70000808819.421188
70000885314.432358
70000477251.742828
70000464135.216599
70000782266.442612
70000387768.804916
1.000000
70000691267.644104
70000170943.154160
1.000000
1.000000
70000319606.840942
70000152582.424347
70000328258.366882
70000422815.911865
70000887810.471710
70000607662.521500
70000683307.970764
1.000000
0.33
 0 0 0 0 0 0 0 0 0 0 0 0 0
