1 401
70000617020.876266
70000928639.676468
70000243607.441162
70000561786.011337
70000058455.901047
70000797430.698914
70000759007.895889
70000724040.183014
70000245389.958344
70000919997.693604
70000248754.324738
70000190732.912384
70000035296.290436
70000343240.510071
70000741413.589523
70000241516.546677
70000055149.054108
70000578899.488113
70000976687.609131
70000950158.326660
70000781261.508865
70000053284.460052
70000945247.110870
70000144504.149979
70000308494.575043
70000071702.699417
70000253964.195129
70000176811.727844
70000729215.197845
70000647360.681015
70000185809.531326
70000201207.649246
70000010472.792236
70000224687.328354
70000627072.135437
70000363545.011993
70000969831.658310
70000027310.760986
70000557461.066528
70000969710.916031
1.000000
1.000000
70000098691.680344
70000036339.907318
70000146009.292526
70000522086.596603
70000975360.898361
70000494246.561417
70000735773.390244
70000899714.546738
70000723066.802307
70000044307.440689
70000761264.446304
70000367050.332397
70000284602.238632
70000800095.964218
70000209395.842499
70000971607.419098
70000555492.701172
70000046945.368469
70000127559.660843
70000234179.380402
70000440640.902908
70000014358.160706
70000848534.745651
70000880296.731384
70000330506.496002
70000853219.157715
70000734458.649780
70000711492.963043
1.000000
70000743925.145920
1.000000
70000230572.735138
1.000000
70000759639.406357
70000407753.607834
70000971846.082474
70000725944.438095
70000934241.610718
70000430009.817413
70000844232.394836
70000498217.890320
70000651452.620560
1.000000
1.000000
70000154018.886703
70000550707.182907
70000813333.017197
70000907993.165985
70000082443.049835
70000174923.927063
70000345127.800644
70000943597.262756
70000335019.378098
70000556353.960281
70000554173.771622
70000414435.060043
70000058567.095093
70000192400.745117
70000469851.271515
1.000000
70000724920.351669
70000412293.649323
70000357934.862030
70000262989.147766
70000878992.286133
1.000000
70000195344.543655
70000140133.434769
70000841970.170639
70000065966.443130
70000413186.945282
70000398024.166992
70000998335.616425
70000995011.228516
70000906882.957611
70000683217.975250
70000769464.454636
70000256180.407379
70000625202.406677
70000424637.159439
70000203585.297714
70000570887.538803
70000487297.989838
70000625180.820633
70000264747.493408
70000324180.406982
1.000000
70000274189.573746
70000217411.982910
70000597823.375244
70000584198.244904
1.000000
70000223337.587997
70000201122.121918
70000461241.387863
70000298252.763474
70000940411.012436
70000505176.721115
70000136105.902161
70000600495.475281
70000438160.325348
70000983515.306152
70000883429.843140
70000089162.931519
70000195830.332642
70000367667.959335
70000625710.711960
70000895425.212799
70000043340.534210
70000594427.859299
70000349399.137268
70000572218.549957
70000923142.963562
70000275054.870300
70000093664.891357
70000207973.474075
70000697477.595490
70000818148.666306
70000764064.523605
70000136854.325394
70000589862.286880
70000243917.929810
70000292205.531677
70000111694.320374
70000890650.274368
70000989082.210480
70000600148.375015
70000248937.115982
70000548688.123077
70000332419.844543
70000925681.715714
70000266591.181778
70000146431.956467
70000431349.580124
1.000000
70000272904.695679
70000342902.773804
70000411263.911362
70000488805.305481
70000386204.188354
70000609266.733963
70000805880.750107
70000204598.642700
70000543083.527603
70000767674.308868
70000771315.303696
70000194080.983337
70000287960.027435
70000739527.824554
70000737985.037033
70000075489.834183
70000215848.712692
70000921714.694321
70000783672.276535
70000634375.630432
70000283677.171844
70000548033.833008
70000491826.408371
70000026644.518539
70000830606.759247
70000596325.099350
70000318123.694962
70000625042.460464
70000944227.043320
70000094054.021744
70000442785.942017
70000038416.996536
70000554765.208359
70000946498.965118
70000023080.357117
70000681000.166809
70000674947.185104
70000817536.162048
70000882637.193497
70000822130.998245
70000598089.611511
70000556852.135925
70000659000.863449
70000702825.900299
70000920479.722198
1.000000
70000617166.934830
70000699949.139801
70000645818.756119
1.000000
70000398207.728943
70000453466.560638
70000908047.004105
70000450701.685928
70000802048.499649
70000171783.523163
70000655381.182648
70000591624.627945
70000273352.338928
70000067202.185638
70000646750.854614
1.000000
70000235596.767822
70000110550.741119
70000678708.466461
70000873717.201614
70000613275.084045
70000922588.005463
70000969581.915802
1.000000
70000471991.849426
1.000000
70000522838.796509
70000115761.726929
70000495786.709412
70000947085.016602
70000468782.324600
70000097266.255554
1.000000
70000795856.150131
70000766032.684525
70000236912.468994
70000906985.381241
70000607041.861435
70000206274.019119
70000971308.837585
70000861602.733246
70000597969.939957
70000566887.712723
70000575474.530029
70000400386.977554
70000939663.126450
70000361488.843582
70000423586.039078
70000343548.269592
70000005256.244980
70000008394.543030
70000772027.594086
70000330106.675049
70000542407.449036
70000906759.015610
70000818905.269836
70000976639.568054
70000525566.242584
70000681219.585190
70000341723.648300
70000856153.495743
70000877175.816345
70000987228.609970
70000075419.279358
70000575053.422867
70000164867.864059
70000886169.349472
70000926212.436295
70000088816.603897
70000466472.068420
70000911791.082016
70000390252.983093
70000258022.555679
70000567189.164597
70000677884.129898
70000808410.335938
70000721839.191025
70000135909.326920
70000598207.222275
70000531631.964035
1.000000
70000165232.050888
70000584027.272278
70000824673.059967
70000021896.180740
70000072168.772781
70000831190.881775
70000222613.754196
70000095302.178680
70000640640.483932
70000884002.538956
70000592096.152985
70000776897.892807
70000996423.694214
70000496882.606567
70000054707.705124
70000940621.425873
70000654801.214417
70000904772.744583
70000114836.651794
70000836545.753464
70000009513.895905
70000845947.534317
70000392835.973969
70000362588.736084
70000624901.558670
70000362512.706985
70000032086.941238
70000727712.812454
70000831274.903259
70000325366.720901
70000577718.339371
70000758990.675751
70000398152.559052
70000370220.867477
70000354937.798401
70000843257.442612
70000290476.376648
70000284436.158752
1.000000
70000887322.541534
70000036783.219177
70000521128.752747
70000866285.238907
70000996982.961548
70000304478.281097
70000391490.152679
70000684545.249557
70000101845.991196
70000973240.234131
70000169728.514450
70000481355.650177
70000210056.012085
70000309795.056915
70000313648.879181
1.000000
70000324481.444046
70000636300.368240
70000957306.864502
70000047657.733368
70000117233.892929
70000415250.321869
70000536093.893082
70000427174.508514
70000324517.664291
70000095707.010864
70000977568.011688
70000428088.512619
70000285930.996017
70000314113.711685
70000836922.212219
70000595556.941193
70000470034.351761
70000797284.161850
70000548599.775497
70000575251.193405
70000820600.662933
1.000000
70000639834.663376
70000498226.863083
70000699659.758179
70000019257.587738
70000248960.514297
1.000000
70000685407.221985
1.000000
70000927250.712830
70000209094.577240
70000810395.463562
70000002985.836761
1.000000
70000701710.903946
70000452160.289017
1.000000
70000600577.807465
70000456040.453964
70000841249.340927
0.33
 0 0 0 0 0 0 0 0 0 0 0 0 0
