1 401
70000358613.813690
70000499531.958664
70000246120.336823
70000043522.400375
70000409598.117310
70000159252.867432
70000243031.605820
70000778264.756561
70000547122.860764
70000939089.685104
1.000000
70000908089.554367
70000569959.021561
70000680098.083267
70000801488.846436
70000611906.169220
70000241913.633301
70000418743.652802
70000892881.299042
70000155157.166321
70000096174.190552
70000966830.403839
70000234834.611771
1.000000
70000710025.994873
70000110193.335602
70000965519.457123
70000868581.238358
70000893953.157532
70000156125.750900
70000495853.399414
70000693693.454269
70000168029.022156
70000665031.619659
70000430528.042908
70000176176.222443
70000337495.661865
70000799003.648300
70000908662.060730
1.000000
70000006151.694214
70000438744.894684
70000183595.449081
70000209300.369370
1.000000
70000369494.069244
70000622678.060928
70000381002.180725
1.000000
70000168986.843521
70000635352.891174
70000570197.678268
70000656023.561813
70000950733.698441
70000087507.210251
1.000000
70000417168.496384
70000484107.402695
70000451061.301376
70000365463.051224
70000293789.803391
70000011650.874817
70000361239.857056
1.000000
70000148351.906158
1.000000
70000558744.231003
70000020396.893143
70000744693.143509
70000008480.544357
70000784454.135651
70000002864.230057
70000187416.822876
1.000000
70000971423.873245
70000515702.819778
70000169950.140671
70000859698.500702
1.000000
70000983394.241898
70000489119.501846
70000424118.222763
70000307921.318588
1.000000
70000358586.482513
70000419902.462845
70000676479.868744
70000104386.901489
70000041112.160736
70000231095.361969
70000288985.165817
70000946381.465210
70000513548.621872
70000707189.338638
70000199129.279572
70000253064.587402
70000115190.979156
70000659458.491714
70000665433.302826
70000097731.323288
70000347693.887802
70000596285.795380
70000739870.450592
70000016280.170731
1.000000
70000359984.822647
70000654231.368301
70000705599.927933
70000416817.311172
70000405579.959717
70000891183.105103
70000059239.020508
70000350346.990112
70000327171.808273
70000962250.837952
1.000000
70000553598.558136
70000734186.479889
70000675084.058151
70000493400.041306
70000938603.571198
70000185778.962036
70000106141.506851
70000162581.948044
70000951618.921280
70000968548.355011
1.000000
70000414059.687454
70000800977.989838
70000816687.976532
70000136432.315018
70000606166.309860
70000805425.236206
70000096042.667587
70000662552.469055
70000355822.451065
70000634298.204010
70000682027.113922
70000141230.412659
70000618027.981186
70000088861.916580
70000042662.154404
70000899494.807037
70000867354.941376
70000195274.204285
70000085573.420853
70000868399.773300
1.000000
70000046204.736603
70000060596.565170
70000716498.128510
70000276205.346710
70000514036.319794
70000922799.792297
1.000000
70000653116.771439
1.000000
70000200708.149139
70000592193.216049
70000149030.193466
70000748109.183640
70000036801.181290
70000789006.926727
70000835433.169159
70000604244.461502
70000850526.532578
70000469983.470337
70000455268.017975
70000108059.172729
70000748201.265488
70000119985.475021
70000490504.122177
70000228301.659622
70000352374.528870
70000502208.313858
70000149909.171967
70000837605.430145
70000269634.840942
70000781059.539490
70000586853.909485
70000537781.107422
70000446951.556931
70000585673.751709
70000479296.117920
70000453882.477432
70000427566.271271
70000644975.175323
70000969820.661621
70000386549.424911
70000961726.232834
70000329235.642883
70000599957.944382
70000935246.083572
70000804014.320236
70000891332.837646
70000402557.965469
70000546242.060989
70000686974.634827
70000587937.872482
70000805815.516861
70000998868.607574
70000568115.892532
70000316996.457886
70000569004.578888
70000632115.287628
70000434871.469696
70000743294.757629
70000612533.882965
70000206794.374725
70000035399.322037
70000285406.128235
70000941209.821411
70000297538.876114
70000615276.287445
70000609350.590149
70000741226.040237
70000764814.652756
70000745951.395599
70000242798.745865
1.000000
70000540962.624146
70000196482.403885
70000701584.167969
1.000000
70000897978.447235
70000508823.538910
70000194404.762924
70000173318.564011
1.000000
70000923599.047699
70000410218.267136
70000361667.826904
70000666872.576294
70000373159.990372
70000790682.008240
70000877865.573639
70000004148.882919
70000558442.170959
70000459509.865662
70000704396.220001
70000922664.291641
70000032090.391098
70000924206.516510
70000038291.674026
70000497154.684906
70000984539.102173
70000749952.633728
70000730436.531372
70000422090.914886
70000790173.559204
70000631143.950394
70000787409.996948
70000422989.614365
70000905640.266815
70000295019.117828
70000081625.385193
1.000000
70000043088.772141
70000008158.864609
70000421836.658310
70000524029.420670
70000792913.127869
70000853553.810776
70000817040.066452
70000787692.922668
70000918103.151810
70000591939.901047
70000294970.096619
70000937014.844818
70000910329.050003
70000925451.199875
70000550350.152100
70000429779.824982
70000097472.965836
70000613572.373276
70000666880.548782
70000016359.075394
70000000243.117249
70000821812.107880
70000404211.751846
70000925608.753906
70000470852.015060
70000617584.809860
70000993699.240540
70000634814.095230
70000720881.578552
70000341012.934219
70000889673.915283
70000670895.068222
70000916293.471207
70000452505.044952
70000823045.030045
70000756962.752991
70000542272.382217
70000025159.790405
70000545453.944656
1.000000
1.000000
70000678868.447083
70000129163.793091
70000834989.177124
70000587112.380249
70000570368.781708
70000958292.640656
70000823308.496078
70000663032.769485
70000256779.167862
1.000000
70000819228.469223
1.000000
70000149620.725189
70000222765.491119
70000981370.603790
70000927742.485580
70000065991.334366
70000699328.341888
70000450834.151230
70000192964.308624
1.000000
70000390136.063660
70000028509.102722
70000887869.858292
70000094819.038818
70000504925.974121
70000117634.266998
70000891359.681671
70000655213.863373
70000803511.809067
70000871278.942261
70000860389.722641
70000220645.428833
70000894831.331345
70000967422.524002
70000772019.815338
70000488978.644257
70000699513.292664
70000923219.336990
70000922914.868622
70000645397.949661
70000018304.847977
70000077354.398911
70000777209.975266
70000053698.617554
70000738479.956024
70000785022.938232
70000369304.238373
70000199190.980423
70000748496.278885
70000339872.148148
70000415915.191498
1.000000
70000728668.499695
70000096455.358902
70000806876.519180
70000648991.555038
70000887009.174515
70000367586.388062
70000702967.763336
70000359409.111893
70000164128.718552
70000598662.424484
70000012678.626266
70000765450.360138
70000769632.732590
70000128125.570328
70000000394.158188
70000183881.034286
1.000000
70000800312.282791
70000221862.855301
70000490320.105225
70000216639.611435
70000457705.789810
1.000000
1.000000
70000001580.375504
70000638985.691406
70000242381.784866
70000218899.666595
70000529746.167114
70000980941.254181
70000392785.219635
70000763213.050507
70000739709.455444
70000820159.472870
70000639169.587509
70000761971.490509
70000249524.406891
70000586330.533401
70000568575.581360
70000797252.544556
70000793951.428192
70000978868.400024
70000792991.256287
70000874956.069412
70000010225.867493
70000864749.552673
70000905482.483078
70000267782.579498
70000864558.301163
0.33
 0 0 0 0 0 0 0 0 0 0 0 0 0
