1 401
70000003397.924347
70000364395.451218
70000152453.892792
70000831294.809799
70000115897.149506
70000318208.574661
70000341273.673782
70000136710.476486
70000613664.090897
70000957706.955338
70000218179.336548
70000467027.808517
70000939802.980865
70000809527.636963
70000723781.881851
70000855859.178650
70000519561.239273
70000199293.979355
70000700438.220657
70000202109.386246
70000188198.797882
70000860032.630630
70000726877.980927
70000710681.154358
70000807449.121857
70000668188.781860
70000192036.683533
70000684848.635071
70000219605.273956
70000966157.511658
70000664357.943817
70000494960.580765
70000712677.142288
70000393222.103439
70000846761.981995
70000734210.005493
70000477531.264786
70000431541.507675
70000834247.508057
70000780177.372467
70000699688.284149
70000902445.582031
70000688955.558640
1.000000
70000269399.240341
70000044428.840546
70000816317.570969
70000298536.985275
70000088750.292648
70000017340.306290
70000088883.700378
70000461646.960953
70000347399.747543
70000947113.375900
70000231722.062195
70000488546.632660
70000626207.057678
70000557345.731323
70000317292.820435
70000174945.667084
70000991797.114487
70000333419.432312
70000993046.716187
70000916094.824615
70000006718.836731
70000623265.201950
70000882772.963806
70000632285.549896
70000224222.996643
70000918266.742111
70000069913.295227
70000802101.071259
70000025756.242142
70000882354.579056
70000516408.113129
70000574591.251358
70000418648.079346
70000907235.042908
70000921358.896133
70000355985.184692
70000778644.040070
1.000000
70000192643.241989
70000571184.603104
1.000000
70000550265.716476
70000839553.541077
70000269837.465942
70000293167.058899
70000765234.966019
70000263627.068390
70000149376.491776
70000404271.709457
1.000000
70000794982.125992
70000318316.216736
70000028953.397156
70000592606.066849
70000316826.011230
70000455153.363510
70000321211.631348
70000999386.258286
70000280956.774887
70000953623.297592
70000639358.911697
70000759998.549286
1.000000
70000839738.385025
70000292535.178101
70000875253.320343
70000439940.464981
70000000344.298019
70000918283.568192
70000470039.228333
70000005978.648132
70000338673.557617
70000603291.594894
70000365539.166275
70000294209.483566
70000408512.933823
70000526822.830658
70000418194.331436
70000641401.164566
70000539337.007828
70000898977.167191
70000326481.697891
70000569910.455643
70000829778.811798
70000708620.207336
70000147553.210190
70000821341.245483
70000465405.927139
70000458694.832397
70000269459.944733
70000232221.279343
70000097677.348648
1.000000
70000155470.068878
1.000000
70000468612.007812
70000735647.203125
70000449954.669052
70000603384.559143
70000795407.171494
70000536381.035736
1.000000
70000536940.869583
1.000000
70000119376.492783
70000869462.340179
70000092668.487457
70000699842.430908
70000237524.614487
70000527293.305954
70000740557.687790
70000473939.440247
70000220419.641434
70000760979.513443
70000107033.887878
70000175418.392990
70000665304.516159
70000371801.397400
70000481936.356247
70000491484.509537
70000417671.273209
70000386039.360016
70000249692.863800
70000454835.012375
70000752400.579880
70000444741.811661
70000288930.615723
70000282286.112045
70000281146.359940
70000378355.881927
70000225040.084702
70000434550.127975
70000304498.979202
70000938476.766602
70000933295.098709
1.000000
70000865892.686844
70000129687.573715
70000140941.949539
70000589811.385086
70000294547.417770
70000643737.131744
70000384340.658920
70000798239.370834
70000516068.594116
70000557281.605057
70000159973.193893
70000596880.499222
70000517042.764587
70000986109.479950
70000684584.872971
1.000000
70000914914.553619
70000083654.048782
70000289086.577164
70000171249.467773
70000993196.651794
70000043926.037994
70000273159.563431
70000422937.508148
70000785010.711731
1.000000
1.000000
70000906559.791931
70000629559.259644
70000608650.251205
70000976558.304550
70000340951.683090
70000499293.723328
70000690082.063522
70000727345.423645
70000263319.278397
70000126371.783340
70000857142.658920
70000392399.880768
70000111841.309647
70000328018.110764
70000521280.337921
70000035992.544724
70000472365.405029
70000243690.924011
70000698525.956070
70000718639.242569
70000294878.497437
70000760883.875488
1.000000
70000759688.803299
70000748645.070892
70000029475.141403
70000801535.515793
70000212061.671051
70000217032.489853
70000769635.593994
70000198319.423920
70000110932.395508
70000744609.078247
70000381047.764816
70000214719.766327
70000814924.696472
70000324039.476578
70000075023.250992
70000094355.676788
70000634098.449295
70000020003.743683
70000818348.947479
70000017050.551682
70000113388.914520
70000463427.318619
70000805879.141525
70000308358.634613
70000484643.843735
70000950489.657776
70000192137.567810
70000623449.661011
70000001720.522903
70000529336.878769
70000366901.036530
70000590158.682663
70000676798.982559
70000200949.870087
70000915011.800812
70000987237.876465
70000020667.756958
70000348637.138290
70000021331.081421
70000133074.269104
70000667987.490952
70000871691.000763
70000054384.206635
70000642155.146820
70000770995.907135
70000625976.184052
70000434716.245361
70000551379.319977
70000176665.091537
70000666281.507523
70000750488.047714
1.000000
70000508156.896729
70000371767.444153
70000205549.544754
70000442388.448441
70000229247.898544
70000751002.458191
70000332198.586594
70000548568.035309
70000270392.973602
70000521297.569412
70000794276.744110
70000318857.434128
70000482765.992371
70000157165.426407
70000924358.156555
70000167776.962082
70000058656.998428
70000738122.639481
70000271367.162842
70000767257.158844
1.000000
70000243614.643402
70000711337.754227
70000591351.921631
70000405663.764359
70000376817.298111
70000039158.106873
70000293809.587204
70000508518.988510
70000404585.611984
70000555666.932053
70000258493.132050
70000299540.637177
70000138159.271606
70000335802.200378
70000443110.428741
70000225432.773331
70000022034.300125
70000417293.629868
70000768313.856308
70000150447.518600
70000293281.831818
70000606080.582672
70000566755.672714
70000571457.691376
70000666693.095856
70000286318.524841
70000627410.688980
1.000000
70000934826.997482
70000689984.718445
70000844914.877670
70000687348.460602
70000620465.368103
70000798275.995438
70000911801.225525
70000561778.727142
70000931164.270554
1.000000
70000599810.708725
70000653486.266037
70000690512.357437
70000855084.673691
70000911092.138123
70000412215.626816
70000100249.557541
70000548419.693649
70000631854.216812
70000095754.447296
70000315581.274490
70000293533.215210
70000253992.099182
70000596422.605255
70000993137.115967
70000104168.868576
70000220121.976547
70000550803.041229
70000137468.095215
70000324071.514862
70000880498.620789
70000543608.989914
70000242085.708374
70000518643.048035
70000469663.033005
70000471296.519302
70000721153.144455
70000249022.472290
70000473468.820282
1.000000
70000859942.768677
70000711904.382782
70000203934.489578
1.000000
70000574278.135742
70000735013.952301
70000509971.111923
70000713634.854385
70000363675.189941
1.000000
70000087534.914139
70000954222.112579
70000371225.086868
70000513756.759872
70000837652.571365
70000558421.796707
70000969157.913834
70000261734.407272
70000436912.005432
70000440120.094330
70000215461.114288
70000186824.123596
70000912223.407379
70000292895.077896
70000095094.324142
70000101585.812454
70000026924.185165
70000151264.596237
1.000000
0.33
 0 0 0 0 0 0 0 0 0 0 0 0 0
