1 401
70000018701.603622
70000721507.935425
70000472748.752197
70000561223.104904
70000563082.563690
1.000000
70000324399.484116
70000219919.261856
70000922471.127014
70000260765.902161
70000116363.658005
70000469287.236191
70000009793.864822
70000497907.054230
70000688281.735931
70000111580.057678
70000249233.421371
70000154905.312912
70000718339.828308
70000698985.877686
70000220298.786606
70000918694.199890
70000904010.734711
70000382938.732895
70000666754.433685
70000604969.081131
70000187636.953568
70000063233.217300
70000270496.934586
70000911601.314453
70000175737.562698
70000131244.134323
70000718616.253540
70000227467.389755
70000205181.057556
70000322604.168671
70000204960.589371
70000241384.724014
70000914649.331985
70000831891.270996
70000236172.442947
70000537510.532196
70000421334.206467
70000054204.656799
70000173055.817200
70000434558.101578
70000914033.960220
70000868373.538162
70000224268.336258
70000686307.425079
70000434080.305389
1.000000
70000777134.922501
70000499054.657516
70000684705.936920
70000036228.708893
1.000000
70000407814.259415
70000518119.229370
70000140448.110550
70000058588.732758
70000030838.108505
70000218574.274155
70000421690.019897
70000853689.366425
70000953864.484695
1.000000
70000967263.288651
70000512173.018616
70000286716.696686
70000000141.243774
70000986191.269333
70000219099.135498
1.000000
70000257475.742874
70000275855.445068
70000242470.789963
70000413467.244110
70000814401.667999
1.000000
70000405779.027252
70000895148.081299
70000938503.133209
1.000000
70000068397.227768
70000933543.758347
70000249811.963013
70000373286.813416
70000744880.715469
70000101322.292023
70000122810.870041
70000271096.811203
70000234905.343201
70000811156.664230
70000085032.719772
70000493450.940598
70000290305.055573
1.000000
70000247947.190811
1.000000
70000208050.812469
70000139936.804199
70000525425.443390
70000539603.491409
70000861984.835342
70000544831.282013
70000543868.115341
70000700774.005600
70000457807.513550
70000206438.248825
70000892141.189301
70000504122.731674
70000087890.669510
70000616075.263672
70000660646.995972
70000279265.195572
70000717027.855942
70000901735.909607
70000007667.210007
70000044986.989655
70000275429.273392
70000103447.727081
70000371429.632080
70000031324.827026
70000193154.009583
70000489077.126419
70000071073.723648
70000836711.205078
70000118167.449982
70000745211.275040
70000552911.629837
70000893982.962708
70000251381.598877
70000627730.983871
70000295575.928192
70000407758.572128
70000659223.695267
70000159163.279160
70000854516.175476
70000279021.690842
70000790837.167099
70000755022.331818
70000147850.101379
70000761655.557632
70000308637.020279
70000804992.586395
70000672328.301132
70000416500.226227
70000800731.964874
70000753386.854034
70000257168.143600
70000525104.569427
70000441586.657898
70000702539.899826
70000034343.720413
70000492291.806656
70000424033.838287
70000598281.710632
70000612586.984131
70000761819.544769
70000373836.141663
70000336482.808640
70000146409.980484
70000504848.131287
70000435742.493591
70000487616.407242
70000026656.435532
70000897143.470535
70000772272.641068
70000933486.478836
70000132591.571136
70000279388.306747
70000467215.773331
70000693502.772903
70000152306.455475
70000522582.060852
70000323363.490417
70000983163.667633
70000279423.568542
70000115107.431793
70000380624.866089
70000666952.833054
70000782633.082779
70000927628.274185
70000534396.981216
70000898263.873169
70000443636.562195
70000461413.154129
70000554917.862732
1.000000
70000929440.020462
70000576136.025238
70000577018.699203
70000145382.859314
70000019266.442032
70000645672.697266
70000295379.925003
70000455241.474625
70000631807.340652
70000428317.348663
70000974193.591324
70000284904.956085
70000629973.991531
70000291209.093765
70000612799.152954
70000698521.007797
70000337672.419647
70000552283.771927
70000000867.193939
70000794156.065414
70000706822.023972
70000546007.974869
70000393928.594315
70000611210.815903
70000456586.538666
70000045903.643784
70000833907.230026
70000350271.883423
70000523871.582672
70000517483.175598
1.000000
70000715496.891678
70000446482.028778
70000132955.540588
70000001647.137833
70000893793.244873
70000761822.763519
70000986976.440170
70000710146.409164
1.000000
70000758432.168213
70000174107.391510
70000616297.765701
70000225644.523849
70000402094.638474
70000660959.501877
70000112733.836807
1.000000
70000872928.075928
70000833802.185959
70000953853.673035
70000576852.414993
70000270980.441544
1.000000
70000284163.531418
70000232026.812988
70000661798.023956
70000765404.602234
70000644741.401398
70000912866.219589
70000541126.137329
70000126451.070480
70000506935.832352
70000070579.684677
70000271223.101990
1.000000
70000333844.271545
70000134899.851334
70000011350.397293
70000675001.848404
70000656997.004898
70000380608.075150
70000510786.740448
70000725824.836517
70000410873.236694
70000706235.950562
70000186067.960114
70000238408.835159
70000296004.702209
70000327520.394516
1.000000
70000060895.162262
70000104999.921646
70000348345.812653
70000635042.705017
70000831881.003326
70000337265.911896
70000735099.914642
70000307618.200928
70000828944.975830
70000283781.529526
70000911746.040741
70000300726.820557
70000874573.527634
70000091144.122635
70000631824.347427
70000749133.355164
70000196640.689758
70000471681.735092
70000759281.138092
1.000000
70000278404.292160
70000481782.572678
70000634572.978806
70000158440.860519
70000596760.213928
70000055996.358612
70000390801.184662
70000596906.104630
70000795705.096115
70000250994.188095
70000805088.955307
70000031925.515442
70000304127.886154
70000131617.388367
70000391565.563019
70000272330.920105
70000878504.128189
70000214915.607269
70000095510.560760
70000855725.509842
70000351615.930130
70000008217.370041
70000606733.517456
70000532797.336761
70000196401.039749
70000017538.105179
70000095542.362076
70000185270.948898
70000354900.008865
70000546310.581863
70000196936.900192
70000380404.953583
70000134461.250519
70000901810.106232
70000447475.542740
70000437629.697098
70000056620.974472
70000835626.589508
70000260165.418518
70000965223.596451
70000414141.269241
70000665049.722260
70000968485.770004
70000345285.937027
70000257804.734726
70000762627.548111
70000211704.109116
70000947289.388702
70000841291.424225
70000462809.241684
70000022426.221588
70000172647.511368
70000763159.595810
70000613187.363251
70000776226.386749
70000266078.820740
70000147771.152634
70000977299.242294
70000507349.874786
70000374000.657898
70000222867.944397
70000301138.903641
70000337085.629364
70000662833.790085
70000396532.102310
70000384322.363342
70000665650.811127
70000692561.363602
70000498775.741592
70000088727.103821
70000956052.354843
1.000000
70000504068.552567
1.000000
70000958005.100388
70000662761.032364
70000937186.018494
70000148996.604095
1.000000
70000400287.294250
70000277657.156281
70000645829.040939
70000976382.404709
70000004881.612427
70000029207.602478
70000586150.489899
70000345043.391144
70000044272.077484
70000236181.704315
70000630332.031525
70000758804.556534
1.000000
70000233328.001312
70000522320.581055
70000420080.203430
70000287756.061935
70000359490.812424
70000024866.154053
70000009049.637100
70000680409.446747
70000750715.279327
70000927519.455170
70000563809.730881
70000060824.044449
70000540668.487106
70000028096.274551
70000219118.263733
70000856340.208481
70000709370.314636
0.33
 0 0 0 0 0 0 0 0 0 0 0 0 0
