1 401
70000684905.506790
70000619605.744263
70000814993.320145
70000700823.206528
70000879529.584152
70000730782.074463
70000373763.544983
70000765542.202240
70000614306.247131
70000697906.549881
1.000000
70000426337.287109
70000561102.970901
70000747659.988174
70000273822.843216
70000793129.176376
70000856390.752823
70000210302.860641
70000992025.303802
70000812897.692245
70000480109.887939
70000431893.143784
70000186072.621994
70000869201.671432
1.000000
70000332896.992935
70000951372.312164
70000698409.960587
70000334986.587509
70000854093.954956
70000890711.663452
70000194950.529190
70000047264.426666
70000627409.082764
70000354878.056274
70000839814.682404
1.000000
1.000000
70000423999.110153
70000835141.776459
70000430900.116623
70000193858.799774
70000599161.335556
70000321503.203674
1.000000
70000857104.892029
70000285477.908600
70000485962.805527
70000368827.984039
70000111527.679642
1.000000
70000047576.993896
70000525999.314102
70000231101.968521
70000808070.168243
70000554884.174866
70000118042.937653
70000999617.097641
70000963625.600327
70000179431.651154
70000793406.361160
70000055432.274048
70000396998.515900
70000347845.170013
70000425332.641907
70000468944.856094
1.000000
70000275445.827957
70000244710.601395
70000087035.727448
70000609865.066757
70000762138.419296
70000066141.597549
70000571868.408203
70000603010.311615
70000131993.487701
70000671080.672943
70000084632.886169
1.000000
70000303407.894699
70000492343.087479
70000434766.197723
70000578726.296783
70000370379.517487
70000127561.940598
70000078639.482437
70000508290.172363
70000391039.914398
1.000000
70000926639.199173
70000314480.228378
70000843134.845581
70000196167.110504
70000642400.433090
70000508862.226212
70000322391.992966
70000510608.897430
70000777390.481003
70000327008.544174
70000791860.885696
70000688019.184097
70000937662.804382
70000431215.509277
1.000000
1.000000
70000511882.298035
70000206094.941086
70000873877.710983
70000811795.690506
70000091628.626602
70000497921.497192
70000036553.903580
70000134224.361511
70000085387.393600
70000107800.678009
70000187014.374069
70000976629.830887
70000585256.307526
1.000000
70000402138.734634
70000091472.480240
70000858491.191772
70000791848.549866
70000351447.094376
70000653569.340851
70000828750.037460
70000485754.045074
1.000000
70000011785.789688
70000203021.581818
70000881017.704071
70000480367.091003
70000330953.339722
70000879864.041275
70000431377.711044
70000037468.320679
70000563082.218140
1.000000
70000144831.370758
70000492826.735916
70000204387.425751
70000760435.056808
70000701318.534180
70000692075.807556
70000831609.354065
70000037499.903442
70000727561.276199
1.000000
70000191379.888489
70000237146.449585
70000263280.990387
70000545913.705902
70000567374.829956
70000153404.965576
1.000000
1.000000
70000335990.557266
70000794501.548172
70000896785.189285
70000249691.991409
70000383085.542633
70000253316.369064
70000288795.399231
70000573502.366684
70000407907.835098
70000657406.292038
70000403278.061188
1.000000
70000557921.799561
70000394827.073212
70000668916.961884
70000432206.245087
70000058277.164703
70000261157.603485
70000967411.592758
70000058670.376495
70000283212.928986
70000655567.412750
70000961383.432281
70000797752.879623
70000810465.032700
70000027737.534653
70000461541.708450
70000959060.814224
70000305688.261459
70000554094.426895
70000925070.055984
70000221711.851654
70000967579.423920
1.000000
70000267626.287720
70000757914.953293
70000636073.832535
70000411072.618927
70000631868.049164
70000662904.823441
70000511046.555099
70000385297.526627
70000253835.381454
70000942513.562958
70000266935.036911
70000123662.743912
70000618080.862106
70000180261.766663
70000545445.032562
70000933718.529099
70000711333.348267
1.000000
70000612234.864670
70000178460.046753
70000343701.846390
70000152402.639236
70000805583.781540
70000290899.688660
70000809700.368347
70000053321.849045
70000454892.698837
70000030974.639114
70000953816.299942
70000546693.212555
70000559059.430847
70000599107.956451
70000463162.674713
70000938949.274246
70000633942.069000
70000789520.778625
70000772239.854706
70000374818.651505
70000552791.784103
70000525851.114258
70000242469.760422
70000865068.711166
70000223996.908524
70000343735.782684
70000884348.275192
70000223997.648163
70000548107.332214
70000962137.706009
70000989315.544739
70000513949.169632
70000516293.302139
70000578350.576508
70000757445.430222
70000201019.944641
70000372789.614899
70000524663.557556
70000661600.485031
70000837094.661087
70000887744.709702
70000505830.504120
70000536585.356979
70000087339.720291
70000641671.892349
70000080211.957504
1.000000
70000624110.255783
70000244447.779404
70000281505.467682
70000244464.551819
1.000000
70000478561.258118
70000935943.511902
70000883545.406174
70000671705.448395
70000352292.075668
70000201560.619278
70000492658.005356
70000794384.399689
70000105376.843140
70000104726.990952
70000524246.217636
70000390379.521790
70000452478.135178
70000446277.535873
70000036826.844070
70000028360.568542
70000779765.382385
70000104668.416824
70000382368.912598
70000081667.052948
1.000000
70000207090.925293
70000202402.796341
70000770895.302444
1.000000
70000330930.762955
70000086380.675110
70000953346.290482
70000533467.341461
70000882996.746796
70000319181.089920
70000007119.012054
70000992425.032059
70000093408.392151
70000714938.913742
70000744656.217072
70000874649.456345
70000280053.018814
70000249806.101410
70000823944.207458
70000592235.281296
70000257427.402115
70000870976.624725
70000855343.276703
70000186233.449753
70000736789.381134
70000295675.568314
70000378179.813095
70000471501.599319
70000870296.820343
70000560506.781128
70000280227.278580
70000896062.733871
1.000000
70000611666.776443
1.000000
70000270682.126633
70000260205.520035
70000620639.416855
70000506275.124374
70000368161.806427
70000724668.495132
70000135687.777313
70000057769.337219
70000000132.634781
70000368135.570206
70000289551.479446
70000812601.635422
1.000000
70000812740.432343
1.000000
70000136723.883499
70000058818.605682
70000521256.000977
70000944142.617050
70000590042.357910
70000358624.950790
70000134285.920364
70000529893.175537
70000642965.866821
70000022058.724136
70000519056.864883
70000324650.678467
70000377022.254852
70000426888.751358
70000463380.413086
70000618359.970963
70000511935.976242
70000256823.065491
70000569816.315414
70000486141.009293
70000576564.708786
70000528192.637360
70000944068.283127
70000359190.858429
70000429358.186340
70000908579.913208
70000541373.358047
70000340488.563583
70000054169.705124
70000612333.485641
70000206383.841293
70000474765.726105
70000996573.792267
70000857806.751678
70000195224.170715
70000503607.410919
70000379869.181808
70000801687.468948
1.000000
70000260452.431671
70000500368.541061
70000100317.473541
70000911607.586426
70000970514.212769
70000891617.191467
1.000000
70000911215.127396
70000423257.543518
70000107946.061066
70000838272.525864
70000310134.818588
70000079986.104309
70000994563.873291
70000409326.281235
70000251454.238342
70000175482.938049
70000824127.102951
70000218420.625809
70000234712.196091
70000696893.700256
70000032129.260269
70000949377.341660
70000097976.860321
70000252716.349960
70000406422.030075
70000369466.512894
70000577468.037476
70000936746.494186
70000766851.737717
0.33
 0 0 0 0 0 0 0 0 0 0 0 0 0
