1 401
70000296116.024323
70000690748.190613
70000150678.644882
70000451668.971436
70000833423.932251
70000093938.249313
70000232481.656494
70000225630.424606
70000763728.076401
70000906674.378448
70000348281.961655
70000451157.336212
70000408275.491165
70000774477.454742
70000349156.713684
70000318992.805954
70000778154.251175
70000061115.037857
70000223366.493408
70000120285.132965
70000230859.393036
70000016442.992340
70000623590.165573
70000761370.748688
70000743898.506927
70000700519.941727
70000811968.340805
70000312495.729233
70000854166.622238
70000277985.740463
70000744441.985428
70000826608.567490
70000291399.072861
70000491628.734039
70000987478.510223
70000800059.877014
70000737118.481232
70000847356.576965
70000319392.993225
70000062082.473038
70000684117.473984
70000827508.773239
70000162159.495193
70000969747.774323
70000432099.308350
70000645438.119034
1.000000
70000307071.210114
70000656673.893646
1.000000
70000991589.377106
70000698090.996902
70000202272.697556
70000708345.791611
70000923071.408447
70000589244.051590
70000233858.606430
70000674214.878784
70000883773.073929
70000167730.097290
70000863997.517410
70000589499.464996
70000621401.053467
70000117870.049393
70000141512.330521
70000279809.338089
70000095645.389069
70000972466.466461
70000757423.110291
70000352665.201752
70000248817.953430
70000835749.268509
70000398583.240982
70000929314.820877
1.000000
70000342788.172928
70000067415.606964
70000265434.800690
70000633778.563950
70000121334.540726
70000612651.517349
70000091865.356125
70000970223.405914
70000410112.201584
70000693596.218781
70000445420.106476
70000364010.607910
70000427132.138077
70000995553.674683
70000075720.882782
70000128792.583054
70000811395.428696
70000523209.156845
70000071983.994827
70000547144.578110
70000919500.436096
70000759172.908432
70000302380.579208
70000744449.365143
70000410204.817062
1.000000
70000644740.423920
70000982368.486328
70000560015.826584
70000064463.331543
70000599187.133514
70000392386.961487
70000969441.641876
70000383992.150635
70000686139.565842
70000720084.478333
70000705799.973679
70000384116.964233
70000987357.721420
70000324255.395966
70000164676.200241
70000305927.360352
70000482230.567169
70000719640.669662
70000211559.702194
70000833875.765488
70000747200.270172
70000473111.274979
70000487928.378281
70000632962.188217
70000582932.642181
70000508976.764999
70000374873.950882
70000140082.781662
70000543182.356506
70000131395.715546
70000778068.661407
70000644792.489670
70000116755.830719
70000764579.595322
70000243338.167862
70000357578.005356
70000928830.135635
1.000000
70000039484.023056
70000839675.387115
70000102971.814453
70000267958.320999
1.000000
70000757208.151260
70000171416.660477
70000455838.507584
70000182288.527512
70000642784.433304
70000118327.190155
70000877916.282394
70000005074.845520
70000435446.443802
70000079950.652863
70000577975.540649
70000921245.128494
70000315936.337296
70000589438.218994
70000655966.316650
70000246773.959290
1.000000
70000425766.171005
70000650267.730530
70000872151.604599
70000055401.689697
70000813641.664703
70000530865.517059
70000401665.182144
70000068843.511093
70000691588.598450
70000950298.676910
70000514815.351898
70000194713.054077
70000631944.276733
70000285624.002075
70000289515.787750
70000562499.122818
70000021010.034958
70000625919.412262
70000609196.474380
70000216249.541519
70000710500.499603
70000251862.294617
70000886748.897598
70000882257.875046
70000725927.253113
70000778272.816208
70000251882.654068
70000706540.768265
70000351458.152649
70000040201.119446
70000602409.165497
70000929370.361176
70000335018.484344
70000170927.519226
70000761180.271317
70000745859.830048
70000535117.576675
70000004487.385422
1.000000
70000330167.285873
70000689895.772415
70000448191.380524
70000472921.935318
70000702809.697922
70000780001.990860
70000047344.898758
70000965725.760147
70000799799.289398
70000257609.602707
70000820006.530579
70000311752.893280
70000151542.390305
70000804050.666992
70000099758.685257
70000929815.617569
70000856145.026215
70000218432.889496
70000941655.418762
70000163486.842010
70000801230.345078
1.000000
70000882030.125351
70000101584.097198
70000247137.615189
70000373367.791946
70000718602.630463
70000905511.049728
70000340371.216736
70000965191.705566
70000706381.309402
70000814750.750717
70000770168.917206
70000082166.591522
70000454148.527618
70000767751.429489
70000099696.877258
70000519770.653351
1.000000
70000198643.211472
70000308792.555679
70000583267.369522
70000773704.363602
70000458053.068100
70000187442.832031
70000539036.811646
70000825086.825241
70000796629.272888
70000548741.186737
70000856763.397049
70000108414.806168
70000718108.023224
70000162350.511948
70000544300.182129
70000594152.860733
70000923435.893631
70000541086.638000
70000403692.418808
70000941271.727066
70000356698.237762
70000793102.824677
1.000000
70000400256.758316
1.000000
70000628857.174500
70000688244.464096
70000432356.064896
70000941506.742050
70000886665.177582
70000934973.373505
70000816213.304504
70000346360.316711
70000860619.322281
70000311535.542542
70000783599.605530
70000925289.638306
70000230432.717209
70000274343.613052
70000318122.135880
70000940008.843704
70000215013.820816
70000009425.006607
70000452250.876022
70000544711.544601
70000589218.398987
70000221085.052368
70000892992.990250
70000522128.660904
70000867121.057556
70000358290.108185
70000576032.412918
1.000000
70000936206.911041
70000290392.925293
70000291760.460678
70000572600.931747
70000909857.383163
70000865091.654526
1.000000
70000768035.058105
70000738072.204407
70000189778.863892
70000494265.486435
70000894877.891556
70000275427.132614
70000432381.508636
70000784060.667160
1.000000
70000205770.511795
70000178003.541809
70000976118.948273
70000909865.586685
70000701839.448700
70000384966.922241
70000262770.782471
70000720165.944901
70000425171.591934
70000758642.617172
70000680474.691757
70000952142.130035
70000506697.581375
70000374573.114380
70000824455.628586
70000755455.608734
70000233691.330933
70000689805.147919
70000875631.722137
70000276178.240433
70000207406.890533
70000264416.404526
70000496592.541534
70000742745.623337
70000986523.466034
70000468490.905426
70000517544.730026
70000938450.965317
70000043368.133652
1.000000
70000690662.474121
70000820585.331207
70000321695.358582
70000222661.714920
70000767406.783829
70000025842.251938
70000792421.364182
70000586032.533386
70000719354.188553
70000587751.024826
70000549175.595276
70000158387.986923
70000875760.773346
70000342060.833893
70000240250.541168
70000333432.375504
1.000000
70000448576.434265
70000759797.096649
70000778779.519882
70000827081.512085
70000716726.523849
70000289629.450760
70000025736.870514
70000267755.634811
70000093607.757858
70000331862.336914
70000546839.801285
70000696271.445999
70000569050.702957
70000785922.683212
70000896125.074295
70000897335.561905
70000589827.546860
70000661538.616684
70000129919.500702
1.000000
70000243952.419556
70000104380.627151
70000297474.689011
70000984197.526672
70000201169.648285
1.000000
70000107859.831955
70000927663.866547
70000307094.445755
70000995739.702438
1.000000
70000576676.807953
70000498364.030624
1.000000
70000203037.052231
70000177294.072556
70000228271.594589
70000006194.414474
70000547579.430908
70000013361.305115
70000631437.995590
70000698512.623550
70000494983.974304
70000243169.644455
70000496891.057632
0.33
 0 0 0 0 0 0 0 0 0 0 0 0 0
