1 401
70000006909.421326
70000665694.656937
70000198195.288528
70000597151.197128
70000668029.492783
70000406525.868195
1.000000
70000036580.634689
70000671251.425751
70000636926.354523
1.000000
70000145030.775574
70000169893.429245
70000542081.750610
70000646043.512558
70000922407.526657
70000598849.258636
70000953603.006104
70000310345.961044
70000092254.404205
70000900071.916611
70000397895.194107
70000883458.769012
70000497788.849060
70000630879.183990
70000483463.709763
70000296238.342712
70000963786.743179
70000337835.851273
70000758810.676453
70000451709.370438
70000051093.575790
70000122245.909531
70000342231.723511
70000871838.080444
70000881047.758575
70000246511.072327
70000550165.344177
70000343234.998322
70000802260.763992
70000769182.080811
70000216253.865326
1.000000
70000630759.313065
70000129269.953827
70000420390.558060
70000688942.816177
70000347162.017242
70000992684.187958
1.000000
70000816494.484802
70000828037.778519
70000755599.176208
70000074375.664291
70000839012.467545
70000965548.374329
70000316363.910736
70000817700.326355
1.000000
70000519804.069763
70000271377.625046
70000109170.984726
70000411396.996429
70000757599.754196
70000394276.426163
70000810412.668777
70000453517.871460
70000453872.246796
70000110734.387741
70000261479.462128
70000055324.795624
70000408481.156952
70000687594.035400
70000244914.686234
70000181898.170929
70000508439.284271
70000803353.556442
70000798101.776108
70000069221.314880
70000663362.630920
70000706972.534561
70000351947.777878
70000587356.803299
70000345757.479401
1.000000
70000404853.701172
70000949166.670670
70000157558.075516
70000825689.610626
70000805327.912125
70000142745.569992
70000005699.657669
70000041788.182556
70000095230.646866
70000405674.024979
70000562198.230255
70000644780.944763
70000589307.768600
70000451112.363144
70000260252.936508
70000756423.794174
70000561530.712875
70000475729.008835
70000753735.265244
70000393018.474564
70000639226.164490
70000906089.533478
70000613512.658691
70000907292.647568
70000267214.678452
70000891899.877380
70000452979.819702
70000793675.246567
70000439757.693115
70000729122.623993
70000674088.716125
70000777380.160004
70000232769.205261
70000204721.473373
70000545913.806305
70000807954.115814
70000068182.398712
70000369886.366943
70000076149.575943
70000065562.899918
1.000000
70000890199.022461
70000375294.432983
70000266689.942032
70000222485.179504
70000974000.808075
70000672154.870956
70000750002.529678
70000533756.709427
70000734545.699097
70000984181.488129
70000893635.220673
70000319447.419296
70000097444.519501
70000194550.454468
70000176819.239990
70000088963.296005
70000944124.966431
70000603519.950607
70000888195.451797
70000871783.827148
70000818802.463135
70000609458.875778
70000432218.109436
70000698108.431564
70000795713.160522
70000903141.356491
70000480575.504944
70000313278.350708
70000201919.949646
1.000000
70000462967.219040
70000514211.423615
70000798820.051407
70000023095.067490
70000241429.539917
70000977118.976776
70000419645.586166
70000843301.471313
70000440548.101120
70000359520.265518
1.000000
70000973793.071915
70000953193.011627
70000635765.962738
1.000000
70000175498.028152
70000400831.104248
70000233703.659927
70000730198.695999
70000311509.930527
70000302727.226013
70000707977.988297
70000644146.100647
70000253051.482666
70000799386.918106
70000217986.621841
70000083543.607422
70000956164.023407
70000891985.627823
70000307092.727158
70000626016.612335
70000188348.014572
70000037619.128098
70000781043.218048
70000111968.655807
70000508851.782364
70000122399.957748
70000023743.577347
70000206173.872177
70000651072.822266
70000326892.870911
1.000000
70000755150.292694
70000188995.102753
70000151232.329865
70000147624.970688
70000768473.260468
70000673804.902267
1.000000
70000531747.874649
70000008927.373260
70000916782.338013
70000682554.650650
70000127379.361603
70000373524.540894
70000275724.723587
70000333201.487625
70000211585.262329
70000457654.508453
70000378183.515091
70000674248.319183
70000442193.353577
70000182553.058777
1.000000
70000950692.600998
70000063233.759674
70000537659.313599
70000352932.459824
70000725280.867020
70000509840.183929
70000361333.764359
70000111777.862534
70000216965.249817
70000256876.348557
70000229460.454590
1.000000
70000290769.264816
70000956084.283279
70000717708.266296
70000817319.551743
70000684631.013382
70000009647.932922
70000151680.861984
70000922231.402069
70000749146.134354
70000827845.270859
1.000000
70000095159.135101
70000010854.340057
70000893824.774689
70000686981.491516
70000884089.272186
70000394184.957336
70000636263.242935
70000603143.736313
70000923700.541077
70000471224.716873
70000618243.332489
70000369690.206497
70000486215.111282
70000543826.433792
70000291593.416122
70000291252.072952
70000508404.901718
70000958842.860657
70000429406.621078
70000090308.626465
70000941911.356628
70000376686.204880
70000834003.821564
70000512246.774612
70000395756.517578
70000560207.055130
70000757642.371246
70000514263.948242
70000467508.935989
70000632772.123337
70000339720.271744
70000673819.160629
70000229407.009338
70000866904.759064
70000453069.508698
70000172073.462952
70000474323.159531
70000811553.108551
70000425577.836121
70000870608.243607
70000254247.058151
70000127166.066071
70000670410.432663
70000336462.816010
70000347904.699677
70000735050.764267
70000159283.370865
70000985749.848526
70000037943.437714
70000072149.314743
70000649214.233749
70000052028.893188
1.000000
70000958063.842789
70000741902.682846
70000557193.286972
70000274524.071167
1.000000
70000040681.861481
70000514778.383911
70000696905.212982
70000306708.735275
70000049631.047882
70000952707.692078
70000761948.659546
70000974347.222168
70000834423.490295
70000233904.884293
70000673113.872574
70000060879.842728
70000168376.150818
70000998213.624786
70000679522.972427
70000811304.286758
70000559436.836609
70000157489.088440
70000027328.326172
70000332260.328827
70000122312.657471
70000280649.697586
70000996865.081161
70000971282.499252
70000503668.610092
70000656066.369232
70000203301.126434
1.000000
70000423202.305527
70000619169.472839
70000730035.763840
70000957178.780853
70000286760.595505
70000349290.928650
70000884898.113129
70000264068.853912
70000560436.934921
1.000000
70000825376.347351
70000096415.083817
1.000000
70000932478.014145
70000507818.483948
70000970320.255066
70000304262.368073
70000141401.845810
70000332589.985474
70000543725.633987
70000223555.958511
70000264919.409775
70000322592.809570
1.000000
70000412029.910736
1.000000
70000205629.499664
70000344446.300385
70000604596.529449
70000992740.745453
70000985966.764069
70000897279.390137
70000516245.249191
70000168144.685822
70000715302.738571
70000282216.085037
70000449295.818146
70000127420.565720
70000958035.363892
70000953874.270920
1.000000
70000387855.939102
70000248272.968887
70000016774.722641
70000304634.146378
70000784008.903763
70000320943.794250
70000889380.305695
70000955957.180984
70000565020.549927
70000557120.472748
70000684898.676239
70000136244.758270
70000551704.666962
70000248651.343842
70000118658.078888
70000047634.115494
70000874184.766571
70000278095.014862
70000980587.799026
70000264017.480347
70000172108.678101
70000019975.240173
70000666654.720474
70000060623.998428
70000699474.511780
70000012888.180450
70000346110.556808
70000348141.935654
70000019556.253189
70000392743.483002
0.33
 0 0 0 0 0 0 0 0 0 0 0 0 0
