1 401
70000656009.457932
70000844287.824661
70000075863.476318
70000076416.096359
70000273021.020386
70000806299.593597
1.000000
70000254305.735321
70000290919.522598
70000740830.492340
70000026539.779495
70000740720.109970
70000696833.967224
70000963770.234818
70000171188.731262
70000467779.830658
70000914272.042053
70000944289.284180
70000268897.254974
70000911951.304504
70000490758.621002
70000468481.656982
70000429348.831757
70000939291.624649
70000232920.168777
70000788824.726547
70000152244.740143
70000365306.285568
70000180599.762131
70000052605.445175
70000948086.552902
70000392219.621384
70000423638.004623
70000966335.930359
70000818974.834595
70000572443.946136
70000136634.008270
70000148254.096802
1.000000
70000313456.837585
70000319688.350555
70000651868.361710
70000046435.080978
70000248314.494736
70000478116.654419
70000158523.426407
70000940707.553162
70000586406.074173
1.000000
70000007476.361145
70000818138.390808
70000946421.380203
70000989984.349167
70000782786.143494
70000316769.201996
70000714887.383392
1.000000
70000297704.724442
70000301889.238907
70000772334.520859
70000049750.751724
70000785306.837662
70000710427.675354
70000506184.906204
1.000000
70000712949.818741
70000131621.969772
70000634295.531204
70000568314.391861
70000585047.297760
70000742709.596100
70000658494.888657
1.000000
1.000000
70000863922.516571
70000276596.860886
70000456002.677002
1.000000
70000875171.790039
70000472569.811584
70000718357.333740
70000262555.784729
70000530660.865204
70000655659.004807
70000417287.464752
70000648982.426880
70000212953.672058
70000633879.122437
70000444339.611633
70000746645.275223
70000712711.832031
70000405437.899551
70000680115.776093
70000882025.063736
70000189264.585770
1.000000
70000584916.983887
70000879878.167923
70000684324.101486
70000149991.286591
70000673805.474472
70000639495.849976
70000298815.980972
70000448013.266739
70000498351.048599
70000546657.670670
70000115819.230713
70000825209.109085
70000165351.182465
1.000000
70000745681.604935
70000386413.864166
70000189676.589554
1.000000
70000533684.623001
70000993098.458740
70000879398.443405
70000077854.259949
70000937019.565430
1.000000
1.000000
70000170221.861221
70000811494.351166
70000661773.539948
70000556815.188507
70000022744.393555
70000697739.827148
70000565389.038910
70000764061.491989
70000641612.882614
70000784511.723343
70000139181.940369
70000213883.995682
70000017608.795807
70000125554.532776
70000877762.662079
70000688005.643768
70000314084.661438
70000068547.741013
70000207302.862839
70000563335.400833
70000870043.276749
70000412753.580322
70000297575.117096
70000540774.709167
70000382658.614532
70000705799.071655
70000380119.304474
70000844958.179810
70000349734.236389
70000415184.785629
70000950471.741394
70000311110.695618
70000013379.825821
70000417784.926758
70000623922.721878
70000935573.388779
70000971060.136002
70000897501.918991
70000934162.775940
70000005486.021820
70000706926.364166
70000256047.193893
70000882589.405869
70000400215.201553
70000073343.487625
70000385775.003754
70000614256.984207
70000588166.255920
70000617257.674164
70000694189.082703
70000090905.053558
70000866762.052185
70000768371.471466
70000635079.740967
70000951458.307526
70000386880.970978
70000904184.534882
70000044201.270844
70000560812.484222
70000493176.308609
70000697795.311920
70000938636.660141
70000062435.504883
70000595246.011749
70000186984.802643
1.000000
70000103950.715042
70000895693.386124
70000964664.003754
70000855408.875732
70000677840.001022
70000672873.378479
70000426593.568039
70000344387.747742
70000144014.212204
70000221792.856155
70000976614.699783
70000371524.197678
70000294200.694504
70000599440.352402
70000062068.062332
70000971086.264008
70000214958.860352
70000968818.464523
70000923395.965164
70000919317.966568
70000098275.896225
70000773710.709518
70000274108.435699
70000224972.033813
70000040884.814346
70000691683.214325
70000600263.135513
70000360242.747086
70000527517.481094
70000933764.616913
70000826544.694977
70000407389.537872
1.000000
70000386394.270447
70000541640.477432
70000548949.333374
70000709792.537811
70000856115.377029
70000234420.898575
70000021035.755371
70000649072.802261
70000011321.600433
70000002774.663696
70000269997.376343
1.000000
70000878604.658997
70000130245.664886
70000336163.573608
70000976928.358322
70000888776.849823
70000681433.679398
70000841995.019440
1.000000
70000767323.082153
70000994771.871826
1.000000
70000873696.942520
70000468353.536148
70000413379.431686
70000521573.974442
70000945883.723633
70000152383.283936
70000836615.572189
70000352700.203934
70000512814.980927
70000736951.256149
70000219600.855270
70000230790.906158
70000038772.386261
70000588799.845230
70000791450.639328
70000503301.191330
70000455643.439896
70000347516.377686
1.000000
70000636903.422134
70000414775.794479
70000617571.676224
70000992847.191406
70000173253.204224
70000576029.924759
70000898469.692368
70000552287.348755
70000569117.002609
1.000000
70000382127.075073
70000716455.903656
70000811590.386078
70000847596.560638
70000957517.181900
70000252305.013092
70000590915.448380
70000246491.026672
1.000000
70000410642.925323
70000096176.866928
70000985324.371231
70000897001.672318
70000293557.809280
70000207045.444061
70000283923.335175
70000046217.818863
70000712240.786880
70000214295.802948
70000436794.849762
70000714989.825485
70000027173.413040
70000132952.222916
1.000000
70000263991.964630
70000818110.351654
70000754582.149292
70000035989.166534
70000215464.094406
70000862172.384796
70000558716.130554
70000667348.114227
70000369943.942474
70000367943.151138
70000740151.072159
70000277370.303436
1.000000
70000371364.257324
70000262068.012833
70000782564.468170
70000466298.280365
70000654811.415436
70000001912.014282
70000360752.718597
70000987291.647049
70000751073.792648
70000814644.655258
70000813988.724472
70000199154.233719
70000452732.365692
70000091635.454346
1.000000
70000560137.509689
70000240710.773544
70000856385.279327
1.000000
70000354600.079041
70000206485.910706
70000147485.792618
70000579939.341187
70000093872.018875
70000564579.272598
70000165357.517044
70000001619.562561
70000230664.545639
70000585565.841293
70000409662.893127
70000211053.117477
70000030274.255188
70000901695.430923
70000120201.539810
70000153106.687958
70000715590.559357
70000034858.553909
70000920711.839828
70000824235.455399
70000908881.995193
70000324384.486282
70000917370.882355
70000431647.472443
70000358918.026184
70000055517.767197
70000519038.905273
70000018950.849991
1.000000
70000589303.039856
70000130031.093903
1.000000
70000895433.728775
70000762169.962402
70000182276.115295
70000422754.975220
70000713506.287430
70000204056.980850
70000129843.998627
70000272644.156387
70000669832.938293
70000404701.219284
70000154574.488266
70000840059.663132
70000034346.364822
70000580988.274094
70000802732.389618
70000157340.297714
70000206627.151337
70000691076.473511
70000005552.048279
70000522846.451996
70000989433.931000
70000268090.029053
70000758195.839386
70000900072.353180
70000660477.952713
70000078732.695221
70000924556.412643
70000712896.263184
70000119809.505707
70000892964.742294
70000369889.765945
70000300300.290924
70000432182.209824
70000578675.930603
70000799046.644012
70000933558.611328
70000108508.258392
70000976215.366348
70000151216.448685
70000929402.734573
0.33
 0 0 0 0 0 0 0 0 0 0 0 0 0
