1 401
70000557394.316437
70000549908.435760
70000128291.106735
70000667806.953461
70000553136.087906
70000294009.138351
70000350145.091446
70000531871.125381
70000388091.118988
70000258190.715088
70000301283.948044
70000251472.833618
70000169109.536011
70000656505.523819
70000463228.735947
70000061859.068848
1.000000
70000785303.274567
70000751422.079056
70000950141.483902
70000062990.418381
70000077837.203568
70000992418.635544
70000469592.702469
70000712350.929276
1.000000
70000863442.917023
70000179895.393784
70000407061.535660
70000151261.218857
70000430215.432022
1.000000
70000482703.240448
70000884120.334976
70000318453.069046
70000141937.446991
70000099118.481644
70000465641.691605
70000920861.169693
1.000000
70000269105.219635
70000673543.169998
70000055691.994553
70000113027.954437
70000885928.300034
70000462504.565598
70000988449.032776
70000787199.561783
70000955973.815063
70000983429.881897
70000306238.362885
70000582328.128189
70000086876.289307
70000417118.417755
70000867679.391296
70000016906.765396
70000796785.769501
70000883497.715836
70000517508.806854
70000403508.908386
70000643637.703171
70000484760.894897
1.000000
70000938394.387604
70000779233.729095
70000109847.679993
70000721470.358109
70000252492.037369
70000750496.267853
70000175764.255112
70000234223.710464
70000303116.854218
70000979106.092560
70000067110.312439
70000053244.143280
70000959586.627045
70000780699.114166
70000232107.976013
70000340554.713608
70000230151.221939
70000949882.297455
70000354267.156403
70000560278.334991
70000625801.387543
70000404775.773361
70000596104.023544
70000559463.120102
70000289762.498154
70000786087.061478
1.000000
70000289675.187195
70000051493.310822
70000022156.360031
1.000000
70000971478.906631
70000630083.078079
70000058427.127289
70000744193.097641
70000998363.756439
70000941609.554611
70000965453.734863
70000013378.153809
70000227908.049149
70000480751.754227
70000024077.686554
70000732308.308807
70000636385.211502
70000092982.576965
70000298433.528641
70000646279.461258
70000088988.817490
70000036170.504990
70000739095.758026
70000809727.200790
70000004184.870621
1.000000
70000531832.611725
1.000000
70000677632.050095
70000052233.704300
70000023554.931549
70000752973.017990
70000756667.769730
70000467907.888657
70000985805.650299
70000410528.461670
70000422190.963669
70000060560.836899
1.000000
70000137910.495407
70000375222.773987
70000117352.190918
70000735522.550049
70000248640.126633
70000352089.658295
70000311354.067261
70000873003.417053
70000110900.269592
70000456967.034653
70000689445.140305
70000343356.177124
70000059546.689957
70000727008.596939
70000015404.962616
70000187508.010208
70000678982.849350
70000447561.155136
70000536799.640396
70000863846.969696
70000786189.865402
70000720005.797516
70000894199.700821
70000469343.257751
70000735326.126862
70000220379.511902
70000698584.514099
70000364522.896194
70000260035.381439
70000665064.299271
70000361878.575684
70000964119.812485
70000931530.707596
70000183065.731125
70000631607.355331
1.000000
70000215261.608139
70000551756.438828
70000072005.970078
70000271609.671402
70000909290.322266
70000250348.438431
70000057113.673645
70000989358.482422
70000588556.604813
70000680168.135056
70000301985.108383
70000329363.978287
70000606218.629150
70000963402.449585
70000261971.056442
70000070024.162155
70000258300.371246
70000109095.995132
70000773377.288116
70000986932.403015
70000516272.444183
70000480243.762299
70000912530.556442
70000256392.242493
70000863778.558151
1.000000
70000501824.760727
70000625849.957352
1.000000
70000492046.825546
70000697845.467636
70000947490.218658
70000927532.415802
70000784631.152222
70000669223.499969
1.000000
70000849349.190277
70000010175.707443
70000477805.553421
1.000000
70000783982.298752
70000300198.559540
70000591105.025543
70000265986.901550
70000083146.623764
70000587494.422287
1.000000
70000198876.000931
70000939744.563187
70000734252.188583
70000654737.519669
70000888444.733765
70000003127.894852
70000230861.442413
1.000000
70000123163.128586
70000546125.216965
70000675721.097733
70000638082.252533
70000280429.838745
70000942329.468185
70000651291.340179
70000637810.805313
1.000000
70000591992.290070
70000449824.323730
70000498973.580505
70000163627.039612
70000355457.020340
70000344815.828857
70000384202.632248
70000847010.319336
70000185276.009613
70000897588.347183
70000075275.446838
70000812223.153351
70000945114.543671
70000755242.737823
70000111491.703110
70000854536.596573
70000150440.379654
70000729654.805771
70000129348.541428
70000539614.855179
70000328247.396774
70000280363.182465
70000705146.427841
70000162430.979553
70000143974.104538
70000132688.641769
70000401562.872772
70000170645.745575
70000659171.773865
70000773516.558655
70000080139.788773
70000698312.457245
70000969038.640350
70000332298.426392
70000079811.594391
1.000000
70000695595.876785
70000263576.560028
70000820441.265350
70000331606.343231
70000249236.732346
70000093246.426636
70000456430.871460
70000157348.557022
1.000000
70000683779.030823
70000204448.050217
70000661573.957382
70000852582.973206
70000157531.206665
1.000000
70000384979.634521
70000325523.189728
70000936468.298523
70000276375.735779
70000717436.123428
70000234499.611694
70000577247.564774
70000909259.691254
1.000000
70000383885.753952
70000154847.882721
70000494015.281265
70000500456.106415
70000141366.247177
70000093890.580505
70000752283.924026
70000137929.366211
1.000000
70000320110.372757
70000989183.709763
70000409646.831863
70000822496.652374
70000456671.813141
70000558715.624603
70000920129.080444
70000437264.024261
70000730885.220078
70000888413.057526
70000474699.239319
70000649303.762573
70000051466.157349
70000387387.795792
70000797096.348755
70000839916.868698
70000698576.423721
70000074150.580719
70000787176.579041
70000086109.451065
70000710525.252411
70000694333.795380
1.000000
70000459328.585663
70000874562.363235
70000664742.303925
70000076965.520248
70000730266.912964
70000475194.183273
70000114054.504135
70000799230.529694
70000343763.513550
70000054375.570892
70000909440.178207
70000904952.582153
70000484669.861053
70000109503.192963
70000158205.037872
70000522055.730804
1.000000
70000185698.841309
70000902842.154434
70000800703.862625
1.000000
70000910602.079056
70000865476.044998
70000738431.897400
70000238579.275269
70000503549.522827
70000563548.588303
70000668673.339035
70000560147.563599
70000471654.062805
70000172740.559921
70000701526.278961
70000697155.288849
70000357808.181030
70000672588.413635
70000041870.963394
70000263882.962814
70000760791.545624
70000098390.879242
70000643172.410645
70000404837.471298
70000898244.371780
70000635420.060226
70000840524.250122
70000077599.134995
70000239379.997360
70000196871.915192
70000765488.981674
70000593719.383118
70000690871.589722
70000381795.789383
70000236930.835159
70000811359.858292
70000675422.896713
70000328301.641418
70000321286.269028
70000456138.870255
70000291054.045135
70000428169.242569
70000971219.557953
70000533590.573685
70000183071.570984
70000548697.605453
70000131375.156494
70000472278.625366
70000066171.954407
70000906515.011780
70000072206.545212
70000632527.962540
70000019439.286316
70000771388.518921
70000914897.536346
70000879447.683289
70000547000.651489
70000389792.102081
70000471355.839249
70000701852.014771
70000079290.782349
70000512850.290085
0.33
 0 0 0 0 0 0 0 0 0 0 0 0 0
