1 401
70000918195.178009
70000777432.137650
70000769942.700592
70000296497.174423
70000254666.868057
70000730692.986023
1.000000
70000670733.750763
70000798159.298325
70000792525.199783
70000698602.993835
70000250763.015594
70000984717.919540
70000676029.794037
70000097547.372940
70000872534.236725
70000961355.263306
70000296794.058731
1.000000
70000940345.489502
70000407500.476959
70000669535.698532
70000066805.845047
70000127901.243134
70000329946.525879
70000065466.010773
70000375587.990067
70000903432.912033
70000331957.243027
70000604903.434906
70000552286.127899
70000559664.671997
70000573453.556213
70000294709.099762
70000640672.584396
70000387470.121872
70000058134.619736
1.000000
70000883506.381119
70000228458.346786
70000026907.553223
70000843637.793640
70000537610.980209
70000910498.401245
70000433542.595016
70000183228.382889
70000442257.739365
70000755372.847366
70000425356.638596
70000288344.076447
70000276244.827103
70000694865.920029
70000183562.926987
70000876232.156830
70000558866.211670
70000757897.099213
70000695372.123856
70000238383.362976
70000142603.657898
70000594529.705658
70000871120.285065
70000470349.739731
70000936000.646576
70000986566.805176
70000473697.118652
70000590221.129837
70000993353.460739
70000052668.697235
1.000000
70000201489.432281
70000411257.144211
70000754714.094772
70000120519.290390
70000186434.892624
70000546132.624115
70000516701.257858
70000725961.936523
70000947798.915863
70000023298.170105
70000043583.076141
70000209484.886063
1.000000
70000659366.761398
70000062968.884033
70000421294.677551
70000430463.093246
70000800271.514252
70000818916.608170
70000639083.846390
70000849082.181335
70000552682.168396
70000104225.289703
70000562274.050064
70000141620.976334
70000425664.228592
70000900984.979706
70000074098.733627
70000129791.005173
70000304348.472031
70000237978.329666
70000323559.496506
70000582281.431549
70000240814.864990
70000532315.528152
70000398326.737411
70000086652.427322
70000333427.252411
70000567944.391113
70000215049.068115
70000610179.240417
70000847436.084747
70000522286.156143
70000623258.771973
70000491612.355347
70000991279.071228
70000975684.980240
70000333936.420517
70000082668.208466
70000644368.532516
70000906874.934494
1.000000
70000508844.725082
70000506686.395309
70000655762.503296
70000354756.147827
70000501496.559326
70000004867.289062
70000634134.795319
70000492352.519897
70000011362.966568
70000565493.046295
70000183013.406815
70000006117.081696
1.000000
70000615128.557404
70000903370.520554
70000660895.673187
70000005180.930847
70000032231.102097
70000048573.524826
70000826646.292404
70000668944.437927
70000612653.928482
70000065138.567612
70000975706.781036
70000637998.444519
70000053864.222595
70000419872.659760
70000298834.099640
70000448113.426117
70000130360.843277
70000697871.993332
70000135176.644806
70000150007.121063
70000035282.866150
70000248752.750366
70000587908.151230
1.000000
70000448866.773499
70000011938.187592
70000038010.833817
70000711362.844391
70000848701.371109
70000527880.862869
70000925448.990540
70000947725.390671
70000741624.037811
70000078860.791275
70000860265.248306
70000619747.558640
70000237125.194336
70000264577.099197
1.000000
70000074546.236526
70000450163.380234
70000455888.111176
70000715912.678650
70000611727.937866
70000564360.552200
70000741445.797989
70000494403.051605
70000389869.052414
70000277083.943680
70000778856.442429
70000075786.576538
70000630349.137283
70000854731.895355
70000202206.101700
70000624515.952972
70000532909.220367
70000590309.473007
70000334147.907700
70000790193.862457
1.000000
70000027396.918991
70000423496.575546
70000507982.876251
70000268172.101974
70000576437.399170
1.000000
70000216218.508179
70000131644.278809
70000970527.916306
70000584207.313522
70000574384.751984
70000120840.695557
70000744485.175522
70000530282.911575
70000157042.047806
70000995499.283722
70000158678.444275
70000703388.378662
70000908450.775528
70000788478.535568
70000751997.152115
70000825451.091187
70000524603.369690
70000608228.797729
70000823458.072861
70000998278.944839
70000373377.320328
70000465608.545059
70000782259.954788
70000460273.427811
70000339247.923477
70000864933.659561
70000484719.624863
70000460825.500824
1.000000
70000081816.984558
70000823779.648010
70000736512.092072
70000338782.505478
70000966920.262024
70000529443.874512
70000492710.078827
70000932437.504501
70000873236.008347
1.000000
70000419166.357651
70000409301.756027
70000579869.769501
70000593131.675690
70000488863.959061
70000704454.640335
70000254984.031418
70000235365.938461
70000037878.927643
70000443722.966354
70000817924.082733
70000738656.842621
70000088380.336685
70000766227.003082
70000123057.875381
70000040656.353546
70000047567.105881
1.000000
70000330917.697357
70000928891.904129
70000842588.948914
70000838518.463699
70000522847.736771
70000840029.888733
70000884753.441360
70000793301.792984
70000898202.380249
70000820328.108276
70000848966.133392
1.000000
70000337889.434235
70000260466.449615
70000583367.824478
70000130917.991943
70000608994.015030
70000730771.070541
70000663060.253052
70000364834.976440
70000499673.036041
1.000000
1.000000
70000436616.444992
70000506073.760162
70000040945.275406
70000781148.920364
70000426792.934036
70000151828.013138
70000591876.382416
70000304619.326126
70000819033.603912
70000469702.027512
70000354996.714218
70000897034.450500
70000460763.355698
70000139832.887817
70000678126.876236
70000973123.475647
70000637924.079849
70000867384.342056
70000866757.738358
70000483235.881470
70000365735.133530
70000594311.168167
70000224500.895523
70000850958.812546
1.000000
70000792390.281937
1.000000
70000541525.219803
70000308469.200256
70000596596.092560
70000835416.655594
70000730903.373825
70000336265.597122
70000064959.479187
70000036973.114044
70000398649.611313
70000041374.328903
70000511304.453354
70000060678.063416
70000110278.395493
70000058790.687363
70000884012.255035
70000414384.003296
70000072543.969589
70000573810.826309
70000582597.175171
70000560758.381729
1.000000
70000419376.264969
70000338160.140823
70000268171.199432
70000937779.777695
70000687525.441925
70000473694.742294
70000061097.275742
70000334756.817215
70000809212.447098
70000493590.356796
70000963294.293427
70000075717.328934
70000029574.530991
70000951185.802811
70000646080.053635
70000374474.584946
70000747641.679474
70000798403.068649
70000001727.913269
70000247690.596436
70000549896.287521
70000153171.381393
70000116259.355682
70000457878.321564
70000568629.063721
70000278325.268753
70000778608.416748
70000822095.560349
70000137445.753830
70000300876.910812
70000022308.481079
70000862017.710098
70000792739.791412
70000744640.643478
70000219262.146286
70000843479.573395
70000910922.261612
70000769466.815567
70000892766.754654
70000375962.673706
70000044280.301132
70000008261.481049
70000978171.456497
70000631335.790070
70000419143.713638
70000136497.046768
70000196967.626465
70000573307.351318
70000293085.629135
1.000000
70000880068.440536
70000701700.907562
70000457899.984192
70000690712.387466
70000420874.897278
70000595497.244766
70000445486.241852
70000957739.488678
70000014054.602417
70000837054.364471
70000888759.964767
70000769621.563919
70000158152.486404
70000049223.802475
70000933535.183990
70000929678.325592
70000570967.736252
70000244217.304031
70000018936.374237
70000485861.333313
70000166764.910019
70000420436.421555
0.33
 0 0 0 0 0 0 0 0 0 0 0 0 0
