1 401
70000443980.607056
70000087774.796829
70000411963.591751
1.000000
70000344930.398331
70000784860.087128
70000503578.139709
70000214443.065613
70000580424.352707
70000180442.936600
70000540764.720871
70000008337.441330
70000796091.390701
70000134330.194611
70000666062.388245
70000490464.081512
70000795484.741165
70000925451.938538
70000493829.470200
70000289355.944092
70000551213.804993
70000075351.590500
70000188923.556274
70000329535.442963
70000284547.286972
70000491820.038254
70000325252.526932
70000782613.012741
70000407528.209595
70000149287.470108
70000661794.085983
70000278270.876541
70000168991.799759
70000100916.432755
70000743782.295609
70000620858.683533
70000142500.564850
70000277031.743973
70000613061.971481
70000998987.998489
70000211617.611740
70000198108.755356
70000003713.679565
70000321625.771286
70000774180.540497
70000650985.685684
70000602410.771790
70000265321.485184
70000998589.108841
70000495624.519791
70000967921.039627
70000765911.906921
70000707930.525986
1.000000
70000973599.288422
70000762052.059509
1.000000
70000474835.987396
1.000000
70000690187.506958
70000465111.797287
70000379148.101593
70000513854.878326
70000707283.070694
70000784512.912903
70000540419.873718
70000999387.778839
70000234150.179840
70000125777.283340
70000777952.692184
70000318986.702423
70000297169.025757
70000721380.221756
70000161643.266235
1.000000
70000938463.239426
70000273804.973907
70000082181.455963
70000681931.175079
1.000000
70000754323.858322
70000836422.375534
70000919011.758835
70000146685.789185
70000938338.982269
70000761526.517212
70000163109.221680
1.000000
70000987410.761719
70000793624.782257
70000749585.614182
70000016729.470612
70000764172.590149
70000612396.980377
70000284679.519516
70000797895.158844
70000031069.017075
70000638521.075958
70000342101.799728
1.000000
70000363078.113297
70000295148.638275
70000560173.262589
70000935514.671341
1.000000
70000073158.097519
70000647405.246292
70000176936.276230
70000488806.345505
70000384270.632385
70000568814.195251
70000985423.867752
70000670183.804916
70000345233.388138
70000535566.512909
70000562965.034210
1.000000
70000347456.423920
70000373737.136948
1.000000
70000719231.863464
70000450781.287567
70000038638.194290
70000407400.704575
70000228723.626114
70000329213.166702
70000849701.476776
70000317834.725311
1.000000
70000701073.780609
70000094727.581497
70000491732.485031
70000474745.654861
70000834898.060272
70000002153.486374
70000939186.223801
70000257318.102188
70000623002.978104
70000740934.697571
70000643180.399323
70000916835.343735
70000292642.952881
70000225061.258606
70000126434.659683
70000336781.579193
70000627301.887833
70000211435.676758
70000283385.682022
70000124268.970947
1.000000
70000483014.837296
70000802111.727173
70000207157.486938
70000576102.452942
70000533880.058517
70000689243.101410
70000497529.910080
70000447451.023346
70000170537.743912
70000716209.239304
70000032622.294113
70000569205.476059
70000087644.344986
70000974203.805176
70000499178.445618
70000280391.423676
70000373237.827957
70000724850.660950
70000140313.588699
70000465876.673111
70000854338.949188
70000146139.346848
70000300877.553970
70000871116.726425
70000493259.885559
70000237338.223175
70000729777.517532
70000319173.352112
70000544939.343994
70000865315.697449
70000095497.379623
70000394340.569626
1.000000
1.000000
70000817139.707260
70000384078.799896
70000742036.591232
70000440114.183731
70000393008.601532
70000556175.845535
1.000000
70000130664.376465
70000443540.362839
70000187065.273590
70000811496.328934
70000769112.439072
70000044624.213318
70000917269.702194
70000163035.789856
70000052174.731216
70000521299.593750
70000082019.464462
70000755773.697418
70000104169.020752
70000903831.770630
70000360811.593063
70000255084.378906
70000072788.212845
70000777507.872040
70000632919.702011
70000407036.834412
70000278869.399963
70000715932.312836
70000315225.777985
70000627362.026642
70000153084.351746
70000774210.085724
70000061492.801941
70000740632.197983
70000155062.677322
70000175709.463791
70000694588.553741
70000393949.149841
70000452941.873260
1.000000
70000536187.062393
70000056745.625763
70000362817.617050
70000067937.058243
70000263081.146759
70000113028.745239
70000071490.849869
70000949467.058533
70000609093.082458
70000161370.779022
70000827916.735092
70000660961.771225
70000024802.494522
70000954960.401627
70000295311.061996
70000847755.172943
70000090907.110870
70000811200.716843
70000139933.604797
70000116291.085861
70000159251.517075
70000154583.934448
1.000000
70000993992.155884
70000222200.661652
70000155513.368790
70000505504.179688
70000042782.753555
70000190318.420425
70000422204.193649
70000283468.764313
70000124602.270325
70000303459.036209
70000320734.352951
70000301949.818619
70000226542.814651
70000225368.701157
70000909482.397858
1.000000
70000250298.886169
70000365314.158936
70000809916.517639
70000768318.413727
70000691156.572098
70000486729.861115
70000902526.939621
70000085137.965057
70000721772.190659
70000600995.450073
70000431221.403412
70000654409.320160
70000727938.577576
70000843782.494064
1.000000
70000655626.005524
70000673035.567184
70000540153.823273
70000340010.567505
70000815846.595200
70000447894.403488
1.000000
70000352625.077759
70000015674.285431
70000391352.365860
70000049330.306305
70000416978.692352
70000535599.033981
70000164670.174210
70000024933.583511
70000497461.214188
70000521500.101318
70000978415.892075
70000022426.181763
70000236972.642761
70000194387.470184
70000348422.684067
70000938398.928162
70000957199.650589
70000094087.090286
70000172372.644882
70000987505.714890
70000974468.479752
70000725206.142532
70000960309.419067
70000144971.362762
70000460586.611694
70000766018.675430
70000771950.895554
70000660348.839737
70000508642.399063
70000553516.811234
70000280583.577316
70000082851.227203
70000733638.563232
70000733515.677795
70000532309.362259
70000338937.747498
1.000000
70000473114.431656
70000877942.233185
70000964720.736008
70000252560.617554
70000592539.710144
1.000000
70000877466.921982
1.000000
70000356446.695160
70000038219.805115
70000483809.470291
70000435536.050095
70000092106.832199
70000121649.878357
70000856516.749542
70000865944.958542
70000874635.000534
70000499775.767593
70000905220.592087
70000281944.838394
70000406033.739410
70000082156.100586
70000996102.100204
70000987367.164276
70000551388.791260
70000529109.410721
70000570941.215103
70000737964.080063
70000555513.216827
70000751561.116257
70000273698.898300
70000951583.965775
70000251210.444519
70000122856.103104
70000528371.406799
70000409439.980850
70000590681.382980
70000488857.923370
70000502201.073944
70000951372.150558
70000460823.977905
70000971680.652283
70000435789.042587
70000672243.473557
70000307203.231689
70000457111.145782
70000336562.848755
70000619381.118195
70000423785.170914
70000983206.368393
70000765231.492035
70000247420.647095
70000293725.888000
70000722897.797409
70000153421.728546
70000968196.940552
70000597085.720474
70000645517.427277
70000529403.501724
70000219964.150024
70000646889.283539
70000355841.351898
70000343161.065155
70000448562.951126
70000604897.885559
70000094614.865936
70000173244.606720
1.000000
70000447937.493622
70000178428.098511
70000259151.085693
70000350846.869064
70000095505.466812
70000367817.234482
1.000000
70000916765.251190
70000741816.321716
0.33
 0 0 0 0 0 0 0 0 0 0 0 0 0
