1 401
70000547378.981461
70000166910.534653
1.000000
70000488142.024078
70000470853.612671
70000415039.419342
70000360053.796310
70000860376.374054
70000901849.504913
70000623675.916992
70000006168.812286
70000244291.754059
70000088279.055038
70000570414.101547
70000002324.273590
70000787383.629379
70000869217.107300
70000648197.292999
70000817968.008484
70000610777.409927
70000026853.796249
70000798953.284470
70000598722.845367
70000788170.686768
70000601125.232330
1.000000
70000239728.905899
70000639939.956635
70000861376.440567
70000560415.830124
70000970427.284332
70000881839.657654
70000524067.241119
70000240306.380981
70000530247.545197
70000103087.547546
70000083788.090057
70000693182.643127
70000771292.601074
70000821166.014709
70000102783.707245
70000774472.534119
70000092854.751602
70000794199.800064
70000712551.647156
70000724273.330978
1.000000
70000208262.186142
70000538021.347336
1.000000
70000330872.188065
70000012724.549316
70000958284.877884
70000845319.845581
70000851707.679321
70000328701.477936
70000620262.783508
70000016425.787567
70000601854.863327
70000030621.177567
70000238283.150009
70000699648.964645
70000484995.379364
70000716562.468491
70000441888.899368
70000125765.355148
70000886978.246307
70000549794.406754
70000145017.784927
70000594558.857056
70000102109.463196
70000545026.165787
70000747513.854080
70000277928.637802
70000046321.322205
70000484555.796799
70000811696.779068
70000936095.550827
70000346573.248779
70000128140.818085
70000106874.475052
70000076506.073029
70000236415.591888
70000372601.045288
70000571214.480331
70000194541.196854
70000065949.919724
70000368836.297775
70000500224.648605
70000180679.710510
70000074451.985687
70000644775.930267
70000038222.443268
70000847573.546310
70000275287.285904
70000908238.493210
70000307112.825165
70000413293.378738
70000837650.453171
70000695557.885254
70000644580.657242
70000184223.239380
70000356348.742447
70000424582.926071
70000898010.184052
70000627176.894104
70000677007.731491
70000900987.691864
70000414748.750076
70000616736.979034
70000690218.326904
70000704709.701569
70000360663.031769
70000030806.637070
70000554706.129684
70000253927.797974
1.000000
70000871538.050156
70000151720.012009
70000332971.522812
70000746064.328491
70000483003.481018
70000286324.174683
70000281114.565842
70000401500.000732
70000640645.043320
70000274537.265640
70000986366.327576
70000531898.088486
70000788220.827042
70000330759.656052
70000379211.910660
70000605692.857803
70000787136.026047
70000437083.306778
70000274321.543762
70000914105.379868
70000249180.772232
70000725530.832062
70000149564.627121
70000949106.432098
70000680707.401871
70000523697.869751
70000702084.273453
70000477610.862946
70000780790.161880
70000974019.899933
70000161419.388672
70000277852.804504
70000801050.079605
70000968403.559875
70000042410.382904
70000340646.532425
70000239134.038605
70000708171.691727
1.000000
70000641880.962875
70000159944.457687
70000922973.564407
70000888419.152679
70000418567.248978
70000347626.942963
70000535447.130005
70000962462.861969
70000482969.225906
70000945508.882767
70000423614.819000
70000287491.138779
70000314093.688858
70000038229.063156
70000772121.570358
70000512171.469330
70000502891.821594
70000754223.625229
70000994430.869339
70000955774.542953
70000139072.841553
70000007495.857803
70000085497.715302
70000199557.126221
70000684954.043106
70000901306.555450
70000914001.977036
70000099320.459061
70000773628.833923
70000266540.880814
70000179068.687820
70000236452.108124
70000302415.329346
70000886146.977203
70000366962.805466
1.000000
70000559273.813492
70000808382.371048
70000415613.618958
70000478708.707504
70000709945.791092
70000170235.447998
1.000000
70000496571.095825
70000564678.411331
70000159261.441986
70000257831.068375
70000589934.601456
70000666544.942337
70000217280.186584
70000791015.388763
70000883372.949310
70000241478.925461
1.000000
70000852119.446045
70000430321.286545
70000474431.750076
70000217504.397675
70000061006.857971
70000529442.504181
70000359365.985764
1.000000
70000656507.584198
70000915389.533890
70000940370.098740
70000913689.331177
70000745550.165939
70000034846.074158
70000103910.571045
70000762333.159561
70000191652.248718
70000644827.490387
70000420984.608307
70000590667.769592
70000050767.228668
70000752862.831924
70000076915.587173
70000505993.620422
70000578923.952927
70000638216.710358
70000285852.720551
70000101973.721039
70000033696.696014
70000681109.497696
70000424826.882828
70000607195.887253
70000560997.900604
70000328587.763687
70000260768.040009
70000547744.739563
70000001801.514862
70000691269.568848
70000386242.693680
70000696849.932068
70000358745.219971
1.000000
70000605880.558350
1.000000
70000317747.271805
70000224704.628525
70000923486.896057
70000780957.007843
70000883362.211395
70000668552.360519
70000903338.671661
70000891153.060043
70000519126.199570
1.000000
70000382207.816605
70000596345.245773
70000080019.500290
70000371339.379272
70000310860.150269
70000182407.361618
70000064807.848251
70000315969.750900
70000766923.898987
70000469856.819672
70000232080.571030
70000335593.151489
70000821713.308243
70000680375.640213
70000432837.589859
70000885442.255493
70000218470.460632
70000986266.279816
70000592509.250320
70000146714.030228
70000251117.633591
70000307856.279800
70000629226.345505
70000621499.620865
70000595480.011703
70000947689.300385
1.000000
70000893766.016479
70000753329.824005
70000070887.221024
70000405089.912521
70000729928.999237
70000021402.829147
70000073062.989304
70000531219.464142
70000215132.625732
70000883623.357239
70000736938.394547
70000399639.545685
70000640465.148819
70000090713.993332
70000030554.769409
70000998300.922516
70000162775.631943
70000349479.764603
70000096276.851517
70000663221.838623
70000856157.992859
70000483783.675034
70000036555.507095
70000623338.807602
70000304110.386871
70000948248.858765
70000067379.686539
70000780386.379761
70000389695.602188
70000563539.045837
70000426481.719635
70000041103.429733
70000040837.545761
70000280586.496765
70000835032.809097
70000367817.604340
70000310664.631439
70000913683.098160
70000142326.827759
70000408785.877121
70000133011.254791
1.000000
70000261076.520203
1.000000
70000455084.040451
70000767673.216675
70000940104.073837
70000863869.947876
70000705478.343613
70000085483.193863
70000374725.793930
70000074478.784805
70000186801.399567
70000613694.241348
70000508437.862518
70000454838.434875
70000087060.492798
70000759877.606644
70000790913.331696
70000257089.397079
70000645027.960007
70000844427.484467
70000145875.236755
70000837594.594925
70000411679.930634
70000615705.132431
70000305196.222626
70000695832.927429
70000336272.030365
70000230236.770386
70000921880.392868
70000672595.464050
70000305527.690308
1.000000
1.000000
70000410630.470581
70000563132.721100
70000793582.039948
70000999789.270294
70000077118.622299
70000432196.726364
70000171835.762070
70000980736.043686
70000403873.549561
70000935050.779678
70000611147.045639
70000156337.881897
1.000000
1.000000
70000108781.597290
70000178969.058472
70000803650.639084
70000797183.245544
70000596813.073196
70000513092.414246
70000542202.628006
70000014155.702042
70000199857.859680
70000903391.052338
70000386411.715286
70000328357.880203
70000705441.741577
70000284010.899536
70000230695.339554
70000060381.729630
70000342580.024506
70000342614.973770
70000968751.279816
70000200625.335800
0.33
 0 0 0 0 0 0 0 0 0 0 0 0 0
