1 401
70000917475.545013
70000042627.040573
70000143050.349350
70000850191.120972
70000694940.352631
70000344640.753448
70000493521.579819
70000109250.969940
70000117136.627701
70000464039.597794
70000553555.138641
70000216365.663284
1.000000
70000754119.605606
70000362445.266708
70000265416.222153
70000349426.040756
1.000000
70000348991.910492
70000991476.238800
70000086599.398224
70000402380.128433
70000818413.350510
70000177729.071808
70000482562.014816
1.000000
1.000000
70000194329.055283
70000030490.711151
70000329122.964035
70000123419.720367
70000248662.770874
70000232415.186676
70000194933.619263
70000002914.620178
70000003190.022202
1.000000
70000009774.223816
70000535815.197205
70000362418.338333
70000706044.868500
70000460325.086594
70000055025.521439
70000283088.469315
70000941157.960800
70000056142.112274
70000762194.150620
70000653106.483414
70000500074.300064
70000752166.212234
70000542076.204269
70000009952.007141
70000850689.432114
70000602003.153152
70000580181.919815
70000862812.090164
70000479270.976181
70000030278.098343
70000826268.317230
70000439519.296967
70000234772.996216
70000333962.038773
70000106194.198730
70000804980.099365
70000524195.519089
70000071799.216049
70000387238.495010
70000147669.862015
70000680757.829315
70000201985.821304
70000339029.540985
70000905672.525757
70000278840.620804
70000749204.911194
70000500511.868637
70000282081.470535
70000749770.625793
70000732656.643112
70000517774.278046
70000082787.883820
70000991680.704208
70000282288.501099
70000355147.820419
70000807239.251465
70000644078.986465
70000100260.603149
70000698180.991547
70000301600.026108
70000062947.570999
70000003650.293533
70000762443.381134
70000770666.739624
70000490256.188049
70000790339.414551
70000434341.971436
70000225908.073257
70000651840.547455
70000028971.662720
70000666150.310928
70000819187.094299
70000642399.850403
70000469199.684479
70000704069.827454
70000805482.520493
70000529546.272720
70000581219.636292
70000513699.352417
1.000000
70000255749.083542
70000984620.369827
70000054433.803909
70000972326.293121
70000848938.111221
1.000000
70000002069.402328
70000347804.112335
70000833678.112411
70000890286.128021
1.000000
70000911839.147751
70000973801.537674
70000346882.735672
70000820662.371674
70000495230.345947
70000545465.764709
1.000000
70000214221.549667
70000354516.119980
70000467817.167206
70000730115.867355
70000742308.164230
70000404668.673157
70000667810.189377
70000906020.483734
70000343284.324936
70000671553.789429
70000858784.659119
70000198395.044861
70000138466.362885
70000306151.389862
70000472304.728500
70000651416.264206
70000941195.822235
70000425495.768356
70000534596.901520
70000380524.205368
70000654258.670914
70000788782.028183
70000721195.890091
1.000000
70000214536.979263
70000132474.413742
70000798772.184860
70000170092.397369
70000805118.518463
70000690590.105469
70000893139.974701
70000155315.699615
70000273043.738266
70000506456.952286
70000091659.754562
70000801002.731384
70000464443.099533
70000499006.152893
70000306924.900452
70000226527.046204
70000277106.638611
70000358962.407272
70000945607.234711
70000844955.308517
70000305733.827530
70000365652.339340
1.000000
70000009087.716949
70000935078.171967
70000671094.912476
70000270738.448547
70000100154.809509
70000457928.320923
70000786861.511459
70000039203.959015
70000197334.911484
70000484668.570648
70000949990.271988
70000465935.548660
70000496741.660080
70000292016.562759
70000542613.180252
70000889241.737473
70000433331.284927
70000039282.396667
70000596559.638046
70000261543.180984
70000258793.804214
70000865799.485474
70000462791.504471
70000018115.966888
1.000000
70000402023.057877
70000953974.152176
70000669803.737732
70000989089.464005
70000975868.185654
70000432064.377426
70000231190.814987
70000675286.180328
70000865195.330902
70000159687.459320
70000734108.385284
70000096887.962646
70000448189.135239
70000132463.233200
70000468755.581284
70000470460.991699
70000625459.992065
70000945686.787766
70000307897.438873
70000069824.400742
70000271458.660339
70000682328.086990
70000539828.261902
70000743600.017181
70000281081.937256
1.000000
70000157950.147598
70000364337.557190
70000480081.252258
70000093515.907471
70000192843.517868
70000624102.212448
70000532859.254456
70000933458.713196
1.000000
70000446942.820267
70000290831.822769
70000458629.085129
70000982991.604080
70000139578.668777
70000680761.835770
70000667055.501465
70000650959.731750
70000870377.072495
70000952516.820847
70000579857.719604
70000571249.856445
70000852228.450668
70000357756.866898
70000744364.355957
70000619331.645813
70000000763.178665
70000123135.802841
70000286406.349945
70000765175.914963
70000994999.996429
70000541222.785538
70000385570.387207
70000327722.025101
70000975583.463821
70000593023.015579
70000455380.752747
70000208788.824707
1.000000
70000729036.026199
70000978570.537582
70000695583.413483
70000356423.063293
70000808413.703339
70000708591.819763
70000014888.422867
1.000000
70000729789.891113
70000942105.783417
70000081288.856949
70000820555.922119
70000124390.011536
1.000000
70000978750.338684
1.000000
70000078291.798523
70000996560.586792
70000731695.139938
70000688990.700317
70000386835.181732
70000658550.360718
70000886025.694229
70000132646.732025
70000976981.370132
70000248837.201462
70000477464.254303
70000166870.998306
70000393909.463730
70000079173.146606
70000787139.457336
70000007741.348557
70000371768.441635
70000808373.808685
70000850092.714645
70000175909.370483
70000980753.651810
70000474026.028397
70000716220.966888
70000639362.999771
70000171555.417603
70000436445.331833
70000099700.026459
70000345376.840424
1.000000
70000616108.257980
70000991701.735077
70000796667.060104
70000443332.045456
70000723449.852188
70000448299.762451
70000237150.332596
70000417365.508926
70000760651.420898
70000389967.195007
70000726288.773117
70000516793.890686
1.000000
70000727519.130707
70000640925.988281
70000327504.888641
70000527718.224304
70000448442.264908
70000538988.586319
70000986384.474411
70000457438.118378
70000563640.132980
70000151711.136612
70000127058.540466
70000865843.834366
70000320649.627182
70000371435.139862
70000204377.640167
70000416737.740616
70000092799.437546
70000378311.857513
70000775400.149521
70000669078.953690
70000388188.621384
70000105645.012390
70000518288.173141
70000801958.400040
70000823720.064468
70000035437.448792
70000598458.016785
70000076917.456238
70000679824.987915
1.000000
70000115389.200211
70000087149.130920
70000968020.911606
70000311248.308090
70000937738.992172
70000111586.164154
70000412386.874222
70000332672.279800
70000241733.046494
70000176768.901489
70000229690.203918
70000348336.993530
1.000000
70000823134.584351
70000458374.219803
70000320475.014648
70000729925.147156
70000964715.967392
70000832820.207764
70000140034.904495
70000009758.279419
70000687007.622696
70000679705.245728
70000703684.262817
70000995281.969330
70000470506.028473
70000148468.802200
70000397418.809128
70000915057.386230
70000612900.758957
70000828571.620407
70000889223.534668
70000490433.472672
70000881816.281998
70000994993.252472
70000203820.770142
70000041347.805923
70000976792.119827
70000860112.031998
70000170596.346985
70000999684.298080
70000184121.065765
1.000000
70000970427.261627
70000008290.951752
70000950291.252274
70000945990.392044
70000471041.216202
1.000000
70000032842.893021
0.33
 0 0 0 0 0 0 0 0 0 0 0 0 0
