1 401
70000747561.703995
70000256530.304077
70000986349.949615
1.000000
70000545638.421982
70000587263.350754
70000244742.401459
70000043391.526642
70000290869.317780
70000888153.139801
70000810952.004105
70000589838.407928
70000580238.098160
70000484375.416321
70000657369.978424
70000934820.873657
70000955732.540054
70000452374.555679
70000303796.577606
70000263013.311066
70000015068.026276
70000983680.316879
70000686159.782043
70000918192.587723
70000780998.412140
70000074727.842453
70000095397.806595
70000409331.981445
70000007840.793259
70000477923.624130
70000388729.780045
70000256327.329758
70000664267.687729
70000003916.286163
70000931717.710831
70000666252.157272
70000245340.679550
70000604956.811554
70000074240.799576
70000315091.317657
70000225803.671036
70000550725.618240
70000068494.454941
70000923789.109909
70000123150.143661
70000221626.592529
70000201808.940491
70000626186.984207
70000255159.956558
70000626366.871002
70000326976.612686
70000047465.809784
70000564426.937836
70000349709.225082
70000084913.345337
70000690007.349304
1.000000
1.000000
70000298162.671280
70000029445.334625
70000003736.071777
70000044928.455978
70000794214.829773
70000305097.596008
70000896777.518951
70000775886.858200
70000836108.658829
70000847221.212311
70000038657.089264
70000532579.595062
70000578907.013031
70000325604.671799
70000651805.473618
70000235527.939758
70000302819.243378
70000246836.532516
70000820170.200668
70000919254.826599
70000523986.117096
70000278276.188370
70000960491.771484
70000317402.103439
70000827748.351120
70000711115.380463
70000703303.217499
70000854253.362625
70000622359.643250
70000143481.043060
70000439672.700256
70000868957.370926
70000753010.482254
70000652111.378738
70000210855.853043
70000231416.266647
70000850086.857773
70000625572.485336
70000655003.160522
70000625321.627670
70000226086.929169
70000487220.643280
70000125233.300766
70000983107.714249
70000452386.468506
70000005883.631943
70000023719.069763
70000582306.709839
70000228628.754822
70000321352.712830
70000923943.572021
70000893738.161255
70000586478.858292
70000436291.632889
70000936138.651947
70000246831.490631
70000598921.407181
70000883473.206299
70000578123.007614
70000791221.556213
70000051922.473770
70000925071.838608
1.000000
70000695619.789032
70000078086.598022
70000765721.419495
70000660174.904694
70000415003.130020
70000325384.471878
70000851244.872345
1.000000
70000655478.960602
70000431200.234344
70000234497.020020
70000715181.416580
70000468062.916855
70000840682.365662
70000368854.892242
70000159251.347687
70000564327.693726
70000310679.164169
70000802276.142609
70000300220.547791
70000920672.345947
70000218450.270355
70000610744.608566
1.000000
70000200093.605362
70000282948.163818
70000750478.058289
70000890530.811554
70000418694.038452
70000360124.423111
1.000000
70000427465.729370
70000263689.169312
70000339320.064117
70000631671.544327
1.000000
70000025045.050659
70000828404.266678
70000151801.010468
70000679197.645325
70000519763.000641
1.000000
70000057215.100754
70000332793.133652
70000169004.234589
70000459554.375092
1.000000
70000873520.803177
1.000000
1.000000
70000949198.111420
1.000000
70000829965.728149
70000623627.016876
70000075998.222778
1.000000
1.000000
70000998877.962158
70000210623.681488
70000333122.581085
70000274879.999786
70000350692.612900
70000436483.120850
70000962050.706940
70000486800.005737
70000385452.158508
70000124558.968491
70000979959.372406
70000492831.983292
70000344879.014374
70000872391.167099
70000920850.867264
70000271010.672668
70000592988.651794
70000014050.673599
70000704486.550079
70000771052.896057
70000112597.459259
70000649330.992767
70000264658.546478
70000872487.259445
70000794659.880829
70000536028.606262
70000924519.757828
70000227979.350067
70000560266.838638
70000796464.711670
70000926541.775497
70000076829.258606
70000872554.865524
70000461140.523178
70000579978.042496
1.000000
70000032218.882751
70000130058.849030
70000306299.845276
70000311084.638596
70000651122.943207
1.000000
70000604877.398102
70000691169.136627
70000332764.547256
70000838819.606293
70000556726.926849
70000060505.276779
70000884541.926804
70000319492.567856
70000876391.793457
70000844565.785522
70000123308.977692
70000841267.016251
70000107097.921524
70000365549.376450
70000722354.361206
1.000000
70000704657.600021
70000230552.288300
70000558696.139359
70000378356.682755
1.000000
70000054620.651871
70000070792.454193
70000513386.821121
70000377194.297043
70000113172.261078
70000622739.103043
70000740269.377441
70000313492.764679
1.000000
1.000000
70000068615.485352
1.000000
70000941650.272034
70000249786.666779
70000601700.643005
70000630783.269058
70000315588.182968
70000600940.562149
70000645425.267990
70000704603.496948
70000172068.418060
70000960482.013138
70000523537.823929
70000077051.577194
70000008883.299881
70000319963.052780
70000717833.308243
70000796094.909058
70000477267.487167
70000434893.312958
70000863075.998474
1.000000
70000536150.632584
70000213661.455475
70000482098.072571
70000903148.531906
70000143229.922531
70000967164.371124
70000330064.888046
70000619969.028091
70000123838.078125
70000764234.288177
70000068970.061752
70000004162.578934
70000789700.169327
70000163848.172745
70000815263.114288
70000181765.122452
70000116166.102844
70000270954.191879
70000852811.643005
70000572415.930664
70000385777.501328
70000072374.887299
70000314952.635452
70000103338.811462
70000760310.446365
70000586021.130692
70000989534.600128
70000816333.805771
70000573884.409409
70000002620.312363
70000672976.788971
70000010029.134308
70000555897.687241
70000329379.065643
70000875530.686386
70000048903.411469
70000362004.673645
70000045809.084549
70000376627.698059
70000999055.930573
70000243613.385071
70000006596.426880
1.000000
70000656808.082397
70000592455.447693
70000306674.822723
70000405872.839340
70000913489.344711
70000959712.055603
70000371821.051910
70000319523.222031
70000153449.700729
70000746797.681015
70000608411.203430
70000670123.000992
1.000000
70000570669.302353
70000367472.564301
70000992504.034210
70000784342.877228
70000369236.412842
70000997685.622864
70000513527.015656
70000336789.958572
70000107875.237320
70000603774.756790
70000126000.414093
70000479304.158310
70000918149.624466
70000115683.152267
70000638851.922058
70000920982.613129
70000071964.754013
70000179488.939056
70000582020.908615
70000846167.382950
70000234706.845322
70000921380.863373
70000360247.932251
70000853953.883896
70000896479.970078
70000067316.032608
70000880391.796219
70000509490.320633
70000754765.022202
70000756560.320312
1.000000
70000807561.652786
70000160915.862961
70000255936.977615
70000004786.634338
70000863958.834915
70000897215.799637
70000998051.503510
70000978259.959641
70000972407.153458
70000768237.783707
1.000000
70000252189.155594
70000079625.160080
70000152049.927719
70000792018.979172
70000999343.968399
70000454430.134628
1.000000
70000316484.237061
70000244706.905426
70000770116.578979
70000792405.495468
70000406766.403152
70000504532.269974
70000680416.388947
70000274757.543549
70000368324.545349
70000171253.713440
70000772812.446686
70000824320.763611
70000843570.204697
70000818189.819672
70000897439.418167
70000049342.235443
70000317307.105515
70000279292.464264
1.000000
70000736566.790970
70000068421.635941
70000826143.585434
0.33
 0 0 0 0 0 0 0 0 0 0 0 0 0
