1 401
70000301409.431183
70000599118.787125
70000394499.624802
70000484954.801620
70000769909.377884
1.000000
70000460933.016953
70000638249.610336
70000524153.568039
70000065680.284225
1.000000
70000986209.413620
70000228847.709869
70000335376.901550
70000650641.969299
70000063812.147583
70000875306.826080
70000560332.312012
70000727826.781952
70000904956.526474
70000810228.310120
70000392465.304550
70000510273.986496
70000221572.537323
70000386670.944885
70000659006.471268
70000921642.114075
70000600790.232819
70000958157.719406
70000383478.372070
70000063155.717331
70000603407.476089
70000001974.568268
1.000000
70000073531.487976
70000995378.756317
70000840563.853882
70000061357.292831
70000431867.152054
70000600338.185989
70000073759.899338
70000306167.597183
70000304019.534180
70000346156.470886
1.000000
70000970298.172531
70000233730.464569
70000435960.618240
70000072820.039627
70000216747.150070
70000290140.229919
70000296493.344650
70000369388.335754
70000139769.978745
70000072126.969971
70000430676.221466
70000655502.773788
70000795658.040497
70000609470.089874
70000003013.687378
70000141922.666473
70000471424.340973
70000820747.395172
70000709608.238647
70000460864.882202
1.000000
70000815428.731720
70000158204.121841
70000286579.693649
70000055664.030060
70000561786.865540
70000306173.337845
70000469413.621735
70000434167.544479
70000823116.244553
70000220195.750748
1.000000
1.000000
70000642819.301926
70000279105.060059
1.000000
70000337720.059250
70000981508.869064
70000062977.250168
70000211668.327896
70000155821.140305
70000411042.607178
70000226116.859909
70000209691.919724
70000556905.440659
70000039551.260086
70000306807.683914
70000491920.344986
70000436782.690369
70000440852.176483
70000535956.502426
70000680417.927933
70000641363.490479
1.000000
70000435366.105621
70000038088.432358
70000417569.187180
70000822721.533051
70000186922.903152
70000066643.286362
70000144942.340836
70000852482.934875
70000628850.172836
70000463336.179840
70000650589.831650
1.000000
70000847359.819031
70000151919.038681
70000359355.164291
70000745602.241501
70000485132.045914
70000625991.699905
70000064844.180405
70000884850.237457
70000258669.483093
70000484097.826996
70000882367.257553
70000178558.547791
70000348858.444748
70000824650.587769
70000063424.714890
70000067603.717545
70000264087.954376
70000230781.347733
70000657418.400345
1.000000
70000329565.589615
70000075694.783890
70000101092.746826
70000994995.985382
70000327164.644119
70000817812.781403
70000150044.497391
70000753593.200119
70000276759.876083
70000640714.082687
70000074961.361954
1.000000
70000463517.748032
70000711225.858170
1.000000
70000240183.251694
70000800814.067703
70000094357.175751
70000549201.302094
70000920165.355026
70000157084.704483
70000621473.780212
1.000000
70000372303.460281
70000442758.874954
70000317286.850235
70000499235.613907
70000447147.825699
70000737069.908051
70000154590.169540
70000846464.283081
70000592249.340210
70000589665.780533
70000927842.400543
70000250582.578049
70000488283.053345
70000706870.954559
70000440865.460632
70000566264.936340
70000814779.850281
70000043737.141388
70000822921.665939
70000604683.352112
70000602275.966492
70000556142.278992
70000492056.665710
70000952050.696548
70000729903.676773
70000965888.780090
70000834820.943344
70000499791.175903
70000189014.077423
70000833761.720734
70000366448.940720
70000717273.073227
70000319575.675919
70000914184.983536
70000202751.772446
70000992057.233398
70000227698.429260
70000032285.426193
70000430574.374298
70000283882.589737
70000164155.292191
70000411483.300995
1.000000
70000191029.625092
70000701903.767197
70000564207.188171
1.000000
70000483136.830170
70000446519.291656
70000214832.981354
70000288383.342957
70000274535.620163
70000666491.600327
70000385796.797134
70000060932.310928
70000260365.543869
70000921001.864059
70000920906.108475
70000108112.973602
70000960595.540894
70000974663.374100
70000007710.318985
1.000000
70000797317.636688
70000819287.096741
70000503573.614548
70000479658.250641
70000204008.417847
70000859579.949570
70000525238.923920
70000679240.958023
70000833572.343857
70000608172.568146
70000761308.845551
70000855626.902359
70000577582.038834
70000323006.043365
70000379170.234497
70000647449.279175
70000617301.321228
70000592702.201675
70000436883.563828
70000641469.218399
70000439403.861099
70000618059.020370
70000515936.921066
70000333631.052704
70000377003.420242
70000115810.489990
70000265121.943832
70000112816.986755
70000310768.938629
70000307294.097977
70000940503.311432
70000105287.222977
70000631258.764297
70000228217.472321
70000987112.022659
70000445404.520340
70000253681.319336
70000532937.200104
70000516853.175354
70000989299.103210
70000524593.268784
1.000000
70000118239.053299
70000223848.232025
70000312789.856064
70000776145.329483
70000281092.620041
70000641323.482498
70000675204.741364
70000067298.257172
70000448082.729248
70000976977.170898
70000625364.361160
70000662452.452606
70000306817.744431
70000774273.555161
70000689058.027023
70000914391.383362
70000964276.828842
70000484054.850540
70000723972.117645
70000333144.849380
70000068411.222427
70000986783.839600
70000323026.397171
70000435647.902252
1.000000
70000616180.932434
70000225303.763702
70000470461.748734
70000886974.442734
70000790312.891373
70000072049.895020
70000065893.349854
70000260389.133240
70000350087.743790
70000831691.905243
70000050820.253128
70000758498.106888
1.000000
70000495832.307877
70000220019.778748
70000752802.470642
70000346827.608490
70000659091.008987
70000872635.395889
70000981313.489105
70000271442.972717
70000964589.942368
1.000000
70000128749.552124
70000362456.783691
70000833887.300552
70000828620.109192
70000176615.283447
70000194014.437866
70000493299.004578
70000581031.694382
70000161400.637802
70000737083.926666
70000934475.001755
70000491613.811325
1.000000
70000933788.861511
70000602170.312607
70000681621.387375
70000541021.332977
70000927091.233337
70000452150.386185
70000125898.663391
70000235341.521347
1.000000
70000010979.293076
70000805488.922668
70000213790.873184
70000230597.498840
70000089892.640152
70000035669.235413
70000449851.431122
70000428901.766846
70000861353.087906
70000569899.537643
70000669385.271988
70000318948.985825
1.000000
70000550939.546951
70000324127.287094
70000960328.562119
70000991267.846939
70000103439.292236
70000475460.885742
70000111262.964081
70000327822.808350
70000027932.515488
70000773124.446808
70000927774.249557
70000705862.381958
70000744497.010376
70000228936.665054
70000589443.661179
70000532016.370956
70000469972.622894
70000855406.849152
70000438399.387238
70000915396.246262
70000593820.356079
70000897730.559769
70000934174.119278
70000730314.266983
70000644768.655487
70000611248.357574
70000358462.764847
70000501892.168015
70000196623.750076
70000051763.586395
70000334801.286057
70000500802.656815
70000490856.726578
70000735569.859024
70000656486.628448
70000139776.595901
70000814308.889832
70000890184.127274
70000153213.553421
70000551371.514893
70000877617.594086
70000315602.572418
70000303197.403763
70000500469.124786
70000756734.015533
70000257469.369812
1.000000
70000680897.663208
70000229570.921982
70000726620.717728
70000887099.618042
70000662095.488968
70000658245.816147
70000315811.142670
70000969150.561356
70000453166.955780
70000810275.632874
1.000000
0.33
 0 0 0 0 0 0 0 0 0 0 0 0 0
