1 401
70000593589.994339
1.000000
70000761179.623856
70000291676.004944
70000615081.035690
70000199502.370041
70000584806.259964
70000005377.514053
70000188701.989105
70000835443.587036
70000576053.249573
70000983676.606018
70000811687.167892
70000172715.039978
1.000000
70000711490.639999
70000926854.701736
70000399915.934769
70000233767.419128
70000292150.217194
70000895702.504318
70000527672.743164
70000716660.401611
1.000000
70000792249.678085
70000848389.558487
70000527146.075073
70000849662.477249
70000893011.355942
70000891454.947952
70000736535.611984
70000702375.368362
70000644699.767746
1.000000
70000582836.365005
70000021736.536896
70000378789.376846
70000904078.576706
70000226336.023865
70000910829.871765
70000935682.774597
70000869007.635193
70000532627.372314
70000954283.849609
70000746935.725632
70000544892.713196
70000184226.039719
70000813575.427399
70000699705.595016
70000076830.998276
1.000000
70000941697.122620
70000966708.321152
1.000000
70000824928.755478
70000185095.753189
1.000000
70000247099.706207
1.000000
70000999609.303970
70000775971.747803
70000583154.353271
70000134804.115662
70000795345.594803
70000469483.966095
70000928251.141327
70000356036.001587
70000809134.302689
1.000000
70000980829.541122
70000259125.844681
70000754431.779175
1.000000
70000417301.145187
70000172317.328323
70000664274.025040
70000439307.367554
70000994390.945572
70000386846.460159
70000706512.075836
70000043616.520065
1.000000
70000952506.626724
70000434909.207458
70000691795.550613
70000124951.675827
70000746432.515076
70000452634.898254
70000475816.483154
70000351193.487244
70000450119.596451
1.000000
70000833514.908432
70000529438.011017
70000868005.498108
70000514817.417358
70000900830.985397
70000058944.480255
70000584181.578690
70000525374.859161
70000124758.114334
70000558328.979599
70000849408.328598
70000271258.529343
70000669452.422409
70000685349.516388
1.000000
70000694094.275940
70000832005.250702
70000032313.390839
70000436423.544800
70000997292.716263
70000880138.508270
70000828421.464035
70000438144.453506
70000421600.302261
70000477175.050995
70000536037.219284
70000107036.863281
70000991178.025620
70000634807.006119
70000574456.752533
70000189751.955597
70000067537.895721
70000422660.165161
70000500390.612183
70000756742.102905
70000914899.358261
70000986776.633728
70000113446.367065
70000626708.259827
70000613443.915558
70000011433.524048
70000431755.936127
70000271309.493118
70000360087.846527
70000505761.951813
70000972417.605621
70000050364.232758
70000584076.761826
70000884314.341766
70000450264.008331
70000089690.955826
70000446414.860428
70000935007.391373
70000969328.069397
70000914294.847458
1.000000
70000999136.602203
70000196555.683777
70000660625.678055
70000924474.385376
1.000000
70000836906.896057
70000619394.074677
70000633822.792816
70000612557.494354
70000817665.232300
70000387271.534943
70000986566.652130
70000242528.051407
70000165127.186050
70000801549.032898
70000152195.389191
70000782463.336472
70000674534.271667
70000591949.863434
70000270652.151459
70000918478.202637
1.000000
70000599363.838211
70000164648.861176
70000858244.189117
70000343835.537384
70000571309.728989
70000373141.173065
70000016391.371429
70000772691.342239
70000728194.620605
70000129798.079010
70000023029.462738
70000500155.385010
70000571832.915924
70000885016.929733
70000834370.127747
70000172882.248306
70000047432.137726
70000859492.020645
70000266921.375320
70000336873.242325
70000348383.623444
70000888143.735275
70000591168.459595
70000707162.640106
1.000000
70000162930.955643
70000143008.949539
70000715121.012726
70000506480.832794
70000810405.322800
70000060546.952805
70000362310.767197
70000036479.507248
70000046132.158249
70000155119.398926
70000028867.808716
70000759984.305206
70000288802.176880
70000599531.900497
70000579696.642395
70000431200.054367
70000192472.789917
70000047945.012878
70000094084.143646
70000459275.082352
70000216771.201126
70000467838.162476
70000765939.833725
70000079441.071335
70000150716.800262
70000450907.209351
70000706418.719498
70000064869.642944
70000179436.863953
70000709752.278854
70000916629.324463
70000396053.349777
70000524773.937012
70000440169.122955
70000507180.697113
70000107196.289017
70000292620.185669
70000291890.097275
70000483579.106308
70000368000.709351
70000770025.115540
1.000000
70000149938.459518
70000716443.206970
70000472104.783905
1.000000
70000149916.464127
70000221785.481461
70000613531.500168
70000219846.051208
70000027714.658447
70000027425.904175
70000778372.648468
70000447121.470963
70000435473.964859
70000746634.582001
70000075260.266602
70000168752.281311
70000446198.398560
70000193256.966751
70000958165.128525
70000938720.293015
70000008770.996109
70000712932.527863
70000896091.359207
70000148494.151443
70000544698.887390
70000730109.304688
70000281872.584869
70000370249.724869
70000524319.906570
70000466717.688721
70000903344.821945
70000937744.144501
70000482984.612167
70000921226.386688
70000771435.373505
70000153146.370239
70000137752.676300
70000829472.276062
70000584431.477234
70000961477.651703
1.000000
70000501254.848221
70000582430.817627
70000723519.964371
70000420241.013535
70000254104.364349
70000205774.696960
70000927705.463120
70000373964.131607
70000063031.324280
70000999040.924255
70000078938.224884
70000486166.718002
70000536533.450409
70000793341.297440
70000644301.655594
70000116230.068298
70000817676.759308
70000503678.876144
70000907692.649109
70000325915.124405
70000029983.966721
70000513027.448746
70000363972.146469
70000670046.489624
70000201725.292328
70000865729.478928
70000283050.192154
70000069323.518799
70000963629.079300
70000402224.607178
70000858700.218018
70000481133.074448
70000707140.376282
70000279719.929413
70000889367.420929
70000559852.265213
70000473628.347061
70000519014.017761
70000641378.473572
70000640927.111877
70000096416.832504
70000968049.970596
70000166583.854065
70000878460.915024
70000176582.503922
70000747803.643112
70000541148.191650
70000902802.751160
70000264540.889053
70000627690.407715
70000850963.860672
70000010316.210892
70000042653.799774
70000332156.363556
70000957272.869720
70000308583.367523
70000710012.873444
70000425859.115524
70000139176.367615
70000452361.153992
70000179004.248093
70000693663.441895
70000502971.973297
70000127779.128784
70000156651.356308
70000197494.784470
1.000000
70000066018.065369
1.000000
70000759469.630615
70000149487.997864
70000638691.238647
70000649135.627151
70000591059.452515
70000805106.813354
70000609631.252182
70000089072.545654
70000599642.100754
70000633376.458328
70000180843.770172
70000624912.200317
70000382206.386581
70000241431.639984
70000487613.480652
70000795137.247696
70000609251.330597
1.000000
70000521786.466736
70000644317.753845
70000935029.895676
70000378882.463989
70000361820.649475
70000247434.348648
70000333064.803085
70000854820.833008
70000841580.175919
70000190120.204910
70000790403.230209
70000209024.625198
70000934094.578079
70000335432.878952
70000181451.180679
70000118324.964203
70000770385.162125
70000196135.609589
70000027648.024567
70000388915.030792
70000146687.596420
70000634195.891281
70000787410.457077
70000949636.737000
70000725274.701782
70000952490.434601
70000260241.361404
1.000000
70000411148.063522
70000533091.908066
70000648900.090149
70000042242.641174
70000825594.259598
70000948535.923691
1.000000
0.33
 0 0 0 0 0 0 0 0 0 0 0 0 0
