1 401
1.000000
70000720328.597153
70000279439.143387
70000488770.576935
70000639465.820801
70000328742.949158
70000100534.906464
70000399999.463348
70000104309.622726
70000183097.924042
70000310270.732376
70000031726.326019
70000738877.267349
70000354562.344711
70000341920.844299
70000419738.178024
70000348485.738541
70000866974.457718
70000609905.255417
70000529496.017670
70000057371.890198
70000936547.805237
70000562502.252762
70000362626.757812
70000487475.824905
70000218060.099823
1.000000
70000907397.753433
70000362719.856689
70000512577.059036
70000389720.463516
70000310891.672913
70000185142.628952
70000882522.523453
70000403152.627869
70000946964.377441
70000608294.326630
70000863384.097595
70000003460.359589
70000532899.159897
70000693459.604095
70000279330.970474
70000698496.074539
70000524188.306335
70000914621.402542
70000521201.857086
1.000000
70000148509.809937
1.000000
70000356669.600449
1.000000
70000005904.669769
70000318135.087433
70000924911.315460
70000943811.281647
70000699267.303940
70000295745.616257
70000293089.727646
1.000000
1.000000
70000493615.286957
70000597501.359528
70000256464.714371
70000447424.423615
70000009815.476166
70000887067.499649
70000161548.235596
70000199687.427353
70000767655.235168
70000836116.700729
1.000000
70000137617.221832
70000098537.081299
70000986362.742477
70000144515.517853
70000307681.166458
70000464327.247665
70000316382.774780
70000171233.113785
70000272173.834244
70000906041.534515
70000663239.943176
70000953866.000931
70000186911.703033
70000274382.152267
70000679626.238602
70000852961.115509
70000154119.730789
70000048567.122879
70000880286.605835
70000373820.422348
70000296087.270584
70000407895.663574
70000049081.951385
70000833014.712921
1.000000
70000647817.305099
70000366520.320511
70000609561.717331
70000115005.609238
70000899606.732559
70000581144.500137
70000553768.887238
70000568421.482758
70000045401.301804
70000304645.857605
70000255749.983429
70000533459.626770
70000595594.491333
70000321892.545334
70000331914.994812
70000082865.572388
70000693995.073227
70000150605.255707
70000328111.579361
70000131321.051788
70000617750.831558
70000611648.995056
70000046698.440796
70000214688.748779
70000027941.773682
70000149987.667694
70000835904.516006
70000150512.435211
70000845033.182999
1.000000
70000035340.972183
70000768419.210007
70000875594.476151
70000189208.344299
70000738800.457642
70000054266.048004
1.000000
70000144944.259445
70000780916.417007
70000340873.884933
70000172857.059830
70000698802.474670
70000443262.109436
70000540224.197357
70000730766.277313
70000192556.435974
70000820872.542496
70000053187.307648
70000092288.460388
70000288156.094070
1.000000
70000061059.117737
70000093080.077682
70000281152.821167
70000109939.072693
70000747613.134521
70000746729.363785
70000081841.109070
70000719139.249817
70000646096.543411
70000069226.645172
70000987909.001144
70000305133.964127
70000418388.980927
70000334119.939896
70000086136.940170
70000011206.658340
70000789053.256409
70000311072.042267
70000033607.209641
70000189683.014938
70000061758.441757
70000029790.938934
70000311422.351166
70000357202.410156
70000834437.303085
70000304224.691086
70000759012.206100
70000556360.234756
70000714634.973343
70000271442.768982
70000430370.246048
70000544743.319641
70000268045.288345
70000296681.873337
70000621297.282623
70000494066.564499
70000192170.147232
1.000000
70000068111.679031
70000505511.435638
70000688138.070145
70000917081.089325
70000537376.010712
70000654321.251877
70000687765.506760
70000934489.772964
70000033028.302567
70000835843.066559
70000622413.671906
70000664240.099258
70000388924.211487
70000368870.236603
70000301022.219452
70000364431.608582
70000315778.799973
70000376067.419113
70000134530.808777
70000614063.303955
70000295979.686783
70000538115.458694
70000850562.889832
1.000000
70000723036.087692
70000423505.836563
70000576578.110657
70000775864.759552
1.000000
70000541378.119034
70000196194.743851
70000154197.470047
70000447154.402878
70000182366.648956
70000859141.293365
70000678515.883820
70000265336.990463
70000519221.147293
70000645972.807404
70000185673.094925
70000192862.033737
70000640149.376343
70000381198.281433
70000781077.349762
70000519049.304550
70000478465.084503
70000262590.824448
70000737221.845688
70000697885.501816
70000527117.168350
70000949514.787659
70000734935.572906
70000373861.148163
70000563187.762009
70000893759.600800
70000031257.279175
70000625923.435593
70000601330.465210
1.000000
70000983740.485413
70000788666.905899
70000841109.477127
70000701792.738266
70000252355.311234
70000231299.675507
70000875798.148102
70000171237.349274
70000130126.593277
70000431001.047211
70000245992.053650
70000883877.775558
70000444555.503479
70000962604.731567
70000552750.151627
70000218595.511185
70000621532.069107
70000866742.794983
70000877178.093521
70000603028.606232
70000511167.985733
70000425254.708069
70000577889.585724
70000844175.380264
70000659911.433685
70000194851.939880
70000759505.750809
70000016055.107071
1.000000
70000863170.421875
70000995745.663879
70000645574.793884
70000867691.608826
70000865165.269485
70000465700.184204
70000923970.906647
70000538791.194122
70000133553.262985
70000503903.631851
70000241988.000015
70000242470.508682
70000843568.231979
70000864427.632141
70000198206.713669
70000681706.820953
1.000000
1.000000
70000160023.343048
70000888629.000427
70000126456.889542
70000552511.543610
70000338675.277267
70000265297.941147
70000051999.914764
70000359469.012054
70000715983.076157
70000789317.682770
1.000000
70000904536.644302
70000014936.277267
70000590466.521118
70000153253.888748
70000751137.008347
70000817092.767517
70000481156.838898
70000103709.131653
1.000000
70000032734.033463
70000684583.316513
70000728784.930389
70000492459.056473
70000980995.099228
70000840409.894562
70000791624.291397
70000773087.163635
70000058740.053024
70000013523.025421
70000313616.770630
70000609048.423340
70000845444.970581
70000313684.267059
70000173573.547424
70000933372.334427
70000221806.875183
70000842949.575836
70000287019.761871
70000167452.129364
70000566523.870956
70000610532.877350
70000827351.567154
70000468441.896378
70000467986.981308
70000879849.533875
70000175435.061401
70000199261.882614
70000086943.677673
1.000000
1.000000
70000669820.937897
70000378569.330917
70000958874.308319
70000713800.779648
70000919122.961090
70000922940.485306
70000485699.958145
70000504362.574570
70000601595.844604
70000607493.922043
70000988031.781982
70000772898.661804
1.000000
70000244874.087234
70000951061.645554
70000501232.257751
1.000000
70000011423.459351
70000578608.557632
1.000000
70000336674.397278
70000278933.086288
70000855525.445984
70000217825.531357
70000080891.197433
70000771428.724045
70000573164.655258
70000045330.469818
70000384869.083923
70000932513.323486
70000293594.136032
70000240040.438232
70000274627.781021
70000092468.618073
70000221069.464020
70000283666.154633
70000097362.294647
1.000000
70000561294.329819
70000977659.845596
70000004735.461288
70000251069.665283
70000376118.176682
70000901720.990555
70000486610.146057
70000397320.806808
70000131787.197525
70000174231.402771
70000659420.145859
70000893239.974030
70000209352.324417
70000547357.439148
70000645484.480881
70000413245.650757
70000840218.370865
70000046668.959320
70000569194.466339
70000422900.683655
0.33
 0 0 0 0 0 0 0 0 0 0 0 0 0
