1 401
1.000000
70000360030.897659
70000107481.353546
70000013442.828156
70000387304.688705
70000996314.782318
70000568557.583649
70000908421.400955
70000141171.735992
70000774780.971664
70000369215.772354
70000789821.260025
70000747048.836273
70000945670.046021
70000922359.453018
70000715149.299332
70000583696.314606
70000823977.478714
70000003016.074448
70000272106.489075
70000140059.755142
70000295016.460785
70000428537.264694
1.000000
70000786868.611572
70000127352.100555
70000045209.733093
70000037797.341843
70000823146.147568
70000864265.002991
70000348125.178497
70000053561.323639
70000572976.434540
70000773412.516083
70000104000.415024
70000646780.568832
1.000000
70000435038.786987
70000409874.071686
70000480375.020325
70000631892.109741
1.000000
70000979091.034775
70000784075.560150
70000199720.205353
70000689362.937744
70000833300.049377
70000660579.458664
70000805891.143982
70000721457.412994
70000386015.173096
70000488208.836060
70000880318.274261
70000346173.512070
70000085518.194916
70000472168.400650
70000545310.014267
70000810823.520233
70000064285.960464
70000645056.139679
70000338519.438171
70000231674.756165
70000113530.772812
70000005424.101852
70000187284.393188
70000538383.576035
70000615197.883102
70000216331.346909
70000713024.379028
70000694542.034424
70000785310.908035
70000734791.154770
70000996576.340057
70000576465.684097
70000562698.588348
70000822182.027435
70000608911.508820
70000937521.968597
70000993923.261688
70000831293.415237
70000913332.585526
70000651205.263748
70000750642.932068
70000811905.366241
70000228946.257675
70000567649.701401
70000460410.063995
70000945827.137146
70000745672.887955
70000874080.006470
70000478298.992416
70000316307.206528
1.000000
70000651870.116333
70000635714.679596
70000325398.036743
70000728558.244827
70000031763.870697
70000977635.998444
70000134995.821213
70000401385.729782
1.000000
70000111216.976089
70000225291.779404
70000559348.874313
70000189000.385666
70000887063.919846
70000966088.435669
70000196566.462479
70000967345.114090
70000231168.091232
70000072785.725357
70000488256.211517
70000823277.196548
70000180359.633850
70000078935.643921
70000259821.800613
70000936921.017792
70000854444.597534
70000760353.017212
70000826803.854797
70000220460.286575
70000353193.736801
70000559781.289719
70000909709.283295
70000471256.586273
70000853580.936966
70000374819.967224
70000762064.789246
1.000000
70000706581.683823
70000521770.700943
70000101183.418961
70000334064.192520
70000795158.836914
70000016292.163116
70000815072.879257
70000020409.517700
70000612490.766052
70000861327.589294
70000325866.420685
1.000000
70000027968.071136
70000871328.263947
70000576924.386215
70000200177.979858
1.000000
70000630986.931152
70000902530.180923
70000059814.106842
70000184838.552765
70000952761.479584
70000015225.359116
70000148742.617371
70000467553.631027
70000873900.574860
70000661566.197327
70000243667.020950
70000663716.360672
70000142095.791107
70000247282.569778
70000208240.592117
70000379015.449554
70000524247.273880
70000830073.324600
70000683116.013687
70000781486.855362
70000285604.452866
70000570077.322357
70000418393.526566
70000481150.621674
70000183512.966461
70000044667.707245
70000596368.093307
70000605243.650696
70000952062.206879
1.000000
70000363947.245316
70000841016.072433
70000072264.331039
70000975514.440643
70000358564.226868
70000665563.537918
70000261929.947098
70000655738.670975
70000192633.992218
70000042212.195999
70000863135.221802
70000090479.802078
70000266116.257294
70000196481.153702
70000635319.955399
70000059799.571640
70000808821.561111
1.000000
70000760966.283218
70000646381.295395
70000118114.073914
70000985258.777756
70000197708.931946
70000538148.294296
70000513464.238007
70000775951.532059
70000184483.076492
70000384172.189682
70000333889.559326
70000504131.919525
70000924496.802399
70000277642.095871
70000975040.510971
70000645224.839828
1.000000
1.000000
70000480902.355865
70000392703.810104
70000316448.424973
1.000000
70000916723.838181
70000190292.650345
70000281940.917404
70000967446.889313
70000273651.044754
70000968199.829346
70000557757.573441
70000888274.928772
70000135508.047012
1.000000
70000076810.789200
70000471066.644287
1.000000
1.000000
70000979402.117371
1.000000
70000060358.339066
70000167088.008087
70000604070.736679
70000916400.772522
70000707788.605209
70000807700.183197
70000163725.479675
70000014524.691650
70000747726.362869
70000417689.418259
70000825354.318970
1.000000
70000799293.576019
70000709600.674667
70000318087.369888
70000663322.911575
70000312334.547836
70000016084.323624
70000835278.245163
70000372894.463028
70000643926.520309
70000951996.234787
1.000000
70000967558.593643
70000972664.510040
70000185594.591431
70000149763.465439
70000516909.033249
70000776452.274277
70000505073.275696
70000685739.852921
70000949886.615387
1.000000
1.000000
70000588838.979233
1.000000
70000610993.242218
70000745865.810440
70000856091.167221
70000933802.062836
70000466928.374435
70000838547.237305
70000444677.458023
70000311559.991211
70000063990.390411
70000362641.035172
70000624192.937302
70000620442.345749
70000334675.309006
70000594658.047852
70000383332.004791
70000107140.374786
70000949285.216003
70000521229.663101
70000277097.427094
70000115238.777191
70000022931.556824
70000116079.241486
70000486677.178894
70000492881.137924
70000635622.253021
70000054448.720200
70000289136.097168
70000074044.637985
70000473313.838684
70000885587.108612
70000190987.547165
70000951958.615005
70000528596.694061
70000857881.848038
70000755737.008392
70000451379.842621
1.000000
70000714072.674591
1.000000
1.000000
70000558767.312866
70000806433.659409
70000668368.066422
70000690256.732452
70000540007.635849
70000519097.533524
70000560758.827194
70000409988.206223
70000917827.109955
70000586147.921188
1.000000
70000847142.531296
70000865308.686386
70000821194.557083
70000695699.112656
70000038267.451584
70000470239.007462
70000218848.845932
70000648187.568634
70000603892.272537
70000838280.180038
70000279116.695007
70000109885.895035
70000643501.118698
70000369625.802063
70000606100.321060
70000724991.015305
70000160381.031128
70000295432.292084
70000420918.075851
70000959635.819595
70000673373.885498
70000636224.636902
70000504703.090134
70000778298.764343
70000907942.850937
70000494033.459091
70000246433.940231
70000474677.164917
70000876061.497299
70000016772.885284
70000432886.073730
70000063974.387573
70000036730.999298
70000302193.413834
70000342975.338699
70000226476.646042
70000147387.774918
70000977000.474823
70000912371.660583
70000852231.292786
70000553402.727341
70000546316.478241
70000109785.992340
70000029935.688721
70000329468.809570
70000950941.968994
70000704202.560120
70000614675.139999
1.000000
1.000000
70000867299.088623
70000741618.530472
70000280699.762314
70000037438.817261
70000439306.978638
70000832077.475266
70000019495.994308
1.000000
70000568487.781708
70000471248.407196
70000834688.742966
70000615290.859558
70000970963.906693
70000664391.056290
70000800684.289902
70000827891.379028
70000898138.766907
70000939141.995407
70000590186.788208
70000345474.138199
70000800845.962692
70000708733.549088
70000998798.755737
70000493041.815720
70000337135.833755
70000777650.710312
70000890465.514191
70000694198.042938
70000733381.978210
70000181504.120773
0.33
 0 0 0 0 0 0 0 0 0 0 0 0 0
