1 401
70000299935.882004
70000823079.123444
70000106731.597626
1.000000
70000405691.453537
70000149014.113785
1.000000
70000256416.041962
70000579230.914871
1.000000
70000392145.630646
70000190917.599182
70000618599.274094
70000777412.259247
70000106516.839981
70000311059.004059
1.000000
70000982431.417175
70000101408.007935
70000039393.685623
70000840324.513962
70000156748.967072
70000023350.285812
70000710861.512314
70000371018.092316
70000980303.414963
70000877642.271667
70000406075.025604
70000478030.870117
1.000000
70000579544.395874
70000995681.582397
70000597642.122452
70000608448.405090
70000499037.821503
70000378993.821259
70000146029.502975
70000858805.342651
70000888137.849289
70000313765.600296
70000446198.938202
70000055952.328430
70000898419.926025
70000910510.015915
70000967689.188461
70000686538.579407
70000763326.171722
70000245943.061020
70000766836.196793
70000246451.446609
70000136329.994690
70000045152.244568
70000699879.664139
70000905887.474594
70000785654.153473
70000572946.730713
70000542425.366058
70000175033.093338
70000161410.264313
70000905203.879120
70000489846.298874
70000446949.992035
70000591973.947540
70000696731.851913
70000698310.435791
70000383995.071747
70000180222.688660
70000089230.272964
1.000000
70000757610.255508
70000131148.922668
70000714221.850784
70000225473.354141
70000383833.866898
70000111607.044357
70000871613.727615
70000158571.169479
70000316829.041000
70000002432.758118
70000172310.844147
70000323433.499130
70000355903.543320
70000567518.704117
70000465920.879654
70000297627.979385
1.000000
70000063816.216324
70000022162.449265
70000553222.626236
70000680946.546524
70000931401.437790
70000332735.200287
70000143027.903793
70000696022.365601
70000215747.146225
70000383156.840576
70000335984.546478
70000302483.496002
70000139636.622314
70000183087.122406
70000101698.263824
70000423059.612823
70000738869.389206
70000189691.037796
70000096234.123581
70000281053.352554
70000366233.729309
70000614776.186295
70000153014.816605
70000293195.654434
70000925917.343277
70000748963.741394
70000890867.796173
70000311358.648804
70000257830.471161
70000234818.129883
70000214129.577499
70000128805.119812
70000314091.260941
70000666907.235855
70000273593.583206
70000591348.612244
70000425863.332565
70000259796.494385
70000923359.812195
1.000000
70000744548.578766
70000243117.462112
70000864731.354111
70000386870.296463
70000936901.492126
70000837977.712036
70000504406.436096
70000143780.351089
70000853698.735046
70000544082.755096
1.000000
70000051916.986481
1.000000
70000318167.050003
70000547126.313126
70000381441.422699
70000063071.505356
70000745184.285141
70000351121.939957
70000745751.991104
70000688464.411026
70000295041.711670
70000395403.211456
70000065866.983734
70000563277.878387
70000331336.708466
70000140035.645981
70000432546.396240
70000840072.903275
70000891285.315353
70000907274.356689
70000496198.622818
70000132422.117081
70000061784.043350
70000799294.154816
70000169432.233902
1.000000
1.000000
70000962534.563751
70000975744.157379
70000881726.921982
70000166747.827957
70000985747.725403
70000905580.659943
70000372911.351624
70000917970.512741
70000334045.542160
70000086927.631958
70000371879.265335
70000424870.573990
70000688975.210541
1.000000
70000432163.269348
70000851624.711319
70000544142.964905
70000863693.172012
70000147761.662704
70000902403.749588
70000314489.363693
1.000000
70000327924.183563
70000968640.020798
70000182148.502640
70000800318.873306
70000151702.368759
70000803195.018127
70000892511.258591
70000459863.629181
70000698970.893707
70000158405.959869
70000488610.976639
70000877509.280304
70000938106.667084
70000900188.684769
70000957956.398209
70000826254.306366
70000934134.402649
70000299335.647812
70000455150.214127
70000582904.540146
70000899602.956253
70000200572.526825
70000359172.781967
70000157504.013626
70000173120.194855
70000269721.329239
70000767895.094269
70000938640.745926
70000353215.290604
70000338683.233383
70000505005.912979
70000554828.456253
1.000000
70000668786.171432
70000881306.103470
70000152438.290375
70000101160.723206
70000155214.791565
70000443517.173874
70000111949.484146
70000903128.067490
70000111430.338745
70000403845.370773
70000632258.014679
70000180992.762085
70000487536.525528
1.000000
70000379779.656998
70000850899.884705
70000915366.525497
70000064811.052963
70000774890.074432
70000978872.397171
70000196468.339020
70000333449.171692
70000265868.516373
70000321267.129028
70000927927.532990
70000019322.362137
1.000000
70000892561.518646
70000379991.413666
70000042371.282867
70000332987.567413
70000389580.463516
70000214234.514771
70000278885.386688
70000539366.395416
70000457351.979523
70000729467.839447
70000511694.439392
70000880127.744858
70000638491.615921
70000686344.685837
70000866003.015701
70000341515.850800
70000691534.128189
70000893609.680206
70000033007.343246
70000496892.387421
70000178624.031403
70000827671.123871
70000163289.656174
70000737915.667389
70000854436.513748
1.000000
70000813095.074005
70000412441.330597
70000637096.250366
70000225059.455292
70000276729.939987
70000407868.969818
70000120755.404343
70000728212.716919
70000908934.067993
70000431714.789536
70000621127.063766
1.000000
1.000000
70000426586.018372
70000456710.902206
70000464984.503738
70000036587.391556
70000935283.778931
70000135531.211121
70000041817.183014
70000904740.937653
70000434421.506180
70000974785.139694
70000026206.375580
70000231953.936554
70000639635.860016
70000063249.262955
70000736860.578751
70000566139.448959
70000164505.422058
70000424398.267868
70000870655.643997
70000358692.597931
70000847554.104431
1.000000
70000242265.334305
70000467752.905655
70000483828.505478
1.000000
1.000000
70000457187.719650
70000683159.541367
70000052095.222458
70000324223.960266
70000799790.503647
70000870780.544464
70000807223.021530
70000262443.620438
70000421591.179092
70000341245.495956
70000281110.581161
70000445636.585571
70000661204.231064
70000440478.695114
70000353732.458740
70000514342.391571
70000155683.929535
70000624542.653839
70000292045.901505
70000528416.170166
70000177317.169540
70000857020.502213
70000038792.078629
70000392653.174545
70000011218.321320
70000152876.358490
70000356031.280304
70000443772.917191
70000841586.686584
70000808000.686478
70000440814.564423
70000275338.902222
70000994418.584305
70000873265.346542
70000046303.717834
70000174283.317719
70000581283.386063
70000084943.612579
70000036409.188049
70000018828.944687
70000770435.432144
70000981347.772476
70000755985.417358
70000625693.251785
70000556357.065308
70000257949.898300
70000208882.732956
70000655304.483719
70000222695.581512
70000778344.864990
70000257929.821762
70000079718.654556
70000666454.611816
70000089560.590454
70000348778.640503
70000529965.782074
70000247830.051804
70000693953.334564
70000940455.815628
70000520517.082870
1.000000
70000581980.474243
70000552778.688232
70000228238.983948
70000873130.283203
1.000000
70000434580.995178
70000845560.837311
70000516328.226440
70000990752.135696
1.000000
70000428836.653580
70000654888.501663
70000930494.200455
70000692180.616318
70000967414.737976
70000316406.697128
70000486339.282455
70000277607.812836
70000250677.606018
70000547954.911514
70000337432.300049
70000728420.301132
70000348072.546967
70000916600.366760
70000563986.846146
70000128174.881577
70000757314.509811
0.33
 0 0 0 0 0 0 0 0 0 0 0 0 0
