1 401
70000677669.206619
70000675075.256927
70000303938.812668
70000279981.493332
70000754830.828903
70000517064.035812
70000671707.347870
70000163733.613724
70000902875.357010
70000902449.393524
70000177193.100342
70000716772.649689
70000596899.141235
70000838753.099304
70000895702.126099
70000486423.709000
70000820198.224182
1.000000
70000363679.611282
70000563849.387146
70000272114.426743
70000637340.750031
70000503134.944046
70000562041.879852
70000997099.433136
70000234090.033661
70000393773.144318
70000800487.511322
70000907996.373810
70000182355.065216
70000682579.350845
1.000000
70000451925.164886
70000650499.404526
70000090348.772659
70000352091.276199
70000297541.853317
70000258102.185379
70000331040.889175
70000249913.004898
70000600286.800232
70000209333.244751
70000183008.399445
1.000000
70000101550.223969
70000887786.565750
70000144500.631699
70000293918.378098
70000512104.595215
70000265338.525421
1.000000
70000174893.653809
70000883686.816467
70000448617.361969
70000989473.803375
70000716689.697769
1.000000
70000439030.051270
70000751530.713745
1.000000
70000027620.608490
70000647496.134964
70000147694.506073
70000851282.878586
70000118328.793442
70000448282.372574
70000961583.440674
70000127512.685501
70000525454.436325
70000395878.678467
1.000000
1.000000
70000146954.675705
70000735023.358276
70000489265.003281
70000263541.716232
70000448062.246796
70000986974.339539
70000024350.589523
70000349800.351624
70000561738.937317
1.000000
70000914758.910736
70000523019.809753
70000652851.087387
1.000000
70000589435.242325
70000138863.429611
70000494488.864151
70000128472.252060
70000987658.140472
70000336040.525131
70000571054.519745
70000564113.737885
70000212075.328354
70000575770.289673
70000905164.050369
70000069359.111877
70000546917.768066
70000178727.506027
70000603212.292892
70000139460.166443
70000104601.080139
70000709907.203323
70000306604.560287
70000792330.332520
70000205003.768417
70000445878.978577
70000699108.456543
70000618582.394440
70000823960.078079
70000490910.257721
70000790128.188416
70000358769.571014
70000624167.343124
70000425117.308105
70000280120.943893
70000799278.353851
70000479410.905716
70000621850.542130
70000087449.437897
70000646056.297379
70000225354.196655
70000552932.647919
70000932811.310715
1.000000
70000292461.984009
70000752531.496475
70000200602.389023
70000481745.870529
70000466436.497391
70000339593.402206
70000537866.325989
70000121406.418594
70000603370.360687
70000315363.427124
70000890440.363129
70000235572.561935
70000825936.156830
70000954747.224228
70000790602.604126
70000088145.436340
70000293509.132645
70000343280.875824
70000021329.779327
70000677231.183411
70000087887.807159
70000599721.490860
70000286750.254410
70000445864.596161
70000491494.299225
70000530545.709595
70000147073.022476
70000639497.115173
70000497682.201797
70000672937.708481
70000614185.765350
70000324590.975571
70000253904.433136
70000275555.574310
70000050614.261017
70000255829.993652
70000700110.316406
70000938713.270935
70000471604.960892
70000801550.781906
70000642918.039246
70000779317.195343
70000888606.786682
70000810701.523178
70000227635.958298
70000121943.734802
70000726613.565536
70000758499.857681
70000105928.852463
70000572407.344467
70000169047.252060
70000521876.690872
70000962138.516357
1.000000
70000598168.543686
70000340506.469650
1.000000
70000877566.083878
70000637326.790222
70000484797.815048
70000406388.250336
70000726448.834732
70000706368.140198
1.000000
70000214099.128769
70000497834.735947
70000833558.409271
70000910678.384079
70000013049.611252
70000028723.206390
70000572477.836578
70000375824.071625
70000028235.497818
70000956378.586349
70000752802.562424
70000355437.783554
70000006456.005859
70000692417.605240
70000187097.433578
70000770679.187698
70000895217.781219
70000725978.852264
70000244789.085785
70000941130.897568
70000136616.145111
70000346613.789749
70000914477.928497
70000652866.435501
70000553830.202301
70000361811.384491
70000080254.238235
70000302671.002090
70000549613.062302
70000482761.387573
70000549284.745148
70000360190.633377
70000882102.526093
70000927493.464386
70000338759.133026
1.000000
70000126591.200394
70000823056.649857
70000407438.902267
70000515826.121994
70000039125.232910
70000321700.566666
70000772218.674850
70000917362.022354
70000263798.217514
70000093729.599548
70000942133.326096
70000261960.985474
70000595724.752350
70000669781.782852
70000879720.452744
70000749624.283356
70000113186.862381
70000233655.814774
1.000000
70000838476.492188
70000722550.394928
70000672065.072678
70000802607.773499
70000554985.159302
70000719658.253723
70000451705.951721
70000315968.237183
70000798183.473236
70000563590.740402
70000923313.413147
70000004511.331955
70000819435.351517
70000838470.848511
70000059537.481293
70000411302.935913
70000480233.230011
70000605265.065125
70000105517.873199
70000270444.602081
70000659446.795563
70000399324.863861
70000673195.542877
70000448820.329926
70000369576.099716
70000860762.178223
70000115852.216782
70000198748.691757
70000642593.382584
70000282812.217926
70000656624.534348
70000302298.436066
70000912045.059479
70000549479.057755
70000214415.212219
70000627992.579651
70000346972.536911
70000218598.771637
70000247102.437820
70000499376.399170
70000649403.311691
70000933799.420517
70000365557.867722
1.000000
70000389112.391403
70000000890.287674
70000898345.663910
70000539354.282593
70000169053.391144
1.000000
70000846211.263596
70000358043.400024
70000606478.006531
70000070692.729095
70000208798.093002
70000813522.157516
70000772525.726913
70000672736.813858
70000160392.040802
70000299395.370773
70000686366.675186
70000366606.616760
70000173562.409943
70000795604.957794
70000489535.858795
70000391079.008408
70000198453.502960
1.000000
70000621684.008301
1.000000
70000065159.332901
70000013776.637787
70000576319.364243
70000674393.511719
70000439569.537262
70000935933.772980
70000698092.189011
70000222870.170029
70000944059.136780
70000917729.638214
70000918754.725525
70000882517.312637
70000761140.430969
70000467737.660980
70000689216.580093
70000082289.061569
70000662726.929398
70000055178.444977
70000341135.589584
70000310221.835266
70000335762.589737
70000336333.967468
70000174570.082840
70000650436.090332
70000495652.319717
70000887896.120010
70000957857.328293
70000290716.223343
70000720337.007141
70000188587.062546
70000211849.967590
70000135698.665390
1.000000
70000279824.333237
70000416453.693527
70000780061.401962
70000510340.691559
70000276677.022980
70000318084.672531
70000932919.652328
1.000000
70000112739.549561
70000936116.360107
70000858765.129761
70000500799.469055
70000362777.387329
70000636598.849594
70000856848.665222
70000628378.456940
70000979099.960800
70000961660.657959
70000653755.175430
70000355815.456207
70000439449.632050
70000343342.901779
70000824120.578674
70000243897.404404
70000978186.504318
70000034187.249802
70000434244.208984
70000095745.391495
70000901277.195007
70000944745.256073
70000246530.971985
70000419967.045944
70000086641.708115
70000040613.902969
70000579144.875580
70000060426.885315
70000492492.059036
70000280114.216812
70000194819.195999
70000202698.562592
70000756755.661942
70000513292.338440
70000071534.236511
70000053229.682343
70000628603.909317
70000080192.269638
70000958583.123291
70000401863.588593
70000848922.322861
70000330459.994171
70000261604.234085
70000157538.874008
0.33
 0 0 0 0 0 0 0 0 0 0 0 0 0
