1 401
1.000000
70000720926.030212
70000752966.737549
70000408118.319321
70000807707.166275
70000985103.511551
70000406538.182083
70000544929.774399
70000348047.706741
70000395224.058395
70000943586.766342
70000834092.214294
70000552015.026230
70000775969.220123
70000049309.374725
70000885396.347290
70000606563.324234
70000426382.627304
70000761293.994202
70000474620.378311
70000337459.926544
70000382952.267410
70000128492.551147
70000496623.800568
70000564524.654785
70000313281.422745
70000936200.596420
70000065661.658066
70000218468.605408
70000148446.959274
1.000000
70000574324.014557
70000171494.097229
70000023682.936386
70000271268.978775
70000097886.077209
70000519715.138611
70000518011.698380
70000615685.256332
70000835104.509750
70000670432.472794
70000636642.858963
70000244259.599121
70000363894.465408
70000236337.934753
70000478234.733261
70000668927.774521
70000235065.638428
70000424965.059036
70000857347.546844
70000516393.795517
70000815245.379211
1.000000
70000199216.079865
70000546695.054779
70000354283.180939
70000306296.410324
70000516845.742905
70000629766.945862
70000938978.496445
70000891276.211090
70000546570.989624
70000039237.393677
70000546127.760651
70000659460.558441
70000442407.868088
70000799482.587524
70000624043.343170
70000199643.724365
70000220810.111847
70000981517.862335
70000478736.663712
70000661049.395615
70000850115.503494
1.000000
70000541593.313049
70000133208.408737
70000223319.915405
70000685664.302002
1.000000
70000514507.449066
70000955057.245316
70000953116.492218
70000338225.233932
70000241432.525558
70000400076.565765
70000836059.667526
70000967455.101669
70000036971.401016
70000873021.552643
70000683733.086777
70000387579.948486
70000278882.546188
70000616245.526016
70000910967.717850
70000005153.649567
70000569107.014435
70000427744.696014
70000469129.084534
70000944335.820618
70000406185.944244
70000546260.666046
70000037700.185867
70000104776.453644
70000274647.609344
70000136912.989807
70000204060.020981
70000721394.425140
70000841606.299805
1.000000
70000672580.704391
70000848879.323349
70000722883.174484
70000550567.670425
70000048936.735458
70000272563.939423
70000407403.938019
70000131887.127625
70000835868.841690
70000273883.310806
70000084271.756195
70000803205.106583
70000522280.808426
70000600893.669174
70000216711.036163
70000515566.809113
70000291858.900833
70000375726.927353
70000944707.142914
70000234533.053085
70000953863.793167
70000719441.717163
70000998665.875031
70000095599.240997
70000754600.737183
70000607525.643906
70000520194.479462
70000109300.643814
70000368190.690109
70000221404.174652
70000010195.736679
70000215819.758865
70000265692.211441
70000690962.760620
70000959417.377869
70000309521.438553
70000206971.036819
70000465242.569748
70000297851.060211
70000677027.549744
70000235531.829865
70000127757.756622
70000961192.083771
70000802539.500793
70000057897.937698
70000966239.129257
70000385370.263138
70000839348.167938
70000890431.533585
1.000000
70000404620.537613
70000919732.598495
70000796253.240067
70000894596.217773
1.000000
70000970466.373718
70000252089.705856
70000192291.699326
70000541469.517349
70000041066.331360
70000379525.871902
70000873715.710892
70000671303.222443
70000704660.359375
70000036627.631149
70000896403.027878
70000815770.681351
70000730994.913605
70000574813.690475
70000996745.324905
70000293071.464737
70000362104.267120
70000045079.556778
70000042974.409149
70000136022.593277
70000098229.218643
70000390079.208862
70000043297.808273
70000218823.635178
70000145765.951523
70000871946.342667
70000373584.866089
70000649488.154694
70000985307.402084
1.000000
70000824220.431763
70000764820.388977
70000551394.628891
70000910703.029999
70000734007.051071
70000804262.687881
1.000000
70000520665.989624
70000656787.616409
70000254733.090439
70000533251.422653
70000130852.230743
70000368865.212982
70000384802.875931
70000898267.585159
1.000000
70000151558.333237
70000578864.438492
70000752181.697235
70000653557.735321
70000623100.899506
70000269370.258560
70000593423.013672
70000452330.243835
70000393814.902588
70000179941.473038
70000558484.318863
70000605380.422867
70000736518.772232
70000412613.744003
70000989961.680267
70000856361.650253
70000919968.880676
1.000000
70000270106.193741
70000943992.853638
70000758960.098190
70000317562.714386
70000978060.518799
70000408278.744278
70000124862.964035
70000981871.672806
70000404542.974365
70000506857.582550
70000516676.483536
70000730948.195007
70000624400.584824
1.000000
70000974981.940430
70000011378.365219
70000017225.817795
1.000000
70000742439.855118
70000054553.445328
70000500205.799332
70000300495.875290
70000354059.637955
70000488726.420303
70000413265.298279
70000730513.698700
70000323491.163986
70000187181.300980
70000523829.700043
70000956431.492065
1.000000
70000669130.576538
70000304934.449310
70000303207.979660
70000507993.076172
70000494689.739792
70000455941.568924
70000775325.521896
70000309236.818726
1.000000
70000322134.371750
70000020395.692017
70000480518.664505
70000878061.626480
70000567525.266083
70000099282.477768
70000103055.769180
70000223209.933502
70000104318.677902
70000069129.559906
70000070432.465912
70000599604.788696
70000855356.382095
70000640330.229813
70000186980.945816
70000569348.750854
70000153700.693939
70000066838.476120
70000694530.199326
70000752698.565018
70000559177.963165
70000114250.644928
70000372941.298065
70000250680.366013
70000781663.150757
70000851277.157608
70000475570.279053
1.000000
70000976185.595322
1.000000
70000511855.005005
70000858208.045975
70000859132.211044
70000427974.422974
70000152939.924545
70000156367.560196
70000458598.390198
70000726120.544220
70000309841.502777
70000943653.483627
70000917298.235077
70000501604.394791
70000996343.235352
70000063824.194412
70000885736.792542
70000692315.380798
70000963366.917267
70000590788.737061
70000410800.574677
70000241410.127243
1.000000
70000332016.787003
70000025353.652496
70000724896.656784
70000850434.870956
70000567549.330978
70000919790.368256
70000698286.017426
70000418717.930939
70000409195.895905
70000310215.907944
70000944807.290924
70000131134.786224
70000763866.913803
70000300389.421036
1.000000
70000034553.477020
70000487416.465942
70000702209.559830
70000499230.661819
70000801865.622665
70000977148.694046
70000901941.644424
70000400734.935089
70000983186.245819
70000546816.263306
70000456225.923248
70000053723.288712
70000209134.779343
70000520890.696472
70000745115.488571
70000662711.722321
1.000000
70000870705.494766
70000804726.816940
70000714210.635529
70000492306.055954
70000942199.558578
70000249729.086288
70000265773.620712
70000707062.081406
70000885125.033401
70000830357.546066
70000125866.466965
70000247773.717712
70000014634.011017
70000892731.341888
70000060860.591507
70000255430.953781
70000858354.095215
70000215508.840210
70000826032.257660
70000080306.757767
1.000000
70000004855.708054
70000347433.201218
70000946200.116623
70000661487.639923
70000056742.729126
70000643854.348297
70000782019.784073
70000853512.418930
70000036947.720917
70000821058.771851
70000433672.758667
70000907475.015472
70000708688.279236
70000401769.173553
70000035127.902252
70000355517.429108
70000094434.147141
70000119715.292572
70000788219.753723
70000968039.865295
70000171364.869308
70000505487.019958
70000127829.553192
70000142793.599457
70000285350.119995
70000197344.077576
70000886795.543411
0.33
 0 0 0 0 0 0 0 0 0 0 0 0 0
