1 401
70000642842.611267
70000726224.124344
70000002560.724762
70000504403.731049
70000925241.902802
70000347478.603851
70000538553.115967
70000298068.096924
70000824723.042191
1.000000
70000055969.270050
70000446209.253967
70000170106.559113
70000683313.415955
70000718063.597137
70000357544.416626
70000902433.250778
70000880987.877579
70000545842.319473
70000512294.849548
70000615893.699066
70000118932.605072
1.000000
70000551001.455750
70000281635.972992
70000575436.478027
70000928562.338150
70000915183.528107
1.000000
70000450894.757675
1.000000
70000605282.555328
70000993205.047897
70000968065.675964
70000496711.355103
70000961864.131638
70000040343.680573
70000939400.679474
70000171634.905472
70000119780.681442
70000069481.805557
70000729629.144379
70000199169.990555
70000799938.177155
70000481102.338867
70000805382.582001
70000504198.117249
70000447386.349686
70000556692.451950
70000342963.406174
70000258477.936783
70000137193.574997
70000016988.377045
70000823928.271561
70000543557.603714
70000028131.001511
70000414554.628220
70000913239.048187
70000451433.633591
70000092164.559570
70000198924.021057
70000406845.479401
70000009957.242966
70000958740.689819
70000518385.786926
70000213511.626877
70000537116.989624
70000760213.595932
70000604289.195557
70000349380.943497
70000427404.526596
70000932195.739075
70000793014.947662
70000623191.759369
70000986580.843475
70000919549.831146
70000980321.608017
70000593358.519745
70000004369.037415
70000191842.425323
1.000000
70000771049.978683
70000041331.829117
70000360665.692307
70000854510.213074
70000758364.414734
70000343111.204575
70000062298.978653
70000271072.225418
70000943167.516068
70000902615.378220
70000209368.188004
70000691175.257034
70000320219.246796
1.000000
70000695726.029053
70000145355.486908
70000112998.643951
70000763517.123718
1.000000
70000807407.812088
70000607595.680466
70000158483.224442
70000881543.557373
70000695279.238556
70000042840.230133
1.000000
70000845658.508148
70000708536.605103
70000494430.348480
70000945200.432175
1.000000
70000429054.443619
70000388323.293198
70000098606.251602
70000740236.691040
70000722626.057968
70000088716.831512
70000452145.412598
70000430035.549576
70000378361.160248
70000824906.332306
70000331644.781815
70000049765.143600
70000607884.500671
70000915019.560089
70000033915.631912
70000228202.561539
70000470973.042709
1.000000
70000613285.946564
70000025123.660660
70000250355.207886
70000097324.159348
70000172466.946747
70000062944.540405
70000693583.669617
70000476309.480042
70000135120.553680
70000750131.248581
70000248697.236923
70000390655.236069
70000557885.002441
70000923646.959473
1.000000
70000426702.837860
70000758163.513580
1.000000
70000729339.011612
70000291883.212753
70000828544.591934
70000316265.005783
70000322510.343796
70000314474.881393
70000890788.974258
70000574314.678833
1.000000
70000387570.583939
1.000000
70000109836.866058
70000591707.582642
70000860273.906006
1.000000
70000167413.204315
70000444551.469437
70000082270.162231
70000858282.685974
70000311641.211136
70000329124.515213
70000743242.273407
70000155562.911682
70000005586.872086
70000845306.957108
70000582796.573792
70000788299.743134
70000859745.424515
70000530384.530563
70000149892.267487
70000812603.530777
1.000000
70000354302.116837
70000652822.270874
70000835361.832565
70000255752.748993
70000307544.150299
70000950337.001587
70000636513.694382
70000777506.992737
70000874734.116470
70000130389.751251
70000874199.669144
70000954388.684921
70000595275.852600
70000322952.468231
70000389614.415176
70000793447.610092
70000786703.424133
70000402061.938965
70000829344.761948
70000097472.087875
70000117402.936584
70000827024.163925
70000035578.041382
70000127023.608337
1.000000
70000728961.395065
70000669459.470459
70000359266.524185
70000621859.754623
70000990702.622406
70000288051.778152
70000955558.731277
70000746495.773987
70000811846.452850
70000442169.993805
70000522053.393311
70000816621.147598
70000764790.432037
70000332278.006088
70000511095.584351
70000104687.332321
70000220801.960236
70000216107.798172
70000429031.440262
70000023777.408997
70000708241.062439
70000809815.514542
70000366813.578796
70000418544.929550
70000921063.637787
70000747962.862061
70000351804.247482
1.000000
70000366394.803421
70000423323.195145
70000283492.651642
70000475344.052582
70000716098.245529
70000017459.397751
70000177803.978653
70000646844.014832
70000723414.129486
70000394724.240036
70000269036.187576
1.000000
70000207147.668533
70000548557.813599
70000317219.442032
70000326387.552551
70000516297.514450
70000104213.483566
1.000000
70000861215.696609
70000416699.623535
70000776389.593063
70000391208.063766
70000041388.381210
70000087331.676254
70000221915.647980
70000088069.112228
70000027780.951492
70000837631.155869
70000752082.651993
70000892982.367081
70000212639.427292
70000248236.448105
70000052804.051300
70000091640.706451
70000496964.374649
70000229175.737213
1.000000
70000615794.397507
70000499411.757263
70000117414.456482
70000494384.413040
70000472699.878723
70000837642.126953
70000856027.274872
70000748510.865112
70000847409.310364
70000093945.865524
70000591334.798904
70000883249.582916
70000003818.230133
70000617646.834198
70000165809.369125
70000234402.713898
70000374982.028412
70000834772.290985
70000885820.142105
70000963282.075638
70000481038.522049
70000570752.588501
70000583577.419174
70000003270.094574
1.000000
70000293312.318192
70000159959.268875
70000615855.593292
70000892192.574326
1.000000
70000840277.143311
70000319057.999680
70000741377.388596
70000365081.641113
70000824435.296402
70000529429.390213
70000456049.802933
70000865242.784729
70000263940.086426
70000817381.554779
70000573213.425171
70000483791.719086
70000831142.885284
70000668502.240387
1.000000
70000276796.368973
70000702101.838837
70000772927.260056
70000224040.631042
70000817561.860199
70000754707.866791
70000564809.200165
70000051953.686676
70000435919.689911
70000844849.830368
70000484087.426025
70000568951.367096
70000602375.219940
70000067379.335785
70000882849.129517
70000463286.034943
70000278493.810211
70000492228.874359
70000966340.128586
70000980092.528900
70000356362.191681
70000021284.460236
70000587375.742386
70000429588.093582
70000268969.496216
70000824144.612213
70000159694.025314
70000197925.648376
70000663879.071762
1.000000
70000233149.134369
70000566920.214249
70000426114.053925
70000882038.141052
70000995331.370071
70000859861.789185
70000481246.677414
70000842039.354782
70000841285.453232
70000629890.251999
70000973720.253021
70000350699.912750
70000394110.076630
70000487242.550766
70000425231.508408
1.000000
70000823155.424011
70000499400.304260
70000760659.572021
70000273146.079025
70000246852.670425
70000368792.331848
70000856271.404037
70000643650.774506
70000712101.529953
70000019707.251358
70000036341.264175
70000099637.146744
70000072111.775452
70000133064.031784
1.000000
70000284178.034012
70000753034.151184
70000627749.954269
70000238095.440582
70000834297.855774
70000096775.846603
70000858344.343613
70000300912.714386
70000001835.351166
70000984096.668121
70000185901.581985
70000890199.378220
70000565344.950394
70000579490.617249
70000134282.236237
70000903368.311432
70000461367.153656
70000829630.683670
70000413644.855835
70000753739.832108
70000409437.226440
70000467663.597137
70000182923.745880
0.33
 0 0 0 0 0 0 0 0 0 0 0 0 0
