1 401
70000559111.127686
70000443218.796249
70000139110.799561
70000921929.962357
70000146210.291428
70000692627.814957
70000753686.662796
70000704346.488922
70000737606.205597
70000917879.334167
70000950879.631912
70000129480.184906
70000854648.488602
70000206017.317307
70000999871.001511
70000428680.702301
1.000000
70000119205.424866
70000388790.781357
70000192694.550613
70000720830.612900
70000938192.117935
70000029272.292847
70000080808.119293
70000365265.248383
70000151247.391739
1.000000
70000789024.737167
70000097195.594757
70000082489.170822
70000197439.586227
70000294279.063705
70000141307.005157
70000803279.081497
70000852570.064819
70000732625.359100
70000419113.777344
70000380013.995392
70000608052.805267
70000456965.308899
70000421857.473251
70000591186.103821
70000802278.302185
70000239497.431671
70000255822.002411
70000132800.679718
70000236300.701248
70000556641.578018
70000139383.380264
70000746464.343506
70000668884.145126
70000181326.569107
70000760525.113571
70000103856.108551
70000019571.326263
70000698246.310287
70000383937.732056
70000535386.624176
70000209446.476654
70000009220.857727
70000983194.372955
70000983694.507339
70000832362.339508
70000954218.530762
70000085383.909180
70000378752.600098
1.000000
70000272668.402313
70000818581.019394
70000634571.234436
70000496420.193390
70000714228.390274
70000881269.622925
70000563293.938766
70000517509.969284
70000048777.456650
70000789629.845963
70000708232.442886
70000778437.314957
70000487864.775085
70000015956.120041
70000960149.779816
70000375060.428635
70000578913.299057
70000388056.919998
70000831918.581131
70000487410.108521
70000855639.644897
70000954501.254456
70000651725.103500
70000826963.960510
70000335744.935059
1.000000
70000208987.730942
70000024895.961288
70000254104.278870
70000036460.009094
70000511710.804382
70000359117.198608
70000329156.539459
70000762588.125351
70000123611.821106
70000835933.940842
70000461656.526855
70000296903.607162
70000635766.940598
70000942856.137207
70000236354.434723
70000381426.703232
1.000000
1.000000
70000375487.565536
70000789778.795593
70000674292.722733
70000053330.852325
70000247074.964249
70000612816.023666
70000534491.638824
1.000000
70000718103.967209
70000783519.201782
70000775308.926315
70000765551.625778
70000659800.663239
70000217293.899612
70000226804.380783
70000493550.311768
70000426768.971115
70000400391.840469
70000040825.978165
70000532940.448715
1.000000
70000665777.111694
70000937877.131714
70000999296.095840
70000705911.009720
70000246104.976532
70000361054.077179
70000296857.929672
70000291883.417786
70000363261.822205
70000365081.232574
70000753334.434616
1.000000
1.000000
70000886892.568069
70000094680.745346
70000701025.192398
70000244471.106003
70000956126.045288
70000757947.757568
1.000000
70000894610.435654
70000738562.372238
70000659928.953751
70000864829.679962
70000789833.760712
70000560606.593552
70000800624.750305
70000889613.971558
70000208555.111710
70000988228.922775
70000608819.856949
70000980012.360855
70000136492.890869
70000876228.828735
70000938962.687286
70000462845.740707
70000688296.402023
70000781108.478882
70000692834.488983
70000111898.461746
70000409290.825058
70000641062.601837
70000532221.362320
70000349033.691528
70000826775.759415
70000567776.392609
70000529139.559647
70000302348.461349
70000941571.859665
70000291016.240158
70000248351.241394
70000899949.792404
70000655731.752350
70000726579.644760
70000784378.604462
70000646767.059723
70000581323.043701
70000032950.967636
70000720425.816162
70000016443.499786
70000329937.044113
1.000000
70000304933.497253
70000541114.229172
70000910397.541763
70000995816.096802
70000494139.938492
70000962452.728699
70000932842.918365
70000173093.644516
1.000000
1.000000
1.000000
70000646319.122192
70000593618.071075
70000860211.287079
70000621910.427460
70000817990.035202
1.000000
70000549000.272827
70000278357.362503
70000914804.112259
70000880833.821655
70000176142.107407
70000204724.504318
70000792852.061752
70000142168.686935
70000394213.134476
70000544244.657227
70000259324.398331
70000962180.744904
70000140744.456375
70000668752.824081
70000659084.177399
70000219575.810059
70000939468.193832
70000758284.331757
1.000000
70000566031.508316
1.000000
70000033700.079773
70000941382.947479
70000426798.487030
70000970372.983322
70000743115.621109
70000883029.130173
70000910260.980072
70000774392.522552
70000231666.403183
70000365979.685745
70000226897.970825
70000607085.049744
70000174700.449692
70000462664.873627
70000566038.583649
70000445765.621964
70000820925.970108
70000501031.165390
70000775191.034927
70000100657.334198
70000417580.205582
70000023375.237076
70000377038.547928
70000371667.998444
70000793268.223480
70000988682.982315
1.000000
70000934076.599884
70000436775.642700
70000204953.054947
70000373024.216995
70000693895.266434
70000871793.607956
70000226544.279221
70000653322.614777
70000145391.417160
70000474375.259995
70000625641.518066
70000859990.673248
70000409015.574203
70000295502.094589
70000300331.014938
70000133060.617889
70000206064.976028
70000033209.498459
70000768637.368439
70000823452.822220
70000992667.736053
70000477870.872574
70000683808.345398
70000558170.826355
70000884296.927933
70000097217.943497
70000692192.054779
1.000000
70000323760.628357
70000295700.697449
70000125555.716522
70000527369.021149
70000797959.587753
70000797103.645218
70000733197.783981
70000684171.650558
70000614413.215759
70000681546.413681
70000696411.649582
70000441646.206848
70000344927.208130
70000927971.465637
70000606534.365540
70000319001.313370
70000510274.941223
70000528235.769104
70000348444.030365
70000339413.769897
70000907406.693161
70000829784.216522
70000335715.101791
70000068865.246399
1.000000
70000439320.767868
70000676669.917770
70000864437.952347
70000340627.447739
70000522035.895157
70000474552.512589
70000452345.150330
70000221113.544327
70000139973.505646
70000010120.095184
70000871040.898010
70000209804.196503
70000258380.462784
70000743008.657425
70000652382.551697
70000374883.055801
70000231296.561600
70000408589.142090
70000969141.657150
70000591213.824081
70000852092.385300
70000936176.890182
70000643360.124298
70000242322.223709
1.000000
70000212290.916489
70000002188.081451
70000648898.103348
70000849901.201096
70000178348.727661
70000693223.384415
70000130928.375336
70000333195.678680
1.000000
70000277895.023483
70000077341.740204
70000101174.449890
70000328564.719254
70000007323.108032
70000942064.286942
70000917168.291794
70000964921.443939
70000225391.739563
1.000000
70000557793.168945
70000251500.651611
70000420411.365356
70000399480.450653
70000445564.262527
70000693762.746048
70000874627.559998
70000610655.254395
70000998301.840286
70000761624.077225
70000733579.482056
70000760290.194916
70000913759.643021
70000347454.009171
70000784142.792999
70000726082.516052
70000932196.206863
70000506444.920197
70000318774.989105
70000216781.104675
70000248551.256561
70000620309.860748
70000052070.563995
70000857601.639786
70000149993.834808
70000254305.301254
70000753373.631424
70000332493.766571
70000184751.997452
70000614141.696167
70000200397.744492
70000969874.770340
1.000000
70000789206.461075
70000941931.684052
70000380774.894104
70000813076.031769
70000223000.438217
70000086801.781769
70000847784.015305
70000256358.251160
1.000000
70000917706.246445
70000846750.002884
0.33
 0 0 0 0 0 0 0 0 0 0 0 0 0
