1 401
70000625827.807358
70000207840.229584
70000557510.281097
70000466364.914627
70000362378.026474
1.000000
70000539365.361038
70000654219.272110
70000978797.791000
70000298070.289566
70000699480.443008
70000010939.583603
70000949893.245331
70000747578.172455
1.000000
70000292935.977753
70000361080.333038
70000892322.826477
1.000000
70000388011.493225
70000363734.850342
70000040890.490555
70000898382.477402
70000240082.545135
70000079303.244308
70000910778.468369
70000740730.655991
70000689969.729996
70000108875.037598
70000584765.893753
70000630460.427948
70000230858.486267
70000551614.890060
70000863501.793549
70000164838.483810
70000002419.203873
70000872476.912155
70000092597.500214
70000436103.791992
70000031170.315552
70000001220.458252
70000481686.378754
70000300926.240005
70000727475.375092
70000373203.924866
70000945520.551605
70000031244.400040
70000914357.087067
70000820861.048935
70000758150.412537
1.000000
1.000000
70000111673.758377
70000462874.218063
70000658842.888199
70000069116.421082
70000794851.633224
70000511251.631744
70000097556.674133
70000505388.554199
70000906691.081238
70000304823.566544
70000498811.563446
70000044600.318375
70000000420.948959
70000376226.997345
70000062348.184921
70000087071.624054
70000136177.136566
70000535257.568314
70000395269.442200
70000174382.077866
70000848879.043640
70000142615.397720
70000902291.707092
70000436927.196503
70000411890.411011
70000781849.636215
1.000000
70000490269.775558
70000317285.877762
70000357816.183884
70000185815.981476
70000616672.967590
70000677795.269821
70000146091.328552
70000116798.111282
70000357628.486710
70000205190.854080
70000877385.563431
70000317165.159012
70000909050.065475
70000814717.437408
70000333686.755478
1.000000
70000255759.767578
70000052115.059677
70000742362.661484
70000261265.523239
70000177639.136475
70000897587.853088
70000461256.480057
70000593713.396545
70000967655.141663
70000975504.566467
1.000000
70000167956.552551
70000038852.775909
70000782108.734329
70000488544.686264
70000514563.516556
70000418861.239059
70000291755.742783
70000097621.579514
70000476117.222855
70000694491.469849
70000012670.570999
70000150310.068481
70000843107.113800
70000112071.207504
70000660659.190842
70000885907.296783
70000114269.029251
70000722723.413483
1.000000
70000263172.850800
70000516520.200363
70000340371.481262
70000512569.185852
1.000000
70000799411.125015
70000721306.807358
1.000000
70000572949.871979
70000600769.474640
70000758028.405502
70000981584.883789
1.000000
70000886083.931595
70000583335.081955
70000561979.356400
1.000000
70000940575.007202
70000828501.789108
70000062816.711761
70000553529.054932
70000532663.920914
70000213700.915909
70000385981.304169
1.000000
70000816594.644257
70000001721.156342
70000014311.162354
70000865935.371689
70000952687.430756
70000038276.858078
70000908130.811142
70000889206.731476
70000566577.573730
70000903724.054016
70000483755.566635
70000091142.730606
70000245034.961212
70000873095.790955
70000166606.610382
70000901639.450150
70000547129.769196
70000356150.032578
70000448730.116653
70000983329.207703
70000612397.418152
70000428779.499664
70000583643.929047
70000342697.166138
70000648805.051926
70000386848.693924
70000521907.219711
70000401751.831497
70000473687.656235
70000681475.038651
70000773657.804260
70000307469.179459
70000926922.976913
70000177337.000580
70000210659.348969
70000838872.857849
70000659095.823273
70000375728.630676
70000540981.360718
70000290347.709061
70000451571.414291
70000762963.213058
70000586117.499802
70000386739.806839
70000924932.705109
1.000000
70000059992.018158
70000861115.594467
70000389772.665695
70000429726.378342
70000554701.274841
70000478239.116913
70000516811.969757
70000061126.985138
70000916228.331940
70000026389.940125
70000043042.518631
70000501884.818222
70000322097.503296
70000759632.506485
70000934845.914566
70000754536.979828
70000024909.687439
70000736393.434464
70000770598.033127
70000339479.755707
70000654261.059296
70000097983.882736
70000637109.579590
70000895892.292801
70000407729.079346
70000659285.536591
70000433416.986847
70000908699.329880
70000997171.244339
70000224003.095001
70000451160.566925
70000315345.832611
70000967780.212814
70000583829.787476
70000050360.212906
70000189772.220612
70000242935.110977
70000382999.990005
70000733544.909195
70000432112.140594
70000080923.472931
70000965881.807800
70000356994.919983
70000636138.875702
70000159992.444839
70000897153.687775
70000851239.449814
70000183313.472900
70000526341.772354
70000653207.878433
70000122501.318329
70000897636.368607
70000094614.562057
70000655124.941666
70000021662.638672
70000831443.544724
70000364067.364380
70000976974.844025
70000839485.908295
70000997020.324997
70000496936.928085
70000585073.997940
70000972204.337921
70000968054.810165
70000166608.655014
70000304237.712067
70000048042.634766
70000971139.228363
70000791085.329605
70000913505.017349
70000144159.997726
70000910868.500778
70000208684.364395
70000788885.562012
70000067240.601196
70000968227.455704
70000530991.388779
70000337493.115326
70000149267.596069
70000678950.582413
70000913955.669113
70000899095.100159
70000692948.872177
70000310459.154175
70000271614.901123
70000416449.017776
70000374315.152740
70000624507.032257
70000538150.100143
1.000000
70000593996.613892
70000220498.866791
70000781974.662460
70000189260.174515
70000002076.015259
70000447159.532410
70000705531.492661
70000685982.064117
70000580614.845779
70000336474.943649
70000982989.114929
70000240103.200623
70000918722.128967
70000398130.872772
70000362726.877533
70000130139.695694
70000578221.953568
70000131559.697556
70000629957.485413
70000302786.713776
70000152527.135818
70000284539.117218
70000374805.806702
70000923915.838791
70000796209.293488
70000882263.230911
70000989118.850403
70000919742.862885
70000613788.744202
70000587940.458313
1.000000
70000948857.735931
70000889201.144943
70000499370.708817
70000487474.752213
70000648935.268555
70000791812.931320
70000984349.999863
70000738607.455902
70000876238.038498
70000792696.490570
70000133203.600540
70000578987.901443
70000834159.620621
70000087358.605286
70000123021.590866
1.000000
70000881944.370148
70000659107.386200
70000080987.865662
70000937933.939896
70000089940.007584
70000102452.044510
70000792450.206161
70000182946.931793
70000576667.841476
70000580817.008499
70000933839.923508
70000857201.610458
70000594719.108612
70000161553.538696
70000940245.721115
70000005835.247803
70000859578.730133
70000823978.111816
70000483664.278549
1.000000
70000629175.706177
70000919649.368271
70000837635.325073
70000326163.339783
70000238719.317352
70000955901.135986
70000650848.322815
70000317909.981598
70000085414.347351
70000753792.108154
70000164794.981583
70000481950.305237
70000683460.288208
70000817530.813782
70000002029.013702
70000245474.498962
70000799753.553574
70000396116.127579
70000078161.869919
70000433767.787323
70000818635.189926
70000574016.761108
70000282718.392136
70000489090.975662
70000645600.724747
70000725775.046402
70000032889.830551
70000377020.382233
70000100341.218903
70000899082.591156
70000129121.646301
70000163611.857651
70000280115.217102
70000466307.313538
70000388580.996887
70000773639.171051
70000881595.894806
70000040744.991058
1.000000
70000087223.220657
70000851944.349884
70000379259.420853
70000467531.969727
70000402292.296234
70000864649.701721
70000854905.758102
70000443637.208496
0.33
 0 0 0 0 0 0 0 0 0 0 0 0 0
