1 401
70000912567.978760
70000134769.707703
70000913557.911285
70000236096.897232
70000470694.863998
1.000000
70000877297.113312
70000341157.426086
70000601931.635651
70000257107.709488
70000029010.119812
70000435682.913391
70000714947.630203
70000949150.352142
70000853949.906631
70000259073.627991
70000061940.399872
70000409343.123581
70000616853.630707
70000585691.892929
70000067561.143967
70000438043.754517
70000541310.205872
70000882779.315613
70000747734.325317
1.000000
70000157975.322144
70000512892.323166
70000749036.244507
70000017294.333740
70000251347.951141
70000254932.152298
70000012764.358734
70000863257.097855
70000186790.345703
70000891519.469528
70000803598.961273
70000456759.795685
1.000000
70000303556.363831
70000450697.623291
70000655185.490494
70000190692.827454
70000484818.185303
70000510918.419769
70000610745.429031
70000264012.436310
70000442205.444366
70000764915.639160
70000083508.047195
70000619941.668961
70000227783.171814
70000054510.297195
70000034872.514328
70000063407.802155
70000629156.088043
70000496100.978485
70000702990.458755
70000446551.942093
70000610054.138016
70000821336.193558
70000610585.137115
70000117191.023346
70000621583.537674
70000223817.162399
70000742210.084702
1.000000
70000127896.779480
70000375809.502914
70000373967.433731
70000569851.357330
70000155003.463394
70000491059.025101
70000667066.684341
70000105804.128830
70000945106.368179
70000815176.081573
70000803708.909378
70000935187.532455
70000069780.825653
70000022331.191025
70000516872.598267
70000290782.792297
70000883288.569763
70000184580.763794
70000017757.312622
1.000000
70000938014.786682
70000485140.780762
70000904715.155304
70000642264.859100
70000899265.612427
70000520342.090729
70000077512.978210
70000765763.263474
70000309064.555237
70000744636.217331
70000221062.598633
70000905840.350739
70000838606.661835
70000627174.568466
1.000000
70000225837.049683
1.000000
70000882374.289337
70000090543.631393
70000523001.444138
70000887339.824524
70000254325.024170
70000526078.824738
70000926145.493866
70000746433.550934
70000540674.297470
70000075471.518021
70000799213.725693
70000007774.543732
70000465506.075409
70000232470.220764
70000012172.759415
70000695413.699997
70000303384.711578
70000486688.122330
70000979541.573593
70000227484.748459
1.000000
70000910764.691772
70000452255.430466
70000392722.797241
70000163059.458038
70000378420.415314
70000993133.052521
70000756089.086304
70000894434.038910
70000291440.234970
70000309638.029556
70000721240.287140
70000759398.776306
70000908343.435730
70000389530.758606
70000683781.357941
70000288827.046753
70000888809.306427
70000391091.049744
70000386973.416977
70000109182.041168
70000080397.967422
70000551469.295578
1.000000
1.000000
70000474738.256348
70000314384.977036
70000641054.470413
70000368233.476364
70000443287.338867
70000276866.750061
70000233955.106445
70000275477.310730
70000436024.617188
70000261442.134933
70000698578.102158
70000302494.744980
70000537169.014694
70000563552.315079
70000931612.677368
70000740279.302948
70000178233.876846
70000301898.184158
70000814253.996826
70000046068.438156
70000051454.445099
70000916848.313522
70000426446.374832
70000322093.350983
70000424121.084412
70000162159.108978
70000661691.782440
70000728452.183136
70000426732.893433
70000697709.396271
70000307917.827408
70000566983.943344
70000521512.264252
70000648076.447006
70000291565.316986
70000386764.610535
70000508098.535095
1.000000
70000340336.827255
70000180051.055588
70000470389.449478
70000959597.435272
70000632631.137512
70000593926.987167
70000558972.434311
70000490717.443649
70000648089.827652
70000264627.735031
70000443656.061264
1.000000
70000212193.768799
1.000000
70000358004.534119
70000641368.047241
70000972985.621628
70000864070.695923
70000963397.925903
70000051373.413116
70000509283.942108
70000667009.911896
70000658405.568466
70000562368.000580
70000735103.198959
70000771042.819885
70000384270.595016
70000825215.888779
70000243956.978363
70000661094.943558
1.000000
70000666301.969788
70000442700.275177
70000587741.545258
70000559691.229980
70000002899.564636
70000630299.272430
70000242383.160645
70000528168.701935
70000733304.700562
70000795799.763397
70000510528.558548
70000431877.790771
70000322122.511017
70000208102.707199
1.000000
70000571051.077393
70000245278.675079
1.000000
70000081507.041290
70000693762.173721
70000693511.768692
70000679432.228317
70000260633.169327
70000075970.440430
70000655506.915634
1.000000
70000445153.578232
70000069325.935394
70000596333.603592
70000612824.571060
70000364811.289062
70000831128.325760
70000678885.775925
70000627506.652969
70000433820.314911
1.000000
70000359969.081192
70000937489.341461
70000640105.559296
70000900332.321762
70000822419.123245
70000252340.448318
70000688227.051010
70000535930.347748
70000847497.481857
70000339086.330917
1.000000
70000566854.731537
70000692820.210144
70000413579.248734
70000609647.404526
70000184026.312775
70000087920.013031
70000607631.701523
70000247799.782639
70000840784.170288
70000200471.909576
70000204626.340012
70000906259.368866
70000582710.906464
70000765777.084717
70000280307.536255
70000638518.728668
70000573466.630859
70000231560.253906
70000196264.116180
70000877324.068848
70000075681.484970
70000409379.076797
1.000000
70000827902.889130
70000752566.419617
70000203315.380646
70000686794.447906
70000726014.609360
1.000000
70000759269.176208
70000827918.315674
1.000000
70000358022.235153
70000820281.578003
70000050974.965515
70000019578.005829
1.000000
70000758693.692352
70000042431.632843
70000186744.217804
70000045583.328018
70000888413.200821
70000454740.106308
70000219753.139114
70000256813.416748
70000869607.970078
70000219945.019211
1.000000
70000563370.151993
70000991362.102097
70000617257.533478
70000378845.355881
70000669526.448441
70000819547.735413
70000454152.775650
70000154855.189117
1.000000
70000183464.920395
70000316449.380203
70000557273.793793
1.000000
70000273963.747238
70000919163.530838
1.000000
70000501908.322952
70000451765.598816
70000532096.419861
70000224006.688797
70000880741.006516
70000518154.608780
70000139252.436920
70000887367.207413
70000743846.533737
70000215883.644058
70000357399.547134
70000016696.093811
70000085542.796188
70000096028.295547
70000068298.295654
70000435583.677963
70000190530.107925
70000142956.803421
70000705622.627594
70000802331.754822
70000701826.884186
70000585026.740799
70000448361.228851
70000043736.820648
70000582708.156601
70000196745.320435
70000193404.024246
70000253177.407501
70000218790.479568
70000009258.757965
70000839122.024429
70000088807.176224
70000795512.531998
1.000000
70000219270.723572
70000616419.103775
70000885434.512314
70000243026.873520
70000288817.258011
70000553330.018234
70000854277.080841
70000678848.000229
70000232808.071411
70000725714.123245
70000351136.079987
70000102052.233215
70000834216.577972
70000642940.910889
70000522154.685379
70000483462.718063
70000292762.623322
70000959604.394562
70000929309.923157
70000660413.958206
70000667906.533279
70000455302.351044
70000175621.873611
70000850696.932053
70000995421.055191
70000241141.189941
70000564085.887817
70000177886.636581
1.000000
70000805615.490662
70000417351.659409
70000422026.534164
70000366906.060928
1.000000
70000004042.425385
70000998965.078979
70000335645.724335
0.33
 0 0 0 0 0 0 0 0 0 0 0 0 0
