1 401
70000381408.614868
70000914817.503830
70000894336.698730
70000146409.829300
70000181011.029999
70000854594.001129
70000567740.909119
70000153525.891571
70000575579.155975
70000524477.451736
70000968814.348236
70000524215.805023
70000676539.819290
70000403392.206085
70000908203.698380
70000653570.967468
70000830415.501419
70000227678.943237
70000754851.224915
70000996015.946182
70000852733.532684
70000047500.026581
70000891153.896820
70000075577.599167
70000317976.089920
70000779587.955414
70000973689.863464
70000661349.254532
70000719776.947113
70000131947.155289
70000416433.466812
70000914796.466202
1.000000
70000695328.765930
70000173085.350189
70000510947.172882
70000359822.959915
70000122079.727325
70000203409.688248
70000691272.082825
70000338927.420059
70000916404.699753
70000453039.638000
70000108429.169113
70000793724.372269
70000577861.485626
70000035083.005981
70000028412.503098
1.000000
70000167502.179184
70000483648.422653
70000292762.198700
70000610437.311996
70000551784.271439
70000923149.190247
70000040968.523849
70000082361.324280
70000876939.076660
70000602420.408920
70000404203.113586
70000622837.570908
70000914651.576553
70000239540.549896
70000823445.945694
70000936062.829636
1.000000
70000227199.343597
70000130130.755157
70000950207.244049
70000357496.121628
70000168117.718933
70000623804.048599
70000832567.790131
70000275122.794327
70000791814.534882
70000890908.658508
70000265707.175842
70000203152.283646
70000905766.265778
70000853235.279541
70000977070.568649
70000604516.948761
70000320293.020279
70000245881.926758
70000852169.260651
70000002239.357422
70000705937.431091
70000167708.978683
70000837463.669449
70000033219.887543
70000125993.597809
70000209548.496109
70000973193.317978
70000989653.350204
1.000000
70000499353.906998
70000548623.935959
70000998701.576691
70000412225.801529
70000674940.632233
70000866292.869720
70000801885.063721
70000144720.027756
70000894690.872894
70000580069.835480
1.000000
70000586707.523560
70000985613.714005
70000557642.746185
70000012417.430817
70000144845.101547
70000104422.485001
70000043834.528854
70000181151.641998
70000446937.424591
70000063937.024353
70000173758.996750
1.000000
70000661385.663986
70000886061.644196
70000991973.168152
70000974857.951859
70000994296.123444
70000970300.611420
1.000000
70000980569.685623
70000608891.181427
70000545842.563889
70000724181.893326
1.000000
70000442514.653290
70000766505.692673
70000139652.005997
1.000000
70000642047.359573
70000332643.466980
70000400787.718597
70000975328.847458
70000798602.768021
1.000000
70000405724.187912
70000787631.432983
70000020622.993439
70000281758.024612
70000428112.566940
70000685470.422928
70000800387.109009
70000596967.375717
70000339900.873291
70000202103.524368
70000859881.966751
70000984459.767761
70000333887.237686
70000564462.184296
70000600078.080048
70000763892.817337
1.000000
70000905271.821915
70000102975.971832
70000349488.499573
70000603102.804398
70000002694.672043
70000802979.536423
70000278431.305328
70000466874.379715
70000095802.442535
70000367670.913132
70000405993.149307
70000384811.402100
70000077632.843842
70000886624.960388
1.000000
70000453114.008743
70000727404.526443
70000499141.790131
70000392692.900803
70000395644.832840
70000922814.519852
70000441112.477936
70000745760.984283
70000306589.364258
70000660843.524002
70000878659.342972
70000859389.664001
70000409555.072357
70000073644.546844
70000290284.403427
70000387401.954895
70000958677.677429
70000379720.413605
70000831651.844147
70000714823.436203
70000602890.664230
70000770253.988998
70000136119.247360
70000801799.548187
70000998094.641602
70000683240.299515
70000128380.835587
70000238284.857590
70000471435.692184
70000043361.817719
70000363934.696259
70000331738.628601
1.000000
70000904697.755676
70000069354.181870
70000819420.246262
70000207352.759293
70000309311.329163
70000848386.975861
70000434597.082870
70000459362.544815
70000902112.765884
70000526466.696426
70000929091.477325
70000707013.801636
70000176146.932098
70000390406.449982
70000160350.715714
70000894100.845428
70000534024.009781
70000753746.560410
70000943123.582153
70000585854.350143
70000437402.646835
70000940555.706131
70000838788.854614
70000325286.229889
70000098547.955933
70000362880.112579
70000787946.435608
70000982626.825638
70000229406.626602
70000091920.147385
70000009271.471283
70000467779.790146
70000745970.324097
70000673115.565521
70000960062.284363
70000210166.645004
70000522085.978943
70000455579.036072
70000907130.811615
70000831357.133362
70000624416.336365
70000778793.392807
70000823789.756393
70000053481.407028
70000636371.739471
70000269625.870071
70000954950.340042
70000088893.061234
70000421385.806793
70000278387.950455
70000355032.714645
70000237287.733109
70000540420.154953
70000392172.760086
70000601857.693054
70000374749.714035
70000860089.413788
70000644364.597382
1.000000
70000819245.627747
70000962218.422058
70000595228.307999
70000680304.062988
1.000000
70000204481.948380
70000430853.126404
70000278061.044830
70000748055.958679
70000746411.088562
1.000000
70000534403.714935
70000523442.935959
1.000000
70000849576.949051
70000996408.511154
70000548050.914856
70000497218.809036
70000870901.591293
70000596083.304108
70000365276.072845
70000558052.229385
70000108307.896088
70000785503.269638
70000831952.491547
70000802377.487549
70000434433.567673
70000337794.770752
70000742331.827911
70000825185.067139
1.000000
70000561946.248230
70000263709.633438
1.000000
70000921837.332413
70000609842.729019
70000817985.187607
70000212146.769455
70000349828.201233
70000746211.049164
70000790794.370163
70000653941.664368
70000940135.055649
70000919589.813049
70000722957.895721
70000936993.722092
1.000000
70000808862.995880
70000954878.131516
70000578760.642746
70000630689.020782
70000099280.299637
70000951428.050278
70000634263.448975
70000173696.868927
70000329860.485428
70000941993.770340
70000374174.147797
70000524767.790390
70000588810.477753
70000605307.819321
70000548893.580307
70000253364.394318
70000073494.184723
70000779630.829376
70000411143.409531
70000109084.170013
70000102775.591293
70000897444.686539
70000863146.980484
70000306062.113571
70000126108.919296
1.000000
70000196641.434555
1.000000
70000050957.809906
70000264160.961334
70000032316.388092
70000826966.889618
70000303236.925842
70000179578.380112
70000480729.967545
70000422945.348999
70000599450.530411
70000394684.976807
70000372552.093399
70000768390.511475
70000354271.107071
70000931692.177719
70000736280.781265
70000138242.675232
70000040489.337234
70000262323.224640
70000326988.157410
70000866525.105255
70000048057.252029
70000550649.157898
1.000000
70000041281.532852
70000812703.387009
70000174734.982117
70000556626.852325
70000175143.928909
70000077547.765427
70000127649.905136
70000307835.212265
70000291616.302795
70000526450.190201
70000458703.134872
70000270783.776154
70000895735.564575
1.000000
1.000000
70000704683.463165
70000690255.084747
70000638659.350983
70000589345.714066
70000298372.822449
70000035003.739578
70000707541.433151
70000261909.181717
70000177890.282013
70000360700.126724
70000130926.665710
70000997184.274231
1.000000
70000050142.958344
70000361741.991119
70000395360.557831
70000871998.804901
70000335455.520126
70000240241.741882
70000284028.384491
70000036407.568665
70000673541.542252
70000878876.039688
0.33
 0 0 0 0 0 0 0 0 0 0 0 0 0
