1 401
70000559229.510895
70000871627.371735
70000214900.119751
70000394764.304276
70000220733.820129
70000872668.908554
70000114380.607391
70000495988.698822
70000489737.455246
70000213167.352341
70000217454.914505
70000509762.151764
1.000000
70000513730.975250
70000158595.972351
70000808736.113678
70000489404.765381
70000001119.598557
1.000000
70000904495.933090
70000490345.338928
70000308681.244888
70000073965.644821
70000661822.787659
70000305786.278015
70000387812.337936
70000207352.725220
70000253862.648651
70000662353.399811
70000117833.446442
70000448575.383377
70000895769.643433
70000157487.566498
70000457385.812668
70000779699.841278
70000338390.197327
70000401131.466003
70000219892.433182
70000087435.976746
70000969762.684967
1.000000
70000822288.619507
70000776568.116928
70000150939.678238
70000111873.315033
70000279526.575745
70000957792.542374
70000348598.323563
70000012377.324493
1.000000
70000438568.072067
70000029991.901016
70000796489.540390
1.000000
70000399748.027481
70000997591.174469
70000253239.706665
70000685786.007187
70000344932.194443
70000820952.953659
70000436539.080688
1.000000
70000772244.393478
70000674416.344482
70000260537.360626
70000775774.394562
70000661968.405319
70000460800.752365
70000462728.824677
70000847876.383957
70000225513.284653
70000300898.657242
70000403520.365112
70000885277.009735
70000266116.858643
70000336420.148605
70000516475.223358
70000681195.544250
70000408349.083984
70000884735.675400
70000212129.436554
70000813830.353836
70000501963.649765
70000392935.332275
70000336492.314392
70000286917.056824
70000132245.777557
70000146719.598145
70000332402.158646
70000984575.484604
70000007346.560562
70000468489.873383
70000320935.012329
70000187369.004471
70000875095.746872
70000779906.551437
70000221487.592712
70000116645.296982
70000194728.900620
70000248525.249695
1.000000
70000160706.359726
70000737782.845505
70000424961.212051
70000948777.547043
70000253288.529327
70000371209.426727
70000329641.737213
70000168885.998657
70000514299.156311
1.000000
70000575227.860336
1.000000
70000254437.704895
1.000000
1.000000
70000410740.253448
70000843757.393890
70000664333.036484
70000854048.201447
70000788897.118927
70000883444.670853
70000992101.971252
70000329951.067429
70000886584.322647
70000276219.797119
70000081176.347336
70000060100.330841
70000359429.492630
70000528457.351547
70000572724.088440
70000323810.581192
70000496061.327896
70000396484.809326
70000957612.476852
1.000000
70000299883.949081
70000992153.066727
70000791124.348114
70000231966.482391
70000650307.629517
70000488466.162155
70000086868.530228
70000512251.124191
70000296188.213058
70000666249.373596
70000573763.378555
70000287804.014694
70000943270.562897
70000093065.747726
70000168182.048737
70000269715.801620
70000021519.536469
70000744920.210373
70000606808.572739
70000924131.409973
1.000000
70000572803.150986
70000014964.699570
70000146871.610413
70000435583.202469
70000245676.832764
70000180209.702194
70000949173.767487
70000750212.936310
70000572867.289566
70000153638.433365
70000536747.880127
70000313252.220367
70000086667.624115
70000778930.040085
70000433006.502426
70000263472.532059
70000479792.958847
70000911106.515930
70000262470.671219
70000853208.119232
70000875892.993973
70000600223.865875
70000859491.639984
70000369723.756439
70000220940.738693
1.000000
70000862752.007370
70000884511.345779
70000180089.984787
70000345917.013260
70000719362.256775
70000129904.742935
70000392979.229828
70000226322.636932
1.000000
70000579012.180359
70000911368.664062
70000122465.783478
70000561561.930557
70000607230.795441
70000358896.433273
70000085798.036438
70000711281.774719
70000436663.956741
70000276645.935135
70000078981.724060
70000836160.636658
70000939166.451553
70000773766.265823
70000827506.944046
70000316426.973602
70000527921.689880
70000842280.465164
70000771703.858948
70000977606.085297
70000289008.087418
70000502744.158615
70000532210.429077
70000909935.942245
70000761000.566971
70000741400.328094
70000416985.266205
70000650737.669083
70000658443.239731
1.000000
70000222029.352081
70000970151.339813
1.000000
70000018543.771072
70000067643.470108
70000285233.535446
1.000000
70000995066.199036
70000948750.203964
70000397190.115143
70000164926.469376
70000454678.203781
70000830996.725616
70000471716.950348
70000712436.104141
70000851841.394028
70000664003.290665
70000319557.011383
70000384268.611938
70000843245.331909
70000565928.287842
70000386916.906082
70000034012.632477
70000792673.160187
70000724611.373047
70000540933.386673
70000810955.492264
70000865588.003403
1.000000
70000283887.506836
70000194023.520874
70000344517.510635
70000496617.503204
70000226191.214600
70000832749.540680
70000102126.631073
70000310546.263275
70000493019.414490
70000681941.106583
1.000000
1.000000
70000799190.528717
70000421338.249985
70000017661.386230
70000501216.430908
70000786250.651993
70000106135.505966
70000468729.463852
70000270964.555710
70000123226.285156
70000283285.196701
70000016785.576981
70000822523.563812
70000246456.631638
70000206678.967697
70000940951.439484
70000458708.786453
70000525327.841232
70000523855.836853
70000514851.557053
70000876007.332733
70000774524.142670
70000358013.363190
70000639093.057648
70000934868.525742
70000422114.448654
70000944716.337433
70000206518.498566
70000106058.006180
70000072862.189270
70000902136.271652
70000456499.345795
70000186253.214737
70000161620.980148
70000690681.940796
70000987890.039246
70000220173.016342
70000009505.558914
1.000000
70000153393.855209
70000611196.617722
70000086144.665512
1.000000
70000207860.455032
70000645386.335464
70000717688.529007
70000804173.445938
70000080423.601913
70000422563.139572
70000363316.737900
70000174100.964111
70000489529.171570
70000946928.361740
70000046752.013962
70000958835.380600
70000569771.982742
70000728014.756653
70000100905.042648
70000354857.633987
70000504097.449936
70000208405.159393
70000012042.710815
70000105197.449768
70000621189.890091
70000340740.222031
70000232712.407974
70000815923.710510
70000459942.854279
70000398101.246231
70000798126.964615
1.000000
70000846261.643143
70000838241.996780
70000002998.377762
70000125294.589630
70000125950.875397
70000444649.186234
70000379153.909958
70000563946.759277
70000659321.342606
70000645801.654572
70000490714.273666
70000552252.867706
70000303918.776581
1.000000
70000887978.777618
70000184281.364212
70000573198.338165
70000661238.760971
70000763175.714691
70000695902.437805
70000333214.033432
70000721184.185867
70000617207.466385
70000447948.929306
70000912225.734283
70000241130.910416
70000883244.131104
70000362658.772675
70000640232.766708
70000916637.703476
70000744420.017502
70000461230.488525
70000333342.420837
70000696448.868912
70000917551.419037
70000473787.304565
70000705543.240891
1.000000
70000616169.056976
70000741267.319168
70000704683.772247
70000003882.830246
70000694862.065125
70000831056.695831
70000178900.481018
70000731016.509415
70000308893.297501
70000168912.124680
70000958755.492142
70000151738.661987
70000988928.554062
70000904531.728500
70000682143.671265
70000718070.266891
70000910657.450333
70000225775.201263
70000243796.675598
70000233057.217728
70000566183.216019
70000291992.293991
1.000000
70000140146.103317
70000552969.652588
70000047722.241211
70000669023.100159
70000943671.425552
70000087720.955643
0.33
 0 0 0 0 0 0 0 0 0 0 0 0 0
