1 401
70000357028.818832
70000234683.448547
70000785305.146622
70000704213.870178
70000045144.101120
70000319006.570862
70000905940.875916
70000684013.559357
70000618953.260330
70000010917.481812
70000985101.254227
70000708679.581116
70000402081.634888
70000826917.985504
70000555892.589920
70000256074.878677
70000428915.040939
1.000000
70000707710.244141
70000479128.565872
70000517537.005600
70000861870.675018
1.000000
70000582459.115341
70000525616.107178
1.000000
70000166298.504120
70000701975.539719
70000427577.050781
70000680108.204758
70000900236.168762
70000529436.931732
70000685721.294678
70000530235.141342
70000829383.999207
70000149516.296432
70000103666.164886
70000286566.147720
70000125893.997040
1.000000
70000322019.548523
70000666389.621246
70000980350.457916
70000978321.204514
70000492839.216644
70000515601.348831
70000223470.698563
70000646994.552689
70000662046.339355
70000077800.535461
70000497768.949234
70000962898.676025
70000533279.372879
70000342233.494400
70000552817.107727
70000276310.955292
70000928853.602402
1.000000
70000136035.241776
70000987335.950226
70000937600.911041
70000388680.859070
70000139050.523468
70000996169.285065
70000336453.409271
70000746505.966400
70000015829.302719
70000050116.352097
70000728817.477890
70000561741.793777
70000458282.934509
70000198485.964569
70000781047.613998
70000605437.189850
70000479891.982681
70000339700.824112
70000977454.322723
70000385061.753555
70000109016.467026
70000494060.134277
70000193270.657547
70000794777.665390
70000412535.278442
70000323096.377808
70000140353.841614
70000402819.785629
70000062047.331024
70000062550.431290
70000264811.810806
70000708618.539810
70000824110.611404
70000542054.021637
70000986553.457367
70000044535.755661
70000033203.507904
70000518726.138428
70000967953.656723
70000548436.059204
1.000000
70000030811.155426
70000475033.909683
70000385499.658768
70000218608.996231
1.000000
70000192492.713318
70000357761.145706
70000128088.134903
70000352849.549667
70000020311.246933
70000549398.426910
70000929907.388382
70000563618.637283
70000983314.489288
70000147995.348511
70000559676.220016
70000794685.924026
70000319626.423111
70000553976.706940
70000022466.909836
70000376316.835754
70000865217.212051
70000014054.197983
70000663209.571945
70000570457.174637
70000765091.278015
70000936254.402832
70000459898.575134
70000120953.484818
70000203858.092621
1.000000
70000533363.024506
70000708431.819275
70000684418.986908
70000496055.297729
70000411325.929657
70000181115.495514
70000939200.719711
70000623002.179077
70000629697.207825
70000838386.872711
70000558713.541321
70000184624.066559
70000631885.878403
70000414889.427200
70000682151.456680
70000607244.903351
70000636260.183640
70000461503.388336
70000064770.056458
70000801599.719528
70000775158.947464
70000663085.986847
70000321838.650604
70000943970.837051
1.000000
70000344997.514893
70000336189.701385
1.000000
70000343878.607864
70000342201.643433
70000774003.228790
70000302867.657089
70000488928.988190
70000436011.326935
70000893592.348633
70000425032.630905
70000722512.527176
70000070728.400986
70000726110.244644
70000014228.338547
70000267194.309982
70000566607.657074
1.000000
70000665936.757690
70000925131.159729
70000170680.400681
70000146569.586685
70000542878.249603
70000579818.019730
70000983614.126114
70000913927.852722
70000142657.731537
70000496685.466827
70000595056.380829
70000598636.714493
70000850032.711441
1.000000
70000487963.442368
70000017819.711624
70000464701.180756
70000572025.286987
70000574224.259460
70000317153.651077
70000834704.867172
70000077826.686935
70000676281.230377
70000624625.866226
70000121356.280563
70000016296.719742
70000073332.542725
70000029510.420090
70000413051.979568
70000711183.552200
70000644736.900726
70000392042.077164
70000370962.457138
70000615024.677094
70000715794.753006
70000460192.350616
70000430241.394806
70000270062.314499
70000555582.061218
70000656360.795212
70000513216.528732
70000692479.597260
70000981812.435928
70000773252.447983
70000854958.183548
70000606394.899002
70000190647.052261
70000236731.477524
70000809208.819305
70000704245.127594
70000755410.786636
70000947139.055969
1.000000
70000591624.513626
70000056714.555725
70000618623.344299
70000796684.161743
70000595322.232803
70000315130.600571
70000265208.144485
70000260586.268478
70000870629.029785
70000234426.968246
70000864101.691391
70000288004.190247
70000052073.327240
70000307096.701782
70000028428.437103
70000236376.556931
70000757917.676727
70000722122.596420
70000016498.177231
70000438979.629272
70000756652.250107
70000968463.877670
70000656484.547760
70000392625.369980
70000393316.079178
70000379417.865494
70000515478.607376
70000845718.611679
70000399005.343048
70000182025.513855
70000646322.762512
70000641471.745392
70000178095.476028
70000028060.887589
70000660568.988052
70000726621.450455
70000155244.388885
70000365052.563858
70000355030.050232
70000581169.253387
70000952519.203995
70000719007.624283
70000436573.401474
70000287862.342697
70000005448.511856
70000448709.439880
70000548940.016129
70000965595.693985
70000712334.532837
70000745539.093323
70000089918.469711
70000593602.676788
70000503867.381317
70000004295.034454
70000197594.130188
70000741288.518326
70000353217.993393
70000450146.316422
70000897399.369263
70000165342.417480
70000458832.589462
70000611355.042343
70000457165.689163
70000992946.114563
70000762318.637009
70000977661.445343
70000575589.309494
70000511856.302475
70000284785.832550
70000683672.131836
70000979293.327850
70000689076.980377
70000581260.319260
70000640073.716415
70000613110.955505
70000398143.330002
70000803607.236008
70000991664.358002
70000580281.667068
70000561450.279770
70000552421.118271
70000469852.894119
70000818105.743057
70000577415.437317
70000462365.689667
70000334764.777756
70000045264.102341
70000528519.085144
70000390038.591583
70000379159.753250
70000533965.780350
1.000000
70000484619.882706
70000498031.725159
70000959969.101227
70000417742.435226
70000210955.366837
70000635904.921463
70000059339.093826
70000192702.093338
70000472978.821976
70000584871.507660
70000538590.968155
70000120303.997086
70000257916.568451
70000655036.323090
70000564094.087280
70000024197.002869
70000732199.532440
70000774801.422119
70000445741.962921
70000815859.365891
70000076620.594589
70000516305.305298
70000686344.321304
70000246272.496460
70000325899.960724
70000263655.462692
70000834098.524094
70000843965.608444
70000779460.462784
70000809526.647232
1.000000
70000606785.910721
70000227129.234802
70000543215.094101
70000784161.691803
70000743138.712494
1.000000
70000221832.845367
70000267748.942795
70000163690.056213
70000218624.719910
70000931168.574081
1.000000
70000786413.211624
70000736242.521393
70000391153.875168
70000571800.862366
1.000000
1.000000
70000154408.808823
70000559414.213287
70000499264.571259
70000618742.464523
70000656210.130310
1.000000
70000642258.272736
70000904458.887985
70000904105.282425
1.000000
70000921216.006012
70000240067.961426
70000619423.529739
70000893694.765030
70000570342.214294
70000611673.830414
70000232165.777084
70000964088.737946
70000043353.141541
70000713286.402084
70000382398.996719
70000576267.799316
1.000000
70000764193.964844
70000018116.351028
70000023210.494217
70000107642.576202
70000871335.390396
70000598312.935974
70000083396.856522
70000652988.940918
70000956564.770706
70000051625.207428
0.33
 0 0 0 0 0 0 0 0 0 0 0 0 0
