1 401
70000680387.191315
70000825617.145096
70000950017.647614
70000911452.414642
70000818789.581879
70000558339.944046
70000367233.223465
70000407525.758713
70000766367.143478
70000836373.130569
1.000000
70000350988.775177
70000173167.632309
70000248600.811752
1.000000
70000091725.778107
70000471551.960876
70000969988.786484
70000427102.073746
70000979864.383270
70000824869.249634
70000945890.190384
70000296833.672165
70000314065.113647
70000597020.734131
70000281069.806000
70000680892.305923
70000444876.892105
70000239892.858765
70000273109.649734
70000376797.538254
70000229869.493958
70000861034.730148
70000655647.232712
70000500091.240662
70000870951.166519
70000700283.632950
70000310487.964279
70000881567.893188
70000643261.828918
70000078883.725098
70000776974.297440
70000414272.929337
70000839325.678604
70000841143.462173
70000419510.881454
70000124213.308899
70000862652.770996
70000931839.512634
70000193563.017853
70000334058.012375
70000799887.921387
70000232821.651199
70000211953.270569
70000535991.117767
70000849218.464691
70000886731.599564
70000863813.275253
1.000000
70000869114.931503
70000919650.500198
70000333489.138306
70000692550.878433
70000778438.215729
70000132664.344528
70000959736.148819
70000844589.170944
70000341954.854599
70000928150.300522
70000844212.687180
70000212542.322403
70000770625.204803
70000583781.988266
70000691987.605301
70000843318.870514
70000561000.944839
1.000000
70000982937.110367
70000081528.543427
70000325059.995071
70000095902.952744
70000232126.666245
70000175610.569778
70000068707.371857
70000996784.315475
70000859062.576004
70000908189.196793
70000025305.684738
70000840239.247192
70000473804.668488
70000606965.318100
70000060771.078766
70000194207.620209
70000532733.555405
70000763354.569534
70000041480.123184
70000339397.585587
70000404385.627518
70000316057.193634
70000000781.485443
70000014192.440002
70000196552.853836
70000629850.381317
70000780764.688721
70000131517.071838
1.000000
70000612654.718948
70000948210.491699
70000595949.055511
70000007405.404694
1.000000
70000399239.939911
70000177380.231476
70000937940.831985
70000329091.095688
70000856076.333618
70000713891.332932
70000478906.948807
70000449057.345627
70000464963.602295
1.000000
70000462288.226624
70000607983.928192
70000298779.926727
70000430515.036865
70000486264.730988
70000804045.750702
70000135091.122940
70000412997.478256
70000465694.399429
70000882353.473846
70000091782.730743
70000514400.850250
70000528353.645325
70000152121.244308
70000232691.593430
70000515363.544449
70000588153.382721
70000162449.025497
70000749493.456635
70000529785.050797
70000499225.795151
70000824043.399231
70000930369.994888
70000293456.939621
70000328973.693054
70000962304.382050
70000964903.259827
70000521317.097656
70000372995.828369
70000779813.992691
70000049956.548370
70000160847.726944
70000001965.508469
70000570856.497284
70000076771.942520
70000731002.090164
1.000000
70000565471.354919
70000993146.798218
70000760583.965408
70000013117.842377
70000523033.527557
70000696481.343826
70000831637.853195
70000484844.118652
70000996721.865967
70000753370.473190
70000876142.511307
70000420305.347443
70000564142.639420
70000129284.848907
70000474043.837418
70000361367.339142
70000886695.453339
70000966236.223557
1.000000
70000519344.438873
70000827327.502579
70000150135.676529
70000960514.447281
70000467084.981232
70000173766.290543
70000008151.781479
70000703204.155289
70000474218.250076
70000079431.905991
1.000000
70000335803.079636
1.000000
70000415879.463074
70000452968.437378
70000540513.465759
70000994023.339752
70000755268.613434
70000210431.479568
70000204705.726669
70000365728.473373
70000009689.136337
70000989836.399307
70000021510.301315
70000022703.508499
70000875332.901764
1.000000
70000516873.179520
70000946178.707245
70000341839.615356
70000610383.808868
70000632145.207382
1.000000
70000799623.429596
1.000000
70000709185.216385
70000516661.539230
70000202817.897919
70000712730.056717
70000655633.174255
70000323780.885757
70000738327.156769
70000803043.597321
70000618769.013489
70000937765.922577
70000932455.787979
70000926229.450256
70000017115.765091
70000652465.846436
70000834828.157700
1.000000
70000829762.115051
70000814454.927826
70000805434.802567
70000545835.155975
70000462657.419525
1.000000
70000149573.105423
70000380884.111374
70000441777.721252
70000698454.757172
70000402178.469284
70000418484.819977
70000105130.127869
70000933940.902725
70000952131.138199
70000239404.050217
70000959330.622986
70000701224.967697
70000685662.542725
70000077061.325729
70000578285.937988
70000845544.311981
70000512819.254593
70000138903.521835
70000929418.196243
70000554638.165573
70000978469.352615
1.000000
70000357218.095291
70000375244.892639
70000517347.657410
70000931644.771072
70000978000.931198
1.000000
70000683903.180206
70000592623.667267
70000984583.759720
70000078598.612274
70000626229.744858
70000053097.242966
70000742356.974472
70000041507.657410
70000302287.949219
70000254256.416794
70000173299.301895
70000029128.946152
70000183995.802780
70000990597.162735
70000955143.705002
70000838740.631317
1.000000
70000363541.489059
70000075907.805527
70000126934.781540
70000055668.553925
70000592513.667053
70000040215.248657
70000865512.294373
70000171309.510834
70000525880.387131
70000765944.279312
70000047911.199768
70000571381.858002
70000764885.251953
70000661089.472046
70000714796.481339
70000564027.681320
70000140566.471527
70000700031.813980
70000292355.565750
70000432980.300400
70000347331.680923
1.000000
70000441597.034454
70000803811.597061
70000554233.810394
70000724671.522537
70000464435.763336
70000893288.765549
70000594086.191315
70000524987.524155
70000092145.248093
70000950493.940323
70000988324.529709
70000574674.660477
70000071224.361130
70000716664.148666
70000764903.510437
1.000000
70000744691.557205
70000141122.293854
70000369852.312332
70000959732.600388
70000501183.343201
70000107820.471558
70000269437.095032
70000269406.994873
70000337226.072830
70000310105.628708
70000341817.581024
1.000000
70000734236.908142
70000740281.586060
70000358384.434082
70000040813.337860
70000085163.841385
70000751886.648804
70000324150.479767
70000661531.435623
70000792475.534134
70000349779.270050
70000096395.686157
70000433978.659515
1.000000
70000113322.232010
70000445923.024704
70000026491.800262
70000433549.111908
1.000000
70000001764.686081
70000393523.647141
70000398093.497345
70000456744.478668
70000575203.588699
70000093623.614059
70000956388.908417
70000044434.590820
70000512285.318298
70000920013.376068
70000401690.442261
70000284289.589432
70000462619.150055
70000215080.298325
70000908660.265274
1.000000
70000754400.349579
70000340911.726242
70000711140.665939
70000734016.035889
70000636073.108612
70000781144.219833
70000660823.083267
70000031566.982437
1.000000
70000106538.326889
70000901356.361984
70000945615.878784
70000950677.459869
70000886621.905121
70000749399.542038
70000248659.663956
70000933441.146454
70000499407.321899
70000247834.466431
70000559177.921234
70000623709.492996
70000630684.275726
70000685900.111038
70000020540.554840
70000347429.724350
70000193589.415588
70000384235.987808
70000910465.862000
70000975281.200363
70000352480.259506
70000020682.112076
70000855709.171127
70000719457.110901
70000858797.933578
70000381736.803131
70000747811.513245
70000524365.709961
0.33
 0 0 0 0 0 0 0 0 0 0 0 0 0
