1 401
70000060222.980606
70000062055.758469
70000172533.163620
70000799625.790054
70000669695.511734
70000768246.743744
70000484505.295456
70000365091.342972
70000831580.780029
70000861732.212173
70000456570.221359
70000559977.476318
70000347216.849396
70000318296.915848
70000381043.856323
70000974689.512909
70000837785.262863
70000003451.551224
70000450986.482300
70000195589.869141
70000678114.552414
70000034963.298615
70000417804.052017
70000429576.847244
70000956699.966156
70000137454.731079
70000808331.493774
70000440605.638260
70000126032.064377
1.000000
70000899397.990738
70000476055.156387
70000109863.845825
70000599634.914520
70000750194.192322
70000600806.438736
70000608235.476730
70000391276.796997
70000765863.430847
70000141535.570923
70000994888.358475
70000797604.897842
70000770455.542816
70000022010.241928
70000444150.680969
70000488443.531067
70000106567.769119
70000025414.629288
70000269023.894440
70000208706.183029
70000008152.221848
70000829972.865433
70000363860.557129
70000703430.226669
70000026732.217010
70000283632.201782
70000226159.825546
70000253212.111008
70000212668.586731
70000840514.098160
70000167902.021912
70000002137.124207
70000348279.863861
70000926013.163071
70000318461.294922
70000051366.845184
70000138958.135513
70000859978.738937
70000073106.632553
70000164157.947891
70000259267.952271
70000225155.102890
70000262995.506454
70000430371.119797
70000369717.257904
70000040168.700470
70000603262.865280
70000552560.833664
70000532280.060394
70000787458.598022
70000749168.537949
70000089161.503754
70000266521.016739
70000242528.569214
70000122889.112366
70000985750.652771
70000736392.329041
70000795160.477142
70000471932.901215
70000839620.923477
70000465375.371399
70000368853.371017
70000128250.583984
70000874138.581528
70000887356.033051
70000038625.219147
70000801430.716446
1.000000
70000903094.151794
70000162407.109329
1.000000
70000426366.766129
70000367300.816803
70000331481.442307
70000007957.501419
70000604553.016663
1.000000
70000739663.509964
70000767094.823593
70000314412.724319
70000425691.265472
70000256446.166611
70000714827.386642
70000793406.216339
70000504502.328964
70000121859.115173
70000223051.320206
70000839382.098633
70000731953.455048
70000507971.230270
70000421607.936676
70000062039.972488
70000519555.609680
70000098261.352997
70000613125.077164
1.000000
70000950047.295639
70000335840.140366
70000783685.286636
70000594345.090958
70000476865.635803
70000121333.579865
70000881397.989624
70000012200.248642
70000881976.826355
70000950924.838501
70000742177.074387
70000345732.721466
70000335542.710114
70000786447.436157
70000216913.912308
70000170557.171814
70000115660.957504
70000134079.036392
70000545178.766327
70000955993.164871
70000901906.181641
70000561771.738068
70000324863.720093
70000590485.687637
70000329198.965454
1.000000
70000443786.299316
70000867772.008392
70000900366.048828
70000313190.081085
70000259804.548309
70000423040.178589
70000707898.520905
70000552872.110504
70000644455.964218
70000443948.962509
70000702719.878036
70000317526.934143
70000482405.705383
70000606694.957748
1.000000
70000322136.213120
70000507508.909180
70000859605.095642
70000360950.438065
70000576891.501587
70000657744.685043
70000152108.914062
70000377680.233658
70000647288.439728
1.000000
70000084153.252579
70000782054.408096
70000331059.262833
70000715674.507950
70000387864.083450
1.000000
70000472988.262955
70000453110.385315
70000309631.024490
70000789630.924347
70000158196.340118
70000082417.304581
70000817400.048370
70000382542.472229
70000404328.643845
70000309311.602798
70000194865.197769
70000374850.816895
70000287500.146729
70000465249.431610
70000958517.397278
70000330425.525696
70000898891.023087
70000879592.389969
70000964472.739639
70000961569.764252
1.000000
70000123856.926270
70000758520.842270
70000427990.553604
70000098839.194351
70000396650.750488
70000940709.845734
70000271942.165848
70000359090.295120
70000601135.152008
70000626847.499832
70000617034.478195
70000824795.748749
70000399064.940842
70000123562.150543
70000654056.177429
70000466426.621964
70000647843.742355
70000929670.410660
70000923853.976562
70000112381.731430
70000863823.385269
70000073347.328003
70000727129.144226
70000193275.741592
70000108742.076462
70000224486.351624
70000479630.391907
70000918898.123688
70000691167.633408
70000446831.818787
70000244464.400665
1.000000
70000931799.954590
70000112517.197433
70000508086.193481
1.000000
70000066053.562637
70000944075.998001
70000216419.112915
70000677770.044373
70000464470.840805
70000864452.971100
70000669369.290619
70000152112.345459
70000896590.520096
70000062182.920837
70000852253.458435
70000212500.832977
70000039140.514832
70000586854.802505
70000238333.513397
1.000000
70000286698.806320
70000594152.224014
70000709739.401672
1.000000
1.000000
70000058086.011444
70000288063.686127
70000979599.190369
70000002853.540100
70000076688.463684
70000365584.832855
70000837701.884155
70000866762.455002
70000450633.293472
70000196724.310959
70000714026.680069
70000811406.362473
70000323264.301865
70000164154.807663
70000505682.022903
70000261015.174805
70000900310.295807
70000735654.104828
70000063159.126022
70000517192.639984
70000158385.402771
70000845691.023865
70000238202.081131
70000439048.971115
70000859120.303848
70000653585.718216
70000936268.554993
70000842064.570297
70000078852.197937
70000416110.323227
70000760188.545746
1.000000
70000423369.696564
70000381159.066650
70000034676.024551
70000553802.811066
70000421590.532883
70000485539.817612
1.000000
70000994463.649750
70000799293.319321
70000663385.362122
70000679510.562912
70000312809.429962
70000023299.767883
70000361042.795715
70000540591.223465
70000433342.688446
70000288848.064346
70000119451.088455
70000444196.552551
70000043247.813675
70000180815.399445
1.000000
70000836982.537888
70000213639.475006
70000389737.488693
70000046857.818497
70000049775.891632
70000366034.659241
70000757419.393402
70000443669.885361
70000678964.735596
70000287415.096924
70000287942.262161
70000892078.602676
70000365937.539703
70000221706.193924
70000120092.517197
70000667932.295883
70000494001.189224
70000912810.647232
70000905515.704254
70000753880.127274
70000042244.292953
70000133217.612961
70000435714.263626
70000969130.514191
70000034342.928543
70000847345.339233
1.000000
70000790659.483109
70000892970.120575
70000603529.981216
70000400819.818130
70000458364.640228
70000411569.644028
1.000000
1.000000
70000058909.360428
70000057028.577484
70000519694.204224
70000108340.005951
70000110971.896469
70000282065.299789
70000090074.195358
70000999775.029861
70000915275.084015
70000002816.740112
70000239845.473312
70000692222.079941
70000969394.479889
70000611064.138779
70000683962.422256
70000513717.093018
70000076548.206497
70000884134.175049
70000374109.656479
70000990173.177338
70000415514.482544
70000761244.640839
70000914403.023224
70000111551.701584
1.000000
70000290378.908722
1.000000
70000127694.377930
70000261214.617294
1.000000
70000240571.179764
70000249858.202911
70000283247.437088
70000200636.086136
70000657323.505737
70000524777.896271
70000843918.044601
70000932537.843475
70000664421.448730
70000238252.450348
70000834685.431793
70000864994.735931
70000455252.311493
70000394595.963074
70000612445.210373
70000916566.130981
1.000000
70000664626.802734
70000670603.964401
70000090548.159821
0.33
 0 0 0 0 0 0 0 0 0 0 0 0 0
