1 401
1.000000
70000756605.467865
70000464122.772232
70000909060.505585
70000698907.946152
70000877971.405579
70000433979.781403
70000325222.416473
70000643716.530579
70000670301.780121
70000785513.031281
1.000000
70000853105.487625
70000913336.681091
70000672430.304001
70000130612.267395
70000672157.844986
70000525538.191086
70000526559.326645
70000359993.846146
70000985805.224731
70000851245.684341
70000306816.362717
70000759205.198914
70000282413.666931
70000793146.482239
70000336847.102051
70000294139.934219
70000242293.188995
1.000000
70000466792.141281
70000935869.588058
70000662195.740067
70000216610.099213
70000809904.092911
70000417535.859268
70000734322.108139
70000445039.130753
70000041287.953812
70000175221.527084
70000559981.138885
70000536749.307648
70000334369.623169
70000628166.991302
70000837817.486984
70000546356.713654
70000892745.354202
70000811156.301117
70000888298.380341
70000966813.537262
70000997884.421860
70000468305.323944
1.000000
70000137001.165741
70000066088.046799
70000691933.716080
1.000000
70000906802.212128
70000998164.869598
70000181956.544556
70000034623.064636
70000205362.537079
70000634112.464737
70000056989.297821
70000546779.155487
70000024375.017029
70000899773.650635
70000930724.978760
70000705910.656082
70000183231.712326
70000699607.859283
70000118106.516159
70000728949.169235
70000384208.963089
70000902272.969940
70000349260.116989
70000515936.083771
70000958389.116852
1.000000
70000202717.619675
70000457243.172638
70000693012.292557
70000019186.265121
70000625867.240860
70000825418.993668
70000432741.975037
70000978407.308533
70000209910.114838
70000508245.283218
70000703961.761978
70000091009.791885
70000428629.109879
70000404885.322891
70000257333.177368
70000080276.758179
70000288971.154343
70000221840.207336
70000472147.422119
70000064593.806122
70000595311.765518
70000949467.713364
70000417547.182724
70000557171.396530
70000070998.313446
70000967804.416687
70000638585.085648
70000759294.398056
70000348170.805267
70000794044.181671
70000150039.025894
70000010016.814758
70000616686.321655
70000418610.214691
70000624749.981018
70000632854.415619
1.000000
1.000000
70000457766.129242
70000831126.223511
70000690869.955261
70000248385.950119
70000807410.777390
70000944334.381348
70000724241.318192
70000121480.254623
1.000000
70000692864.191895
70000218678.992783
70000545776.192673
70000653022.378662
70000179977.068008
70000561549.435059
70000333016.031250
70000701741.776718
70000413862.233078
70000579705.276459
70000500233.213181
70000381415.868820
70000745471.798782
70000761730.705887
70000700647.213470
70000121713.434891
70000499974.821152
70000984156.508545
70000993275.932007
70000469984.982452
70000619286.044312
70000423034.376526
70000556832.570786
70000203539.575714
70000700077.409912
1.000000
70000230151.244522
70000268296.159805
70000414073.634827
70000274203.959457
70000968089.444153
70000750568.799301
70000585832.405975
70000383200.231415
70000686122.571472
70000610896.662460
70000794429.703201
70000240064.249649
70000954956.041748
70000309136.607086
1.000000
1.000000
1.000000
70000243964.049774
70000250084.722336
70000697791.104691
70000900909.647064
70000470173.443298
70000619043.414688
1.000000
70000881343.813461
70000325342.826630
70000524920.877350
70000328819.622726
70000324158.858582
70000771336.149155
70000684154.866425
70000808113.209396
70000372083.165558
70000047138.248062
70000495838.422043
70000701965.458862
70000444576.743362
70000501961.394577
70000677135.106018
1.000000
70000465075.188995
70000715636.999329
70000901334.443817
70000881037.014755
70000426666.454666
70000813437.754639
70000289888.243073
70000573230.935318
70000260543.994492
70000813859.701645
70000206981.198898
70000675292.362350
70000824542.531387
70000310277.747345
70000054864.665924
1.000000
70000261046.727661
70000477637.070038
70000174434.750504
70000440766.736664
70000618473.933533
70000890918.865997
70000435789.244263
70000602516.219940
70000482622.706131
70000917132.122086
1.000000
70000442290.338348
70000028373.127991
70000160241.639893
70000956944.685577
70000396877.489685
70000378121.009277
70000096720.200333
70000317124.666702
1.000000
70000158120.691193
70000104778.677933
70000722019.099899
70000195896.907318
70000628744.129501
70000080721.754440
70000772557.764877
70000137215.995850
70000915637.540955
70000340857.121307
70000726129.725235
70000681027.566193
70000031046.918350
70000896088.172653
70000124104.148743
70000621165.522247
70000964372.778610
70000782657.722321
70000797974.026001
70000661512.034470
1.000000
70000888081.374786
70000557117.527618
70000112003.549377
70000312658.817612
70000093554.206467
70000105091.651382
70000083484.973877
70000058531.457123
70000720051.771912
70000057827.094543
70000980609.227539
70000086719.543762
70000988687.931717
70000914927.934464
70000524747.779541
1.000000
70000932536.730606
70000661860.163208
70000444240.169754
70000817782.586807
70000635067.187195
70000262976.533142
70000313379.436340
70000739430.482681
70000942529.846146
70000638441.241486
70000321550.974365
70000664376.316315
1.000000
70000414201.788696
70000780819.321762
70000292464.965073
70000881257.707169
70000892935.902878
70000071171.603912
70000907891.282089
70000306048.367905
70000772580.026733
70000334548.388351
70000162160.258850
1.000000
1.000000
70000201693.744919
70000844969.598160
70000902155.757706
70000475764.045624
70000575868.773087
70000149121.552322
70000700185.768555
70000695911.142166
70000311293.096191
70000341792.606415
70000898548.253311
70000536581.641754
70000461922.114395
70000122893.314102
70000416356.360306
70000421533.849457
70000720238.370468
70000259273.277145
70000882008.843719
70000388393.186096
70000689099.529388
70000796848.742477
70000778951.827835
70000164829.713058
70000684986.357376
70000357105.320709
70000596152.494812
70000108482.912827
70000219294.177078
70000913033.006226
70000065501.006104
70000424419.078262
70000906130.791306
70000142277.494553
70000074165.737534
70000046360.075439
70000862276.921036
70000706245.348923
70000416251.548492
70000286062.752380
70000003102.804916
70000096953.482712
70000680294.926132
70000432725.486267
70000108405.761002
70000746571.450607
1.000000
70000868318.479416
70000919444.169876
1.000000
70000950302.385605
70000542129.661331
70000230261.381882
70000575374.985901
1.000000
70000015008.505493
70000219010.737198
70000739618.344559
70000050870.789551
70000862458.625504
70000184485.973190
70000235076.747879
70000823080.728836
1.000000
70000370246.038116
70000229560.370010
70000680885.022690
70000237126.363205
70000726657.668167
70000020338.478195
70000624477.337738
70000320019.324677
70000246949.467621
70000890876.491974
70000032318.027130
70000247720.806717
70000668679.144958
70000963078.750748
70000438746.729767
70000287915.854553
70000214602.314362
70000746717.750870
70000567810.643692
70000546713.921295
70000325564.202682
70000296223.247681
70000272589.859924
70000136832.171524
70000755078.877762
70000276827.791016
70000238147.019424
70000817595.023880
70000872092.699051
70000120023.779572
70000765059.393616
70000896289.115311
70000088311.555237
70000495838.250168
70000434253.636856
70000624632.407623
70000272048.572327
70000273006.418579
70000978589.943771
70000167862.086853
70000769687.895340
70000469224.791763
70000803076.745102
70000765876.092758
70000851647.863647
0.33
 0 0 0 0 0 0 0 0 0 0 0 0 0
