1 401
70000488090.771927
1.000000
70000803099.641312
70000915649.018951
70000963647.780945
70000210078.527496
70000164148.405731
70000024692.945419
70000294067.527435
70000949159.215683
70000798726.206970
70000550653.578888
70000897976.622696
70000415466.469376
70000225550.024994
70000851221.378571
70000058477.740692
70000253132.423859
70000212532.987427
70000837749.575592
70000694289.715988
70000689788.663605
70000042386.297836
1.000000
70000879437.400925
70000977998.978226
70000915377.437973
70000745491.953537
70000656773.063721
70000239508.450958
70000459832.977127
70000548320.715561
70000266263.121399
70000051726.482697
70000059510.663635
70000010990.916428
70000795744.588867
70000509254.555267
70000781858.482147
70000685511.883209
70000637945.260651
70000678856.067551
70000559223.436981
70000835668.126328
70000675346.226105
70000399571.722458
70000038773.793579
70000684246.074615
70000787336.210861
1.000000
70000809334.409805
70000142591.751373
70000341862.646606
70000558702.592148
70000005840.959091
70000951671.011139
70000211079.919586
70000379868.197784
70000403688.631531
70000405853.419403
70000070187.537125
70000115283.746506
70000821521.189911
70000944791.142334
70000268232.910294
70000448847.030823
70000534221.608429
70000675279.966583
70000446663.381195
1.000000
70000352116.020279
70000094873.624023
70000308400.640259
70000258428.165421
70000951469.259552
70000058529.820084
70000235042.479813
70000495010.812912
70000641552.142609
70000716710.066269
70000639708.656097
70000624913.573822
70000316051.933472
70000451444.459488
70000884077.281754
70000432193.209442
70000779986.240936
70000613643.533722
70000808871.750763
70000197522.729965
70000573337.486755
1.000000
70000718619.439056
70000598389.722839
70000025183.532089
70000626189.003265
70000492027.596924
70000723649.145187
70000866271.747284
70000362941.413422
70000952757.658142
70000734403.397736
70000755679.176071
70000168552.358185
70000207955.962479
70000282412.264496
70000647325.879990
70000480502.043518
70000186786.925476
70000093722.474106
70000259347.967026
70000037701.109299
1.000000
70000625897.383636
70000769363.365646
70000231741.949020
70000322437.036804
70000371350.706879
70000051162.918594
70000543723.274277
70000933577.130936
70000301590.951797
70000524363.999344
70000143467.600754
70000292983.196167
70000614267.321487
70000209573.953979
70000911658.916412
70000519815.630280
1.000000
70000178740.327393
70000909511.043976
70000095835.297668
70000011932.876312
70000066156.490509
70000953140.873383
70000186644.867523
70000431102.697891
70000803518.413528
70000293162.846848
70000628916.390701
70000652997.654114
70000327167.472336
70000128336.154800
70000255808.722397
70000537318.909119
70000711902.952759
70000545005.269730
70000432208.278671
70000130951.501846
70000853400.500519
70000513700.887711
70000037925.531052
70000361424.024857
70000302315.274048
70000103020.253952
70000452346.365463
70000096226.286972
70000495903.820038
70000988258.913284
70000961728.202972
70000220437.778946
70000472367.926758
70000166164.356583
70000350781.886948
70000889510.212463
70000424831.484055
70000698389.872665
70000687224.579880
70000086899.319870
70000111416.509323
70000389163.793549
70000376752.075806
70000913216.009964
70000944775.250946
70000687316.092697
70000136744.691879
70000230806.298798
70000113560.473526
70000262583.357056
70000911257.543350
70000885905.772446
70000874820.969360
70000417264.475021
70000766025.038300
70000125173.167099
70000292349.931610
1.000000
70000203160.695755
70000658267.712143
70000404649.751434
70000725530.348602
70000582198.017059
70000329511.097610
70000836378.476898
70000314153.779892
70000590643.826645
70000291595.220093
70000621672.773315
70000269502.996414
70000947050.963425
70000035054.319244
70000672702.672684
70000342547.954895
70000380735.495728
70000055991.265457
70000973909.054031
70000939823.232407
70000395482.141510
70000985499.709351
70000851879.244354
70000782161.248367
70000926625.059875
70000256547.701599
70000887336.800919
70000387649.010681
70000030531.553528
70000050257.614563
70000895184.748795
70000151630.093979
70000833064.123932
70000165786.430130
70000001685.454926
70000147131.309784
70000096734.494095
70000180697.202835
70000128947.092789
70000839737.311035
70000719160.503265
70000653382.304794
70000964805.130417
70000013438.610397
70000592607.548874
70000922378.979706
70000057029.678436
70000850542.238434
70000256852.515533
70000029235.026733
70000605742.960938
70000801917.728638
70000628771.325134
70000147548.643143
70000328470.470505
70000688065.381195
70000933531.035339
70000398672.769913
1.000000
70000094459.981186
70000230170.259750
70000228151.115295
70000861980.981934
70000733040.289734
70000996659.566528
70000608424.255386
70000747858.925476
70000546827.991669
70000045005.657898
70000703641.924240
70000630767.873230
1.000000
70000546542.757858
70000436063.596298
70000736905.883102
1.000000
70000432411.370605
70000608196.629944
70000765274.182877
70000525905.696228
70000567828.057724
70000243221.188583
70000191193.011292
1.000000
70000384320.180161
70000999565.510971
70000948383.599533
70000939743.541397
70000768443.524445
70000129121.658463
1.000000
70000782317.885300
70000231926.812195
70000494412.900284
70000064171.404541
70000437804.776550
70000478821.281616
1.000000
70000008735.708542
1.000000
70000976940.036606
1.000000
70000638486.586304
70000461983.954117
1.000000
70000335537.076401
70000194156.732712
70000474138.102371
70000774555.683640
70000960526.346024
70000696951.028931
70000592772.722717
1.000000
70000543108.175049
70000048377.120361
70000751968.893555
70000633329.224075
1.000000
70000686080.159103
70000870024.060211
1.000000
70000306504.235504
70000838657.454712
70000828460.888077
1.000000
70000122709.817551
70000137090.274963
70000731152.378342
70000509568.995697
1.000000
70000451649.823395
70000658030.378723
70000249323.149185
70000610441.750580
70000976240.323502
70000832632.641968
70000128771.987991
70000458046.155991
70000965865.875320
70000038260.269363
70000855612.713333
70000020424.325043
70000848648.498352
70000157591.227051
70000131508.886765
70000558865.709290
70000866437.433899
70000976689.290207
70000576753.496094
70000863607.026184
1.000000
70000698458.735962
70000265905.961685
70000864743.901733
70000141407.905411
70000485880.310745
70000119507.526947
70000120008.794434
70000903990.325424
70000543269.530075
70000103678.374435
70000904541.143341
70000923311.720459
70000075703.989594
70000040456.008408
70000457685.930954
70000508091.742020
70000764629.346680
70000573518.993820
1.000000
70000563227.998734
70000996454.248932
70000310177.941330
70000938260.997940
70000962012.121582
70000048172.025406
70000722702.013351
70000071966.754745
70000015215.851227
70000674085.530029
70000445559.114746
70000137771.331085
70000047476.609299
70000104831.778946
70000446756.461685
1.000000
70000305400.582489
70000847721.271484
70000455768.617416
70000950653.467911
70000630023.511261
70000101011.913254
70000310031.707321
70000367339.519180
70000653941.547699
70000472551.495560
70000989937.241058
70000380204.063049
70000993247.681290
70000571495.519653
70000280265.682053
1.000000
70000806666.864044
70000065780.272263
70000094616.761032
70000750627.116394
70000742460.650833
70000769777.733887
70000754253.272964
70000475323.706284
70000680592.234955
70000737413.861740
0.33
 0 0 0 0 0 0 0 0 0 0 0 0 0
