1 401
70000111111.943375
70000761511.989792
70000237640.857864
70000762275.652725
70000313833.067368
70000824142.528030
70000469739.806274
70000270430.373871
70000175732.401733
70000107880.932510
70000536613.202087
70000788970.643707
70000605201.780060
70000716314.813965
70000901667.858459
70000763215.420731
70000473524.080215
70000193436.344009
70000889596.821899
70000798921.826935
70000244075.467209
70000753838.098206
70000862954.203156
70000961684.295547
1.000000
70000904934.824936
70000602022.074753
70000965179.206421
70000775932.911407
70000691686.372192
70000385158.894745
70000996404.341019
70000147900.014450
70000240813.578934
70000304946.444138
70000227546.470490
70000664872.240891
70000438070.244339
70000286167.183655
70000316813.637619
70000412531.174667
1.000000
70000325458.458710
70000641873.589615
70000634851.330261
70000651794.433487
70000033804.976379
70000375735.756210
70000648311.208557
70000474230.844055
1.000000
1.000000
70000034394.150467
1.000000
70000510516.135925
70000514527.207687
70000463470.820435
70000578189.192825
70000072627.757828
70000106923.146347
70000876761.067795
1.000000
70000728306.491577
1.000000
70000345976.424759
70000224522.572662
70000415952.261337
70000086812.494995
70000050320.550827
70000960433.549667
70000855828.355881
70000299575.565704
70000459188.189667
70000976274.426010
70000221286.326080
70000856476.696533
1.000000
1.000000
70000584586.926132
70000028699.779587
70000442975.845505
70000077312.104874
70000264110.576813
70000099288.989609
1.000000
70000858053.701691
70000142945.837830
70000381554.382553
70000317902.392136
70000325810.308716
70000258650.045532
70000360420.185165
70000336901.591278
70000204547.838669
70000596110.521652
70000058539.501602
70000360138.414825
70000285277.005127
70000472917.873428
70000280802.448761
70000475019.685379
70000368317.401962
70000816427.477051
70000803964.754974
70000541226.116714
70000119784.685928
70000265799.385345
70000075491.814789
70000908559.156189
70000027114.004044
70000659423.901245
70000133304.402191
70000647405.081833
70000624941.398193
70000609802.716141
70000632387.129440
70000100608.910828
70000565091.761658
70000782893.936005
70000740015.120880
70000423714.828506
70000683920.201782
70000483058.271927
70000766365.713333
1.000000
70000028505.738739
70000237679.954117
70000939921.903366
70000146643.551422
70000943792.426437
70000978335.573624
70000913373.139465
70000199516.194962
70000413962.043533
70000080358.563019
70000421957.732025
70000324408.822876
70000224093.183319
70000003217.710205
70000148330.808731
70000573426.721466
70000483592.338486
70000391120.784332
70000838372.289978
70000981203.181015
70000613031.699890
70000069243.528046
70000835501.171188
70000572625.228119
70000079429.572769
70000806679.789139
70000809943.331467
70000476948.139832
70000787255.645645
70000796842.345901
70000687362.709305
70000523403.925812
70000649588.070724
70000345077.403122
70000854198.259277
70000566453.436859
70000579232.219452
70000272034.514847
70000292342.772888
70000791893.650787
70000764102.160553
70000387900.661484
70000159016.482452
70000798031.645081
70000939393.879532
70000817121.814392
70000748746.671585
70000941916.136749
70000123046.405380
70000789325.885757
70000558397.942001
70000995158.694290
70000302234.468552
70000699313.587814
70000219056.796310
70000550499.032562
70000827165.400436
70000953022.790604
70000213472.147324
1.000000
70000881255.232666
70000780114.884964
70000583815.733765
70000791840.596893
70000650917.707153
70000134155.585571
70000108194.879730
70000377306.511002
70000102210.800949
70000375554.417450
70000725702.752319
70000356677.280121
70000580693.169006
70000422771.625015
70000675106.189865
70000840167.567581
70000197409.552185
1.000000
70000401661.454117
70000821182.684769
70000388093.947983
70000079922.814285
70000361422.356735
70000714383.250916
70000282364.396545
1.000000
70000894351.962097
70000050225.166183
1.000000
70000719370.798630
70000294149.818466
70000555956.987076
70000020957.202606
70000650795.316086
70000010767.116257
70000728008.247864
1.000000
1.000000
1.000000
70000195866.507706
70000482479.496460
70000298218.275589
70000013652.365768
70000445560.914200
70000051946.450348
70000536977.316757
1.000000
70000412946.085220
70000298534.846069
70000624244.639694
70000867744.637314
70000920244.373871
70000563692.255447
70000368552.570328
70000076539.843994
70000088965.874313
70000143254.986145
70000657985.218048
70000816625.176819
70000204691.100067
70000401781.535934
70000090693.912308
70000048696.020294
70000154825.713135
70000211687.223267
70000152034.755844
70000449676.832108
70000521807.253021
70000032420.832611
70000649345.295578
70000908363.797165
70000681327.812988
70000156036.729752
70000934775.678619
70000253344.402664
70000638719.417953
70000752523.977036
70000623947.460907
70000324875.129471
70000042384.905685
70000211214.167068
70000145726.626358
70000482775.616943
70000633870.060684
70000458988.575165
70000126051.301270
70000214862.802444
70000581862.730072
70000522789.041534
70000546182.334351
70000916025.078094
70000343069.903702
70000878813.988419
70000784194.927094
70000379889.414444
70000054881.461075
70000615900.445938
70000411881.915649
70000706052.250458
70000025354.147659
70000526426.486008
70000113739.404144
70000146605.507248
70000139285.817307
70000216298.845718
70000928060.028824
1.000000
70000981315.462662
70000620491.584305
70000722067.640091
1.000000
70000244640.841797
70000195816.735291
70000713712.171249
70000082953.714127
70000103222.715958
70000765982.655823
70000609801.579514
70000147784.600677
70000855215.069275
70000917503.389069
70000784232.028091
70000289041.283371
70000146257.341049
1.000000
70000479239.709015
70000783830.483597
70000900312.719940
70000398311.359848
70000024024.166519
70000637527.732727
70000191141.948883
70000153400.812820
70000090415.066681
70000581617.202072
1.000000
70000675146.545914
70000866666.937088
70000185388.727692
70000535469.516708
70000341977.466568
70000616015.683853
70000825356.851349
70000155177.735031
70000930426.509430
70000082161.717133
70000001527.766068
70000196830.901703
70000648729.035355
70000323398.424316
70000359146.808014
70000750854.135208
70000827659.546646
70000842881.354126
70000261573.657974
70000736400.928513
1.000000
70000305180.842422
70000200761.051636
70000621649.814682
70000380116.409348
70000521427.689117
70000263456.441788
70000639355.264130
70000133973.986389
70000203848.135483
70000371892.757660
70000806179.149124
70000704787.720764
1.000000
70000173951.894806
70000217001.697388
1.000000
70000458377.576660
70000453823.760986
70000263960.425079
70000929483.000092
70000029873.156754
1.000000
70000118010.372726
70000697365.797928
70000782568.068069
70000574275.774261
70000382661.679047
70000442675.898315
70000515709.076950
70000674662.695343
70000652986.071930
70000237873.353455
70000898725.713135
70000146020.197784
1.000000
70000040701.456741
70000718649.356628
70000325156.542450
70000901272.533127
70000662703.344452
70000329721.025528
70000019139.791245
1.000000
70000962769.151154
70000151725.856812
70000743587.178802
70000894267.278046
70000870184.287338
70000344934.846680
1.000000
70000804044.920273
70000533443.516846
70000179348.272537
70000131479.872482
70000698395.921921
70000444435.595276
70000106547.493027
70000774402.476608
0.33
 0 0 0 0 0 0 0 0 0 0 0 0 0
