1 401
1.000000
70000599660.848160
1.000000
70000430073.175125
70000971876.254471
70000180223.016205
70000707893.825287
70000443351.433044
70000588020.548218
70000432961.143707
70000805068.032928
70000070741.767929
70000755385.749100
70000654442.707840
70000952496.217514
70000015153.697906
70000973485.959106
70000653396.473984
70000229013.892456
70000652418.815918
1.000000
70000316553.001740
70000697451.176361
70000144900.181778
70000523808.518021
70000402930.377777
70000649878.970779
70000155750.622421
70000475561.441132
70000082596.746307
70000825031.618179
70000827426.453156
70000135065.707779
70000922682.013626
70000682818.378220
70000641963.873367
70000524678.620529
70000329899.412689
70000295997.046051
70000260527.248672
70000672214.569717
70000087404.396667
70000221508.832748
1.000000
70000678942.056488
70000771890.454361
70000121819.870834
70000233732.828842
70000696952.533020
70000614439.581161
70000597414.321671
1.000000
70000564515.946274
70000735473.899719
70000773063.014374
70000832765.122025
70000006977.795502
70000423353.233902
70000441405.516846
70000862228.209442
70000877085.448608
70000476025.598953
70000275736.247528
70000831278.768829
70000694864.772675
70000928671.102753
70000534071.441711
70000671721.038101
70000365138.316513
70000396265.053284
70000120318.648636
1.000000
70000541343.012833
70000484922.961243
70000083237.726746
70000960938.009705
1.000000
70000282304.866150
70000760687.102631
70000530152.999588
70000079918.818497
70000215363.090973
70000904510.582855
70000445097.834320
70000409545.657501
70000701790.100479
70000613294.777939
70000275102.516937
70000674157.357269
70000485812.485794
70000020687.000168
70000266190.103394
70000497899.553360
70000513907.449081
1.000000
70000193541.241577
70000648152.280472
70000101767.423996
70000942725.695190
1.000000
70000441794.080185
70000679576.135544
70000894121.919968
70000975998.788391
70000105267.936005
70000707517.867661
70000687068.249756
70000005380.618210
70000030734.378418
70000541820.635651
70000317753.679794
70000759681.729080
70000920165.273041
70000106608.971161
70000330511.824982
70000182591.610672
70000337959.972336
70000622219.347534
70000514307.738464
70000754926.253555
70000105434.783905
70000670913.756042
70000191756.311905
70000469044.498260
70000504158.928024
70000574211.027954
70000076773.064926
1.000000
70000392954.574615
70000247449.932709
1.000000
70000056101.222687
70000469702.133301
70000229530.250366
1.000000
70000179104.389801
70000269156.101059
70000253350.808228
70000438549.470306
70000677369.298157
70000135912.317856
70000851570.671295
70000139684.447937
70000818304.013123
70000771870.173920
70000486852.599823
70000760691.604614
70000144631.469070
70000212286.851776
70000731993.568069
70000634184.729828
70000661845.224869
1.000000
70000950930.989410
70000520892.313156
70000081759.440567
70000536607.081970
70000516100.663727
70000954193.387848
70000397402.087479
70000726049.089905
70000454080.135025
70000082420.895370
1.000000
70000153421.499207
1.000000
70000991687.205994
70000559170.684845
70000801772.757202
70000259475.782623
70000820623.487808
70000447813.025085
70000848747.945572
70000651441.032883
70000887843.043732
70000819417.414871
70000161842.891953
70000292481.674072
70000010079.068939
70000606990.696320
1.000000
70000796924.834457
70000207984.946167
70000248065.440231
70000388998.128799
70000324750.885635
70000131135.060822
70000826244.522568
70000686045.363846
70000411701.400406
70000331714.413864
70000063589.305984
1.000000
70000947394.059326
70000265872.628586
70000466071.652588
70000816739.500183
70000816843.454666
1.000000
70000266467.433258
70000284246.026535
70000977970.035187
1.000000
70000861130.087723
70000574708.339249
70000940850.799652
70000410665.581421
70000958399.247726
70000348261.355606
70000221253.316101
70000518962.127625
70000081899.369812
1.000000
70000496488.043854
70000123310.557983
70000760563.368317
70000538720.967087
70000028693.759109
70000271643.006927
70000203875.973633
70000715679.161301
70000270862.690887
70000929044.302536
70000980710.685623
70000665269.852859
70000293127.930832
70000694916.262863
70000684748.474350
70000006367.734558
70000739013.338348
70000099073.036270
70000209799.974564
70000840494.819275
70000149498.341537
70000571865.625793
70000647784.470444
70000719337.519318
70000603417.936432
70000571256.121323
70000919582.406265
70000783415.464874
70000977983.608948
70000863422.234146
70000381698.976608
70000482466.357391
70000490591.377243
70000589310.249084
70000518028.262390
70000734831.752533
70000613310.460953
1.000000
70000025565.111938
70000399185.507690
1.000000
70000136540.268173
70000524780.590164
70000400727.601990
70000156202.069138
70000085681.668915
70000988209.370956
70000850170.785675
70000753279.803406
70000849675.182327
70000378145.301941
70000396573.067215
70000879126.137817
70000736928.393463
70000237731.978745
70000908541.591660
70000288094.386383
70000066239.500336
70000971077.558334
70000567147.833740
70000960740.869965
70000516657.994949
70000953767.531723
70000897113.518265
70000896901.457413
70000598330.944778
70000675520.956497
70000435009.721085
1.000000
70000126829.283997
70000152863.964020
70000451620.476624
1.000000
70000188078.068039
70000955413.212265
70000430812.401993
70000363403.842789
70000178759.987549
70000031757.063248
70000449956.916519
70000599233.429214
70000386806.471130
70000975607.849472
70000818709.925903
70000947268.665222
70000141825.848724
70000905895.615479
70000675146.222870
70000904423.972824
70000215881.346481
70000234637.213715
70000093943.184021
70000621991.981476
70000935410.983917
70000344151.169113
70000187792.240417
70000447754.120407
70000890587.905472
70000749974.305023
70000364617.609695
70000892701.130753
70000262789.541763
70000398595.732056
70000609409.664215
70000981883.636887
70000327413.265945
70000031713.632263
70000322554.460129
70000555901.322021
70000647031.047623
70000777523.485306
70000474736.039368
1.000000
70000989858.166580
70000368388.626541
70000894829.067688
70000921329.487122
70000905340.853439
70000061476.874344
70000271464.845825
70000302724.096069
70000415155.257919
70000417647.653641
70000980260.761917
70000172838.680756
70000812346.176224
70000391567.131363
70000403444.246582
70000442678.519394
70000083541.388199
70000519479.311783
70000807993.466888
1.000000
70000903375.721176
70000086189.953384
70000397128.720703
70000006687.201721
1.000000
70000449084.729675
70000874550.446884
70000953684.478729
70000755179.760880
70000656246.444351
1.000000
70000068588.815598
70000000552.639771
70000674748.817627
70000941000.889481
70000088699.089264
70000767213.121307
70000248255.067780
70000587999.094894
70000145959.866837
70000276388.254807
70000052008.050217
70000685127.783829
70000840664.559021
70000660511.485291
70000428252.405380
70000930969.245667
70000858938.086121
70000193740.144775
70000387602.892288
70000029109.072769
70000066653.586517
70000777411.197800
70000640906.766693
70000581602.314133
70000870831.979691
70000266997.963928
70000487820.411148
70000951505.861542
70000916856.853745
70000100157.237717
70000631023.198883
70000979504.406311
70000593081.634277
1.000000
1.000000
70000918531.196838
70000966916.669128
70000209598.022766
70000890261.319443
70000861874.115997
70000035087.643951
70000715639.427124
70000569400.073914
0.33
 0 0 0 0 0 0 0 0 0 0 0 0 0
