1 401
70000790497.803818
70000626755.475220
70000198486.783691
70000152835.552277
70000466206.093552
70000950282.566742
70000608635.920639
70000977443.472183
70000462313.189697
70000587072.564270
70000415544.773010
70000204958.491470
70000912497.415939
70000250964.242691
70000602399.426666
70000044640.156357
70000175722.907913
70000281414.613983
70000457928.945343
70000001090.679398
70000623816.076477
70000553315.004318
1.000000
70000377399.471802
70000178530.619675
70000160862.072861
70000163362.333572
70000589590.083618
1.000000
70000571129.943954
70000590312.833191
70000220748.055496
70000435877.224106
70000157455.390106
70000743764.111893
70000201981.795914
70000393041.061279
70000342110.821152
70000072253.287064
70000991905.870499
70000941244.892059
70000106357.935989
70000305727.632767
70000905673.875320
70000775909.023773
1.000000
70000050177.311981
70000272719.242722
70000823593.364807
70000253234.094971
70000406382.328369
70000168728.103653
70000655792.224731
70000722174.587463
70000388871.607376
70000555066.349747
70000091463.655792
70000718014.560654
70000874395.047440
1.000000
70000018663.761490
70000358927.145340
70000906617.248398
70000286747.704926
70000163024.285004
70000007279.853027
70000276856.800262
70000556577.588318
70000300285.013535
70000572029.895767
70000114012.198212
70000582651.426697
70000770534.010117
70000667040.221146
70000207466.997833
70000922912.408661
70000636179.152939
70000914525.981918
70000806092.402084
70000276997.404114
70000518307.253372
70000150082.578171
70000986806.581787
70000378705.091049
70000979117.520844
70000761282.917526
70000340189.671707
70000415181.450546
70000653022.148224
70000067000.977295
70000296071.501968
70000132332.729446
70000295036.201706
70000645652.836197
70000984173.548187
70000015150.812408
70000814711.971802
1.000000
70000772749.232147
1.000000
70000102034.951385
70000138536.953064
70000011425.154022
70000227989.916885
70000888821.308044
70000283541.755966
70000929553.812881
70000558502.643326
70000424327.897217
70000671306.899017
70000799321.637009
70000553814.301437
70000851670.013031
70000129856.211243
70000318715.778748
70000886893.545700
70000936378.107300
70000728063.963943
70000346994.922653
70000132810.926804
70000951158.059067
70000908868.696320
70000838534.048645
70000174380.027115
70000131396.626495
70000490741.141739
1.000000
70000082926.727936
70000920364.696854
70000665119.334320
1.000000
70000737634.584290
70000965528.311218
70000662231.013611
70000710547.469406
70000783721.127960
70000136064.894379
70000203544.244659
70000674134.567123
70000370111.334793
70000566285.392548
70000037837.091110
70000529475.387939
70000663844.773087
70000519156.104187
70000093308.069260
70000869622.747070
70000575235.319183
70000935889.415939
70000435976.882858
70000694748.437378
70000808053.654587
70000135821.794891
70000014320.563843
1.000000
70000356932.384949
70000495780.293610
70000016021.109283
70000129480.890091
70000749001.751114
70000879133.900681
70000754009.517548
70000254929.804153
70000952983.601669
1.000000
70000860705.365021
70000309174.475983
70000086319.367203
70000875536.557648
70000801457.375031
70000289919.568954
70000018662.044830
70000596855.675613
70000955604.088745
70000076416.159637
70000334435.130325
70000876211.788589
70000877691.588684
70000441999.779007
70000080728.067474
1.000000
70000878335.022736
70000205594.753082
70000919540.281738
70000970271.057907
70000893545.102814
70000281995.515854
70000169432.569855
70000917663.744064
70000576215.940308
70000630137.304886
70000144805.791809
70000019641.707962
70000388869.069199
70000060471.240265
70000051364.647964
70000726458.082718
70000371722.378403
70000971300.926422
70000085684.781113
70000016254.283813
70000436910.847488
70000265465.745682
70000350311.071060
70000132901.866653
70000823002.841599
70000143816.186951
1.000000
70000518594.110535
70000670924.073761
70000289443.557236
70000867443.566284
70000244061.725998
70000030066.623825
70000150149.951263
70000257263.578506
70000950584.743225
70000592483.277634
70000951814.103989
70000670994.655807
1.000000
1.000000
1.000000
70000944582.010284
70000762791.224045
70000127028.955017
70000529165.637833
70000570646.243454
70000640146.590744
1.000000
70000638915.657608
1.000000
70000817890.057312
70000960995.689804
70000775713.293381
70000987086.707703
70000269856.904846
70000717624.874680
70000109919.346344
70000115885.980530
70000326879.500534
70000924256.060654
70000817316.779205
70000897466.992371
70000172948.562668
70000688556.632736
70000644745.824768
70000724655.025681
70000846453.754395
70000947206.254440
70000050811.597244
70000402700.057617
70000569560.513687
70000439003.192947
1.000000
70000689851.080231
1.000000
70000886217.396011
70000367032.562698
70000800274.603928
70000301089.154587
70000541552.302200
70000184731.371780
1.000000
70000715297.149765
70000359418.183594
70000598124.723190
70000035367.960739
70000656782.773743
70000125199.084183
70000622808.347260
70000343839.847946
70000028687.596741
70000011740.332718
70000312143.515137
70000195226.684387
70000217931.044159
70000412607.457870
1.000000
70000401154.611771
70000549037.370377
70000990208.721039
70000760299.238586
70000123198.339447
70000440219.313705
70000023558.018585
1.000000
70000998884.458969
70000837326.847046
70000337846.502121
70000314602.444107
70000051748.741852
70000241890.813995
70000828261.054703
70000463812.619415
70000085344.133041
70000967005.671677
70000764201.705215
70000696734.787094
70000584088.199890
70000897717.156555
70000076881.172073
70000969221.218414
70000472646.875519
70000662206.144592
70000738310.905380
70000833074.523087
70000259393.510986
1.000000
70000291314.570251
70000059430.824951
70000850413.450073
70000861731.358871
70000008152.890335
70000724708.275299
70000146919.584167
70000148822.270874
70000892005.951019
70000813746.536392
70000635401.811768
70000614423.439362
70000718046.521408
70000526999.575531
70000854675.564026
70000423108.308609
70000555201.783234
70000311605.697601
70000614141.629318
70000600583.393448
70000271422.627136
70000427031.392532
70000111603.822144
70000360661.073456
70000670119.335800
70000556488.757431
70000859180.259323
70000684222.609085
70000080496.077881
70000363654.141113
70000521964.695465
70000225404.957062
70000168831.762604
70000260644.339386
70000896482.094513
70000241730.574615
70000787423.547882
70000491081.673203
70000018638.919159
70000349922.191025
70000278498.259598
70000312872.355103
70000540824.565811
70000308245.903931
70000171495.189575
70000740579.345825
70000763250.300827
70000926130.133163
70000643544.427734
70000654388.679413
70000305001.841858
1.000000
70000003813.564072
1.000000
70000397276.881302
70000157146.903854
1.000000
70000032234.133392
70000742350.772125
70000720306.168945
70000601965.088699
70000138565.702530
70000390471.036346
70000457925.332001
70000818529.169052
70000297460.599869
70000970099.723785
70000945597.112823
70000500596.189743
70000658028.531204
70000479614.132812
70000089135.109695
70000982905.734192
70000397580.911362
70000845075.417542
70000281022.696091
70000068130.316940
70000574608.921661
70000273061.953659
70000081485.634308
70000649677.288116
70000218514.653595
70000715880.955154
70000023039.964798
70000995260.872513
70000014878.652313
70000443166.839020
70000672567.828217
70000656541.464127
70000702165.339066
70000485200.786911
0.33
 0 0 0 0 0 0 0 0 0 0 0 0 0
