1 401
70000670642.236618
70000308845.583466
70000377315.407562
70000182097.410095
70000858365.862228
70000314380.775604
70000760164.767075
70000470939.611954
70000788329.835953
70000299443.804916
70000588599.647324
70000938478.575165
70000943380.635452
70000061614.116180
70000562761.253220
1.000000
70000455226.723816
70000432552.367203
70000721399.228424
70000568761.392365
70000641013.349945
70000099727.483749
70000221655.986618
70000248418.963959
70000533463.128082
70000059659.321106
70000361106.367325
70000204668.635117
70000557416.957153
70000307430.219620
70000509040.779251
70000652222.214249
70000662281.322479
1.000000
70000511343.316177
70000817217.790222
70000213739.609436
70000816534.088058
70000460970.018661
70000323482.144806
1.000000
70000488587.168732
70000156106.584259
70000937231.360519
70000700995.223633
70000823232.089417
70000326064.519226
70000167594.522400
70000307185.709045
70000830651.241119
70000839254.391678
70000601657.038727
70000794327.452454
70000095394.503983
70000639064.349930
70000115858.907242
1.000000
70000306868.983444
70000084514.686707
70000767116.320953
70000078393.235733
70000214033.734909
70000912113.399124
1.000000
70000576156.553238
70000490418.140076
70000440947.177734
70000508233.764465
70000443463.817566
70000614410.963486
70000043662.611237
70000375820.420288
70000396270.311783
70000293422.573624
70000368879.154755
70000437374.869278
70000596755.683899
1.000000
70000971751.866272
70000960146.691498
70000705787.403351
70000517419.661636
70000067618.925049
70000772434.230377
70000407748.346497
70000511062.907745
70000370359.731873
70000015175.173615
70000328835.668594
70000502903.363495
70000991053.715714
1.000000
70000363107.685394
70000687059.126999
70000167686.033203
70000173206.032181
70000333676.455902
70000605668.395248
70000261796.804077
70000060339.669495
70000705394.398239
70000496362.961243
70000519307.596283
70000175324.190384
70000883500.073730
70000383521.281494
70000824663.388123
70000424377.341797
70000703389.933151
70000186205.888550
70000503855.995010
70000662135.037918
70000189522.719208
70000967204.484512
70000928541.797806
70000011267.597153
70000086908.100006
70000237589.103928
70000666878.079453
70000020845.628922
70000122448.825012
70000073676.379837
70000876935.903580
70000079972.056885
70000699295.747620
70000327199.896698
70000974972.653183
70000833323.534973
70000560636.709091
70000802401.739532
1.000000
70000860325.818192
70000516315.106415
70000373566.618668
70000045413.951828
70000835890.705597
70000420562.093903
70000966553.489120
70000865019.064331
70000387108.272537
70000727533.418121
70000853782.960938
70000952875.189819
70000111504.503967
70000485610.548325
70000917021.229630
70000205219.131470
70000007001.034012
70000856476.733688
70000713591.542877
70000169489.620972
70000304317.852692
70000962595.801346
70000275135.749329
70000107856.210358
70000664902.784363
70000949743.051071
70000916479.454483
70000305697.081741
70000156234.630890
70000306944.226685
70000296434.622330
70000831475.967041
1.000000
1.000000
70000726443.121277
70000718910.945969
70000200275.143356
70000846394.131393
70000117305.543335
70000482351.904510
70000353079.426987
70000496058.181351
70000618960.022354
70000987145.427902
70000725210.625717
70000301144.122620
70000964638.696075
70000892496.756027
70000398084.907837
70000492790.196838
70000435678.304504
70000306407.813278
70000261191.653656
70000668662.785324
70000883971.653275
70000515088.464798
70000660956.514420
70000541720.490402
70000923124.027191
1.000000
70000245939.493149
70000375090.584122
70000186445.106430
70000555446.109589
70000411429.700897
70000488518.819519
70000293884.410202
70000229596.893463
70000389428.533035
70000583720.602982
70000055976.580231
70000958167.136276
70000170033.313843
70000667401.599380
70000835711.161972
70000799336.706421
70000451435.175049
70000774573.303131
70000779354.457260
70000527605.013977
70000143131.549026
70000150492.097153
70000335830.156189
70000745955.278732
70000001522.664658
70000664595.638245
70000512745.910141
70000760459.292160
70000286222.044159
70000557220.522812
70000797161.808777
70000793640.329132
70000367871.136642
70000243366.654266
70000052955.796921
70000185879.832047
1.000000
70000638608.606369
70000768861.947067
70000759335.895950
70000239263.229721
70000565154.124527
70000102224.025986
70000400645.621353
1.000000
70000176277.569763
70000286313.278549
1.000000
70000347828.713379
70000169971.609390
70000998485.201569
70000933642.940521
70000078304.632828
70000611667.654510
70000454922.261948
70000692215.746399
70000828205.537796
70000032040.709305
1.000000
70000364847.034058
70000632346.357925
1.000000
70000929950.774643
70000582636.946884
70000752100.104675
70000268530.336655
70000779029.616058
70000423297.141754
70000419263.366562
70000045258.217896
70000079335.878357
70000696530.621597
70000672693.648270
70000915538.646637
70000030681.459137
70000727178.519669
70000555204.193359
70000031297.401215
70000448516.708603
70000585575.750763
70000321259.340912
70000988268.790802
70000026243.638931
70000293997.429230
70000405690.154068
70000870517.279083
70000346541.547882
70000883978.391739
70000269381.714340
70000657647.149475
70000956744.213806
70000011605.418320
70000145740.871872
70000662911.155594
70000456173.818558
70000465027.016129
70000820965.254379
70000882900.011948
70000943005.098999
70000427635.587524
70000643601.218765
70000974260.844818
70000768715.357544
70000666549.057739
70000668713.846329
70000373643.731689
1.000000
70000866124.488403
1.000000
70000472393.404160
70000011790.262451
70000041768.458450
70000049260.810806
70000233116.381775
70000800719.641235
70000589170.369415
70000914026.348877
70000146682.720551
70000170804.199188
70000833628.391861
70000591936.355225
70000939306.591507
70000751426.942108
70000213263.086792
70000723294.153397
70000534454.478104
70000759845.046936
70000013964.390335
70000011583.787445
70000221436.636124
70000382399.296219
70000147170.408859
70000282173.232758
70000160329.490677
70000959935.264496
70000090994.553085
70000520464.627472
70000222483.460999
70000112787.528519
70000517284.989090
70000453865.295639
70000267527.772400
70000892680.885071
70000629032.521606
70000268562.829163
70000304734.382523
70000024085.130981
70000193886.278854
70000319646.244156
70000097462.230209
70000298079.586304
70000904168.156052
70000987990.307510
70000605308.233917
70000476095.084763
70000470935.876724
70000869547.949646
70000390233.782486
70000558352.376541
70000346278.876602
70000870080.931793
70000655806.563995
70000680180.999878
70000770672.407623
70000023769.249405
70000825827.491577
70000281119.151108
70000211725.083740
70000181901.225464
70000579173.708389
70000063655.641495
70000420317.912399
70000736600.565857
70000457860.585968
70000787378.219070
70000375598.522400
70000466842.753784
70000174131.215134
70000768360.062119
70000836713.847397
70000851748.600815
70000389426.279388
70000368139.841736
70000527172.291473
70000108690.528076
70000061126.406403
70000958355.444321
1.000000
70000152982.595718
70000441109.574173
70000062167.548325
70000188420.667130
70000397051.416916
70000024992.550507
1.000000
70000866594.615387
70000705651.500061
70000122868.600143
70000235376.777664
70000983626.319687
70000206624.692093
70000789260.326614
70000931850.426254
70000510708.700790
70000781336.753174
70000149269.349625
70000652525.680969
70000335839.203461
70000566886.407227
0.33
 0 0 0 0 0 0 0 0 0 0 0 0 0
