1 401
1.000000
70000045137.807877
70000872492.185684
70000201653.588486
70000933430.948227
70000633187.788849
70000868035.072601
70000752350.414185
70000733299.729019
70000142762.101364
70000033988.168732
70000250175.068115
70000227091.691284
70000508697.597122
70000880037.865128
1.000000
70000204672.444839
70000366741.249268
70000207803.381180
70000930048.500549
70000269225.628418
70000015511.601715
70000539116.307693
70000281177.444305
1.000000
70000748195.262070
70000835159.144592
70000686409.530487
70000500287.184998
70000517746.646164
70000861745.937271
70000559306.565262
70000773688.674133
70000231521.971512
70000457504.589493
70000666703.078964
70000950786.297363
70000044739.455765
70000822238.706375
70000627817.905640
70000419275.456329
70000205539.899979
1.000000
70000212912.968246
1.000000
70000661809.619354
70000334800.755112
70000994780.649399
1.000000
70000884943.131348
70000119236.238922
70000046403.098724
70000351967.465179
70000284250.450989
70000162551.636887
70000646581.116547
70000636555.639679
70000877040.323380
70000209978.617035
70000068718.543869
70000775409.844772
70000384063.837296
70000870702.437225
70000100073.915680
70000646676.794495
70000576321.582047
70000971136.759277
70000632768.349762
70000179971.971146
70000261006.101837
70000105960.264023
70000543556.507187
70000586801.734970
70000768630.814865
70000078905.588852
70000911387.183960
70000095945.740341
70000996116.876755
70000433907.082794
70000093021.024658
70000706273.518188
70000060371.427490
70000697756.649353
70000972483.199310
70000863484.394745
70000902884.737381
70000756438.338593
70000964576.053101
70000436734.884949
70000371882.989471
70000599045.678955
70000662194.637619
70000470671.211365
70000396149.196762
70000785712.877380
70000822617.964661
70000642611.562912
70000216092.921097
70000436082.464691
70000279755.879181
70000501284.056854
70000588253.061478
70000706018.735733
70000279192.953568
70000572525.587082
70000273240.312469
70000480824.384613
70000191479.634323
70000746255.605820
70000425389.497223
70000433629.229446
70000631485.527695
70000222056.112610
70000035260.376938
70000166558.876328
70000166371.642181
70000628023.586243
70000627842.968826
70000699123.104126
70000683980.169586
70000536683.560867
70000070946.830719
70000493891.169785
70000852569.121643
70000039673.032242
70000643594.517548
70000382731.899124
70000758480.313126
70000041641.265503
70000033342.115173
70000222768.290649
1.000000
70000755304.319733
70000222903.546967
70000331548.363541
70000195900.330215
70000293857.029236
70000136736.594742
70000715912.806488
70000925227.527359
70000916080.064026
70000316828.025375
70000828545.319504
1.000000
70000300339.265411
70000009591.223099
70000735412.971970
70000503193.930801
70000394572.048569
70000048640.394608
70000620673.330200
70000474547.247391
70000973328.018799
70000960783.254807
70000855133.409393
70000300408.877106
70000566391.305588
70000006748.207489
70000135243.163132
70000223600.138336
70000574330.357758
70000845579.866333
70000420769.417236
70000220074.242050
70000782761.587570
70000232112.951752
70000514975.216431
70000737546.067551
70000799538.009567
70000630066.810745
70000035959.827408
1.000000
70000272582.263443
70000341118.889023
70000014138.252136
70000028588.448288
70000191477.471939
70000102953.571091
70000789201.257446
70000032223.110962
70000454742.486221
70000505768.737625
70000448810.989426
1.000000
70000962669.571777
70000148249.880692
70000346764.857498
70000248748.487991
70000887857.760361
70000518856.826538
70000041093.583893
70000169573.463547
70000575335.993820
70000661604.986496
70000572035.905380
70000122171.305252
70000890951.934464
70000620827.653732
70000514808.382004
70000706145.132233
70000810787.414658
70000209326.689621
70000829604.847229
70000129919.002914
70000336973.055603
70000393962.073013
70000492880.240372
70000979026.852966
70000557595.473068
70000772109.884521
70000955384.880814
70000549793.663147
70000167090.228912
70000933918.507599
70000099592.104721
70000392494.829025
70000559679.604477
70000773111.630951
70000142248.460251
70000912318.808929
70000603733.930695
70000951295.839478
70000099726.318008
70000336235.370850
70000129066.470596
70000422923.421600
70000322951.377502
70000936125.246033
70000930369.034531
70000709241.368805
70000186346.638931
70000835057.589752
70000613174.722839
70000530816.433380
70000762692.090515
70000597557.461655
70000118961.092896
70000352080.373108
70000599048.134460
70000901478.057983
70000184667.396805
70000565907.069489
70000844356.559418
70000787270.843811
70000580664.428513
70000390210.871155
70000469511.891190
70000435667.152878
70000909123.919907
70000833605.293869
70000374039.431671
70000914693.241531
70000645433.665741
70000766280.997360
70000479845.766769
70000155731.596359
70000825530.001877
70000124261.982834
70000763078.037018
70000882616.468277
70000515125.279053
70000144945.753693
70000091499.998169
70000466225.588959
1.000000
70000821171.033432
70000428547.972046
70000089712.917618
70000122715.304001
70000727680.873001
70000823678.012115
70000767437.641220
70000316561.843048
70000114464.053375
70000151603.277374
70000174013.483170
70000480367.352631
70000196817.486969
70000883645.464325
1.000000
70000303541.335236
70000051637.465485
70000347108.185974
70000340359.521240
70000869746.631714
70000639127.191818
70000455281.039230
70000717449.235596
70000440593.855667
70000115749.986099
1.000000
70000548245.417969
70000987291.227020
70000835687.546661
70000574229.073135
70000843459.418411
70000339409.147934
70000390040.538208
70000432021.147247
70000560678.646851
70000792103.259476
70000876902.486206
70000126720.045776
70000555734.208237
70000816305.409042
70000691243.696533
70000365282.796768
70000699557.559036
70000209130.834320
70000111056.951141
70000760230.304825
70000720933.586761
70000545318.735641
70000028947.197342
70000103098.375412
70000366058.842957
1.000000
70000963421.669067
70000674165.605362
70000216635.188370
70000475259.049759
70000567997.038101
1.000000
70000321877.841064
70000204947.034119
70000003537.186676
70000474780.536850
70000517582.773483
70000226512.514023
70000786288.227936
70000838642.364990
70000506346.732529
70000196230.597473
70000470285.217560
70000586377.159714
70000375443.018539
70000662073.200546
70000666389.547699
70000239627.425995
70000653588.531097
70000668619.106949
1.000000
70000037801.503662
70000289181.697525
70000327287.113083
70000102449.844711
70000332542.061691
70000462981.996582
70000782209.864731
70000669108.530701
70000882346.416718
70000376115.527359
70000151750.101715
70000117811.607422
70000937111.921387
70000913958.746643
70000747324.928680
70000276023.838730
70000039742.099197
70000251457.715836
70000685821.891098
1.000000
70000265173.351349
70000708258.394958
70000354513.578384
70000584803.736893
70000544709.572510
70000343843.229950
1.000000
70000009356.619278
1.000000
70000003509.134171
70000865556.466797
70000986609.810730
70000682495.316223
70000849514.291153
70000877922.316559
70000882643.633667
70000910783.115707
70000457615.593918
70000692650.089554
70000217849.548889
70000902952.501801
70000134485.764374
70000284235.878967
70000346872.711197
70000789379.416016
70000458094.162766
70000752998.147919
70000541611.125092
70000762274.549271
70000708910.383316
70000679317.425064
70000521330.623062
70000970922.848465
70000088542.809891
1.000000
70000967726.460159
70000108511.773590
70000437827.666702
0.33
 0 0 0 0 0 0 0 0 0 0 0 0 0
