1 401
70000410274.032959
70000731522.215103
70000473970.004883
1.000000
70000065228.718079
70000500334.720978
70000314231.588425
70000145451.237610
70000254629.847656
70000620961.271133
70000856926.417389
70000649629.890564
70000323829.216507
70000872215.217194
70000582554.121124
70000719453.608765
70000537648.660995
70000490285.243866
70000129415.378784
70000448209.861832
70000010813.854477
1.000000
70000371059.260223
70000471430.254944
70000382019.533661
70000247282.755661
70000534702.601517
70000547735.956650
70000839865.200699
70000584448.425842
70000106442.308853
70000149221.192795
70000582046.724823
70000133635.562729
70000227496.816574
70000382983.188507
70000016187.472977
70000621428.080872
70000750766.482574
70000284542.328079
70000859715.276459
70000964554.266144
70000854757.620773
70000277233.599762
70000002069.015976
70000353602.768066
70000777706.967606
70000652839.190872
70000417348.960968
70000890304.349960
70000441388.228622
70000818056.735428
1.000000
70000197983.198959
70000461065.760849
70000500890.632324
70000387978.731812
70000171814.011688
70000685851.726059
70000079203.912903
70000982302.645004
1.000000
70000847104.472794
70000904789.833862
70000835192.069229
70000908589.338089
1.000000
70000542098.501068
70000068799.147949
70000608536.804062
70000646277.191238
70000766139.030411
70000080073.219589
70000646769.567017
70000710403.365921
70000009267.336136
70000856981.198837
70000751511.940247
70000854910.151001
1.000000
70000835492.849655
70000338483.087296
70000823785.598557
70000527150.371460
70000089432.092819
1.000000
70000924681.397339
70000770402.236679
70000083511.955170
70000674361.568710
70000532206.534180
70000491915.904465
70000834358.233902
70000556382.085007
70000197130.453125
70000493035.001633
70000364226.164459
70000470360.538376
70000346384.260178
1.000000
70000740895.647552
1.000000
1.000000
1.000000
70000986727.108154
70000744639.698944
70000227369.110397
70000827499.653015
70000603646.872391
70000009665.354843
70000552812.458282
70000288802.586334
70000743935.888123
70000004582.141907
70000560396.660080
70000299863.908310
1.000000
70000726054.115204
70000457524.238159
70000745106.838593
1.000000
70000604661.781097
1.000000
70000820062.222229
70000002870.731308
70000496780.582458
70000375539.291641
1.000000
70000711416.314651
70000667505.037659
70000502057.999603
70000931001.093765
70000292961.427750
70000094974.531296
70000072431.747116
1.000000
70000828730.499985
70000743850.352112
70000896809.830002
70000457911.761703
70000103722.047028
70000394725.773514
70000465787.680145
70000907642.977768
70000271638.546997
70000293446.206451
70000511922.998428
70000097820.537170
1.000000
70000029647.987762
70000559895.618759
70000087384.496429
70000566135.544388
70000142992.899857
70000083995.673477
70000445679.835342
70000940033.185074
70000837704.979980
70000710079.363754
70000016882.378418
70000155675.895126
70000643669.102295
70000577603.154572
70000495760.514282
70000492498.917938
70000165057.455215
70000882742.010574
70000430585.413727
70000430384.458313
70000847576.396759
70000446284.071808
70000176038.034149
70000002104.043808
70000252215.820480
70000588433.643784
70000929485.188416
70000896441.698547
1.000000
70000204539.162262
1.000000
70000942062.823151
70000053242.042267
70000191847.186920
70000857329.114975
70000354044.833374
70000507927.552612
70000683864.245285
70000265353.759842
70000983349.349899
70000855272.648987
70000884818.141693
70000426860.967087
70000147403.616028
70000810121.259247
70000881423.558197
70000840464.915710
70000741438.826569
70000902258.741043
70000337608.242950
70000236098.309311
70000919282.926041
70000814639.277649
70000842628.425354
70000092314.176270
70000522609.308380
70000776764.717148
70000346890.046890
70000126531.514511
70000642290.205750
70000748427.249313
1.000000
70000453399.725891
70000758227.312683
70000528191.261307
70000534562.915573
70000447275.452682
70000096088.429352
70000863920.719254
70000648324.214111
70000148213.238663
70000857725.448502
70000134637.504669
70000894193.108902
70000363261.811676
1.000000
1.000000
70000420931.049133
70000101379.957153
70000941138.935562
70000734140.157822
70000445854.646011
70000799514.518890
70000654389.964249
70000035683.034164
70000784977.696014
70000955639.257477
70000703729.090210
70000448221.484787
70000020981.144897
1.000000
70000098980.431839
70000457654.900269
70000757415.814392
70000289551.177277
70000697085.522430
70000785183.058243
70000915974.708405
70000591213.420441
70000377588.970627
70000886131.963989
70000050618.815369
70000930919.463348
70000123024.566422
70000324716.997467
70000842197.236450
70000775951.126205
70000953198.568192
70000853184.021347
70000993920.698807
70000884423.257828
70000186250.647156
70000251856.895844
70000332019.104630
70000247416.883041
70000265212.953613
70000075788.526764
70000349692.081512
70000198114.851471
70000292852.780228
1.000000
70000737360.543671
70000173844.840714
70000576620.813248
70000589004.036713
70000473683.181198
70000208905.626816
70000049845.876877
70000143219.526978
70000618147.355713
1.000000
70000935455.800201
70000409045.612717
70000792420.188354
70000817944.924759
70000981378.397720
70000876919.377151
70000581351.202393
70000865088.623993
70000407566.363449
70000680121.486084
70000130522.640625
70000486057.302231
70000050300.975845
70000713182.502319
70000639574.089813
70000527944.278076
70000775420.872345
70000507480.204239
70000796488.350403
1.000000
70000807301.465271
70000399476.804977
70000386409.940445
70000536142.918854
70000732973.180145
70000572263.198898
70000895257.594711
70000567298.407196
70000146684.356064
70000912349.924637
70000906555.199844
70000831019.758453
1.000000
70000069487.014297
70000234458.902100
70000762063.847763
70000635813.247025
70000549747.569412
70000328203.169907
70000149663.773697
70000983561.724274
70000552824.851151
1.000000
70000237567.608047
70000892094.181992
70000998498.227737
70000443102.132416
70000727538.903534
70000380459.674850
70000634095.214981
70000281578.946152
70000720839.147537
70000454637.399033
70000944964.337799
70000906628.207993
70000672177.081512
70000553064.556534
70000475708.798996
70000925464.481277
70000906744.455307
70000874058.334137
70000730695.003815
70000205346.544846
70000238647.046173
1.000000
70000936065.763260
70000997457.925858
70000797489.341873
70000243975.773056
70000992143.314453
70000040770.872787
70000461443.163025
70000997695.600601
1.000000
70000196363.123840
70000690943.181900
70000038900.712585
70000543663.083084
70000732265.470139
70000996676.377701
70000694937.475449
70000014038.707581
70000663169.277710
70000620461.542923
70000920853.089691
70000489817.304108
70000636031.970306
70000259335.456055
70000892199.294556
70000747718.042923
70000527910.202347
70000118871.143265
70000974745.053879
70000455697.051300
70000344181.588974
70000224845.096115
70000125855.886520
70000809242.928329
70000195472.197250
70000673867.705765
70000588707.373016
70000206876.816498
70000363625.147720
70000718957.465302
70000030529.120743
70000651158.433151
70000956036.504364
70000302471.794128
70000092060.936310
70000846274.971771
70000305167.060120
70000610452.750107
70000944857.685837
70000182834.933960
70000001272.215408
70000089097.245956
70000135501.939697
70000827178.728180
70000444944.421127
70000569467.098328
0.33
 0 0 0 0 0 0 0 0 0 0 0 0 0
