1 401
70000295179.358047
70000299480.979248
1.000000
70000867409.677170
70000697029.869644
70000977698.103104
70000519960.410812
70000634652.421417
70000224984.376251
1.000000
70000072692.779709
70000473629.062134
70000405256.718765
70000557105.879288
70000669521.241318
1.000000
70000073101.006165
70000602632.942642
70000754816.530609
70000250608.174500
70000905942.352356
70000229803.310257
70000544059.195908
70000355791.823547
70000583189.223099
70000901648.479538
1.000000
70000762439.553192
70000098506.461197
70000420961.656174
70000255146.612808
70000475758.457550
70000385368.630234
70000752613.573257
70000825331.229431
70000633889.358307
70000692341.622192
70000107995.714767
70000715658.749084
1.000000
70000671662.581650
70000035567.696320
70000481078.732803
70000082515.268646
70000734504.424744
70000670400.089111
70000405381.376923
70000696376.788849
70000557002.657562
70000326231.479248
70000493512.832458
70000137997.127579
70000054613.896820
70000500964.723160
70000610724.767426
70000970053.639114
70000170757.428406
70000696952.888794
70000489971.689209
70000131187.832611
70000985035.531448
70000190719.311386
70000607962.628143
70000368524.630508
70000377148.871414
70000130805.805939
70000722900.634598
70000267791.876404
70000080619.463669
70000847025.821045
70000382449.290649
70000409350.838760
70000378893.125137
70000818339.935028
70000962238.117340
70000796908.700760
1.000000
70000621283.864258
70000840694.314133
70000384404.801331
70000390300.390152
70000643512.458466
1.000000
70000619550.372894
70000642350.353882
70000653352.080902
70000229840.101181
70000004360.784470
70000478038.895233
70000702653.556152
70000382896.320419
70000639746.687027
70000881812.886139
70000529480.796051
70000877829.948639
70000803270.877548
70000311041.747528
70000918552.793716
70000209127.606430
70000767656.037598
70000399740.958817
70000090805.235657
70000542278.648819
70000670288.209732
70000984437.426285
70000502857.041428
70000743126.193756
70000873370.882568
70000539335.546066
70000784824.819778
70000379147.558807
70000161939.568268
70000157937.694443
70000602681.179825
70000752148.507950
70000083343.790237
70000231335.532303
70000189271.142365
70000529798.564041
70000791988.391602
70000764144.873474
70000113805.450974
70000801818.871719
70000807448.196014
70000247249.006744
70000493839.374664
70000494477.450165
70000551725.375061
70000195724.115646
70000069735.090729
70000311101.791916
70000110471.535095
70000386103.771164
70000063385.398605
70000568992.412567
70000175326.074051
70000660658.752243
70000448122.645767
70000766387.120728
70000964971.414948
1.000000
70000496898.169647
70000379663.674118
70000784895.467331
70000426500.777100
70000524071.870468
70000683946.655807
70000440796.165222
70000973218.839600
70000500503.464355
70000255373.668152
70000109029.784119
70000797599.335236
70000236025.034576
70000374927.885635
70000563894.710266
70000478728.355804
1.000000
70000729027.811661
70000789253.826187
70000574559.340118
1.000000
70000498657.335556
70000936288.208542
70000854827.151321
70000450043.955978
1.000000
70000799760.513885
70000851530.599823
70000060202.987961
70000172000.103180
70000978499.794785
70000506391.257797
1.000000
70000897624.915237
70000401759.610718
70000603836.109726
70000107935.738983
70000184031.319336
70000851436.812820
70000525875.300552
70000352001.688934
70000381176.719376
70000632802.062759
70000061641.920944
70000192387.555588
70000417065.784622
70000242149.056259
70000871198.367569
70000477902.161713
70000542238.648285
70000658466.878250
70000077274.463593
70000233230.779007
1.000000
70000072083.384689
70000673836.297943
70000470325.601181
70000121310.133377
70000279851.409470
70000666733.822220
70000423918.330826
70000532566.594620
70000725502.380585
70000060077.942444
70000443671.981873
70000826670.751083
70000855926.702225
70000664169.971313
70000612542.406509
70000228053.869736
70000295972.219284
70000490852.834579
70000956901.959900
70000000177.182434
70000447920.463043
70000225245.066299
70000323224.370377
70000513196.755035
70000718464.398392
70000130820.274765
70000328953.355499
70000695998.433807
70000923315.473206
70000151079.400772
1.000000
70000753780.754822
70000389894.125900
70000009958.053711
70000688163.984314
70000290854.169189
70000830166.677826
70000886405.522079
70000005703.885574
70000711147.467545
70000672639.192078
70000388154.503815
70000759530.270920
1.000000
70000148485.852493
70000056596.555176
70000351756.785965
1.000000
70000457536.788879
70000513747.591934
70000558562.092758
70000825830.019379
70000796334.509827
70000130253.095413
70000636954.913940
70000418447.941071
70000833353.088409
70000928693.898499
70000803888.886093
70000731788.274963
70000419143.885849
70000538673.298874
70000512318.555130
70000734838.508331
70000581763.652481
70000062333.380371
70000382483.373306
70000102303.726501
70000198963.003510
70000637203.609680
70000911517.592056
70000923729.678558
70000456286.226486
70000579445.035400
70000649177.441711
70000412700.945312
1.000000
70000417459.558411
1.000000
70000724909.747437
70000825293.812820
70000927124.154053
70000661629.032883
70000112284.133606
1.000000
70000971858.663116
70000960580.428879
70000204433.435837
70000013676.894608
70000382696.311569
70000393402.878494
70000001943.558441
1.000000
70000804495.038666
70000275332.659943
70000962051.327759
70000778534.136444
70000021406.440750
70000749731.588989
70000287111.334732
70000041816.565109
70000940124.790466
70000032916.042542
70000716819.350632
70000687271.411514
70000926391.258041
1.000000
70000749157.440094
70000037389.601959
70000515004.741837
70000201545.052292
70000081419.766525
70000369443.459000
70000199046.947510
70000319874.648132
70000911451.503510
70000943860.588226
70000099095.942856
70000008057.669250
70000540645.455658
70000422715.777267
70000678693.617844
70000428582.132660
70000648310.503433
70000168419.188431
70000681130.911728
70000461801.285904
70000025283.847900
70000008691.639526
70000104940.063141
70000066327.879745
70000964897.895370
70000637659.674347
70000376279.144745
70000197130.533524
70000953332.796295
70000435168.117935
70000141500.473267
70000908802.304962
70000462596.171509
70000396555.459930
70000683116.635391
70000107676.025269
70000154209.018845
70000970436.628647
70000047694.699753
70000537123.612411
70000666094.632462
70000019420.459900
70000180431.735855
70000145053.158493
70000042303.703445
70000080343.282654
70000850476.474854
70000714019.596405
70000788409.830276
70000307378.214325
70000908290.409866
70000724396.856857
70000858010.653336
1.000000
70000577817.482758
70000519793.562485
70000457450.707092
70000603147.645416
70000995402.763443
70000990329.791000
70000187515.792267
70000884425.222916
70000011131.116943
70000209295.803101
70000729538.583328
70000182490.597794
70000430094.444153
70000872371.710663
70000494360.133575
70000668058.656387
70000183048.124390
70000940387.802155
70000681739.047546
70000477659.538223
70000729760.996674
70000070680.387283
70000974003.516693
70000359332.508347
1.000000
70000752708.775742
70000901721.689133
70000130564.797836
70000577350.297180
70000850589.806976
70000118235.398361
70000630139.065933
70000541086.224976
70000990200.141357
70000137707.395309
70000017316.709671
70000992519.187851
70000188600.945953
70000704485.221756
70000811090.141861
1.000000
70000801831.096054
70000171105.416306
70000215774.266617
0.33
 0 0 0 0 0 0 0 0 0 0 0 0 0
