1 401
70000806610.796539
70000401186.477570
1.000000
70000393581.442352
1.000000
70000403213.605576
70000831120.499847
70000913537.989624
70000074931.440460
70000179852.687210
70000614068.573746
70000425161.772797
70000857387.915878
1.000000
70000866592.641037
70000093435.065826
70000877222.788757
70000560738.285095
1.000000
70000541482.046097
70000619688.199051
70000322607.381790
70000280402.550369
70000438903.354126
70000083501.159119
70000771113.149811
70000091300.789062
70000109063.780106
70000367429.127655
70000788908.116013
70000863360.647614
70000460598.937622
70000393394.118027
70000120668.832184
70000457345.441315
70000866137.358704
70000582723.610977
70000490620.541824
70000286048.940750
70000346631.493378
70000192974.766296
70000269545.080276
70000883906.863541
70000115579.618088
70000162740.626999
1.000000
70000313595.368332
70000839432.070938
70000454796.373154
1.000000
70000130273.633698
70000569810.736145
70000933323.618881
70000222487.945511
70000202235.389816
70000772652.858307
70000720827.798386
70000634977.830139
70000581345.294403
70000516395.495773
70000617797.707199
70000872544.020187
70000716450.940765
70000610543.758118
70000161784.492523
70000050622.222549
70000482254.815247
70000769146.955307
70000381585.093292
70000817952.784882
70000617123.528778
70000993366.046463
70000912506.019928
70000421169.616806
70000271830.753922
70000077874.498703
70000126991.926590
70000278197.371490
1.000000
70000873921.920380
70000349105.061829
70000589913.818787
70000689571.770401
70000649568.216599
70000285255.665207
70000782864.843765
70000027578.992355
70000268599.046280
1.000000
70000714922.374802
70000388559.354950
70000260038.599808
1.000000
1.000000
70000715347.125748
70000150051.122330
70000549542.885605
70000043843.131485
70000533313.207153
70000105119.032791
70000077645.706451
70000710145.272934
70000629899.138809
70000799743.908569
70000805162.032089
70000031925.248840
70000329196.899994
70000338705.160141
1.000000
70000597058.017471
70000709706.344360
70000451173.092346
70000311333.159119
70000834792.122498
70000669403.346481
70000804475.222015
70000343069.702133
70000208386.916870
70000813338.997833
70000813368.242050
70000246539.354324
1.000000
70000561858.664536
70000490648.889359
70000728506.069046
70000099216.391800
70000526152.926407
70000543124.431259
70000899991.602936
70000600348.584824
70000883747.836639
70000188291.052902
70000657806.142822
70000746186.005478
70000894214.818771
70000148138.996338
70000601473.679031
70000161847.403580
70000748857.456177
70000901480.852051
70000680085.484222
70000230696.422623
70000642426.159637
70000283505.481567
70000768209.535461
70000549917.511795
70000719902.361877
70000619437.343628
70000323860.795563
70000274552.290329
70000514126.320343
70000825481.147247
70000584114.939285
70000763751.265610
70000782791.592361
70000346292.726639
70000990950.404724
70000860464.829773
70000164580.859436
70000482230.743927
70000798331.055313
70000786910.989700
70000126484.228195
70000221958.468201
70000112583.264496
70000856234.118393
70000646798.698135
70000715308.500137
70000819754.889099
70000198379.944580
70000399490.082825
70000785469.400497
70000016420.457123
70000305625.329346
70000552993.858276
70000055513.146805
70000207437.166611
70000666849.040146
70000091739.102921
70000175562.129532
70000669645.102417
70000684781.936478
70000901064.139084
70000418776.883713
70000312403.634933
70000116781.430084
70000521835.514816
70000031411.603363
70000763957.767609
70000251659.950363
70000498749.564804
70000505100.272156
70000863203.392380
70000625101.061111
70000347905.534317
70000228505.614380
70000386879.141922
70000049389.394775
70000383168.510956
70000330956.962234
70000088740.958572
70000954436.177979
70000688794.796417
70000110058.010330
70000606135.296829
70000226402.636276
70000628109.686218
70000761393.665527
70000209296.493652
70000178340.526703
70000560434.629089
70000147222.574265
70000083406.665497
70000757787.229416
70000106840.512695
70000793499.255066
70000032730.845886
70000043445.610611
70000950764.401199
70000733153.995087
70000196477.707092
70000501917.797058
70000020004.430679
70000921411.210907
70000964164.217224
70000680095.267181
70000728100.895630
70000316576.696426
70000054793.102081
70000839553.175568
70000670125.865707
70000339257.768890
70000066277.283966
70000427451.413757
70000173870.457245
70000318467.920868
70000489545.560379
70000353234.246414
70000932932.602142
70000589986.865631
70000419078.779083
70000331758.172531
70000730745.328735
70000434755.725403
70000640974.033249
70000298148.945084
70000812271.905182
70000127825.996719
70000413089.228012
70000431253.666321
70000801453.960526
70000119836.031815
70000614434.964584
70000862733.691116
70000293932.709961
70000144056.507523
70000469214.580795
70000942025.581268
70000035412.122055
70000393575.204376
70000646939.337982
70000847850.445419
70000847598.431870
70000740744.524719
70000862254.243805
70000024150.845703
1.000000
70000934971.392639
70000535815.888092
70000447316.694046
70000037447.538239
70000634157.609390
70000146794.834412
70000568633.587341
1.000000
70000892480.359299
70000430561.478470
70000520980.064362
70000005721.581085
70000411559.556915
70000657395.653458
70000228916.080460
70000397592.663940
70000490186.999863
70000419929.559082
70000557563.564301
70000467214.914459
1.000000
70000176900.463486
70000857928.743713
70000127366.256256
1.000000
70000778926.980362
70000976260.441193
70000250177.541687
70000498701.947357
70000522459.478760
1.000000
70000020967.906876
70000231259.116272
70000052379.738342
70000456722.912857
70000995763.490707
70000476092.336411
70000156926.958527
70000652823.759949
70000675943.767670
70000460580.130127
70000841244.035049
70000331767.577301
70000012751.348038
70000370916.330399
70000323378.388916
1.000000
70000463987.028122
70000103326.084686
70000454332.817963
70000773459.735489
70000970016.306839
70000823101.951691
70000620200.264130
70000338540.595093
70000426593.861099
70000935288.371338
70000129501.343170
70000405265.295547
70000776410.527466
70000360468.498199
70000776144.434326
70000607237.974884
70000633470.451904
70000487382.443481
70000143962.898590
70000262116.449661
70000492438.686829
70000220858.501236
70000006417.146378
70000323674.659500
70000513319.300659
70000549151.024124
70000825676.180344
70000000095.706680
70000982481.798386
70000028492.662109
70000251538.223251
70000453692.677780
70000896122.642822
70000186090.336548
70000002003.366486
70000026741.860138
70000564007.764236
70000673956.825790
70000303195.204559
70000443129.388077
1.000000
70000275025.251526
70000295654.123413
70000559117.416428
70000886505.654739
70000607755.600540
70000362461.643845
70000881008.256256
70000968371.156342
70000686096.459839
70000324988.659561
70000729612.008759
70000561155.188538
70000954923.628891
70000267723.033600
70000564757.646957
70000698860.955551
70000663882.882721
70000123769.311066
70000701590.283081
70000189426.900925
70000652239.466492
70000355074.923096
70000661795.437042
70000125501.739914
70000716252.520767
70000722156.617310
70000317013.015717
70000848407.071075
1.000000
70000971885.472412
70000891559.425354
70000318718.239822
70000755187.453690
70000969137.171646
70000069326.403244
70000375060.524246
70000419104.817932
70000338303.559662
70000667874.773926
70000557641.014908
70000816267.829773
70000041885.554718
70000944914.380890
70000203554.369476
70000693583.730911
0.33
 0 0 0 0 0 0 0 0 0 0 0 0 0
