1 401
70000941382.159729
70000307053.819214
70000592430.567627
70000395572.973633
70000716719.890305
70000138722.153580
70000910106.544724
70000560975.513351
70000767049.297028
70000482514.854340
70000401506.145050
70000971809.635925
70000457228.305725
70000251699.715073
70000522618.074692
70000124107.346573
70000602625.536087
70000911815.423721
70000754054.922928
70000056983.658722
70000527626.973694
70000702625.107224
70000240205.066116
70000001755.639221
70000048673.237335
70000133722.897766
70000935826.907379
1.000000
70000163940.267685
70000331451.385910
70000324753.488281
70000164165.167419
70000266823.452225
1.000000
70000538865.799011
70000351542.892014
70000901500.038467
70000864976.966827
70000704400.118713
1.000000
70000435874.119064
70000531349.509552
70000885255.924805
70000812240.029846
70000961754.453247
70000453534.501602
70000004432.856735
70000659165.121475
70000891887.336746
70000954961.188522
70000500588.862808
70000346599.584229
70000333336.027328
70000528139.202972
70000358916.071487
70000091028.526978
70000158527.470428
70000407924.390930
1.000000
1.000000
70000301856.405701
70000050170.818176
70000256659.643219
70000579193.359207
70000835978.422073
1.000000
70000730495.519363
70000333262.082535
70000494261.710190
70000363361.265518
70000336192.188354
70000783747.679749
70000880273.717255
70000073247.509003
70000243679.625961
70000339871.103302
70000838808.648773
70000340028.551895
70000385453.711395
70000286616.989883
70000837613.924225
70000032018.816010
70000287676.295013
70000843838.016556
70000858072.898254
70000741907.295807
70000224031.385941
70000272392.357025
70000063354.675125
70000843260.504105
70000975500.801376
70000892864.403610
70000366808.210037
70000998956.334305
70000352287.657883
70000174739.744461
70000803512.653442
70000712797.433685
70000849700.368134
70000262665.205841
70000350462.259064
70000841106.379944
70000204872.153259
70000957324.160629
70000072324.768860
70000213369.129562
70000429950.862000
70000075896.930618
70000249122.411743
70000390851.074905
70000402532.765228
70000111111.845551
70000827131.246063
70000658314.043549
1.000000
70000102375.428894
70000600180.882080
70000975307.649155
1.000000
70000422378.160843
70000726520.014969
70000897823.998520
1.000000
70000068813.095139
1.000000
70000372832.001846
70000132867.314209
70000847243.040222
70000199614.449631
70000000969.958817
70000218526.990402
70000393414.384781
70000897766.240738
70000267000.173172
70000889268.790115
70000232394.003555
70000369172.251999
70000092214.900604
70000745134.458191
70000356252.374542
70000571250.627213
70000139596.921783
70000748983.574905
70000881661.571838
70000288408.214905
70000034515.625534
70000916171.283768
70000060609.616074
70000637988.799713
70000160432.448929
70000650657.135834
70000645498.473785
70000902722.511917
70000488866.975220
70000734582.852859
70000581094.285782
70000023926.571655
70000929108.220657
70000549764.377411
70000797967.002884
70000583880.532455
70000227255.164291
70000218153.233871
70000872331.405334
70000114120.710037
70000599461.552567
70000652333.126465
70000997125.050201
70000009384.575211
70000842536.122879
70000571212.261459
70000750387.939667
70000636854.160309
70000813026.902710
70000316822.189453
70000813187.450211
70000170215.922729
70000093102.987106
70000919568.249100
70000443605.943268
70000602851.242859
1.000000
70000658712.872635
70000806323.483902
70000973486.716461
70000099826.754044
70000629582.016022
70000503430.520279
70000009889.213745
70000456028.830154
70000096113.610748
70000466121.559982
70000029738.816620
70000869900.842377
70000396910.843445
70000856676.480835
70000846639.993317
70000677022.920471
70000071528.747726
70000734870.742676
70000664134.856522
70000591665.603851
70000315676.404678
70000575876.722397
70000074194.025269
70000933132.259659
70000130146.926880
70000238073.121796
70000709713.557907
70000944105.297272
70000349181.817245
70000224025.746552
70000055403.758209
70000131133.626556
70000114626.440094
70000466895.182098
70000795995.673447
70000050933.833862
70000153886.315063
70000640880.061630
70000116529.419220
70000474470.895584
70000347286.621109
70000210186.674698
70000764683.329559
70000129911.561829
70000515083.367416
70000267388.878006
70000456377.708923
70000526815.034821
70000325393.313171
70000755250.595932
70000706302.432556
70000160337.177521
70000246496.874115
1.000000
70000797786.811737
70000353966.733688
70000476513.370987
70000093961.600586
70000535417.209991
70000872782.568481
70000460235.889069
70000934616.832977
70000458030.181549
70000411989.018585
70000857422.239273
70000507749.335022
70000252060.506668
70000758635.868973
70000321643.752075
70000836885.258835
70000509326.478592
70000707401.569168
70000236481.788788
1.000000
1.000000
70000263346.550674
70000655780.299210
1.000000
70000767019.659897
70000449020.007248
70000117589.037231
70000622178.173508
70000176898.715027
70000484618.345581
70000214125.608780
70000750187.482895
70000744505.767197
70000719452.150665
70000445574.513412
70000818312.854355
70000989713.851639
70000362848.263962
70000536187.359375
70000981708.213348
1.000000
70000556930.526779
70000532422.494629
70000745447.771744
1.000000
70000941122.512741
70000712316.439835
70000146677.301941
70000461464.945190
70000984640.991852
70000612480.575653
70000376092.910309
70000285508.296234
70000449399.717758
1.000000
70000162217.414749
70000738804.717972
70000710072.305374
70000003537.116837
70000564613.592545
70000479870.049225
70000183685.647278
70000753603.056061
70000728456.170013
70000560004.931213
70000999856.589508
70000738651.969589
70000582615.639786
70000987812.044846
70000766458.005875
70000140633.489792
70000916624.319092
70000033178.126251
70000141265.296799
70000661467.229782
70000655040.345566
70000756656.510193
70000858680.960526
70000591153.529785
70000001423.230225
70000834657.939377
70000722217.846970
70000230267.312805
70000714186.486755
70000081587.464447
70000101874.455414
70000841095.707153
70000452719.633743
1.000000
70000175783.847519
70000585303.426819
70000315909.504532
70000537534.860428
70000243008.033127
70000101885.101028
70000327464.091599
70000642790.825394
70000570897.331818
70000133850.643509
70000954443.906113
70000781950.911682
70000911378.388596
70000067586.352264
70000982595.238785
70000930803.202576
70000024616.020416
70000696633.702255
70000695161.477936
70000293415.665543
70000595405.063675
70000315294.819382
70000004490.992340
70000653357.814651
70000072690.822540
70000561086.877930
70000320675.337051
70000186587.644592
70000199159.524872
70000378004.400330
70000854546.035065
70000659691.215836
70000310395.292130
70000739721.553619
1.000000
70000509155.346603
70000744828.415009
70000995270.079178
70000837556.696884
70000831529.564957
70000879576.561523
70000123009.295685
70000626616.428040
70000973192.841400
70000093160.376877
70000819650.996582
70000194699.126190
70000861147.305740
70000010094.583237
70000757357.880539
70000622548.715652
70000572888.130188
70000803771.785217
70000218617.702713
70000079151.536972
70000570630.725388
70000637085.402740
70000711050.157608
70000878526.919479
70000128712.103485
70000373603.370850
70000173950.145081
70000440361.487259
70000834868.353745
70000792283.789764
70000595156.840012
70000652686.801300
70000369628.431671
70000209489.282318
70000820843.027390
70000316914.927658
70000924798.742920
70000619709.956757
70000177689.547607
70000661104.494263
0.33
 0 0 0 0 0 0 0 0 0 0 0 0 0
