1 401
70000496369.365509
70000797917.875549
70000690608.231720
70000577439.777069
70000819964.668137
70000228220.762955
70000389096.540833
70000966057.874481
70000232132.470932
70000251051.216431
70000055215.098251
70000442469.324921
70000633438.549408
70000564755.350433
70000034942.527771
70000221425.759399
70000643362.538483
70000951169.395187
70000432882.307755
70000577435.723648
70000649434.670746
70000362504.890732
70000335642.114426
70000416475.428574
70000972540.753418
70000642307.735367
70000018033.913162
70000179231.860016
70000040746.608856
70000735520.079285
70000871696.680603
70000653599.998795
70000970708.713287
70000769499.086044
70000683882.036804
70000012793.862122
1.000000
70000826280.841232
70000475275.349518
70000147610.978928
70000495154.731537
70000772099.944794
70000978912.477798
70000009633.313507
70000087338.671799
70000705265.133713
70000481195.250534
70000500195.911270
70000138104.828369
70000604300.338013
70000540210.749313
70000594797.877060
70000802079.491547
70000175100.656921
70000226893.008667
70000835441.921707
70000547636.576965
70000448797.708908
70000288031.027359
70000393841.404144
1.000000
70000941274.555801
70000643004.658737
70000485277.645950
70000215402.541626
70000680379.355179
1.000000
70000700978.250366
70000555914.142929
70000177521.387390
70000102452.972565
70000147397.050949
70000666914.664917
70000976346.673813
70000859214.048325
70000808112.161240
70000990988.934341
70000543522.597717
70000518292.370972
70000732076.754013
70000138374.663254
70000774813.782303
70000966057.625793
70000523154.740463
70000788944.884491
70000681188.354843
70000841560.690994
70000273474.159637
70000717032.912979
70000799283.061920
70000321903.881317
70000006253.504211
70000935409.640167
70000704699.803238
70000898668.403107
70000803993.402069
70000209708.727448
70000350554.932968
70000789259.193298
70000664487.492096
70000762361.059799
70000848655.954178
70000688130.627594
70000797846.275330
70000459107.206894
70000133455.539932
70000524331.588165
70000050514.843948
70000833424.283386
70000430292.679855
70000422577.862503
70000083362.532074
70000323461.586380
70000960497.433395
70000886875.949936
70000518545.402512
70000854659.509659
70000930887.580429
70000421173.375168
70000198357.912018
70000783949.891724
70000961672.291260
70000632155.064148
70000448331.350861
70000517596.570984
70000929954.750931
70000232478.092346
70000505487.851593
70000228883.896942
70000062069.552780
70000737166.049591
70000881926.041031
70000308396.055740
70000698931.914154
70000049208.334778
70000672234.432632
70000701224.638672
70000013564.099319
70000372620.015305
70000391786.382996
70000090277.845917
1.000000
70000275881.207581
1.000000
70000158003.135086
70000404488.430161
70000934843.017334
70000942257.926010
70000058133.121063
70000468979.917084
70000915143.767609
70000295998.328903
70000788137.884964
70000017507.724579
70000100764.455490
70000754492.698380
70000542566.318436
70000667500.451675
70000563630.173737
70000748862.116272
70000758627.859650
70000641485.589752
70000356677.156158
70000947350.369186
70000803366.417999
1.000000
70000680121.038132
70000656948.293304
70000468782.999268
70000545512.907547
70000216926.770035
70000813625.133926
70000495828.768021
1.000000
70000879748.593338
70000928286.714523
70000548747.387634
1.000000
70000473153.388779
70000639712.465683
70000782428.490051
70000920774.110123
70000893292.571609
70000034150.666809
70000122333.401520
70000898873.020050
70000556587.375626
70000372511.464462
70000589699.178391
70000984790.116013
70000602782.080811
70000856343.767624
70000598601.805420
70000822588.117859
70000988092.334778
1.000000
70000072504.673737
70000074113.851257
70000056939.948593
70000146997.137405
70000809784.252441
70000304568.119995
70000481776.603333
70000577791.144119
70000173258.521454
70000987355.858429
70000991690.361176
70000874047.345184
70000724537.223206
70000555414.176697
70000401829.367569
70000767997.177246
70000421607.526566
70000634877.047394
70000458755.845749
70000700360.593918
1.000000
70000113763.286179
70000858991.099991
70000137922.167984
70000802622.502945
70000448952.523376
70000722772.095398
70000738660.053101
70000347388.334518
70000163897.537186
70000274285.741653
70000899606.091995
70000706752.338638
70000874384.553833
70000440072.544998
70000367636.963837
70000611407.700287
70000444125.332535
70000534833.744431
70000876093.718765
70000321352.579590
1.000000
70000764292.094864
70000200047.282883
70000759333.207748
70000666329.893494
70000389588.414719
70000967611.670410
70000644995.865891
70000566687.192780
70000952622.860962
70000862484.674332
70000965482.396759
70000007165.889465
70000968419.575150
70000831575.281479
70000315752.965195
70000917196.809113
70000683521.770660
70000616875.400330
70000365023.778214
70000299019.076996
70000215211.547699
1.000000
70000212188.894699
70000602510.686478
70000834827.819412
70000705043.577240
70000328125.561829
70000771148.036102
70000815835.738449
70000507203.327133
70000286442.089569
70000838521.337738
70000454527.347931
70000292916.791931
70000527791.124451
70000378723.180542
70000970325.018921
70000076859.643997
70000853948.249695
70000270365.530823
70000625862.312027
70000804645.681061
70000093316.639923
70000789381.542053
70000124563.438263
70000188331.533905
70000747691.447235
1.000000
70000575676.081696
70000996189.752472
70000703585.437271
70000183223.185669
70000966292.225647
70000089440.352676
70000535570.635925
70000570289.706009
70000132186.835312
70000264409.952881
70000962111.591660
70000389830.039093
70000503334.818695
70000240735.964050
70000590997.116669
70000472900.018082
70000258227.109390
70000460066.114090
70000387513.452728
70000199325.926270
70000205908.647964
1.000000
70000209682.577545
70000667013.947113
70000558646.539459
70000612553.280228
70000348968.399628
70000220131.751648
70000701813.144699
70000256446.657486
70000142959.174927
70000517409.596390
70000746878.497818
70000652853.550171
70000156484.376801
70000892177.771866
70000260400.803482
70000567513.899841
70000691406.894653
70000056731.267578
70000384502.415207
70000592079.217545
1.000000
70000729133.937943
1.000000
70000671102.307510
70000624976.615601
70000952217.583725
1.000000
70000384586.085083
70000897802.564835
70000263117.460266
70000993801.388962
70000891269.385895
70000904102.423401
70000530907.688736
70000252173.845078
70000983111.723724
70000973545.360092
70000362469.518997
70000960614.625061
70000768511.933838
70000928082.238342
70000856700.755905
70000895875.214661
70000721798.857742
70000741958.674561
70000904927.152252
70000148123.407745
70000145801.282562
70000276718.297882
70000717424.249954
70000993743.660522
70000884731.917297
70000452869.452316
70000277089.550201
70000602380.419815
70000844015.629913
70000895559.122055
70000470340.729019
70000609276.179245
70000266413.247208
1.000000
70000915798.252121
70000407847.922974
70000524457.323547
70000277388.720001
70000862379.026276
70000135484.990173
70000392896.893097
70000786775.012527
70000225595.507339
1.000000
70000345402.643661
1.000000
70000342687.613983
70000532962.348343
70000224463.223953
70000764668.664474
70000346583.658630
70000411190.310593
70000712038.744934
70000913498.200974
70000509874.276917
70000736245.913544
70000495489.704895
70000163231.458191
70000640730.652100
70000380713.326035
70000610953.145325
1.000000
70000315313.492935
70000952941.812912
70000213308.981674
0.33
 0 0 0 0 0 0 0 0 0 0 0 0 0
