1 401
70000004887.589386
70000362611.277252
70000362587.943726
70000049057.386749
70000928632.037842
70000087186.992767
70000304193.185837
70000750254.281860
70000989188.087738
70000963772.622131
70000349539.219223
70000763163.204117
70000079058.397644
70000686887.870346
70000662112.240280
70000158938.965637
70000364342.366852
70000455802.982178
70000589057.711441
70000977268.064224
70000329067.150208
70000709070.677032
70000382323.454697
70000492251.512939
70000656364.648239
70000282267.766403
70000104292.913834
70000184582.259567
70000409064.527557
70000729717.988846
70000861592.930695
1.000000
70000548647.951401
70000217711.963120
70000824125.496552
70000244568.507416
70000182977.339706
70000990756.244003
70000758768.188705
70000230872.697006
70000677903.351883
70000227139.692215
70000348438.917191
1.000000
70000503635.708084
70000420922.456787
70000563269.755035
70000835786.841675
70000163531.777847
70000673301.510376
70000058356.993912
70000715179.148651
70000696577.820526
70000911547.627090
70000261212.023071
1.000000
1.000000
70000365603.473618
70000480902.982193
70000883608.139481
70000123994.718353
70000520739.985413
70000895872.488953
70000435109.488312
70000982396.547424
70000025937.476379
70000536640.774612
70000766977.733688
70000500689.017868
70000766110.296646
1.000000
70000576778.462448
70000077047.431900
70000496636.521439
70000207365.309189
70000110693.198883
70000432996.497070
70000234510.872528
70000278682.969528
70000124096.563126
70000953268.617920
70000312078.923203
70000960475.679993
70000578470.010406
70000764380.925781
70000232665.589249
70000797694.010941
70000215240.332199
70000262316.996597
70000806492.882050
1.000000
70000240616.852371
70000219785.923645
70000615527.459686
70000613096.665985
70000973552.956329
70000330538.900269
1.000000
70000292024.037537
70000003140.200653
70000280416.899765
70000937290.658234
70000764659.601486
70000881816.157791
70000244742.620636
70000264465.943665
70000482628.878952
1.000000
70000628927.150314
70000655323.061401
70000600567.178772
70000342968.087082
70000839009.581802
70000071596.746887
70000057759.674515
70000532306.506378
70000995991.893570
1.000000
70000194506.190125
70000076439.790939
70000351217.972397
70000587520.728561
70000284426.502655
70000130244.332458
70000069244.324722
70000678647.142197
70000375469.948868
70000287677.356674
70000886616.371429
70000715171.651031
70000664375.039383
70000115028.156860
70000764841.459900
70000491679.103348
70000941281.144714
70000425178.136856
70000186523.362610
70000167877.813431
70000177799.261642
70000067909.870514
70000885397.322037
70000861142.869843
70000738375.184082
70000327287.696289
70000658046.875717
70000423698.902222
70000983136.927902
70000054184.412674
70000152679.352966
70000673253.911530
1.000000
70000177056.097595
70000097168.354416
70000100269.705307
70000301302.082962
1.000000
70000771764.950195
70000623001.481537
70000699115.870819
1.000000
70000486099.837067
70000603800.211319
70000260480.918640
70000850402.934280
70000485113.697784
70000729520.615768
70000275180.965256
70000314920.411972
70000335148.177383
70000445203.358627
70000904428.189087
70000447907.672241
70000394098.935059
70000276147.084229
70000567940.021820
70000689114.753647
70000470649.711945
70000097444.038742
70000324762.495834
70000665402.964645
70000921731.863251
70000799294.734100
70000086364.921509
70000755797.108566
70000318429.220169
70000930025.942551
70000464458.774139
70000359179.745865
70000799830.616791
70000135813.900787
70000058727.884583
70000106716.814850
70000734836.244934
70000445496.379028
70000334088.554932
70000863643.480530
70000682466.416000
70000224750.005188
70000042714.907608
70000812018.012680
70000217560.746811
70000612996.725830
70000219363.389725
1.000000
70000396794.705383
70000398070.889725
70000659265.809433
70000044472.076782
70000227602.501770
70000395819.501404
70000635695.932922
70000856430.125717
70000266627.575439
1.000000
70000288571.270508
70000611507.425034
70000722350.265625
70000232207.513672
70000216675.241745
70000143615.907776
70000536322.051575
70000046956.350296
70000058455.350677
70000272891.566788
70000178745.537903
70000168198.414429
70000960338.369980
70000411810.003448
70000637148.415741
70000018659.796127
70000633628.042206
70000430508.114944
70000786613.031662
70000266600.944138
70000126779.451263
70000435000.003799
70000123776.599243
70000362980.586441
70000253849.043259
70000820538.663727
70000628239.340988
70000157869.327332
70000936653.638626
70000700532.673965
70000679974.328705
70000370171.937805
70000977642.581711
70000052042.910751
70000514631.753067
70000442897.083542
70000009438.857773
70000613374.636398
70000059660.583832
70000720589.592712
70000591378.456039
70000054477.484528
70000068082.505249
70000784562.123367
70000040229.585556
70000915915.548080
70000178271.057678
70000127759.912216
70000606878.493561
70000584647.404526
70000531598.066803
70000355587.949738
1.000000
70000475370.886200
70000868557.935074
70000147891.296021
70000355294.645050
70000574491.216827
70000500588.094528
70000679098.824249
70000007857.858536
70000751580.481735
70000798715.692535
70000313410.438766
70000106484.846481
70000156322.634979
70000409928.737610
70000353402.811600
70000475858.175293
70000079987.983047
1.000000
70000316354.091156
1.000000
70000136485.373001
70000092240.804398
70000108737.694336
70000775198.037460
70000673097.062912
70000406939.839188
70000028911.595901
70000661119.695816
70000281267.739151
1.000000
70000835167.524597
70000082391.172333
70000939517.699707
70000802903.466339
70000920407.751923
70000864383.355042
70000110507.979263
70000045464.596222
70000473497.702118
70000069738.904709
70000057365.652771
70000220437.065491
70000264439.147675
70000067405.533142
70000817646.790466
70000013411.243271
70000394603.054138
70000606913.849411
70000592672.654968
70000252602.353745
70000491145.030762
70000991707.900558
70000187997.927216
70000776831.010696
70000110701.542679
70000773092.139206
70000294161.790970
70000258684.044388
70000011617.805038
70000331347.681992
70000374326.273529
70000842972.732117
70000994573.608444
70000389350.958069
70000886963.517288
70000046484.880753
70000812865.122330
70000179371.901230
1.000000
70000015185.184158
70000706727.115540
70000947120.396851
70000884104.886017
70000547942.471893
70000542120.059204
70000005845.772064
70000195499.363876
1.000000
70000462983.860504
70000544157.186661
70000349078.049103
1.000000
70000027276.407425
70000707984.619598
70000413912.049240
70000320691.212875
70000943887.516388
70000588038.457321
70000571237.919922
70000109170.003403
70000496527.440903
70000668872.646881
70000472822.422211
70000685706.061386
70000648109.721130
70000541679.943710
70000299606.622009
70000444224.502182
70000349577.142593
70000200688.819763
70000093738.335953
70000379089.530319
70000466373.894028
70000631603.084564
70000611403.975800
70000089032.843369
70000362536.823257
70000207768.255142
70000118732.893158
70000073738.387573
70000177348.545288
70000647580.863251
70000228879.678833
70000070750.198471
70000633788.784698
70000212965.640930
70000579426.785919
70000175141.785965
70000797423.476364
70000747575.934769
70000435033.962173
70000168971.362930
70000538333.217834
70000392870.331284
70000431209.170227
70000561630.444916
70000171766.341324
70000250133.875427
70000984804.687454
70000810257.424225
70000426341.335526
70000805356.983826
70000277935.089523
0.33
 0 0 0 0 0 0 0 0 0 0 0 0 0
