1 401
1.000000
70000966266.656601
70000003395.738632
70000436730.901367
70000039803.712006
70000257907.580231
70000562724.969971
70000760279.537460
70000748310.544098
70000318797.857834
70000457107.905334
70000638840.051208
70000968366.817444
70000054660.306290
70000875132.205780
70000656405.349426
70000760178.939896
70000470250.563889
70000545522.265457
70000907858.990768
70000983640.262665
1.000000
70000610756.604584
1.000000
70000825427.372101
70000576366.751907
70000586021.378784
70000838083.934845
70000305980.209641
1.000000
70000738602.231842
70000158617.378418
70000174684.386765
70000645674.682892
70000634883.758072
70000245619.196121
70000163331.589371
70000881667.570129
70000087841.947952
70000558371.135925
1.000000
70000611500.066605
70000139652.294556
70000777210.657242
70000934009.947388
70000585587.798233
70000678505.328766
70000081849.830124
70000650720.435318
70000354575.020691
70000486575.702545
70000434429.617310
70000303619.038391
1.000000
70000156941.024429
70000459860.522507
1.000000
70000459756.661545
70000443074.126144
70000220133.061768
70000959728.154907
70000465894.861526
70000181307.357101
70000196059.378220
70000445319.342697
70000545856.740753
70000404445.369858
70000501801.230042
70000353084.000656
70000378639.589981
70000489117.005569
70000911678.988251
70000256506.899078
70000922690.298630
70000385690.648819
70000898034.024979
70000678498.442322
70000906844.029587
70000718332.403641
70000362614.897980
70000529332.989304
70000673177.045334
70000193855.971252
70000776176.533112
70000076468.479904
70000024620.149612
70000483779.275879
1.000000
70000321785.913589
1.000000
70000139574.416382
70000548905.446503
70000106523.568787
1.000000
70000316568.939789
70000474767.647858
70000267078.683060
70000024816.325546
70000273375.965485
70000558065.945877
70000471012.528152
70000861963.117722
70000507600.453812
70000892224.995163
70000651420.959717
70000220959.806580
70000255630.085846
1.000000
70000755335.651718
70000843098.277313
70000021319.121246
70000318110.418579
70000968286.858261
70000260366.606598
70000981196.681259
70000104000.584930
70000364435.158707
70000196834.805374
70000703781.018829
70000932679.238953
70000375399.472153
70000527481.592575
70000057454.150986
70000625681.478699
70000643325.831116
70000811794.667679
70000191536.220291
70000186297.617645
70000215816.293381
70000203400.476501
70000212216.029617
70000284947.785233
70000399636.405624
1.000000
70000063296.222763
70000998924.719452
70000841914.937927
70000861532.432419
70000749640.860321
70000394765.303940
70000100176.579346
70000022506.201721
70000152979.653687
70000872459.605972
1.000000
70000730149.898117
70000144630.271759
70000943003.907608
70000564968.043320
70000619805.678604
70000224008.784607
70000831234.330872
70000596079.847580
70000874992.133911
70000776413.821732
70000365072.636581
70000173065.139175
70000112017.959244
70000082187.349579
70000286760.127670
70000000552.322586
70000820624.785492
70000352155.455185
70000795466.694016
70000343659.918274
70000700747.592728
70000878400.636871
70000281679.772186
70000584761.121490
70000771521.149796
70000458644.773636
70000406261.544159
70000841008.281982
70000079142.779510
70000903512.255783
70000386818.052856
70000803369.531693
70000606689.700684
70000648604.124527
70000938467.203857
70000306871.783676
70000469876.937225
70000706151.458786
70000052439.896118
70000389717.527054
70000159754.289368
70000913962.196274
70000350292.830475
70000572445.560287
70000349495.562119
70000487482.364914
70000833771.695221
70000110576.410934
70000720032.042572
70000619223.858337
70000986637.959656
70000977875.162659
70000395372.907669
70000961053.870987
70000218884.730133
70000110898.040314
70000923642.466873
70000696585.236786
70000772605.720352
70000041254.068192
70000896109.833221
70000409082.485687
70000630836.625122
70000093122.675430
1.000000
70000949181.156906
70000022775.910217
70000780250.694061
70000481238.866425
70000707788.690933
70000410563.817383
70000606640.024857
70000647650.086227
70000418929.279510
70000122839.815262
70000194021.279343
70000579093.385818
70000437162.703323
70000798611.532608
70000447240.813370
70000318120.718689
70000735266.571899
70000310928.748505
70000075824.051971
70000277164.483536
70000014077.139175
70000372578.896851
70000815370.727005
70000192548.229019
70000235656.034393
70000116674.125366
70000970381.907654
70000179576.105286
70000495630.531647
70000359758.482162
1.000000
1.000000
70000354527.743149
70000060886.004044
70000251409.787460
70000938880.089722
70000418829.269409
70000929817.385895
70000351790.313538
70000521642.787445
70000751216.598007
70000930433.454590
70000561118.053497
70000405084.733627
70000405730.311310
70000102615.266998
1.000000
70000564155.977234
70000573047.531219
70000960649.742020
70000344786.954758
70000368548.519257
70000675509.833771
70000013669.361115
70000753419.427856
70000083506.153687
70000916815.061295
1.000000
70000060186.218216
70000281645.142578
70000631249.411255
70000747031.663300
70000605802.593384
70000544395.352356
70000335549.531754
70000210692.745667
70000562663.018387
70000137940.370987
70000512858.813446
70000021688.206955
70000040611.683273
70000185195.018616
70000973136.093353
70000259000.244278
70000653362.292496
70000736333.955734
70000332531.062363
70000733532.745453
70000805227.458084
70000175485.900314
70000251580.999130
70000245733.157608
70000609376.929230
70000093985.746201
70000656330.162201
70000598981.632645
70000953003.080704
70000445901.559647
70000412311.668076
70000000992.548904
70000324069.607086
70000874907.316940
70000652687.291748
70000753991.762268
70000338492.614273
70000106729.429718
70000246660.568527
70000784890.250687
70000406162.449127
70000767213.480148
70000819155.890823
70000901950.745712
70000747693.901978
1.000000
70000225630.721817
70000373924.053955
70000818817.391220
70000823910.974274
70000620333.912445
70000658779.979477
70000761860.531967
70000063658.658417
70000164744.611450
70000841736.451569
70000255435.350937
70000866970.799561
70000698007.418808
70000948611.548370
70000005587.134415
70000259660.430191
70000044458.147949
70000923381.348175
70000833657.147888
70000112795.673920
1.000000
70000910250.385376
70000912393.405411
70000232672.181244
70000812869.407745
70000728879.909592
70000515365.152954
70000558451.423157
70000949851.619843
70000694320.740295
70000960023.216400
70000318269.333359
70000245620.976013
70000120538.021652
70000783734.890717
70000299110.492142
70000082782.577606
1.000000
70000086370.777481
70000196870.669876
70000192066.747620
70000683495.602478
70000542765.061035
70000742582.878159
70000095513.209579
70000854533.206009
70000276602.899094
70000206878.311768
70000967647.166275
70000035800.391235
70000404797.727325
70000027873.528305
1.000000
70000303800.289261
70000013921.083359
70000512659.285309
70000390888.792068
70000723348.676559
70000880562.260147
1.000000
1.000000
70000839951.099884
70000958170.047302
70000400490.478851
70000995384.331726
70000931660.489319
70000390182.104889
70000399073.893372
70000063428.340973
1.000000
70000830688.379333
70000480524.570953
70000971386.687347
70000473962.023834
1.000000
1.000000
70000568795.901886
70000611464.898270
70000730039.255112
70000483229.760605
70000877930.949448
70000828053.962021
70000815240.139816
70000876051.382141
70000557055.783127
70000672098.625275
0.33
 0 0 0 0 0 0 0 0 0 0 0 0 0
