1 401
70000499024.515121
70000773199.405273
70000029209.011017
70000885356.620911
70000121088.898575
70000395011.128052
70000437260.637817
70000796442.647873
70000869405.594193
70000378920.498291
70000633014.070724
1.000000
70000588560.731110
70000208739.607208
70000588806.950546
70000773328.907776
70000765405.285294
70000132064.831772
70000671982.376816
70000708993.089630
70000084969.493301
70000158490.568436
70000524988.580551
70000863343.316238
70000842928.245682
70000523324.688187
70000118919.263199
70000904532.744263
70000959178.935455
70000479318.037323
70000535684.978302
70000990623.210449
70000085069.092987
70000840353.873825
70000055826.190125
70000706606.208588
70000890448.762466
70000756279.852814
70000529899.036591
70000084122.541122
70000794448.154526
70000338577.678223
70000249914.379669
70000336930.954849
70000459403.985565
70000280731.433228
70000306024.186493
70000900776.181122
70000591089.523438
70000086646.551147
70000643408.471191
70000569101.235580
70000112106.207870
70000138843.552811
70000675547.644928
70000491241.495071
70000427564.136398
1.000000
70000882651.315491
70000089433.011200
70000239409.103699
70000264021.007416
70000677805.628571
70000470831.853867
70000424529.389435
70000948015.767456
70000692574.363510
70000967525.785400
70000437582.302551
70000992854.540344
70000839592.360214
70000876793.353531
70000259257.457443
70000194883.126450
70000324899.969437
70000155309.783249
70000495298.912201
70000885463.558472
70000023216.377441
70000172043.233215
70000907646.463303
70000497450.963959
70000679362.687668
70000424541.946854
70000605107.182861
70000228767.722412
70000272796.968277
70000229118.028351
1.000000
70000700335.070877
70000383430.539932
70000101308.842651
70000483706.766464
70000707103.710281
70000852463.053589
70000565114.970245
70000100879.360382
70000356714.004852
70000541230.965378
70000574556.006973
70000147276.607864
70000868723.981781
70000637907.136780
70000794076.647034
70000246680.996719
70000052888.395859
70000973289.654739
70000345680.928665
70000037711.938034
70000773878.782867
70000674990.825699
70000129816.739853
70000027173.925720
70000827734.736877
70000727712.498657
70000726464.229111
70000186465.539062
70000603166.457748
1.000000
70000346041.563751
70000303699.099167
70000923987.728821
70000907206.617203
70000596888.554520
70000034535.196930
70000964678.777786
70000235972.249115
70000548804.784012
70000936293.612885
70000438930.109497
70000717093.080353
70000511180.291580
70000613007.628479
1.000000
70000418389.819199
70000414783.781174
70000269098.203629
70000564535.682892
70000682705.640274
70000769146.817368
70000489198.148132
70000043528.833298
70000535418.629288
70000330678.822403
70000168293.527481
70000583745.454315
1.000000
70000703461.378967
70000872381.984222
1.000000
70000154755.322617
70000955331.644730
70000911811.189362
70000069480.702820
70000250250.283249
70000654752.834396
70000447632.538666
70000349099.693207
70000721893.703125
70000750677.947815
70000143629.726669
70000868245.487152
70000455786.605392
70000576389.059265
70000554634.382538
70000825914.522705
70000840732.125076
70000938559.117966
70000555095.057312
70000302387.312302
70000266825.575546
70000316960.812149
70000671465.492004
70000356382.799973
70000053950.275696
70000711376.171799
70000923540.738525
70000390997.029922
1.000000
1.000000
70000720659.848907
70000992245.837601
70000822721.245193
70000972957.526291
70000702602.126816
70000277325.006561
70000822691.520309
70000218108.202774
70000538714.431625
1.000000
1.000000
70000981053.569168
70000321791.431732
70000046390.390091
70000205788.848206
70000280715.257980
70000297610.778580
70000218209.413910
1.000000
70000657218.873871
70000689791.681137
70000607362.079910
70000668013.770477
70000914608.577545
70000187183.790588
70000012725.013077
70000005986.362457
70000722970.474777
70000062513.261230
70000012654.850937
70000998518.003952
70000568851.345016
70000273101.661850
70000917373.417053
70000335494.719772
70000724830.835236
70000129941.829712
70000250583.299194
70000203317.207123
70000060371.380692
70000099591.299683
70000162773.988937
70000404451.669708
70000995016.571762
70000219806.766144
70000271098.640671
70000621120.694473
70000498520.467484
70000002180.213287
70000535094.764221
1.000000
70000735195.610184
70000604798.359467
70000966915.182465
70000351462.382660
70000780839.954773
70000565713.926361
70000908689.817383
70000594755.869553
1.000000
70000408642.375732
70000044911.282974
70000186188.429352
70000342064.652527
70000883714.506775
70000257028.004318
70000229497.625305
70000597255.171768
70000712392.054367
70000239813.929398
70000553995.032715
70000200900.487915
70000016187.114853
70000210362.376694
70000615999.264984
70000130803.501129
70000054980.722519
70000928027.931961
1.000000
70000542741.126862
70000406600.360947
1.000000
70000041475.621185
70000491246.596573
70000576345.274811
70000732818.115997
70000295529.068268
70000581826.788849
70000216194.337708
70000244970.103821
70000194965.940765
70000661863.250504
70000489536.359009
70000817932.967499
70000902606.336258
70000590504.349579
70000417407.869263
1.000000
70000998285.880188
70000102645.436050
70000763768.413116
70000975146.086197
70000122928.069916
70000975632.842972
70000063059.480240
70000862033.801651
70000225495.009186
1.000000
70000305750.004013
70000243437.513733
70000706963.879593
70000685736.974945
70000370324.204376
70000779359.037277
70000862164.405548
1.000000
70000637263.924591
70000770408.883881
70000579833.134964
70000628790.663589
70000273674.203293
70000618096.726196
70000510325.482986
70000176368.588943
1.000000
70000524541.002335
70000839978.332199
70000277446.761292
70000686220.958725
70000088181.479187
70000634868.856430
70000072340.528458
70000385082.916962
70000154358.125671
70000573495.491104
1.000000
70000336864.618195
70000820595.591492
70000180060.747070
70000568098.836319
70000614596.117294
70000910093.746506
70000487310.261108
70000637505.821838
70000902507.906952
1.000000
70000817279.634277
70000253275.055023
70000641038.345444
70000827894.402390
70000041881.268936
70000483721.503601
70000326905.026306
70000287445.676331
70000409840.232147
70000229523.229904
70000364204.327606
70000663654.597702
70000809587.370529
70000560390.331482
70000289442.759705
1.000000
70000795821.227325
1.000000
70000774805.837967
70000862236.025070
70000751709.014206
70000640982.674911
70000649276.180695
70000591973.998123
70000275883.839951
70000075018.184906
1.000000
70000556742.865356
70000245597.190521
70000443848.485931
70000457140.228851
70000453301.641098
70000659978.545776
70000541010.612198
70000570089.472519
70000325630.513580
70000530192.222229
70000246299.195953
70000041563.623703
70000818326.197540
1.000000
70000126954.071198
70000748152.556946
70000727850.924774
70000651333.608490
70000657199.510956
70000513917.140488
70000436513.092331
70000990312.682602
70000304257.747314
70000287228.735184
70000362331.538696
70000537914.873795
70000157774.468475
70000105963.328812
70000361854.100479
70000377319.785019
70000376403.173996
70000309566.825348
70000138347.371552
70000156914.928482
1.000000
70000256090.844849
70000748632.940872
70000475090.626343
70000826684.182266
1.000000
70000600294.709244
1.000000
70000065243.925537
70000312161.260330
70000296674.551498
70000989955.793121
70000628644.724945
0.33
 0 0 0 0 0 0 0 0 0 0 0 0 0
