1 401
70000655111.690170
70000577256.448608
70000391517.666336
70000580719.336334
70000604703.679199
1.000000
70000567601.352066
70000347509.664261
70000043741.623352
1.000000
70000745969.318146
70000583269.589661
70000551754.532440
70000470966.433472
70000961118.356750
70000136322.040604
70000206983.518494
70000433203.570740
70000806585.984253
70000871102.681778
70000234260.284821
70000470694.101288
70000983332.277618
70000846912.721451
70000799735.413040
70000123657.632843
70000527042.834625
70000515109.238266
70000847841.964706
70000913083.660126
70000503926.973114
70000666814.870789
70000207604.412170
70000027516.745590
70000599990.063919
70000064277.734467
70000910289.773026
70000460827.306137
70000001336.828842
70000267484.459457
70000075809.626602
70000881935.091187
70000541110.187897
70000166799.182770
70000561676.999817
70000417944.543839
70000709546.128845
70000827297.529846
70000515432.550674
70000632712.893433
70000121624.328949
70000027004.410339
70000583165.325516
70000863037.081680
70000223305.580200
70000651743.966827
70000069473.850250
70000648983.018478
70000667568.761292
70000657244.701126
70000833372.524109
70000747142.518814
70000117224.701736
70000719417.731674
70000905301.665176
70000685965.420578
70000509766.271835
70000762315.230667
70000424292.000717
70000430520.661285
70000625242.675705
70000841111.726715
70000352510.428940
1.000000
70000213712.040176
70000032137.118927
70000517964.332016
70000632172.567047
70000930094.040497
70000184904.664398
70000437159.006195
70000844990.155746
70000446522.269485
1.000000
70000792083.666580
70000929528.324661
70000180145.134598
70000794961.839569
70000455241.084839
70000292674.493546
70000228416.662399
70000728086.163620
70000057564.846863
70000440206.091599
70000857015.520996
70000281988.543793
70000935301.022186
70000036774.978622
70000343986.737564
70000607287.015732
70000689064.824478
70000768284.268295
70000990734.263763
70000669566.839432
70000306909.450638
70000324473.453384
70000152693.051758
70000468061.532349
70000911010.440094
1.000000
70000188842.064194
70000997891.330154
70000377539.312119
70000556302.767593
70000808655.829132
70000796442.791763
70000406604.774490
70000848459.872757
70000653425.582718
70000216370.533234
70000572030.678619
70000824175.485062
70000789772.911667
70000394646.211868
70000188319.512329
70000593547.494278
70000722768.342682
70000048677.375336
70000398226.321579
70000224344.396912
70000232637.501938
70000519356.497208
70000634752.430252
1.000000
70000470505.436447
70000129923.251373
70000323764.395523
70000522436.774933
70000389053.384064
70000731320.642914
70000948982.992035
70000259300.621155
70000268816.675415
70000579489.878143
70000665316.776794
70000236798.908783
70000884567.935013
70000299005.988892
70000972418.304703
70000574681.336716
70000488162.952972
70000472432.124725
70000457024.766632
70000994741.152115
70000274218.194595
70000419776.125381
70000235377.742096
70000378180.961166
70000249049.386612
70000865629.445465
70000665197.115540
70000771446.150467
70000799844.478912
1.000000
70000651521.388916
1.000000
70000880235.581146
70000550000.184998
70000306664.526810
70000750705.320923
70000056874.922958
70000539996.508133
1.000000
1.000000
70000422869.017853
70000880179.815201
70000140627.490463
70000962872.311539
70000591903.844391
70000077098.854431
70000777406.543625
70000733935.583817
70000003607.691772
70000207265.050842
70000834985.170273
70000879861.882416
70000984168.567902
70000357320.163849
70000840576.492950
70000524757.849869
70000431553.381256
70000503788.327042
70000162612.821548
70000876455.522720
70000444720.209488
70000140074.243988
70000423776.018509
70000723583.187515
70000152977.192490
70000891434.943954
70000902799.672882
70000911242.498688
70000629522.895447
70000007509.159683
70000673576.183624
70000426343.805862
70000767470.206390
70000759438.874725
70000163514.166412
70000037250.160477
70000088895.839020
70000143889.389755
70000637552.445923
70000143462.349548
70000429146.604828
70000091842.610535
70000047379.283554
70000004184.386063
70000391549.214340
70000241739.148285
70000825182.881775
70000031865.814941
70000827326.005005
70000106671.770157
70000766660.525101
70000600418.327896
70000935235.035065
70000129119.433151
70000816701.699631
70000437677.767868
70000164756.657959
70000482932.688797
70000971101.309021
70000090028.679443
70000441518.333267
70000437893.274139
70000592135.494873
70000475470.308945
70000945780.248611
70000770158.011047
70000908254.493652
70000244880.531982
70000419862.971176
70000012392.119720
70000767053.449295
70000376572.780716
70000895493.901428
70000821407.562073
70000230365.548080
70000224786.978348
70000489497.763428
70000481310.769943
70000587794.465775
70000532903.981857
70000624173.839630
1.000000
70000153851.453598
70000102216.127045
70000767705.751328
70000442284.768082
70000674555.726257
70000100256.344482
70000210654.993256
70000382455.485107
70000503035.136337
70000063635.744537
70000735094.252869
70000179763.898758
70000766393.721191
70000578931.972061
70000111496.569427
70000994191.571030
70000644703.843216
70000035546.004639
1.000000
70000414400.227386
70000670752.781403
1.000000
70000025838.365128
70000114433.864899
70000657409.176086
70000550551.786224
70000436417.812286
70000426177.500214
70000133992.686569
70000839076.052460
70000592343.273529
70000360076.406067
70000092352.864716
70000248527.300873
70000316123.153244
70000211468.312134
70000898804.303543
70000042696.920227
70000481010.590424
70000435367.079330
70000969541.662796
70000792115.773529
70000023034.364304
70000697560.287613
70000363623.607559
70000330286.226791
70000317267.183151
70000664214.785141
70000953898.251160
70000848177.482178
70000298801.368271
70000761489.593475
70000068603.915787
70000114220.187943
70000852447.330322
70000330003.997910
70000283414.187454
70000154307.981873
70000224269.149673
70000399670.434708
1.000000
70000375384.086197
70000722647.038361
70000667359.836304
70000757995.873428
70000259541.099884
1.000000
70000593616.981155
70000894137.613525
70000385341.759567
70000407156.987167
70000228450.904114
70000955944.740341
70000544450.321747
70000242171.201035
70000613005.336517
70000285025.390701
70000763842.057724
1.000000
70000657097.229675
70000409466.466339
70000533802.496826
70000535667.922028
1.000000
70000595990.829117
70000170767.762161
70000018642.265564
70000341656.542160
70000339113.053909
70000349023.350983
70000453295.986206
70000960951.960297
70000774951.810394
70000139878.906723
70000562687.741013
1.000000
70000580883.033325
70000029001.688095
70000861517.061203
1.000000
70000422125.109177
70000422153.537994
1.000000
1.000000
70000657681.524261
70000807449.313538
70000785864.915161
70000266784.899155
70000079465.996689
70000620876.656647
70000750865.372513
70000749091.116318
70000363462.158554
70000708906.320740
70000747894.777634
70000077505.237305
70000298803.073608
70000986387.775848
70000887077.167358
70000526199.340942
70000899005.384277
70000281898.505783
70000006520.635941
70000473885.216522
1.000000
70000704423.696274
70000580828.986908
70000518062.926208
70000167671.726135
70000822834.862610
70000080290.199005
70000856687.960632
70000307360.642563
70000860687.483078
70000401804.079636
70000267645.215363
70000058170.683975
70000873964.856827
1.000000
1.000000
70000952773.010132
70000477679.303757
70000840837.494812
70000806837.083710
0.33
 0 0 0 0 0 0 0 0 0 0 0 0 0
