1 401
70000244399.949905
70000902731.690338
70000169968.804764
70000321483.275696
70000740267.658951
1.000000
70000496175.369934
70000058216.820175
70000748670.342285
70000683738.804291
70000089470.406113
70000172441.428757
70000904163.326813
70000020502.774521
1.000000
70000096427.882233
70000134598.790924
70000709754.666016
70000164869.689453
70000309840.717728
70000419637.176666
70000828464.979813
70000559816.046524
1.000000
70000856968.547531
70000028712.362915
70000897335.964096
70000494018.646545
70000759825.257980
70000527419.478348
70000099588.593826
70000207015.907181
70000697533.300842
70000263505.593842
70000875885.946579
70000161154.526382
70000448764.011124
70000010631.554993
70000493954.870758
70000204678.590179
70000781038.186035
1.000000
70000369787.108185
70000028864.997940
70000044801.106567
70000670099.588425
70000125881.919693
70000847573.283203
70000902097.705444
70000545523.447723
70000386770.627182
70000843434.023956
70000019386.934570
70000219687.948120
70000040947.024353
70000052653.364044
70000372119.349228
70000002110.747711
70000071216.671173
1.000000
70000142575.025177
1.000000
70000201674.536774
70000560625.617538
70000012048.901886
70000219263.774796
70000935932.425064
70000446403.324066
1.000000
70000201624.932785
70000098279.141525
70000076106.534790
70000741794.485657
70000399595.011917
70000630315.547791
70000091700.248352
1.000000
70000031910.577469
70000166764.457336
70000850036.588058
70000324687.088638
70000892184.344589
70000928314.596390
70000049694.225388
70000513373.153656
70000162534.769287
70000649923.360565
70000959115.266678
70000703535.575378
70000685630.633301
70000438896.372025
70000603581.693237
70000815333.281265
70000682805.258240
70000866142.434952
70000756150.246719
70000833166.340775
70000304049.150757
1.000000
70000386754.934052
70000611692.152466
70000983633.400314
70000605521.037354
70000807401.134903
70000737790.583542
70000316871.297699
70000521906.168365
70000237032.208481
70000006548.865768
70000672953.223862
70000349920.015167
70000174691.633667
70000095561.235046
70000733923.783524
70000144668.914581
70000571527.307571
70000096726.083939
70000644153.179306
70000363391.715637
70000725041.710587
70000993282.591049
70000688759.448807
1.000000
1.000000
70000897607.218979
70000492714.593643
70000989514.850845
70000631274.803436
70000998494.887665
70000770220.865387
70000510932.382797
70000163733.468613
70000960425.977661
70000578607.448196
70000232703.146362
1.000000
70000918977.521591
70000287132.075333
70000245638.342484
70000893914.805328
70000776175.451019
70000841247.859329
70000399806.709335
70000744646.226166
70000718184.030380
70000476105.269775
70000415336.006622
70000739696.984573
70000128468.989838
70000568015.293869
70000750233.056137
70000344377.636963
70000416218.051270
70000186626.555389
70000924481.505905
70000079336.908493
70000156167.782227
70000330159.059341
1.000000
70000918299.851456
70000739776.823242
70000794052.492783
70000933372.080673
70000044799.717484
70000278269.115524
70000504435.074066
70000680134.487427
70000927412.567368
70000876630.114502
70000666564.528046
70000901065.220215
70000467574.361435
70000637517.540833
70000422621.016632
70000299572.033966
70000620356.558487
70000010391.512543
70000662272.538620
70000425726.729507
70000068322.532608
70000432459.440887
1.000000
70000960756.847198
70000293436.006653
70000326722.807800
70000080804.564270
70000127286.230469
70000343191.552673
70000419362.667175
70000240876.361115
70000611216.634567
70000473582.017761
70000630180.846481
70000883383.820160
70000539315.724899
70000069441.887421
70000024770.860397
70000626689.543869
70000718206.848236
70000547636.783447
1.000000
70000311245.868927
70000389198.194489
70000202529.951599
70000999482.796356
70000725283.657776
70000000809.435074
70000417515.933563
1.000000
70000069384.085678
70000072939.306732
1.000000
70000963914.962448
70000203662.288071
70000345945.531982
70000722071.675247
70000758579.705276
70000556214.896729
70000656500.694412
70000952075.440109
70000588256.347412
70000582197.825394
70000833605.502563
70000922891.467026
70000701284.676590
70000801462.950607
70000401985.114548
70000147964.868530
70000243608.451004
70000459999.055298
70000890868.587585
70000651773.103104
70000458030.479156
1.000000
70000745603.899811
70000381308.293594
70000567932.123764
70000660622.233124
70000240904.424713
70000735913.810135
70000386358.108582
70000463468.746353
70000421751.511597
70000805736.121323
70000989882.667816
70000809127.375092
70000651416.941772
70000594480.742996
70000230743.906784
70000296580.245087
70000947479.053329
70000341510.743149
70000658262.336365
70000923185.469681
70000332375.921661
70000655062.302658
70000662340.093002
70000907961.974716
70000533906.677490
70000475222.373642
70000784874.273346
70000700133.459763
70000716272.232925
70000666605.714371
70000156473.222977
70000288957.880875
70000357676.531036
70000846005.837189
70000232832.551498
70000274974.202789
70000549633.115341
70000318529.464966
70000348017.058105
70000132221.952209
70000651347.614334
70000060695.342178
70000434279.103745
70000054106.415222
1.000000
70000918851.275635
70000621105.418365
70000507707.157623
70000210351.355682
70000220120.541351
70000744996.385056
70000218692.639923
70000034661.644882
70000423349.522446
70000939760.315216
70000346244.970551
70000338544.741791
70000839570.512848
70000230466.866989
70000073097.358414
70000994137.525467
70000613977.026321
70000461497.791718
70000577194.650375
70000179065.358109
70000912994.661148
70000473259.798431
70000615649.866592
70000781781.793701
70000277323.920242
70000718591.309006
1.000000
70000080873.922577
70000510619.423706
70000120155.651474
70000308371.870102
70000181930.441559
70000619870.917297
70000493002.796432
70000422985.968018
1.000000
70000621013.651642
70000954372.814636
70000247607.635498
70000818086.166260
70000590924.941193
70000577294.910126
70000243808.289078
70000199356.395889
70000673301.461349
70000921082.125412
70000662157.183121
70000336624.898270
70000799737.903641
70000355652.926163
70000600989.143631
70000676307.857925
70000665149.915604
1.000000
70000312603.636826
70000606738.721649
70000346148.787796
70000259361.295044
70000540129.299271
70000918081.666306
70000981065.649948
1.000000
70000045778.575867
70000112295.050858
70000727541.938644
70000352543.951736
70000127594.636642
70000514386.349197
70000675085.023956
70000993293.188538
70000924075.300400
70000193655.453201
70000235674.069931
70000134631.353943
70000809611.999863
70000894056.120026
70000380721.029724
70000034576.317017
70000061668.811172
70000424095.760956
70000802460.755219
70000430799.657333
70000796529.295059
70000654407.838638
70000108300.235977
70000360679.026108
70000684165.168137
70000057899.428329
70000828707.523972
70000594276.085510
70000540991.390488
70000192225.818832
70000788474.502136
70000290780.972412
1.000000
70000367662.517853
70000290253.546005
70000845927.007217
70000977850.782028
70000491032.136169
70000928774.344238
70000875187.872437
1.000000
70000047089.321823
70000788841.976807
70000545762.887787
1.000000
70000614461.424500
1.000000
70000959895.812393
70000499303.886475
70000948506.318558
70000712145.064758
70000918549.859863
70000356867.784592
70000388887.309845
70000787191.678772
70000391992.499023
70000927226.886490
70000787826.483566
1.000000
0.33
 0 0 0 0 0 0 0 0 0 0 0 0 0
