1 401
70000765958.059631
1.000000
70000213333.417053
70000997811.633606
70000552113.580185
70000275773.312607
70000490806.555496
70000339296.751877
70000144845.564713
70000920954.791885
70000183212.396713
70000948059.697266
70000005427.346405
70000108922.136688
70000577517.585403
70000503044.099594
70000197729.369293
70000537209.260193
70000504330.569977
70000466574.729660
1.000000
70000913415.955002
70000160490.777466
70000189991.611221
70000690364.220581
70000295719.064972
70000535205.558426
70000459263.351715
70000344787.362885
70000159731.755493
70000705442.769928
70000847784.180557
1.000000
70000279628.958694
70000441351.394852
70000731236.032639
70000148571.337402
70000614164.274292
70000823111.284119
70000895915.733978
70000138511.003174
70000610038.901016
70000990240.682404
70000636231.958542
70000419806.895493
70000212461.857300
70000331648.372025
70000931454.934418
70000579251.934280
70000942190.797241
70000257048.884171
70000079952.850769
70000818054.805603
70000499449.000961
70000288369.225540
70000373040.137634
70000077945.855377
70000199400.944473
1.000000
70000044650.556229
70000920106.818542
70000644032.549545
70000883990.086182
70000575103.587601
70000274071.392593
70000400445.915939
1.000000
70000541183.809143
1.000000
70000035526.431137
70000794089.912613
70000934313.285751
70000590093.835510
70000849801.883362
70000389813.822739
70000465151.063705
70000297614.623367
70000826026.532684
70000332445.330734
1.000000
70000965067.464157
70000266691.808685
70000103707.890381
70000388152.420456
70000557373.516586
70000443915.589737
70000505259.222931
70000243173.432831
70000074312.848846
70000833960.097107
70000597689.381439
70000414648.869217
70000112335.523819
70000857155.271774
70000967169.983276
70000482699.521210
70000428649.103012
70000540069.144623
70000535419.383972
70000529365.829102
70000823285.299286
70000013835.207947
70000381518.184845
70000268870.168411
1.000000
70000868941.229919
70000940035.744476
70000182542.807510
70000715431.241837
70000832133.961700
70000128443.217392
70000908169.779602
70000546971.044968
70000193837.362717
70000527278.578354
70000249141.753464
70000312687.955734
70000704972.699463
70000044529.321060
70000971375.955917
70000997855.222748
70000159853.512131
70000703912.565201
70000806715.992859
70000378635.021255
70000029023.418793
70000168810.223633
70000408521.430389
70000915039.596405
70000494878.704819
70000051653.598816
70000693323.893082
1.000000
70000844452.697601
1.000000
70000732671.994308
70000674071.491211
70000503513.775192
70000617469.132294
70000455095.354294
70000394886.127853
70000615873.754715
70000148089.795486
70000382753.004562
70000545033.817001
70000626071.382904
70000412283.601303
70000923979.493515
70000863482.573807
70000912137.224930
70000646325.238846
70000800201.537872
1.000000
70000896240.912979
70000372586.820236
70000736048.613235
70000038341.084381
70000291098.735535
1.000000
70000587248.871689
70000921493.716431
70000574371.339737
70000105414.224091
1.000000
1.000000
70000143430.608643
70000315312.972275
1.000000
70000168317.504120
70000170281.143723
70000270627.340576
70000022003.341003
70000660535.368378
1.000000
70000281032.505356
70000261574.082642
70000250674.978775
70000940114.044830
1.000000
70000936183.731873
70000146712.814301
70000424742.377975
70000943504.156921
70000799669.719238
70000093291.583710
70000550516.133835
70000891477.258972
70000156873.375595
70000067851.727402
70000460679.579834
70000476945.970047
70000427678.741425
70000333653.440201
70000690509.403564
1.000000
70000681215.783279
70000677166.564392
70000238334.590240
70000136623.606781
70000495108.878662
70000953222.530869
70000092580.606110
70000081827.368896
70000890833.134247
70000702923.345505
70000112468.067139
70000517905.825073
70000617608.971390
70000618056.566971
70000192783.176788
70000026847.095581
70000632539.286484
1.000000
70000715933.213791
70000734700.332535
70000407670.571793
70000535587.507767
70000471136.218994
70000076460.163574
70000188841.615677
70000672055.896439
70000652293.427490
70000501068.314301
70000631277.877945
70000430936.220108
70000141022.584900
70000806469.600311
70000596411.550919
70000194344.656342
70000966186.572617
70000699499.205124
70000944681.304916
70000808830.893005
70000935318.727722
1.000000
70000546512.508392
1.000000
70000144494.300140
70000979739.070984
70000663083.770386
70000467969.215424
70000583927.080612
70000068404.951538
70000935189.153900
70000071962.710876
70000711737.713715
70000311099.632904
1.000000
70000740797.534714
70000778375.689865
70000490282.896790
70000731007.144119
70000116452.261414
70000849220.577667
70000598565.779953
70000003108.416000
70000284191.247864
70000647458.560669
70000939049.877197
70000527721.479385
70000472682.189789
70000167395.746307
70000214636.707413
70000449390.731277
70000656494.406998
70000612894.916138
70000648572.208710
70000518812.642685
70000473995.203674
70000592281.191650
70000024556.694168
70000338158.722961
70000829455.402466
70000681689.052155
70000948754.179199
70000247037.453171
70000376018.757645
70000137597.921524
70000995685.932877
70000989218.685837
70000878729.785660
70000341211.993423
70000621758.478928
1.000000
70000151950.250504
70000906845.638077
70000505418.967209
70000491727.376663
70000386706.992310
70000086639.374435
70000097620.332672
70000841725.249481
70000322724.274902
70000494976.416336
70000245710.440887
70000176228.598099
70000450052.409866
70000495010.213562
70000519299.792892
70000798877.778732
70000161429.012009
70000011875.951889
70000708214.337479
70000287144.025299
70000838764.686768
70000443054.184387
70000448993.947861
70000131651.425964
70000328250.304398
70000730045.028000
70000943410.753891
70000506975.986023
70000557774.408066
70000344610.115662
70000761927.620514
70000445796.653076
70000254180.455780
70000754793.119049
70000003677.433594
70000388876.390213
70000862560.288574
70000404252.509232
70000286879.173569
70000808879.915085
70000483430.359955
70000601464.691772
70000789316.195770
70000765266.829224
70000658128.396851
70000945386.539993
70000872673.938675
70000384560.765579
70000357468.653503
70000336857.496902
70000903100.569641
70000968112.581131
70000977247.944031
70000415486.514923
70000169502.200043
70000418359.020218
70000396039.220947
70000780409.955032
70000568143.760498
70000081194.075943
70000992882.534241
70000647889.714325
70000675556.777573
70000108258.045288
70000395698.967407
70000803228.681610
70000191264.738602
70000630757.321442
70000406966.224426
70000863142.330627
70000427869.099472
70000976155.723709
70000840157.397171
70000374161.194046
70000440744.676941
70000108364.302307
70000007817.646179
70000105131.534470
70000799848.244843
70000077409.269135
70000670366.288834
70000563291.521652
70000250115.185974
70000948859.382446
70000291212.167160
70000526922.439377
70000992972.883621
70000313147.887238
70000710486.407211
70000905866.251114
70000516535.481857
70000399907.676682
70000543050.587097
70000911266.551941
70000393051.886627
70000219871.105194
70000907760.371994
70000536112.064453
70000217725.981979
70000495646.284210
70000316358.469604
70000915592.507889
70000461442.419128
70000661753.159332
1.000000
70000476288.687042
70000570014.323868
70000633565.909470
70000092597.007324
70000633668.787491
70000261467.071716
70000008770.616013
70000952142.083313
70000216677.376266
70000973248.748566
70000765146.653748
0.33
 0 0 0 0 0 0 0 0 0 0 0 0 0
