1 401
70000969276.299423
70000493281.569839
70000062567.558762
70000168446.660507
70000600323.839737
70000789089.616852
70000969542.469940
70000982120.533813
70000396170.895477
70000399191.483307
70000892607.444687
70000955306.238632
70000895916.641098
70000192305.509506
70000731051.727829
70000589945.607895
70000746544.145432
70000509250.705719
70000606362.800888
1.000000
70000536917.681778
70000327606.673309
70000560209.685837
70000693119.302734
70000424109.145905
70000743806.714981
70000474502.135056
70000157515.507523
70000484286.060440
70000037982.277206
70000804120.841263
70000902472.345627
70000181927.535355
70000144199.251450
1.000000
70000853034.064911
70000839331.870987
70000839537.281082
70000339306.591919
70000064841.155228
70000591110.899826
70000536300.544739
70000282603.786209
70000985470.579742
70000723352.278809
70000036740.339966
70000306268.962433
70000892579.028168
70000324632.660812
70000033622.092926
70000825290.112686
70000374785.960327
70000659180.370056
70000866842.976028
70000961624.538605
70000932791.768906
70000231445.234604
70000718801.049301
70000544042.133118
70000148976.934570
70000749856.492508
70000436275.060791
70000117650.121002
70000889177.907867
70000356547.005981
70000276482.154953
70000928704.150848
70000100253.381760
70000537561.250214
1.000000
1.000000
70000596250.355316
70000421931.910461
70000306106.520447
70000420529.365433
70000878063.996063
70000789228.948959
70000847764.211655
70000956132.461624
70000213605.416000
70000478705.835571
70000568871.882889
70000539537.637390
70000442186.271393
70000098882.511047
70000723886.644318
70000159127.339752
70000167402.875824
70000726153.910416
70000041899.679840
70000079140.173111
70000491291.880264
70000350403.421204
70000577053.850922
70000930038.766876
1.000000
1.000000
70000294727.827545
70000791838.526001
70000761935.585144
1.000000
70000495485.249695
70000881569.108398
70000563360.287949
70000227276.435287
70000615295.700089
70000491201.867889
70000218276.729202
70000563460.603897
70000034105.934799
70000244828.012589
70000627272.189117
70000288044.250870
70000983833.257584
70000239429.461182
70000187573.420898
70000541354.220154
70000665157.502975
70000095950.008286
70000142599.285721
70000006555.849808
70000134102.158875
70000274926.237061
70000383981.888870
70000686552.690720
1.000000
70000769706.589188
70000484759.726715
70000883588.798248
70000195373.471268
70000774641.988235
70000191388.531525
70000669996.399979
70000934621.215622
70000699061.001572
70000620855.148117
70000190437.182709
70000481974.051773
1.000000
70000042805.986282
70000959671.488693
70000372291.213760
1.000000
70000096778.622665
70000158323.947662
70000653124.906601
70000473347.589615
1.000000
70000967482.768280
70000130420.101685
70000545237.608261
70000806284.532028
70000222333.840057
70000117871.558319
70000579146.303482
70000860337.831924
70000904040.325348
70000605031.277496
1.000000
70000713636.056412
70000269097.063843
70000674675.368515
70000171508.468811
70000762521.975967
70000191601.722641
70000939235.590286
70000863266.487411
70000757605.471802
70000002190.845047
70000555187.872009
70000212812.769058
70000828707.188705
70000668510.731567
70000535482.649658
1.000000
70000557201.948425
70000474503.146057
70000591263.010986
70000584000.489517
70000108089.039017
70000700513.865051
70000506660.731735
70000384511.013397
70000961313.199112
70000222180.032303
70000381822.198349
70000861098.703232
70000045905.575333
70000909223.093658
70000876116.507584
70000077228.654373
70000837392.575867
1.000000
70000571946.748672
70000339576.017838
70000716339.948151
70000219280.671387
70000904802.846832
70000808224.824936
70000322977.673370
70000756183.232101
70000802126.375977
70000142694.657715
70000316694.802521
70000502209.963837
70000320635.125549
1.000000
70000641395.042542
70000107039.395462
70000403195.815659
70000409040.798447
70000658706.816254
70000197083.344864
70000504089.692398
70000497888.481201
70000596104.920609
70000638868.168915
70000475546.878464
70000131787.840485
70000097051.030914
70000313121.281784
1.000000
70000340542.281433
70000002272.736893
70000933803.327866
70000145268.819260
70000674930.608658
70000354644.911148
70000351934.906250
70000497830.584473
70000081224.639160
70000618654.492569
70000928772.635513
70000842969.710617
70000072878.466980
70000404693.379745
70000883943.854630
70000254885.542038
70000322461.431839
70000585914.769836
70000678020.372665
70000173424.469116
70000470100.873581
1.000000
70000489878.147842
70000634879.551025
70000331040.701691
70000444235.901215
70000259420.142044
70000527380.822983
70000358579.188461
70000374398.752472
70000717969.490967
70000509042.444901
70000044804.174393
70000539994.031662
70000109380.489655
70000775841.895447
70000765587.959457
70000833573.212418
70000236889.152878
70000629201.802078
70000374903.210403
70000534266.918961
70000519768.235016
1.000000
70000355940.129730
70000759307.982544
70000573523.399582
70000871718.122437
70000562543.444275
70000659169.983170
70000920767.866531
70000292120.142395
70000497973.872040
70000598122.794510
70000462966.493393
70000750654.976410
70000167430.713135
1.000000
70000433496.987503
70000665054.339310
70000744608.979492
70000063255.824310
70000141573.421753
70000694670.968735
70000095912.179001
70000418201.466370
70000708754.397324
70000023959.648605
70000769834.199738
70000017846.362244
70000876798.017593
70000464946.020493
70000985808.273438
70000714982.981720
70000896598.691193
70000618351.630524
70000284160.869415
70000023902.460968
70000077430.703171
70000771072.226639
70000671605.510742
1.000000
70000841875.830811
1.000000
70000344042.179230
70000240655.504349
70000411690.001450
70000990619.011307
70000701827.058929
70000491268.559525
70000843396.368164
70000452298.319031
70000245385.879181
70000394914.337830
70000864075.875839
70000879211.323517
70000629631.219757
70000547767.022888
70000025835.806183
70000368098.051392
70000970563.898224
70000689053.456268
70000522444.462570
70000335431.999588
70000882568.599182
70000182995.448883
70000457919.464600
70000740402.603241
70000635223.554550
70000969112.208740
70000143279.113113
70000544603.099609
70000456759.142563
70000357424.028610
70000372929.403198
70000638172.991119
70000872523.686172
70000784504.257675
70000462553.759857
70000372089.157028
70000791378.013367
70000973005.997635
70000337281.509781
70000909417.582520
70000952268.087799
70000193330.139328
70000058612.206604
70000212896.857376
70000547371.689758
70000965317.419724
70000332504.819244
70000135077.623260
70000844692.594315
70000352729.124481
70000391415.001587
70000319038.045425
70000986110.809357
70000544287.252350
70000941206.481552
1.000000
1.000000
70000350573.155823
70000641189.127106
70000481092.312241
70000428225.242630
70000802192.756897
70000995944.106842
70000981654.979477
70000210725.594650
70000269060.296585
70000556632.915817
70000023703.232544
70000782910.064178
70000079181.203964
70000643338.133118
70000653126.471252
70000465519.615540
70000739471.578766
70000883271.732880
70000856092.751740
70000265536.536209
70000128758.251129
70000005691.996536
70000394840.360367
70000046198.702240
70000130129.119675
70000813210.167908
70000228000.617157
70000798571.387131
70000648199.053284
70000837418.529343
70000916219.602661
70000655290.210892
70000984396.818146
70000283164.676483
70000571199.718475
70000862881.667801
70000802225.560089
0.33
 0 0 0 0 0 0 0 0 0 0 0 0 0
