1 401
1.000000
70000730205.083633
70000238266.394531
70000555001.626358
70000970476.133347
1.000000
70000181894.459885
70000038509.348969
70000317155.598236
70000951835.554077
70000230588.016922
70000792960.505844
70000068791.205353
70000309810.764633
1.000000
1.000000
70000292854.048279
70000408919.533783
1.000000
70000035677.943268
70000724626.673050
70000167423.773285
70000020946.568832
70000853464.332382
70000455007.956467
70000412616.698746
70000219028.285233
70000782885.433548
70000832481.002121
70000744424.282990
1.000000
70000315713.142349
70000959884.953186
70000375130.384293
70000264826.941437
70000797270.661591
70000603951.697845
70000670553.186081
70000487326.857925
70000724666.037476
70000574621.663742
70000765900.169846
70000464417.223679
70000058402.832062
70000656945.408371
70000076619.350266
70000276020.531769
1.000000
70000501972.880569
70000609245.745529
70000016327.613235
70000214462.523727
70000667955.340698
70000724502.019165
70000368394.488876
70000733982.077087
70000388309.194351
70000590038.608383
70000841355.795609
70000052002.509430
70000342660.780899
70000388997.031067
70000798423.881561
70000354652.179260
70000573183.169525
70000979390.445679
70000823540.420685
70000294098.272217
1.000000
70000775990.820236
70000205368.768692
1.000000
70000517341.137573
70000136878.679596
1.000000
70000650308.279404
70000159935.156082
1.000000
70000393615.753891
70000412994.820389
70000576283.562057
70000547310.863693
70000559278.394943
70000193287.037964
70000626897.770844
70000260658.656189
70000280190.967255
70000387850.252365
70000166377.714050
70000653426.185135
70000741409.751160
70000650286.335037
70000827538.312500
70000930030.395493
70000240583.905029
70000747306.551285
70000632700.555847
70000916903.646591
70000499266.371078
70000537912.708374
70000990721.614746
70000075368.642593
70000674088.751495
70000961455.642532
70000850222.962051
70000566318.596069
70000168565.825226
70000708910.556442
70000981744.505554
70000712419.737793
70000945835.506439
70000852708.318314
70000994771.230408
1.000000
70000149408.428726
70000409622.240372
70000429645.398727
70000027384.138458
70000040416.638809
70000730123.550110
70000763460.482498
70000932786.443024
70000715039.388245
70000505423.967865
70000202096.618607
70000654151.357132
70000458515.004379
70000436883.509674
1.000000
70000338837.162918
70000795328.432068
70000285828.926376
70000460918.057755
70000384371.660751
70000495584.546387
70000652575.456924
70000013339.487381
70000214007.995331
70000106593.609665
70000288061.302124
70000952842.952911
70000049112.927979
70000774420.713669
70000048988.987595
70000311076.327332
70000907466.726913
70000406309.907761
70000156496.192566
70000018670.282059
70000886155.192230
70000088001.677032
70000960334.645676
70000325111.788620
70000226937.534775
70000863853.863098
70000028575.202347
1.000000
70000332645.377350
70000503870.751556
70000557547.253952
70000997883.328888
70000896124.123230
70000341697.277710
70000387814.764206
70000953575.859283
70000202431.368820
70000261475.736130
70000812588.095978
1.000000
70000949230.531021
70000517941.670578
70000138953.194550
70000123339.370651
70000265120.005127
70000858201.030945
70000666658.288666
70000612137.705688
70000876153.356110
70000240983.933563
70000148866.254700
70000787938.439819
70000776071.440491
70000625156.109207
70000777247.539307
70000844043.364288
1.000000
70000973670.638641
70000455955.090775
70000252557.488281
70000943294.847504
70000512940.181046
70000943046.130341
70000214893.138870
70000314387.784073
70000524248.961838
70000987379.870178
70000847323.114136
70000461976.047256
1.000000
70000198691.104965
70000163305.955170
70000424195.198639
70000664145.848740
70000401724.978912
70000695381.794708
70000438808.135025
70000708170.526550
70000024138.743454
70000936470.871353
70000775017.232925
70000531706.622665
70000655827.446609
70000902398.346848
70000024134.814728
70000752657.883545
70000095060.063324
70000046294.649170
70000774601.835037
70000416152.683670
70000298704.935349
70000048385.691238
70000969662.561127
70000094635.770386
70000257264.825623
70000057164.605743
1.000000
70000513965.832550
70000712658.492386
70000865218.661560
70000794477.216721
70000893335.003235
70000953474.465622
70000246955.313232
70000463075.627106
70000350281.539719
70000065078.687393
70000336035.056122
70000614009.442856
70000074303.772949
70000662492.546356
70000444046.363800
70000371185.086319
1.000000
70000048686.610077
70000291715.059769
70000138735.149750
70000775999.091095
70000849180.484772
70000326262.123489
70000512597.318481
70000346039.598969
70000369484.953735
70000869228.621994
70000528865.447464
70000159777.203110
70000280055.077545
70000624611.974625
70000086993.753799
70000968374.886627
1.000000
70000761361.181442
70000574152.274277
70000197890.462036
70000002748.681183
70000883602.821960
70000457828.216537
1.000000
1.000000
70000993766.361984
70000271207.638321
70000541862.710754
70000439491.618073
70000088448.853500
70000532188.486710
70000925317.155396
70000801578.749512
70000644649.343292
1.000000
1.000000
70000611530.271896
70000524268.043381
1.000000
70000384395.418015
70000468084.643555
1.000000
70000007592.468689
70000505671.171494
70000048147.607712
70000608766.917877
70000177191.143723
70000410622.939606
70000328961.259018
70000053497.672607
70000862467.738785
70000734528.453995
70000861144.726273
70000206797.857056
70000477112.105270
70000424092.378937
70000155397.291672
70000342519.559143
70000410124.179184
70000606938.244553
70000707960.026138
70000750807.078812
70000932926.546295
70000107203.367615
70000041118.784531
70000279690.729614
70000086869.239853
70000645240.792953
70000275449.631714
70000807524.318802
70000854433.455673
1.000000
70000790937.403259
70000331752.235764
70000926172.493469
70000560344.743866
70000459919.116776
70000743846.547806
70000772435.593536
70000712875.847000
70000826921.893066
70000338020.078735
70000558080.196625
70000264264.392975
70000571993.805038
70000495417.532547
70000508466.278366
70000949520.234695
70000823748.258652
70000204016.479385
70000738715.443954
70000488408.906219
70000118829.860077
70000550997.073868
70000423918.790985
70000218216.245834
70000737600.055405
70000221190.508133
70000757515.390274
70000046667.419174
70000622662.317825
70000529079.393066
70000632312.674149
70000240368.134201
70000309633.504227
70000835568.767410
70000338073.685898
70000228475.370422
70000012155.163467
70000656152.499527
70000984314.169144
70000102157.769913
1.000000
70000406724.843216
70000201065.706345
70000988877.444580
70000648062.927292
70000922702.027618
70000612466.236343
70000831451.741821
70000633267.286438
70000586769.010406
70000211163.413345
70000687820.799072
70000391466.317886
70000322912.802567
70000063936.444672
70000493805.030304
70000990998.090164
70000148521.608170
70000711995.422012
70000803399.727722
70000715933.267624
70000156345.630600
70000966460.615723
70000027852.070648
70000324471.636200
70000198931.775162
70000168054.213913
70000542129.405899
70000869548.068039
70000866095.675110
70000041371.905869
70000781280.638870
70000803315.170242
70000545166.747589
70000877505.563461
70000100263.090378
70000082715.548233
70000633608.751785
70000369890.155746
70000279180.489014
70000065927.005753
70000489327.661194
70000018817.911148
70000514806.437088
70000160997.242249
0.33
 0 0 0 0 0 0 0 0 0 0 0 0 0
