1 401
70000826937.587296
70000969847.770874
70000722995.305862
70000465005.411194
70000693734.339813
1.000000
70000156031.909119
70000828937.728256
70000323868.444031
70000693477.394943
70000009614.063095
70000023440.584091
70000047553.867355
70000915778.879135
70000967503.403229
70000656492.839478
70000813630.727921
70000110052.118622
70000716256.247543
70000449721.414490
70000636105.602631
70000395798.014313
70000612956.183685
70000465377.001724
70000397388.969467
70000788531.853455
70000296831.619064
1.000000
1.000000
70000793674.226120
70000342136.799500
70000008545.646133
70000820984.833389
70000061737.844788
70000197272.337967
70000637900.687103
1.000000
1.000000
70000501620.627487
70000919654.220200
70000394695.513443
1.000000
70000135160.137177
70000023570.496429
70000034411.178360
70000297637.031143
70000514466.406708
70000119190.799850
70000144972.601807
70000692445.680481
70000391681.329300
70000281854.369507
70000351168.440445
70000454968.687424
70000803044.666061
70000894505.784439
70000574569.857330
70000414595.725937
70000256691.666916
1.000000
70000405862.389267
70000140218.576920
70000222298.115692
70000288708.249664
70000957074.360840
70000708345.615143
70000921498.073502
70000623703.847641
70000782615.776901
70000580044.382568
70000484356.253769
70000172112.061417
70000306386.385056
70000841549.189209
70000918528.848312
70000639443.903931
70000461189.364487
1.000000
70000922137.132248
70000975053.738434
70000687459.949539
70000184727.907166
70000042996.979935
70000132627.561508
70000972372.869202
70000475900.208740
70000378217.929779
70000286134.871994
70000477349.724365
70000147361.081451
70000250107.552048
70000841754.064194
70000489285.572266
70000081728.054230
70000223484.493607
70000692787.442291
70000390338.854446
1.000000
70000542915.793182
70000706877.804108
70000526376.946350
70000082387.784500
1.000000
70000337979.079132
70000644615.882721
1.000000
70000741401.509750
70000238002.730042
70000081677.619812
70000070171.579666
70000053814.240982
70000502384.225586
70000169717.144958
1.000000
70000430194.809479
70000684083.093613
70000145593.930359
1.000000
70000369523.807114
70000756360.310974
70000572449.563995
70000167714.784378
70000845719.092453
1.000000
70000471538.478043
70000207760.920975
70000591471.099396
70000379176.890106
70000523896.241058
70000228419.916580
70000101393.382233
70000093603.202759
70000366960.405670
70000130683.624893
70000798955.626373
70000454168.473770
70000001069.220581
70000488002.653595
70000041284.416748
70000389919.073410
70000497828.959274
70000551503.348358
70000426541.452271
70000924156.715302
70000468335.005981
70000826468.339081
1.000000
70000404134.728348
70000918936.308578
70000890319.985992
70000750169.276978
70000725325.085312
70000352330.024292
70000708712.627319
70000963843.161346
70000572557.655746
70000593836.676758
70000818462.756851
70000579478.817200
70000677923.207764
70000603296.409714
70000597681.622650
70000850853.244812
70000583473.964355
70000585299.940018
70000579371.820709
70000822012.721802
70000185229.508850
70000862843.251099
70000938040.975388
70000683099.293610
70000928785.173004
70000959644.246307
70000894676.097778
1.000000
70000357429.317276
70000003354.862213
70000426450.619125
70000364461.380432
70000906801.132446
70000603322.676712
1.000000
1.000000
70000402677.451920
70000220912.844177
70000577635.935822
70000701906.732559
70000956516.577942
70000032321.598953
70000225740.273193
70000516554.309647
70000759318.328308
70000461244.077072
70000928366.807556
70000230172.319199
70000616874.705322
70000495373.400513
70000296703.679565
70000285432.832825
70000973209.717941
70000806764.662003
70000608705.440964
70000701234.194656
70000031299.286819
70000627467.730209
70000386972.889465
70000133383.591660
70000654952.441910
70000572387.952896
70000134934.584915
70000549376.770920
70000760934.770309
70000971496.417114
70000871193.530045
70000981141.532120
70000295536.408417
70000741881.796478
70000860291.837448
70000709732.682251
70000180169.911591
70000683886.561584
70000861753.386185
70000214164.492859
70000962803.445114
70000742323.944885
70000452867.479965
70000612483.126678
70000316280.497910
70000442455.507339
70000426656.561188
70000875131.663452
70000477691.271378
70000436501.170334
70000539136.518082
70000075868.489838
70000013833.888550
70000056426.263443
70000817059.303177
70000148837.157822
70000794196.029221
70000300704.315826
70000058634.643982
70000926840.916077
70000285272.349106
70000370977.922318
70000575686.060669
70000891548.763992
70000039568.673386
70000681511.491241
70000693202.296677
70000040555.601074
70000637855.699600
70000537665.802002
70000597937.726059
70000383627.082108
70000728933.640076
70000620685.726974
70000575328.956467
70000448608.810715
70000464518.493835
70000134391.661133
70000937874.163010
70000006720.573715
70000665034.138275
70000217439.414795
70000365592.484818
70000690597.574570
70000912583.264374
70000975110.542297
70000181901.574646
1.000000
70000091606.895584
70000751979.463531
70000932852.926941
70000250737.753601
70000730317.939835
70000919346.017441
70000329903.459518
70000108912.082626
70000426533.910599
1.000000
70000449427.871109
70000778825.790695
70000276710.373627
70000171170.474411
70000085482.960464
70000054534.484726
70000530692.954483
70000877106.009979
70000786237.781525
70000272397.157761
70000143701.495392
70000040881.460617
70000732129.060867
70000753052.161133
70000320760.716095
70000501106.788712
70000513058.712570
70000037090.553253
70000147785.521667
70000461447.658600
70000885155.982361
70000605658.362686
70000084976.774323
70000703466.733871
70000915915.273758
70000154007.299255
70000816106.563873
70000983697.793457
70000444635.027328
70000403630.376007
1.000000
70000962347.680939
70000721188.951828
70000380190.270767
70000053777.693207
70000246537.340927
70000970425.541046
70000552481.594421
70000808746.394348
70000719923.307739
70000218994.798569
70000390528.601837
70000733160.130844
70000973342.401062
70000221679.197144
70000559947.752518
70000952664.039948
70000739384.373459
70000229576.468674
70000647536.663681
70000321871.091797
70000078249.670654
70000027102.212494
70000174898.434799
1.000000
70000432875.894577
70000488478.389572
70000518724.255096
70000815801.788879
70000759772.652191
70000305425.245895
70000750207.133484
70000471240.165253
70000863704.012268
70000985988.158142
70000055663.708984
70000149627.155106
70000293015.410126
70000677584.658691
70000696566.355042
70000495328.113968
70000843779.854080
70000624063.398804
70000069962.889664
1.000000
70000100648.520859
70000927815.604630
70000602136.030838
70000228915.036209
70000758156.079178
70000885198.616867
70000977412.677567
70000605709.573883
70000620804.745575
70000905891.996841
70000171414.029694
70000163160.140976
70000256048.467102
70000113796.658646
70000609155.992950
70000438104.610504
70000645894.655441
70000374168.752563
70000958343.993622
70000829756.318680
70000483203.980316
70000501497.553024
70000426836.433960
70000145775.802185
70000495240.781815
70000852451.772995
70000015026.310486
70000875001.393814
70000828501.909210
70000533257.635712
70000289371.532623
70000983219.975586
70000809350.893814
70000719412.872772
70000174413.056671
70000841533.912766
70000183997.467010
70000175593.939087
70000480013.921753
70000299143.935013
70000671668.857590
70000583795.660583
70000094525.059311
70000403784.193359
0.33
 0 0 0 0 0 0 0 0 0 0 0 0 0
