1 401
70000185221.448227
70000180162.003891
70000655028.450363
70000286805.311844
70000350614.597122
70000717959.538498
70000233128.207230
70000038519.557556
70000091238.558029
70000397542.548615
70000752789.293900
70000069197.498154
70000266198.206299
1.000000
70000308740.628998
70000226246.209488
1.000000
70000487636.046158
70000138305.628647
70000455185.527252
70000962380.922623
70000562016.423645
70000548117.194946
70000575054.252090
70000025067.634613
70000614947.751602
70000274972.556931
70000479218.552246
70000506446.008575
70000966658.594391
70000769053.152695
70000086765.473465
70000834969.146423
1.000000
70000997687.699158
70000377472.439346
70000371033.427673
70000360173.828751
70000569329.563736
70000152312.053131
70000973236.558258
70000819106.159393
70000532473.261490
70000704001.675049
70000160747.540359
70000345537.076569
70000762594.042694
70000886322.917618
70000026211.843964
70000487369.800476
70000872474.612854
70000806309.529007
70000904790.170456
70000363560.901825
70000672351.120041
70000948375.950790
70000208565.266281
70000636123.640854
70000708528.643372
70000910546.042664
70000759389.506805
70000277707.001129
1.000000
70000505817.559998
70000042903.176682
70000345345.170715
70000402112.614075
1.000000
70000757898.162338
70000836272.615463
70000869411.744202
70000523005.190384
70000441464.613693
70000679217.778091
70000799353.765518
70000871761.499405
70000609220.922684
70000091277.160080
70000917557.776443
70000429234.253387
70000222921.020462
70000627388.493958
70000672475.361359
1.000000
1.000000
70000415485.323578
70000341766.453033
70000401020.930450
70000094245.974350
70000642765.103577
70000512212.826859
70000993646.969238
70000394564.657257
70000866177.984543
70000613352.568878
70000416488.162796
70000652980.941116
70000324874.772095
70000785366.517731
70000684690.182419
70000064578.137375
70000832087.440964
70000153973.293167
70000948132.278473
70000131370.653366
70000709154.896408
70000041691.326126
70000023596.163162
70000505959.915451
70000175951.621597
70000627045.096848
70000068047.122467
70000565016.832275
70000338409.556107
70000953729.551865
70000919717.990143
70000614366.308212
70000895878.652115
70000781599.110931
70000306070.037552
70000735724.564606
70000715473.939651
70000309740.313187
70000508574.659866
70000838194.786041
70000794358.832840
70000097129.231873
70000058144.498550
70000071424.623230
70000155405.213181
70000340421.441528
70000710566.716187
70000492974.905029
70000477140.435379
70000640121.043518
70000634735.569702
70000745170.007538
70000727419.896072
70000374446.918930
70000588005.532898
70000253413.204285
70000466303.019287
70000884472.876755
70000936880.829529
70000107806.331421
70000423002.376022
70000903730.702545
70000577564.364227
70000309143.276398
70000682030.966400
70000830856.772690
70000155115.326401
70000809634.830414
70000906502.781906
70000236177.425232
70000475799.640045
70000132116.249817
70000185768.212097
70000914173.619492
70000247413.651184
70000312427.262955
1.000000
70000028731.661911
70000025951.397018
1.000000
70000570945.229630
70000148983.028122
70000211218.079453
70000401624.685898
70000210414.620911
70000362105.828308
70000658165.565536
70000275599.192719
70000015758.141846
70000120609.827393
70000745792.601074
70000672550.416763
70000132217.547714
70000823854.402893
70000572550.244232
70000807474.645645
70000907912.643661
70000123238.134644
70000793082.119583
70000629530.128540
70000643762.848541
70000803296.523895
70000839223.529205
70000058938.162964
70000502882.279556
70000562439.015106
70000514144.356720
70000985574.846741
70000650662.463821
70000597551.421768
70000594545.422684
70000976987.859009
70000691850.170212
70000986752.216675
70000833286.851593
70000262063.777344
70000867051.381439
70000783026.232971
70000696107.541946
70000048811.465820
70000589698.954544
70000282493.865234
1.000000
70000598467.078018
70000981296.641510
70000722321.868134
70000826308.049133
70000687007.937973
70000529939.925797
70000630656.674606
70000191300.139648
70000469375.434662
70000193872.531158
70000203018.776291
70000970252.901825
70000700627.504593
70000861917.518936
70000816126.900620
70000825497.520370
70000812228.010422
70000970757.663803
70000709762.642487
1.000000
70000024990.115784
70000567936.114349
70000037462.563965
70000154467.473755
70000629566.488129
70000929801.152069
70000598858.922287
70000139447.430603
70000487898.597427
70000992643.248032
70000072049.721573
70000576463.127609
70000050463.403702
70000863225.725693
70000402949.709442
70000122243.040329
70000171616.796448
70000729194.729752
70000596361.429825
70000032491.810226
70000162177.227005
70000450559.945312
70000377273.379623
70000684545.810532
70000274435.849762
70000678945.869720
70000190476.200684
70000704924.973434
70000319366.748611
70000056823.439423
70000877352.332825
70000761697.531570
70000295277.418579
70000601473.185074
70000410505.662842
70000232999.937943
70000697913.589447
70000857753.276505
70000011091.555771
70000760952.686707
70000770736.569214
70000348798.419586
70000741867.143417
70000128481.313675
70000790761.158691
70000383374.352753
70000286717.343582
70000794066.864395
70000997447.518402
70000747590.752045
70000450656.860535
70000762276.044449
70000610871.529663
70000966052.858459
70000786820.466263
70000135836.298157
70000624727.732346
70000364838.313843
70000489830.547394
70000978775.947205
70000964111.111069
70000874494.036789
1.000000
70000631950.053558
70000017915.518738
70000976764.059601
70000656648.492523
70000862349.383850
70000773860.732468
70000634950.888428
70000477299.522293
70000654202.822586
70000784542.807480
70000082957.671890
70000150498.788635
1.000000
70000200400.778732
1.000000
70000469166.080338
70000278420.339508
70000508502.369598
70000855437.942368
70000329306.652908
70000352105.308609
70000568860.920609
70000837288.085388
70000844544.656982
70000059504.952072
70000986788.343994
70000501702.894730
70000913196.612518
70000152388.776917
70000853406.566025
70000610727.907700
70000807922.454895
70000324616.641571
70000483117.763474
1.000000
70000378780.334152
70000022482.870865
70000184940.920395
70000927640.462967
70000849924.191238
70000388045.974426
1.000000
1.000000
1.000000
70000227793.526077
70000585759.254486
70000392058.998077
1.000000
70000496774.522049
70000574960.941986
70000206274.349594
70000436855.769928
70000290094.059799
70000241868.561279
70000671649.067810
70000074248.948700
70000884102.335800
70000827531.524124
70000126867.111252
70000914673.219803
70000323574.942200
1.000000
70000575739.119034
70000038368.527206
70000906667.933502
70000338815.466660
70000148494.554153
70000190398.004990
70000095854.809662
70000749899.984207
70000080828.144028
70000109600.465988
70000090173.265335
70000560817.476364
70000724618.516434
70000099998.718475
70000110002.110001
70000473325.491013
70000394909.044342
70000879200.808319
70000366639.238937
70000584348.898544
70000328104.509552
70000585354.608948
70000083064.253387
1.000000
70000266488.999451
70000452859.141510
70000982328.471634
70000306085.012695
70000500129.849365
70000369196.711227
70000939385.937317
70000268930.710068
70000518620.289642
70000075361.281311
70000559653.248550
70000695208.252350
70000636054.341827
70000901294.234039
70000874913.355713
70000853131.686050
70000831039.864609
70000985895.419434
70000678989.914536
70000794796.168900
70000235954.396896
70000432088.573746
70000511821.298599
0.33
 0 0 0 0 0 0 0 0 0 0 0 0 0
