1 401
70000412443.066925
70000901451.847610
70000228183.067566
70000758740.310425
70000574483.960495
70000718449.731644
70000337965.265060
70000306138.772705
70000499670.923691
70000236903.838242
70000283943.455826
70000409414.410553
70000333074.274231
70000658660.959305
70000332927.146408
70000482111.270721
1.000000
70000094075.732193
70000231722.151230
70000896800.211029
70000259482.015137
70000826869.894226
70000345884.870544
70000728955.856827
70000602358.148651
70000984745.550827
70000550429.591446
70000798555.671661
70000719134.445190
70000356814.868301
70000171737.220718
1.000000
1.000000
70000358134.284317
70000642617.156250
70000949900.738983
70000293789.664581
70000159675.916061
70000582928.416336
70000903906.840607
1.000000
70000134910.575287
70000973082.509674
70000792095.326920
70000636387.942841
1.000000
70000378790.859970
70000983762.480408
70000191200.816498
70000280602.737442
70000472151.264236
70000650688.295563
70000465171.477493
1.000000
70000839147.728271
70000158383.584579
70000997601.743500
70000231004.639786
1.000000
70000574269.060654
70000516092.710129
70000237960.204147
1.000000
70000708024.881546
70000652520.359116
70000150783.508362
70000369630.614212
70000023774.846405
70000368077.891281
1.000000
70000169159.715530
70000137826.191620
70000301836.053696
70000622879.300644
70000582221.491287
70000425276.350143
1.000000
70000039082.294754
70000304156.646469
70000105586.579559
70000339171.716766
70000138684.745392
70000318447.689224
70000821552.337311
70000138107.649323
70000112279.620697
70000289889.873322
70000771486.263184
70000969750.421371
70000867657.248947
70000317580.970657
70000160217.441452
70000874738.446518
70000137231.687439
70000475731.066696
70000367108.526947
70000793990.013794
70000868515.990646
70000772002.308289
70000078073.739822
70000446973.819824
70000429451.614731
70000849463.516129
70000481215.125504
70000321205.678177
70000569655.356506
70000413888.708344
70000179946.136108
70000364890.297913
70000583965.756104
70000653428.472794
70000109579.710648
70000911341.281937
70000279118.892380
1.000000
70000281966.675827
70000322634.610001
70000513480.353043
70000295518.879227
70000666767.390656
70000063205.498703
70000138877.175598
70000032606.633118
70000908852.491943
70000587651.059708
70000075902.992065
70000167174.974213
70000608227.969116
70000667034.764481
70000934127.331299
70000595342.982300
70000388163.483704
70000928312.261337
1.000000
70000543906.313416
70000242048.876190
70000971957.997879
70000642802.007217
70000629741.599625
70000039088.265732
70000284428.042679
70000804562.018951
70000024406.517212
70000068154.012711
70000691970.744797
70000391822.543121
70000209151.577225
70000576684.024170
70000688105.174042
1.000000
70000687381.171890
1.000000
70000405189.189102
70000097037.690521
70000827581.421692
70000815095.421097
70000442064.399261
1.000000
70000857722.081055
70000610962.249222
70000984146.741714
70000374194.971603
70000243004.021515
70000149370.463455
70000421759.306442
70000502814.480377
70000071586.938202
70000468640.444183
70000639198.901749
70000407035.345367
1.000000
70000904886.600006
70000215258.371765
70000782202.009521
70000830976.599533
70000273914.128281
70000503604.927017
70000787007.937668
70000169586.771179
70000678172.387222
70000654564.376678
70000329432.648697
70000543056.299316
1.000000
70000875022.150864
70000691113.572479
70000975983.436020
70000775571.544373
70000945430.484695
70000369321.123001
70000400064.474228
70000939822.255829
70000948652.711578
70000120919.682816
70000639117.549347
70000081967.086548
70000013633.569733
70000278583.162384
70000489267.820511
70000774052.961212
70000562803.024094
70000837531.538330
70000741267.925339
70000062055.156403
70000875652.122559
70000396193.297165
70000701570.892685
70000620997.109314
70000639107.094742
70000253643.565781
70000889614.810135
70000743240.829315
70000644609.683167
70000168136.848297
1.000000
70000480076.082550
1.000000
70000123955.508423
70000272396.473907
70000912717.077133
70000943291.069733
1.000000
70000235513.682114
70000427576.837997
70000698418.540283
70000561277.038818
70000732148.009995
70000979211.333649
70000417664.460388
70000254048.178421
70000336247.110077
70000437552.734207
70000430644.507141
70000064142.374008
70000150593.284149
70000404615.220688
70000805087.087921
70000339617.966034
70000364127.619568
70000981653.579224
1.000000
70000528059.633240
70000761129.062759
70000995895.084717
70000412963.756805
70000896592.740967
70000039449.852020
70000691419.097458
70000236187.374191
70000921875.743790
1.000000
70000501399.758545
70000095523.475769
70000689858.786407
70000682440.633041
70000709505.512848
70000358121.079178
70000175320.593719
70000131979.113083
70000185887.663391
70000417465.778259
70000991031.658569
70000844718.278595
70000902651.707199
70000975343.324753
70000166226.211105
70000506324.531601
70000138817.335541
70000254968.579193
70000987832.797653
70000488063.560837
70000041009.924728
70000749509.353943
70000403655.217102
70000411444.140396
70000916839.843033
70000701214.494934
70000119801.736923
70000259453.897736
70000062273.591125
70000749704.833023
70000371061.236816
70000637225.938629
70000951589.280640
70000047183.329208
70000490129.126389
70000370998.561218
70000075922.934128
70000060869.525070
70000425516.319794
1.000000
70000366160.648575
70000414838.397247
70000374697.009003
70000561227.473618
70000553691.737411
70000281549.469666
70000699721.307602
70000455330.197891
70000097767.399582
1.000000
70000192149.792648
70000945261.101715
70000301472.297318
70000277654.186264
70000493658.704422
70000039899.203979
70000405809.118484
70000449794.317322
70000999103.684021
70000828943.085022
70000764090.048950
70000730554.749710
70000316447.815445
70000340007.973892
70000867421.311783
70000726100.956360
70000949394.569977
70000507013.239594
70000270804.478821
70000412713.810562
70000066318.427536
70000501835.355606
70000959475.215439
70000450007.636169
70000911510.124725
70000914597.132797
70000924631.413773
70000011719.206528
70000999836.750305
70000422069.636322
70000900860.645020
70000434616.564056
70000741793.708160
70000321770.221741
70000780972.298004
70000076588.914169
70000681656.894714
70000130531.495560
70000011199.151062
70000261124.145752
70000486588.121582
70000673196.761597
70000350490.892746
70000437515.368332
70000725129.335876
70000433701.790466
70000783309.732346
70000575964.653549
70000578018.951706
70000456548.615601
70000259150.192825
1.000000
70000855780.766632
70000150988.383545
70000035384.181549
70000541454.428680
70000378102.825409
70000603341.240417
70000719437.557022
70000955407.772781
70000663135.150452
70000069134.319290
70000147299.060410
70000999500.838058
70000146212.554977
70000622498.528854
70000452545.058823
70000036469.453125
70000072517.024643
70000728640.978394
70000978672.149353
70000653538.466019
70000874519.522308
70000765423.196350
70000285802.337372
70000581609.745316
70000127295.320419
70000551400.835358
70000227725.116547
70000365546.579163
70000523567.570511
70000573790.385529
70000956332.853195
70000442441.574905
70000342781.119278
1.000000
70000348140.646866
70000617862.881485
70000838433.290802
70000073810.619308
1.000000
70000662630.052750
70000961127.856552
70000050470.983978
70000663230.638763
70000212705.052383
1.000000
70000201350.982849
70000042203.519196
0.33
 0 0 0 0 0 0 0 0 0 0 0 0 0
