1 401
70000248279.892792
70000402337.536697
70000290068.525253
70000176284.331116
70000250929.987122
70000983131.347504
70000757114.274780
70000439921.288147
70000275646.395966
70000172261.643280
70000150565.920258
70000586799.426697
70000515008.533035
70000986293.996063
70000030574.773270
70000510953.926514
70000498089.998047
70000924521.891586
70000359012.872665
70000056379.846375
70000450234.924896
1.000000
70000271795.753922
70000552779.905411
70000004455.801437
70000730417.385025
70000493927.951614
70000105848.164215
70000524465.508438
70000757558.560318
70000633906.954330
70000592039.944321
70000407523.933807
70000443261.841278
70000663891.442322
70000957610.926727
70000770327.779312
70000144623.060150
70000723512.304520
70000323278.237274
70000941866.001755
70000469120.779068
70000790945.661316
70000668133.586792
70000501253.887253
70000463414.467697
70000634681.142059
70000793601.281754
70000542905.408600
70000066660.067551
1.000000
70000160716.079681
70000708871.678391
70000748702.053131
70000172901.038757
70000773326.859940
70000212185.480331
70000335033.141998
70000161219.822372
70000901943.937698
70000016268.525955
70000361197.517365
70000113193.088562
70000651366.350021
70000022593.275925
70000944700.256073
70000340402.236511
70000161892.189316
70000664140.349899
70000297999.110062
70000081306.889236
70000634235.190765
70000796957.967880
70000369585.048309
70000566734.240692
70000750744.227936
70000782966.555557
1.000000
70000578349.704483
70000489512.692520
70000146455.543015
70000366494.642975
70000616700.335861
70000470183.125381
70000205996.447281
1.000000
70000465558.954391
70000173767.691971
70000087540.887329
70000115492.633652
70000868142.799667
70000763978.796036
70000540336.820480
70000257746.195572
70000495297.087814
70000279715.382568
70000265598.580612
70000846522.770706
70000364032.650345
70000005668.717957
70000036142.139236
70000440536.275711
70000507654.778152
70000439704.941223
70000648015.511475
70000093047.067657
70000447631.724075
70000461310.566925
70000524159.079849
70000035347.271774
70000074415.845093
70000657034.584274
70000220296.369919
70000157845.971649
1.000000
70000900453.539505
1.000000
70000620276.166748
70000836336.403992
70000803263.963654
70000917341.073074
70000335449.589340
70000403817.325562
70000973556.409958
70000652465.334198
70000568012.087219
70000133452.535873
70000644760.792114
1.000000
70000357122.114182
70000679288.247452
70000683796.626740
70000952900.781174
70000237499.389221
70000395096.132477
70000833372.751389
70000161829.867004
70000694446.661484
70000462533.246063
1.000000
70000884626.570862
70000384860.769058
70000244282.692764
70000172882.620255
70000831580.705017
70000656036.930389
70000396080.527878
70000924952.653412
70000491844.311111
70000425407.919388
70000754328.824753
70000561490.557571
70000272827.280594
70000812765.255188
70000906873.597168
70000702601.235138
70000086139.526855
70000999807.541183
70000605808.751617
70000178800.761246
70000720665.163666
70000439815.228851
70000204513.078217
70000492172.510345
70000081043.794617
70000779921.317200
70000527672.650970
70000185222.038727
70000069147.026733
70000018580.802856
70000746754.022964
70000274488.237747
1.000000
70000949986.976807
1.000000
70000308363.353363
70000462194.492401
70000182416.800674
70000425400.033951
1.000000
70000905958.576477
1.000000
70000102996.308853
70000275785.267822
1.000000
1.000000
70000453023.988647
70000401158.590775
70000711317.331772
70000033087.797318
70000056373.356186
70000134959.222076
70000285884.027817
70000944507.092102
70000358380.168625
70000451005.854218
70000138154.127289
1.000000
70000727912.660233
70000300957.471497
70000731313.187180
70000815936.195251
70000393550.711884
70000987753.775467
70000571509.600967
70000011775.590424
70000409390.444946
70000906506.788864
70000326252.412857
70000410651.517944
70000737824.809219
1.000000
70000956076.078842
70000390903.828308
70000240540.318542
70000287935.002060
70000893535.095490
70000414253.423340
70000898862.046432
70000418818.807083
70000427400.900665
70000561395.125443
70000690530.521652
70000892667.114792
70000466424.922928
70000685494.458694
1.000000
70000937115.387177
70000749086.151398
70000277151.888947
70000545351.184708
70000154021.500381
70000506162.630722
70000745773.129898
70000565147.186356
70000967781.987854
70000302383.848328
70000467394.313919
70000068987.803635
70000118563.492218
70000564033.167480
70000193632.580399
70000157410.453583
70000736159.190292
70000913361.548889
1.000000
70000700260.068481
70000540031.302490
70000391816.392761
70000557392.049759
70000382710.255615
70000907559.918213
70000601850.264145
70000643532.911652
70000558602.392456
70000952072.794922
70000774357.593552
70000158377.848267
70000100923.088196
1.000000
70000236913.445572
70000505322.590332
70000687999.497009
70000145991.709625
1.000000
70000568565.950790
70000907547.437744
70000365696.999512
70000048339.415085
70000998494.337448
70000172765.267532
70000347240.875732
70000348450.480835
70000095456.842377
70000914698.285049
70000127877.591263
70000487914.061096
70000835756.130203
70000260307.030136
70000688854.236008
70000623167.339371
70000200970.041275
70000834266.187042
70000783062.622757
70000964979.745270
70000034734.717438
70000558297.410172
70000578271.478409
70000857721.967117
70000880760.171371
1.000000
70000763684.615768
70000082348.148102
70000557778.533859
70000210700.873291
70000510282.683533
70000998785.532471
70000701716.470535
70000125687.970047
70000731502.469421
70000803376.863266
70000448796.846527
70000809145.306671
1.000000
70000530092.667145
70000488141.333939
70000380421.141983
70000687116.395905
70000553532.478180
70000280927.454971
70000320543.630402
70000382982.560562
70000435318.059372
70000255136.955078
70000254147.639297
70000535446.272797
70000011984.617203
70000912498.016891
70000140199.532532
70000236966.793915
70000763429.815552
70000183770.716476
70000077949.150925
70000676201.257370
70000401862.253860
70000416967.444977
70000069067.196732
70000406954.897705
70000980173.326111
70000677945.766754
70000890164.181305
70000916631.586838
70000515957.867996
70000929471.418091
70000073758.350433
1.000000
70000417897.941452
70000236999.547791
70000675503.398285
70000413538.617722
70000042223.114349
70000075148.653702
70000518052.914047
70000187172.778458
1.000000
1.000000
70000550383.148056
70000328113.280838
70000031494.580032
70000410606.862350
70000369333.407410
70000792066.293121
70000566824.832092
70000171073.679703
70000056181.877335
70000813098.091003
70000031099.491180
1.000000
70000503261.885925
70000588283.598495
70000243427.077667
70000065784.293701
70000684976.958206
70000190448.929596
70000322706.609009
70000264613.704468
70000299206.118988
70000673806.472336
70000228962.060074
70000164418.969177
70000748756.996643
70000263435.211899
70000985067.622421
70000810523.999237
1.000000
1.000000
70000492845.338989
70000313137.057007
70000352141.396744
70000761229.001801
70000461182.928925
70000320245.406158
70000118065.744186
70000085225.373718
70000928467.921478
70000680059.236206
70000551710.371765
70000833005.412933
70000414611.651031
1.000000
70000953314.597885
70000470297.255768
70000863014.825455
70000521320.426437
1.000000
70000313297.083572
70000905682.057526
70000714272.033356
70000103286.563019
70000050783.925995
0.33
 0 0 0 0 0 0 0 0 0 0 0 0 0
