1 401
70000524116.989441
1.000000
70000831957.757736
70000372089.169846
70000257423.384552
70000691398.391037
70000057137.569016
70000013155.240814
70000429043.046936
70000593643.325058
70000591451.549072
70000767779.784531
70000549982.402939
70000402274.551956
70000471058.800812
70000664546.168289
70000818734.347778
70000832311.576843
70000791774.358063
70000813911.072372
70000892647.801392
70000407943.161652
70000222228.255783
70000772093.289398
70000596874.631058
70000884832.887527
70000156635.736832
70000536164.286392
70000935968.420441
70000687272.013748
70000856753.345001
70000074649.831985
70000061747.197739
70000433572.970901
70000387323.364212
70000804473.384232
70000605667.675247
70000292246.320175
70000042007.867294
70000000791.158875
70000401203.691666
1.000000
70000925085.170029
70000445890.997238
70000856476.715439
70000329955.305420
70000229136.474365
70000398571.149139
70000204632.651337
70000714325.146027
1.000000
70000382633.169617
70000399073.348877
70000074380.094955
70000689355.074799
70000030360.874130
70000702970.042374
70000815414.533279
70000882653.337051
70000599966.572510
70000931200.527069
70000635323.528412
70000376813.110489
70000570863.282547
70000109437.638519
70000807977.866089
1.000000
70000926212.748230
70000745857.158813
1.000000
70000048024.529526
70000078514.233871
70000423153.373474
70000761879.229218
70000058818.381821
70000462081.199326
70000912187.519608
70000703486.257446
70000244060.131104
70000795600.787628
70000845070.360001
70000116603.136765
70000953591.347412
70000748665.291336
70000497567.706100
70000084411.008667
70000554130.103088
70000327952.135086
70000992831.773529
70000524613.667236
70000651048.922760
70000532950.475723
70000397320.527374
70000331694.473068
70000693388.934616
70000415999.430542
70000981961.862122
70000082608.070526
70000519681.146973
70000564275.744110
70000074798.977676
70000929876.824417
70000211619.971512
70000160961.098541
70000169196.675507
70000396089.229385
70000024068.570267
1.000000
70000594159.186584
70000159075.099976
70000389787.734970
70000671296.588165
70000604693.531647
70000557144.609070
70000892657.263870
70000217001.161453
70000931191.840469
70000958695.503082
70000342132.750076
70000161061.236252
70000133025.810654
70000062865.068146
70000426440.204941
1.000000
70000585500.890442
70000436372.735229
70000116019.429016
70000546676.655807
70000960108.819412
70000731882.554932
70000737490.204422
70000890003.625458
70000098285.695145
70000214813.910583
70000587697.294891
70000333334.570221
70000373281.033798
70000990131.628311
70000184979.563599
70000325946.990906
70000590890.876892
70000646948.246292
70000123850.089035
70000184505.939194
70000272211.826218
70000341190.647476
70000056370.507812
70000304415.928497
1.000000
70000622146.639740
70000682674.843414
70000644476.435913
70000310346.636047
70000426369.713394
70000589444.181305
70000140791.739426
70000691580.980591
70000141163.372940
70000299201.759064
1.000000
1.000000
70000932439.215729
70000880568.543228
70000539593.367447
70000004374.182617
70000715688.071930
70000215808.545135
70000143269.727219
70000968378.044540
70000371926.150879
70000748480.235046
70000116292.910416
70000657784.009140
70000651844.419739
70000923190.905518
70000600970.870956
70000803429.436249
70000930543.717453
1.000000
70000298649.597687
70000557500.770538
70000826049.929169
70000756822.363937
70000006448.708710
70000244939.410629
70000948386.566086
70000083199.489777
70000969782.228409
70000480195.696320
70000978787.522461
70000624470.614639
70000161168.718018
70000669312.816696
70000996682.386597
70000665259.329742
70000307639.963257
70000890742.582428
70000453137.438446
70000338265.305695
70000696319.048401
70000849659.243103
1.000000
70000540354.544037
70000488354.863647
70000367157.457123
70000461294.065399
70000087024.428314
70000260356.781143
70000855826.948746
70000579459.776550
70000017614.174408
70000580624.942230
70000244084.258438
70000357970.499069
70000903117.396881
70000068252.690567
70000156281.371796
70000298837.220245
70000235914.269531
70000808570.564468
70000119619.186066
70000672089.282639
70000101061.926285
70000280003.706436
70000034831.783203
70000199569.380264
70000381330.064529
70000938599.077194
70000761984.454575
70000471726.559128
70000997520.404724
70000495826.410065
70000295371.401520
70000096611.522110
70000998092.451385
70000708366.686005
70000248133.960495
70000712809.626144
70000836684.009903
70000618678.526016
70000372217.116379
70000377289.302658
70000300812.152451
70000843113.340973
70000056479.303818
70000520230.542664
70000318511.930222
70000115090.636810
70000114004.322311
70000119902.985382
70000795285.841187
1.000000
70000913092.071915
70000661531.228378
70000696419.784988
70000010126.085358
1.000000
70000552375.029846
70000533669.072510
70000274484.844818
70000518393.890854
70000353544.817841
70000652446.036606
70000986279.120178
1.000000
70000674398.551315
70000737385.123398
70000304779.468567
70000556377.163635
70000872637.214996
70000105533.142624
70000781506.350769
70000115138.119858
70000178459.004669
70000532837.356918
70000060849.228012
70000419425.363922
70000558559.918365
70000117034.755722
70000305615.399704
70000854919.058334
70000853614.916656
70000632349.727798
70000242665.384796
70000931829.568619
70000963043.396698
70000980204.164642
70000757383.667892
70000563346.949417
70000482729.578384
70000212415.789230
70000311801.534897
70000976686.697617
70000628613.154755
70000591062.804688
70000251543.541428
1.000000
70000886478.754868
70000603750.706421
70000659289.716766
70000073674.178726
70000640602.630417
70000183368.857941
70000370246.280228
70000570398.457779
70000463020.623505
70000957680.190720
70000883384.288239
70000855200.699265
70000130999.866638
70000523739.909088
70000163071.546127
70000055616.375153
70000709256.815628
70000482941.355011
70000674325.074127
70000806680.050705
70000234925.877472
70000472570.041077
70000593331.304993
1.000000
70000933089.913269
1.000000
70000809512.216782
1.000000
70000903957.335724
1.000000
70000527054.707169
70000979606.116821
70000682226.223526
70000005289.292679
70000641252.957062
70000710122.662567
70000941710.523178
70000721804.125565
70000578899.086960
70000543666.804306
70000081475.980759
70000684320.773209
70000362240.322678
70000997300.171234
70000897017.861511
70000938842.099503
70000170921.963501
70000062267.489960
70000619321.217163
70000073799.491913
70000665464.980118
70000176481.081696
70000154742.159973
70000677274.424881
70000002119.002014
70000662699.183350
1.000000
70000375069.324783
70000339720.871231
70000617377.441406
1.000000
70000385691.921280
70000241394.945770
70000119583.731323
70000689893.056839
70000205346.812912
70000957472.481049
70000196222.830643
70000138176.109344
70000821762.033386
70000861061.325089
70000254392.514709
70000793507.357788
70000298495.847946
70000472862.553528
70000623101.849426
70000521872.204361
70000687361.906281
70000934699.336578
70000903912.237717
1.000000
70000058042.686584
70000625005.720322
70000237028.539322
1.000000
70000749927.297211
70000158812.701828
70000123373.268463
70000324122.153015
70000626884.619263
70000230559.752502
70000631652.315475
70000727625.024857
70000250401.389374
70000023258.183746
70000551836.803940
70000485688.199860
70000063367.051285
70000534569.482040
70000079170.561920
1.000000
70000023408.965164
70000007984.289261
0.33
 0 0 0 0 0 0 0 0 0 0 0 0 0
