1 401
70000304142.042694
70000410066.044662
70000975641.750748
70000188703.980179
1.000000
1.000000
70000152472.413116
70000782522.344070
70000225707.747940
70000083591.245361
70000688755.314606
70000785033.376328
1.000000
70000346631.801666
70000492026.600159
70000454026.640884
70000409087.181458
70000814652.707977
70000081725.343781
70000586179.900162
70000229732.704605
70000220679.692429
70000516880.060181
70000429426.002457
70000642076.051590
70000010013.925476
70000065456.276474
70000047618.208450
70000827123.491959
70000867863.801193
70000732894.397781
70000587944.564011
70000821222.559799
70000593332.250977
70000078051.738403
70000484875.701782
70000093862.023514
70000702981.984360
70000293440.169205
70000580289.026352
70000231117.664597
70000972209.103012
1.000000
70000694918.584381
70000640818.198120
70000748750.811722
70000603250.670288
1.000000
70000842314.018021
70000705384.291672
70000119224.227219
70000509672.524338
70000932893.939133
70000603864.353989
70000739538.360016
70000141354.566788
70000772561.610565
1.000000
70000666508.794418
70000581853.502502
70000341240.030533
70000591137.486252
70000911616.755585
70000778339.711258
70000179044.584366
70000337880.051834
70000653552.792191
70000763852.295929
70000684127.330841
70000163233.896866
70000956274.882355
70000620416.678589
70000476080.926666
70000970858.816971
70000106316.231262
70000615618.669846
70000611641.977219
70000872250.201157
70000017120.493103
70000654694.336746
70000363603.055817
70000078312.202118
70000945592.944839
70000479802.735397
70000984095.358215
70000721560.737549
70000456283.776398
70000538586.772919
70000027621.723938
70000042533.943390
70000249368.655136
70000556495.576569
70000583590.206497
70000292889.448746
70000797981.227585
70000651306.123062
70000788357.289658
70000509548.609787
70000871209.497879
70000554991.713562
70000452865.612534
70000441672.910049
70000223448.288956
70000775127.663651
70000007575.572800
70000196549.358429
70000154293.967361
70000628427.752472
70000312393.736465
70000655201.516022
70000367374.056473
70000365378.170029
70000647183.942520
70000614805.559967
70000970369.528610
70000064480.913528
70000837505.468262
70000953091.031311
70000118734.102692
70000601366.894257
70000013485.608383
1.000000
70000404201.718140
70000850708.760925
70000503691.960175
70000776562.960312
70000652151.076157
70000051738.379562
70000045135.615128
70000394616.662598
70000434679.897247
1.000000
70000025812.703094
70000788268.660492
70000696958.551025
70000850062.430084
1.000000
70000574693.228180
70000484328.799530
70000044124.287186
70000539013.224091
70000882123.289139
70000774360.804810
1.000000
70000811513.302078
70000848769.594177
70000269892.246246
1.000000
70000208580.582687
70000253953.817871
70000804311.825851
70000911292.595642
70000752459.701035
70000381128.186829
1.000000
70000282930.531113
70000719440.042175
70000807278.935608
70000760440.597519
70000416472.012909
70000862460.272003
70000067012.985321
70000094301.460419
70000611958.977142
70000213661.225327
70000214750.216873
70000429423.236938
70000009568.800629
70000899336.105652
70000024985.468414
70000952022.344208
70000358534.389771
70000152736.089996
70000120267.264282
70000146169.907471
70000182462.528351
70000651093.008163
70000373000.005280
70000388010.681442
70000344369.856506
70000714208.960342
70000550396.937607
70000885684.564255
70000953784.204437
70000291804.525711
70000628690.109848
70000395701.804291
70000310220.716324
70000988205.338257
70000429738.505478
70000470612.557678
70000246725.526886
70000659835.516541
70000061901.912231
70000093826.113937
70000383472.287445
70000389460.856339
70000510834.441971
70000343642.388641
70000536633.161377
70000165459.786728
70000561800.751328
70000889913.439087
70000659185.487274
70000869149.385559
70000154332.356659
70000693660.705872
70000695119.961746
70000363108.028687
1.000000
70000315008.625626
70000427051.637756
70000851126.846268
70000967449.831055
70000775415.829971
70000985649.527969
70000285227.572372
70000515592.246796
70000748588.425323
70000366051.459427
70000995268.002243
70000315808.864258
70000510419.495255
70000938261.790085
70000976941.831116
70000010052.237320
70000867882.703918
70000632952.631256
70000550229.118713
70000602450.029053
70000011383.773407
70000729347.315567
70000046358.322342
70000308804.021530
70000498885.926926
70000840562.325134
70000421266.187408
70000447524.181564
70000698315.306412
70000550373.678070
70000856434.051804
1.000000
70000340676.515091
70000838123.961288
70000975014.156540
70000800042.513626
70000795058.153992
70000031368.610107
70000868628.342056
70000335607.371796
70000978578.062576
1.000000
70000066930.832550
70000366438.704895
70000014648.340332
70000462249.275940
70000803447.014206
70000517463.857071
70000351969.189499
70000605685.901672
1.000000
70000441614.600494
70000407180.950699
70000995291.215652
1.000000
70000203060.212494
70000562724.455307
1.000000
70000586702.205582
1.000000
70000178585.980453
70000577044.626846
70000629618.645508
70000020172.405746
70000553088.592804
70000765347.939163
70000221049.652008
70000773262.154633
70000494708.933014
70000232833.638107
70000222031.877289
70000334822.009903
70000031262.543808
70000690227.124222
70000846363.325455
70000878809.103027
70000914601.452209
70000870527.576294
70000610208.239136
70000233939.748199
70000815502.836319
70000888574.065796
70000822910.618652
1.000000
70000865511.688217
70000444234.402390
70000239688.820282
70000387687.860992
70000000637.747559
70000769146.530670
70000185919.252213
70000584658.211349
70000062602.537689
70000565265.858047
70000164567.343399
70000695746.344299
70000429111.127029
70000213983.431152
70000396670.301331
70000233744.051239
70000520182.034775
70000339617.165039
70000049913.950424
70000708833.255081
70000116953.219940
70000358485.329849
70000357362.092773
70000593932.088287
70000954251.815002
70000967459.169174
70000706701.170578
70000039275.151749
70000891626.518280
70000605925.637573
70000647672.125946
70000173590.639145
70000713855.091888
70000616670.646393
70000433580.959839
70000004735.290176
70000212357.693970
70000949301.662476
70000420506.684769
70000360114.026016
1.000000
70000314130.438477
70000303746.392715
70000101672.216599
70000857015.018982
70000605653.773010
70000526060.140427
70000978309.166306
70000582271.065811
70000379950.709274
1.000000
70000894478.800858
70000540167.471664
70000372415.428589
1.000000
70000774866.693970
70000950264.282959
70000576620.149139
70000345943.077499
70000287400.655624
70000564323.456772
70000493666.629974
70000372201.551193
70000478039.157211
70000938608.213531
70000111095.467163
70000184225.936172
70000456428.517883
70000510712.077637
70000960504.445755
70000811405.636368
70000875832.412369
70000686175.673981
70000729459.446289
70000292730.902985
70000934463.185669
70000297035.508560
70000139446.019547
70000613615.831024
70000467564.935822
70000570144.152573
70000590244.940628
70000793898.448029
70000252866.243744
70000059747.057495
1.000000
70000160120.889465
70000319340.253296
70000570559.803833
70000781783.616241
70000016517.228806
1.000000
70000229571.303619
70000928221.951431
70000268266.088257
70000778813.472321
70000823117.671005
70000093562.318726
70000402249.621811
70000668687.098877
70000864341.782623
70000945490.311417
70000401489.068649
70000589711.774216
70000580347.668625
70000583048.321884
0.33
 0 0 0 0 0 0 0 0 0 0 0 0 0
