1 401
70000493250.126190
70000021816.461945
70000454480.457245
70000533921.867859
70000648575.497589
70000773947.518829
70000896618.608093
70000853428.791122
70000366491.451569
70000027923.214386
70000453474.002563
70000448641.264023
70000541658.843933
70000243499.679062
1.000000
70000823656.622192
70000775729.670395
70000823964.720291
70000128845.103271
70000796355.533936
70000434750.663589
70000127272.748795
70000053886.795258
70000018398.723389
70000623565.588516
70000120353.407089
70000357365.459045
70000851184.875610
70000399856.889542
70000114549.960724
70000197171.596817
70000587602.454300
70000855172.544571
70000923447.066055
70000205440.785019
70000448848.102341
70000467702.998199
70000523181.687424
1.000000
70000501568.253159
70000191651.602463
1.000000
70000359837.339569
70000945028.584290
70000232418.812469
70000309306.189926
70000881505.113770
70000967836.151596
70000679099.495453
70000198235.796890
70000021803.633255
70000608199.280670
70000404753.235641
70000977335.765762
70000469533.004105
70000663640.750839
70000029865.039276
70000300029.916885
70000510732.805786
70000854195.605225
70000218713.650314
70000013894.427856
70000312530.509659
70000191605.924606
70000907760.134460
70000043528.416977
70000964039.882019
70000791292.339508
1.000000
70000762642.899796
70000351652.240463
70000306344.568863
70000434563.112823
70000823537.740204
70000361079.841370
70000728541.888321
70000151394.172653
70000811287.514801
70000513136.080109
70000651520.746735
70000207114.784622
70000400113.025223
70000594542.520264
70000871486.919785
70000131627.453476
70000432608.339249
70000038282.988297
70000436601.358017
70000264617.232162
70000836012.599762
70000616511.035767
70000631786.189850
70000715995.114822
70000985897.612823
70000754766.923782
70000774124.527008
70000208722.229904
70000570440.127426
70000105390.278351
70000941868.546371
70000414669.795914
70000002136.797989
70000606162.401276
70000874210.069824
70000875017.122879
70000472022.515030
70000993481.275299
70000119069.358566
70000349043.198044
70000524909.004166
70000974873.050659
70000856683.353210
70000251769.043655
70000332880.753494
70000618988.401093
70000155743.844284
70000265396.410172
70000302939.614929
70000380977.499283
70000696425.668976
70000528799.627487
70000262439.437439
70000175895.763412
70000059860.925583
70000219954.717697
70000922644.672150
70000465500.049820
70000670356.901611
70000011028.944931
70000410982.049332
70000301833.695465
70000547184.788101
70000595825.306702
70000244913.904312
70000738503.071762
70000487425.993378
1.000000
1.000000
70000034168.460129
1.000000
70000004817.024338
70000259025.239349
70000157561.089157
70000731068.831573
70000440791.697632
70000670403.445023
70000189424.324310
70000223437.133331
70000856790.566498
70000722892.271271
70000626335.778839
70000756323.342285
70000612036.459183
70000656536.864944
70000323318.620636
70000654521.372849
70000138351.061981
70000670424.997528
70000458577.965042
70000614644.927017
70000982909.612488
70000952953.743530
70000178241.070175
70000254320.411362
1.000000
70000712258.859894
1.000000
70000898192.138535
70000738351.492416
1.000000
70000035122.924133
70000437280.843109
70000592805.643616
70000726694.959641
70000696760.195450
70000863976.156769
70000841984.417511
70000066604.402954
70000824737.754028
70000038059.854996
70000058743.247864
70000016162.188858
70000683765.786087
70000332287.674805
1.000000
70000149693.469986
70000302979.965897
1.000000
70000034796.469574
70000908596.292664
70000977383.128891
70000998212.160629
70000595894.902008
70000308575.639893
70000630677.961777
70000630752.855316
70000446207.109451
70000639834.603958
70000010056.918274
70000758206.325073
1.000000
70000266019.981873
70000205151.394455
70000846370.757874
70000237845.957764
70000702181.225128
70000811682.091232
1.000000
70000165245.179871
70000241457.639923
70000265826.515762
70000852353.963226
70000110926.091751
70000370409.254135
1.000000
70000498027.978577
70000384097.047241
70000351744.373032
1.000000
70000373195.223892
70000490108.415741
70000153118.111862
70000352284.725845
70000015072.445190
70000229196.995743
70000197910.364334
70000413474.513306
70000836142.311569
70000018314.872284
70000638702.107239
70000877391.510773
70000974598.685303
1.000000
70000263033.008026
70000974426.573929
70000698005.554230
70000395561.621109
70000050521.185577
70000607328.059174
70000650359.053696
70000638547.864655
70000136422.038757
70000965251.766205
70000121096.623306
1.000000
70000643471.716507
70000474130.749924
70000608460.254974
70000802685.236801
70000104896.641373
70000830009.472717
70000061094.952225
70000220557.972565
70000049054.529953
70000933489.269257
70000199117.265594
70000470499.434265
70000945360.603439
70000669883.557388
70000389984.614258
70000292991.906723
70000976201.167267
70000659364.959808
70000440227.021851
70000308865.144775
70000935606.985413
70000600589.071716
70000450288.325928
70000584644.125580
70000212688.039932
70000829049.236786
70000158472.815414
70000165736.879593
70000077028.795486
70000441557.865494
70000673244.544998
1.000000
70000402973.474976
70000729169.720764
70000017209.004349
70000685718.757080
70000075262.300568
70000562321.091614
70000340152.683075
70000316282.740891
70000491902.787827
70000212235.419388
70000432409.082336
70000771604.888290
70000856323.783707
70000122453.425491
70000956055.428955
70000015590.525986
70000367658.563721
70000626166.670837
70000649836.850082
70000325315.421738
70000833345.402359
1.000000
70000299038.750336
70000463206.927811
70000550253.067612
70000716242.138092
70000311787.022278
70000042180.135529
70000906679.362808
70000296505.994324
70000570748.018433
70000240740.732513
70000862050.162170
70000105747.166626
70000412290.262527
70000249116.237015
70000013937.536133
1.000000
1.000000
70000175342.818268
70000511355.262085
70000081601.352646
70000915847.767273
70000361169.775650
70000913536.187012
70000143465.899734
70000745461.895935
70000828891.809341
70000476845.089890
70000456715.921555
70000543822.820786
70000613086.227081
70000186350.941711
70000855971.956680
70000192111.950272
70000716724.603455
70000443910.719452
70000446821.588974
70000283013.214722
70000138406.331299
70000513432.405106
1.000000
70000154826.839127
1.000000
1.000000
70000052633.806534
70000137805.963196
70000568748.027771
70000616793.524719
70000545506.585419
70000019256.989655
70000416858.971390
70000242471.205444
70000911293.764404
70000802882.174225
70000858144.950577
70000198411.217667
70000959602.143799
70000902826.422104
70000060650.804367
70000670450.650497
70000736958.628357
70000187722.594421
70000705728.361649
70000786495.556808
70000945985.030075
70000541957.486099
70000616556.618195
70000541286.719757
70000745629.309509
70000052982.698273
70000393198.090668
70000159867.624496
1.000000
70000535679.747284
70000129329.016388
70000811419.174164
70000057424.840179
70000247094.611847
70000126697.351624
70000195296.994492
70000249350.423660
70000851075.045151
1.000000
1.000000
70000204798.006027
70000598411.070206
70000726654.867157
70000497026.338882
70000727031.138138
1.000000
70000265567.068146
70000731858.321411
70000744535.770844
70000996549.926498
70000142654.311417
1.000000
70000445312.645782
70000042407.883255
70000809672.866165
70000500888.620117
70000647009.790192
70000643351.918839
0.33
 0 0 0 0 0 0 0 0 0 0 0 0 0
