1 401
70000997289.956497
70000314309.546555
70000997291.941223
70000660392.796051
70000801894.047302
70000193885.139297
70000447169.262802
70000966543.238449
70000989190.679916
70000277278.610275
70000068728.356674
70000967114.451019
70000337226.552475
70000211936.358795
70000768740.670425
70000763198.730362
70000265658.425888
70000269865.615158
70000662725.434662
70000304688.627594
70000106401.811371
70000037616.062485
70000230485.944672
70000243442.257660
70000177980.347733
70000151734.581238
70000278370.760910
70000759094.318573
70000732391.369492
70000363714.851822
70000866454.008636
70000138215.812515
1.000000
70000792185.869095
70000656024.784836
70000829706.346115
1.000000
70000110686.491165
70000363075.101593
70000265699.753845
70000186803.639175
70000039498.383835
70000970916.296509
1.000000
70000252816.761841
70000990064.729355
70000686304.855057
70000086608.674942
70000944508.448074
1.000000
70000567664.637161
70000665652.789734
70000643249.380753
70000675253.633713
70000487463.717178
70000869563.908920
70000801544.388550
70000957179.610489
70000695746.938141
70000701749.910431
70000780537.724594
70000759584.417465
1.000000
70000264816.120590
70000964899.720108
70000225674.575027
70000504732.374725
70000377768.658844
70000494332.717422
70000626717.238998
70000577949.606995
70000222250.519257
70000053061.821182
70000610364.670227
70000700945.527802
70000271821.347626
70000023190.169449
70000583120.048706
70000858598.758347
70000726253.402969
70000771024.936325
70000540825.937592
70000012821.293121
70000536501.768265
70000173767.619690
70000999212.966660
70000203663.385071
70000350239.652679
70000026730.719116
70000646299.898819
70000643122.615753
70000771483.421463
70000498194.149933
70000278504.728622
70000199400.097748
70000372510.454941
70000829092.729218
70000639727.941376
70000803919.543045
70000138684.939423
70000577690.834320
70000970399.841934
70000580425.393997
70000616431.398743
70000780355.426392
70000658123.948639
70000155836.197479
70000145607.157211
70000234269.494476
70000335096.951324
70000390937.124176
70000777037.793945
70000796319.137039
70000073321.375122
70000847447.859619
70000788464.174622
70000185297.965652
1.000000
70000358180.215454
70000095830.168472
70000953874.334457
70000921620.102768
70000932037.034271
70000976716.959885
70000448316.315140
70000943777.482056
70000302235.107162
70000548880.720734
70000353410.074432
70000140980.785034
70000013142.471375
1.000000
70000072698.255402
70000540707.018829
70000753495.211929
70000934478.895767
70000652591.429825
70000163749.992142
70000529849.346130
70000287052.513382
70000563926.098785
70000751345.259155
70000509324.083130
70000270878.152939
70000376852.734634
70000918473.791489
1.000000
70000492788.263397
70000758328.453568
70000766210.911255
70000708885.511978
1.000000
1.000000
70000652141.512009
70000316119.041199
70000047619.867889
70000438697.114548
70000441224.498199
70000273108.751343
70000369434.498367
70000939950.044205
70000878207.949646
70000749179.843338
70000780745.986816
70000579030.889618
70000990971.354965
70000369850.766434
1.000000
70000927655.915115
70000018552.825134
70000721609.987503
70000180857.602051
1.000000
70000372016.753220
70000718047.044525
70000178884.161209
70000655526.791656
70000219030.598892
70000385147.127579
70000476904.438858
1.000000
70000457650.851349
70000906981.287720
70000223667.803329
70000000242.008392
70000825363.355835
70000277154.393295
70000879411.447342
70000459346.221603
70000346033.420242
70000965990.927505
70000407250.569061
70000784003.359634
70000044589.568192
70000299383.250092
70000095030.001877
70000758190.174896
70000507254.417358
70000377104.164749
70000850140.541885
70000834331.511200
70000590252.893875
70000186701.298203
70000005360.256943
70000454706.229874
70000813672.053543
70000817104.574585
70000631716.438217
70000941418.113159
70000780682.552124
70000452909.175125
70000144329.044006
70000756690.627121
70000956028.315842
70000332749.085052
70000157815.721664
70000674066.440247
70000756535.873978
70000749244.907318
70000833576.661652
70000426330.788559
70000003396.155975
70000524998.253113
70000100761.915680
70000423508.498291
70000063528.259445
70000598237.198776
70000644959.861084
70000770838.240051
70000184071.931290
70000582940.749924
70000713257.282440
70000286914.703186
70000536120.667725
70000037094.057358
70000359941.826324
70000269203.245697
70000908456.217117
70000083283.286438
70000516646.662582
70000667958.074966
70000183440.884537
70000001289.571976
70000920810.539841
70000299737.586594
70000762424.435654
70000986621.357391
70000573799.709915
70000795158.443527
70000231644.360977
70000436637.020386
70000224929.740555
70000376997.314407
70000199978.404465
70000109293.283234
70000536234.454300
70000195616.295639
1.000000
70000938182.996597
70000271567.782104
70000542406.480148
70000014418.529556
70000874407.086578
70000730778.793747
70000200645.075882
70000891699.552246
70000942042.938477
70000373862.645828
1.000000
70000650490.133286
1.000000
70000768363.894516
70000745940.039398
1.000000
70000377955.787750
70000045085.504120
70000046288.069122
70000333719.237686
70000020940.213409
70000782000.431259
70000448315.804901
70000175549.289246
70000210112.996277
70000597564.719574
70000203953.734009
70000271865.320007
70000184781.777512
70000821087.956604
70000583615.574249
70000483490.517792
70000272168.408081
1.000000
70000897612.492554
70000724597.454590
70000591012.708237
70000261404.291138
70000154319.146667
70000378543.040085
70000031724.816193
70000568650.740189
70000193623.818527
70000389187.160812
70000370895.185715
70000351148.761322
70000942243.035904
70000534341.333313
70000048604.184174
70000061848.840454
70000108665.127747
70000182880.066391
70000519371.501862
70000450114.795914
70000114109.331680
70000362780.183380
70000711826.990112
70000876331.873886
70000333528.948334
70000091497.316330
70000826926.570404
70000561879.562012
70000745127.468903
70000342706.650879
70000797271.684967
70000637022.080322
70000995884.783768
70000701150.133453
70000002268.528992
70000883830.474609
70000359138.856079
70000987625.741089
70000173260.608292
70000834798.920181
70000823731.656754
70000155689.139420
70000286131.939743
70000108529.710587
70000001563.726654
70000437608.067139
70000689108.844254
70000408231.241669
70000118751.499237
70000888128.306717
70000841678.743439
70000825187.799957
70000650677.682678
70000499050.095703
70000198062.000824
70000662934.371338
70000757587.465622
70000593743.942017
70000360926.090103
70000673809.279892
70000260316.420731
70000248242.579773
70000129043.204453
70000492762.914230
70000080409.470840
1.000000
70000549389.217514
70000960851.147720
70000443336.937317
70000987918.194824
70000569255.169708
1.000000
70000531595.129242
70000766242.779327
70000791771.095993
70000750043.794815
70000228222.703766
70000847637.383163
70000817659.871460
1.000000
70000330742.680893
70000279778.349991
70000570839.873337
70000900348.063461
70000066708.775665
70000300026.273407
70000883211.519775
70000250760.232101
70000144497.508942
70000818709.886154
70000832987.474945
70000070396.005890
70000749676.405487
70000572222.828812
70000488012.758362
70000203186.472824
70000027994.817169
70000264153.132675
70000070235.894348
70000954000.916748
70000672206.630630
1.000000
70000081746.164276
70000530139.447769
70000470059.956482
70000414898.174316
70000187376.845764
1.000000
0.33
 0 0 0 0 0 0 0 0 0 0 0 0 0
