1 401
70000954810.201279
70000839702.571442
70000869825.638458
70000231552.268967
70000735720.153824
70000925156.839737
1.000000
70000307429.155029
70000177968.607605
1.000000
70000166578.275284
70000449906.811539
70000874623.344162
70000988209.502426
70000996902.307510
70000898654.930603
70000588804.308212
70000394397.512604
70000351630.207321
70000271956.874695
70000079504.717224
70000922933.683670
70000721179.576675
70000288228.935989
70000112688.810593
70000781007.322632
70000701334.652115
70000357978.809402
70000255768.709946
70000424368.869888
70000827900.982468
70000174875.389526
70000257166.619141
70000669034.927902
70000651753.472885
70000893487.618896
70000066040.836075
70000469648.159256
70000377187.438797
70000342854.686676
70000213274.535324
70000024130.352478
70000097235.000000
70000691668.365356
70000954176.574173
70000897505.036240
70000061503.022781
70000538592.705200
70000178520.619705
70000263113.171951
70000232047.984009
70000432563.158951
70000418206.947037
70000985271.007401
70000547923.719482
70000222917.756500
70000474631.027298
70000015620.503860
70000079080.475647
70000222841.899353
1.000000
70000271823.413544
70000869194.266983
70000495126.697922
1.000000
70000482020.148209
70000598115.400406
70000388384.573730
70000122719.134094
70000815751.059128
70000678047.555786
70000665954.460815
70000498672.046692
70000145553.395142
70000277784.428345
70000404871.444962
70000396020.095734
70000151052.260498
70000597985.954361
1.000000
70000482061.036850
70000542006.508148
70000486493.145981
70000477953.934174
70000076389.227463
70000271756.038528
1.000000
70000966947.167023
70000029105.066971
70000650895.852005
70000983925.782166
70000839142.729828
70000185923.102066
70000693745.842209
70000935829.228867
70000768532.067215
70000865868.118759
70000998394.326126
70000648565.751556
70000298914.745453
70000723528.422333
70000438940.102539
70000285560.541214
70000756822.186646
70000360231.939011
70000862228.420013
70000830316.688614
70000441742.060379
70000645807.562317
70000987768.887268
70000271840.584717
70000791290.056198
70000458787.956116
70000378716.633453
70000707028.718689
70000135622.404175
70000140197.967514
70000506537.541428
70000181724.897293
70000532941.655945
70000549462.157730
70000115132.248993
70000716311.104126
70000341857.311630
70000216549.314713
70000907012.240707
70000083536.922729
70000190088.639236
70000565902.186981
70000802628.219040
70000640666.422638
70000532169.233337
70000233248.183975
70000540268.133682
70000073496.013168
70000701637.518707
70000229682.237396
70000304454.676971
70000685032.027283
70000181516.034714
70000342100.058044
70000951038.496185
70000171737.722870
70000267831.220932
70000300152.957809
70000898110.864273
70000269934.205307
70000706532.041855
70000062847.419342
70000288016.434387
70000202805.296829
70000033273.121719
70000752211.667114
70000044348.454712
70000193310.791382
70000158484.579117
70000103769.583649
70000857285.628632
70000258825.499268
70000175129.193298
70000997799.225800
70000329349.260101
70000911083.852875
70000806349.553665
70000037814.367538
1.000000
70000667888.224823
70000545347.718811
70000020826.745544
70000616550.482880
70000935115.011002
70000328833.993973
70000615622.666611
70000006952.320038
70000543282.872345
70000394229.496094
70000824256.379852
70000146206.818436
1.000000
70000958310.695221
70000457203.983856
70000602628.666748
70000414657.557785
70000049323.966782
70000568796.671494
70000075686.770630
70000618924.180695
70000229737.500046
70000017617.185364
70000080821.094757
70000660883.025681
70000947209.948029
70000879126.229538
70000088475.579559
70000944843.717026
70000917409.340927
70000100179.999344
70000317557.158813
70000849344.735458
70000701175.477936
70000663194.541779
70000390641.333527
70000811291.889908
70000438908.686768
70000108886.926117
70000821840.829559
1.000000
70000620804.736588
70000149767.775497
70000810554.436432
70000002939.617233
1.000000
70000310929.012985
70000986420.249832
70000729967.113739
70000089549.965515
70000401915.984207
70000738971.532272
70000821841.482208
70000942389.685135
70000101813.281494
70000088569.192307
70000092093.435455
70000734714.725418
70000777593.051956
70000109226.828262
70000971188.098557
70000817852.621994
70000680944.630371
1.000000
70000976486.704727
70000133408.374252
70000827044.002594
70000368951.783157
70000029773.560944
70000630477.360458
70000588039.366516
70000291063.483276
70000022240.756775
70000582588.774323
70000331015.442001
70000044962.727859
70000637621.368118
1.000000
70000527882.326126
1.000000
1.000000
70000607805.129135
70000549725.832687
70000037262.199097
70000568876.929916
70000797687.751282
70000206688.067230
70000687543.597519
70000191578.694168
70000921754.180222
1.000000
70000535274.183960
70000770946.239807
70000384013.732071
70000398742.941010
70000197043.924652
70000480126.571533
70000374057.554916
70000071915.811478
70000391036.088959
70000642866.714813
70000288080.450089
70000774438.193130
70000864021.652100
70000000490.574921
70000469521.192398
70000392599.567108
70000354484.397659
70000088402.079697
70000095323.769531
70000350437.176819
70000167624.281311
70000082288.454880
70000077004.200867
70000162601.186279
70000291264.267853
70000305221.831848
70000155139.516876
70000129078.982529
70000634791.644119
70000671549.564743
1.000000
70000515620.998398
70000738818.880142
70000262527.481598
70000546617.607803
70000481312.413376
70000362004.036255
70000790794.922363
70000526108.571518
70000366226.645508
70000498932.064346
70000571239.282578
70000747048.806900
70000777163.126633
70000531675.048752
70000376993.667801
70000762630.027451
70000041252.605865
70000625906.331955
70000241415.561523
70000125172.800903
70000547417.329453
70000796023.867981
70000553472.584198
70000108707.896362
1.000000
1.000000
70000118266.945557
70000832863.490173
70000450712.159241
70000441108.662262
70000607607.075150
70000108253.962952
70000357641.224380
70000671918.272888
70000409545.977280
70000532192.798355
70000438617.077911
70000670130.728134
70000936911.545731
70000421476.645004
70000601376.428528
70000851276.136993
70000984165.495667
70000855739.541031
70000086056.939240
70000599405.494034
70000583871.961655
70000029694.765411
70000188749.649307
70000299043.773514
70000890814.963348
70000166366.337997
70000118630.289246
70000167773.042892
70000077699.285217
70000120738.368790
70000593143.954620
70000057382.286346
70000249151.007370
70000437870.008545
70000267108.123001
70000592469.374283
70000134122.691940
70000068250.505295
70000813876.761047
70000949942.551331
70000908926.542267
70000974097.213074
70000339128.282211
1.000000
70000412848.624741
70000235801.205612
70000168326.338684
70000017009.091339
70000088981.569519
70000309735.033386
70000684074.474380
70000069896.140381
70000196976.341385
70000614203.927704
70000901880.377777
70000993584.289505
70000477491.386078
70000709324.566544
70000991711.216995
70000860340.987839
70000612552.928909
70000773194.391434
70000464576.089005
70000712203.402466
70000439039.728333
70000473655.942154
70000051534.222733
70000153644.349335
70000425511.612488
70000401812.297882
70000688126.263168
70000699685.871277
70000966177.837357
70000718224.608932
1.000000
70000644375.835449
70000766211.751999
70000897590.970322
70000282547.582230
70000280053.881683
70000881112.428726
70000107797.842300
70000736664.503815
70000417356.296295
70000092314.383682
70000999794.411438
0.33
 0 0 0 0 0 0 0 0 0 0 0 0 0
