1 401
70000237068.450485
70000763423.032410
70000205474.418304
70000647218.732880
70000495611.034241
70000812825.131210
70000831829.650635
70000466557.624619
70000365101.201706
70000318777.843979
70000231416.297882
70000767162.541672
70000264784.995453
70000165884.835907
70000999025.841858
70000091273.093216
70000381137.466492
70000788258.608780
70000350955.305405
1.000000
70000775941.599274
70000870701.837601
70000228469.786469
70000159767.682251
70000683216.867188
70000582394.713486
70000065222.246506
1.000000
70000114246.621719
70000117376.739105
70000123688.932755
70000648938.072754
70000684980.041855
70000921672.633453
70000743986.950104
70000653502.125122
70000624764.815735
70000544276.896927
70000381258.706635
70000865852.790222
70000067416.464340
70000875593.311813
70000540366.994797
70000711020.659302
70000193408.057098
70000622442.635056
70000776332.042847
70000998537.751541
70000597333.315460
70000371701.502792
70000898502.269699
70000531329.728790
70000185018.978561
1.000000
70000689715.862106
1.000000
70000761544.024399
70000329412.557312
70000402517.323975
70000514468.245148
70000086915.984482
70000840597.162247
70000269859.384048
70000559572.982834
70000931471.299896
70000096738.878235
70000858719.112915
70000041667.535248
70000530853.571136
70000834523.319351
70000890860.485687
70000162378.463821
70000619068.803802
70000458789.544968
70000721833.441559
70000080413.949341
1.000000
70000633382.412735
70000365731.203232
70000138739.321747
70000896958.633270
70000258141.438293
70000224433.885727
70000763800.300003
70000422243.919678
70000709434.988510
70000474863.559982
70000996096.776779
1.000000
70000923200.098953
70000541571.036987
70000129066.567307
70000701884.599289
1.000000
70000845716.200302
1.000000
70000909739.712479
70000174816.531860
70000111199.152786
70000435533.739914
70000447641.215530
70000240917.781601
70000013757.391968
70000167990.364914
70000675096.757477
70000918424.561584
70000190031.579102
70000789031.275833
70000768614.663345
70000063488.131699
70000024287.919632
70000726874.077789
70000931429.406067
70000245910.622055
70000524731.064362
70000401603.630005
70000840462.833252
70000830030.429306
70000858761.700073
70000647312.584152
70000493924.742493
70000761622.942245
70000085203.171265
70000379433.710602
70000981034.445633
70000224841.997086
70000472753.407883
70000455644.259567
70000476605.836273
70000248952.509277
70000588562.021545
70000614857.550262
70000733844.820831
70000455475.339554
70000819594.354385
70000816211.364212
70000423614.375381
70000162223.807022
70000062884.852585
70000589868.875900
70000166709.781021
70000251329.621841
70000297298.757370
70000672687.507629
70000160860.132431
70000518119.692093
70000308107.779861
70000980314.187836
1.000000
70000942097.087585
70000345132.687164
70000607416.260483
70000168713.126114
70000651759.952225
70000216542.507614
70000099366.976349
70000527973.182678
70000689409.972931
70000877944.449509
70000404074.859268
1.000000
70000828425.070099
1.000000
70000104521.741684
1.000000
70000365292.429459
70000293661.980240
70000169024.605103
70000429358.573425
70000260673.992172
70000100865.887634
70000342824.458588
70000643941.469513
70000909126.266571
70000533749.074020
70000755256.424347
70000486035.480255
70000025242.259583
70000018836.223648
70000883611.816223
70000169135.259094
1.000000
70000355691.859467
1.000000
70000071672.436035
70000828384.448624
70000200462.055908
70000351798.849457
70000469689.244949
70000280619.632812
70000168857.835587
70000086038.678558
70000011349.403412
70000056319.503693
70000617158.100967
70000219565.666138
70000583858.719513
70000788861.426666
70000531314.007263
70000745418.957672
70000030594.223663
1.000000
1.000000
1.000000
70000006123.075729
70000343455.982285
70000973235.259247
70000968431.668381
1.000000
70000126957.413788
70000706703.592377
70000118933.897339
70000704029.684814
70000179828.080246
70000054409.683411
70000159787.243515
70000387405.401169
70000239464.964676
70000544962.502075
1.000000
70000221776.476471
70000033554.606232
70000895631.137527
70000382386.219086
70000728936.146912
70000459644.824142
70000079386.433868
70000533876.855515
70000168724.519836
70000338309.404694
70000741305.177490
70000995719.062164
70000868570.784668
70000947683.026062
70000339063.555466
70000689788.634903
70000858629.965973
70000957035.526138
70000325154.237823
70000128153.897141
70000798636.196503
70000557001.772522
70000781409.040451
70000347589.308258
70000390223.186417
70000855616.838531
70000291734.609970
70000192459.049683
70000011196.683273
70000949771.305649
70000665719.420074
70000517177.085892
70000470869.426239
70000372489.409256
70000378107.969467
70000686942.978760
70000051297.420532
70000044286.324905
70000070909.531586
1.000000
70000675964.536911
70000451999.159683
70000734026.697128
70000951551.185089
70000809361.690613
70000782097.720093
1.000000
70000532882.159851
70000184516.362717
70000200788.460571
70000514576.017151
70000748237.317261
70000614485.676743
70000381781.415268
70000607885.094925
70000021264.612747
70000295497.959808
70000419396.814194
70000082264.140656
70000602008.285995
1.000000
70000995608.633316
70000358832.449921
70000538180.577133
70000007621.745926
1.000000
70000259983.049454
70000168744.619843
70000566333.927872
70000218315.051544
70000648963.436920
70000722069.150024
70000703438.447922
70000265375.586853
70000408509.712067
70000909117.135422
70000506492.554718
70000762554.601715
1.000000
70000853676.203644
70000932089.343094
70000514290.526871
70000495562.018021
70000014460.431290
70000382786.099289
70000647001.780914
70000871487.567429
70000834261.770844
70000977748.885834
70000163696.089645
70000119224.904373
70000203531.802597
70000381850.238525
70000792902.659378
70000815006.869705
70000179471.667542
70000838073.878555
1.000000
70000694983.016052
70000599042.716995
70000783466.388504
70000367722.459366
70000289727.960831
1.000000
70000061547.429214
70000724760.554230
70000785061.702408
70000607073.566345
70000924958.742584
70000076938.943909
70000828422.092026
70000468072.908615
70000132003.111847
70000882887.936401
70000512267.760452
70000595399.660324
70000428078.681976
70000107344.270889
70000642048.983704
70000032707.433258
70000073887.081436
70000473693.781494
70000968685.598480
70000134098.637024
70000179175.770996
70000900073.576416
70000981490.814514
70000881918.393326
70000015625.189285
70000823256.011078
70000882758.025604
1.000000
70000645209.389023
70000429908.526306
70000169360.079529
70000343451.287811
70000736343.895874
70000504086.162766
70000318254.283981
70000295908.612747
70000115912.722549
70000864526.436386
70000030795.080582
70000782842.232712
70000759022.683304
70000385385.497437
70000511825.198456
70000908059.426514
70000653375.300613
70000473429.010223
70000570077.162598
70000063912.768387
70000019053.932999
70000055223.863739
70000284991.601273
70000235829.486710
70000368106.131165
70000532443.449997
70000220894.515213
70000488584.453629
70000077433.540741
70000857209.402817
70000952120.235428
70000922893.335510
70000510260.499084
70000608850.323257
70000128634.018585
70000048799.008743
70000872723.252151
70000833344.868210
70000287944.374298
70000206590.761749
70000189040.854462
70000251651.459671
70000686303.853989
70000717867.566742
70000073800.071732
70000864759.154053
70000806116.521667
70000712328.054398
0.33
 0 0 0 0 0 0 0 0 0 0 0 0 0
