1 401
70000457494.654694
70000688542.148071
70000153095.415283
70000730231.892914
70000510578.689590
70000758069.073883
70000620773.636948
70000689561.462845
70000772373.634979
70000607149.414108
70000492691.888016
70000189572.051514
70000122792.905426
70000105298.434280
70000673434.713684
70000360402.089706
70000985245.868347
70000747262.510208
70000038285.541138
70000002640.662857
70000825962.627747
1.000000
1.000000
70000134359.642715
70000791609.314056
70000558419.153214
70000094667.020355
1.000000
70000550019.796738
70000341700.271179
1.000000
70000244868.663635
70000511879.212234
70000394564.535980
70000516739.121964
70000235493.770798
70000172386.185669
70000238294.645645
70000228200.861694
70000670931.662781
70000254840.875610
70000121063.971985
70000079274.502991
70000951796.450119
70000303185.253357
70000404732.060242
70000168194.948318
70000603352.626389
70000535210.459778
70000413657.384003
70000226126.217941
70000469574.080826
70000460508.915482
70000942271.116806
70000490041.509048
70000226831.830902
1.000000
70000380225.733566
70000661404.673065
70000108371.736252
1.000000
70000983932.130661
70000224665.949524
70000729313.177322
70000442213.452179
70000697260.240875
70000436006.516296
70000054747.899979
70000718938.612030
70000110684.652313
70000883391.123047
70000114115.747604
70000635678.136047
70000663954.051193
70000927436.201157
70000225898.077484
70000795000.502396
70000679886.365768
70000257077.099365
70000618900.310120
70000206098.919022
70000476725.566818
70000471527.807770
70000112686.656830
70000773756.937042
70000350120.360291
70000375327.598373
70000477618.565170
70000733825.086960
70000077523.478683
70000848115.240784
70000799281.363586
70000482530.219955
70000257854.937363
70000275645.190826
70000038772.016983
70000169074.565598
70000100259.010559
70000062569.588272
70000243088.971085
70000645865.143524
70000910450.581024
70000414214.707764
1.000000
70000399377.449600
70000013523.337463
70000028422.644943
70000975175.068710
70000881422.254456
70000880426.376144
70000966707.663315
70000600988.274063
70000416983.605652
70000931817.399384
70000627934.236404
70000101244.806412
70000081555.918839
70000299060.634689
70000075395.300415
70000040364.544647
70000696536.437103
70000591365.196869
70000135700.816666
70000335768.684601
70000580409.647034
70000216465.052368
70000231126.225281
70000857294.653488
70000886995.877914
70000479613.370224
70000944608.969681
70000073492.951248
70000968839.737701
70000757507.749924
70000893560.519043
70000361465.239792
70000046089.212677
70000103480.546967
70000667681.008942
70000960832.996765
70000284764.463577
70000985656.372803
70000197477.169250
70000497347.665878
70000589509.544861
70000725356.761230
70000729267.906006
70000569355.374069
70000546153.526428
70000379147.874985
1.000000
70000864558.607651
70000907527.729263
70000052849.616882
70000979675.412491
70000820353.051132
70000080807.044418
70000258013.821503
70000937602.150803
70000767217.530426
70000571445.062836
70000010180.549255
70000708805.261505
70000193037.552170
70000447796.379395
70000459030.806976
70000424822.160828
70000671937.631210
70000097617.951202
70000613541.701538
70000601224.244858
70000152422.499344
1.000000
70000697054.236771
70000511208.554764
70000374610.063797
1.000000
70000566407.582306
70000415913.572311
1.000000
70000034840.109268
70000052158.013916
70000538279.869568
70000056861.434647
70000439051.720947
70000608593.442307
70000263352.890350
70000469581.331192
70000373507.278793
1.000000
70000985915.369476
70000892059.692993
70000358288.342239
70000850141.983627
70000619970.403030
70000238539.671890
70000429348.586746
1.000000
70000821596.583527
70000660995.130127
70000470049.963104
70000175024.264053
70000075387.719620
70000867174.292572
70000369302.550064
70000722363.126877
1.000000
70000106780.412415
70000251090.268204
70000435514.597321
70000010200.732712
70000333878.438141
70000867433.090454
70000504062.501755
70000354526.439941
70000101977.433212
70000103870.605591
70000446504.952209
70000401985.645493
70000804404.282013
70000599744.848465
70000530731.306290
70000279333.712906
70000934751.633698
70000619200.113068
70000441946.214752
70000878184.130112
70000894179.969650
70000231414.914474
70000547768.481735
70000856596.305862
70000794712.834198
70000577958.324799
70000156949.109070
70000868101.311844
70000414865.004318
70000708481.231689
70000173528.638611
70000704686.070389
70000252024.295044
70000928312.811584
70000656496.901108
1.000000
70000575690.894974
70000382973.910568
70000376642.632050
70000575800.980576
70000124328.549133
70000181656.860687
70000209730.238083
70000395545.977539
70000867332.402985
70000834390.996445
70000432517.727051
1.000000
70000783285.652710
70000056255.169693
70000304672.655930
70000171368.069336
70000222217.013718
70000898851.114471
70000678092.169022
70000087578.319824
70000096191.310455
70000356320.429291
70000626087.325241
70000728163.690231
70000992283.791763
70000416780.185104
70000637275.235046
70000574020.200912
70000132915.800110
70000764260.493591
70000974433.068909
70000548274.926651
70000799857.923630
70000317334.214340
70000264947.514160
1.000000
70000564865.699081
70000445941.351654
70000245084.079697
70000329293.342651
70000297784.370819
70000120108.082413
70000370178.278809
70000210142.661530
70000077761.898407
70000553190.023575
70000708746.274597
70000354392.347733
70000012120.741287
70000640611.119034
70000470815.114471
70000777153.346542
70000918434.316299
70000944195.378937
70000833551.657608
70000102781.118866
70000461299.330444
70000990393.323761
70000794360.478333
70000971425.912384
70000596595.912155
70000237132.744095
70000516990.875198
70000406043.348572
70000366934.326904
70000396193.575867
70000125329.021347
70000468950.372910
70000455675.207230
70000733872.538895
70000191382.306717
70000002326.019867
70000107229.439545
70000378531.207245
70000047809.145020
70000655317.616745
70000141187.484543
70000247514.676407
1.000000
70000458552.883560
70000185839.779190
70000561690.122925
70000400165.502289
70000763690.650497
70000295981.475189
1.000000
70000071836.884003
70000507953.645081
70000609888.903503
70000580966.811707
70000982718.236496
70000780329.930389
70000088496.101501
70000149289.135742
70000989388.497223
70000336255.706268
70000919788.956787
70000483249.729660
70000029803.926605
70000795290.040985
70000882748.205658
70000589681.686310
70000872661.524216
70000645933.287888
70000524044.512970
70000807660.148041
70000639955.990936
70000717075.512726
70000061333.296875
70000541150.539124
70000992596.904358
70000906211.918655
70000950458.907166
70000613723.144150
1.000000
70000785595.218765
70000965707.156570
70000559613.555710
1.000000
70000537940.740189
1.000000
70000483920.766663
70000951558.509644
70000207294.082458
70000748289.829544
70000834934.171799
70000187821.717896
70000925939.291397
70000782066.627411
70000475855.862000
70000572768.666931
1.000000
70000934546.179504
70000391485.612473
70000284650.851822
70000881559.848053
70000855550.404175
70000535272.975647
70000111220.255966
70000631127.321182
70000425752.465485
1.000000
70000765988.301758
70000941609.658188
70000872999.215988
70000244101.673950
70000526824.494629
70000282233.966125
70000169726.981491
70000729496.514130
70000830858.264511
70000817595.045547
70000486198.633713
70000660245.859451
70000378170.822083
70000907801.659164
70000670960.042252
0.33
 0 0 0 0 0 0 0 0 0 0 0 0 0
