1 401
70000110037.301376
70000986926.503296
70000023842.355545
70000478386.228241
70000425188.771118
70000927308.394928
70000873910.905243
70000153684.171021
70000229883.758820
70000311620.405579
1.000000
70000602566.328354
70000012572.470718
70000768869.266113
70000201947.665985
70000227578.057755
70000406677.394150
70000779439.030289
70000061829.463242
70000919688.924301
70000350640.005997
70000911573.924744
70000699043.708145
70000242820.191895
70000137285.568237
70000438571.371964
70000385772.258209
70000942799.862732
70000678136.036346
70000448714.217392
70000718572.635864
70000030477.216263
70000499187.552567
70000149652.485565
70000095377.861099
1.000000
70000171909.102371
70000604831.412506
70000903820.461014
70000827376.279358
70000967440.439209
70000605532.731232
70000511856.139359
70000893017.503967
70000738124.663376
70000789009.267929
70000270336.035995
70000168481.990585
70000293819.420502
70000998503.035172
70000821961.328354
70000773498.848495
70000468445.778229
70000171427.029800
70000980633.447311
70000079138.509430
70000161185.212982
70000152042.306778
70000889579.520767
1.000000
70000513919.028717
70000647886.286438
70000728358.996765
70000239271.291061
70000818256.093460
70000129677.853958
70000834822.447830
70000459251.016876
70000847379.392059
70000036484.639114
70000690730.982788
70000893611.444046
70000672179.792572
70000866572.859329
70000672765.671371
70000326299.842484
70000625463.548264
70000812575.055847
70000282161.258148
70000316764.142853
70000131792.282806
70000079634.411621
70000169650.568512
1.000000
70000778192.553024
70000032501.252701
70000381670.380783
70000893357.210007
70000915524.590836
70000862944.777618
70000385076.401398
70000655522.888062
70000625836.911896
70000218759.237152
70000263385.953156
70000079189.579025
70000770632.430313
70000536733.434402
1.000000
70000115089.603638
70000244549.061386
70000513989.254944
70000451045.876266
1.000000
70000761258.099457
1.000000
70000778767.218155
70000939896.405350
70000680590.328979
70000076049.139923
70000753610.234406
1.000000
70000250297.870346
70000672887.518204
70000715434.399368
70000251351.917679
70000510487.321503
70000610708.725037
70000539406.081329
1.000000
70000266877.405716
70000591409.988235
70000057562.319519
70000744196.749893
70000789648.350067
70000492688.067154
70000299099.004089
70000406940.514221
70000260512.235580
70000215995.777679
70000828651.292572
70000813739.121643
70000973236.704132
70000056510.364166
70000604377.727295
70000867920.872345
70000208208.653763
70000796969.990707
70000029914.206329
70000726240.230270
70000513333.824783
70000038051.566849
70000581726.380966
70000571806.608307
70000752413.882278
70000211029.519852
70000011448.108459
70000858828.441742
70000372624.766678
70000040980.266220
70000269786.632263
1.000000
70000425190.988556
70000830748.521317
70000538306.788239
70000300426.328308
70000753065.670258
70000301756.464569
70000416550.502975
70000939677.254517
1.000000
70000084114.590469
70000759211.114944
70000116502.901291
1.000000
70000000657.313065
1.000000
70000769671.533615
70000624567.042786
70000903294.658661
70000149623.173935
70000721156.587006
70000093417.303833
70000773705.757477
70000640556.591415
70000761376.457550
70000784190.281937
70000269966.842026
70000050760.783463
70000618112.545654
70000306185.193436
70000734437.574692
70000077853.497681
70000289115.679214
70000498969.451599
70000513459.742584
70000031901.861191
70000782869.253906
70000818677.018356
70000168897.553604
70000194419.351120
70000494727.510696
70000903465.757858
1.000000
70000060109.590378
70000872222.773056
70000987796.376892
70000460362.143143
70000511104.948593
1.000000
70000898901.508957
70000933117.776001
70000023919.138214
70000237929.144058
70000390195.441330
70000263752.243301
70000357743.662949
70000194598.561661
70000056481.853897
70000257611.944504
70000610354.271729
70000145656.282639
70000729573.860764
70000970292.905975
70000823298.586029
1.000000
70000410288.385437
1.000000
70000036927.686874
70000108563.898621
70000400975.348633
70000883485.756638
70000461667.401962
70000480211.001633
70000575517.013184
70000612330.005920
70000316778.605438
70000391556.474350
70000284240.024887
70000413883.381287
70000732434.978104
1.000000
70000146711.750977
70000606227.401169
70000565484.036484
70000990102.888779
70000804480.518951
70000934545.808258
70000784455.957413
70000632843.538834
70000811743.390488
70000204658.695007
70000000061.708908
70000133177.707703
70000060745.590179
70000228627.854523
70000011921.179764
70000777117.415939
70000214643.423508
70000175460.838684
70000164622.258728
70000219844.189651
70000340087.863052
70000913539.614594
70000598812.908264
70000624269.485214
70000231243.770691
70000094961.081482
70000532744.395477
70000981360.027267
70000172973.874359
70000580105.518814
70000143397.356750
70000172826.258789
70000030930.482208
70000506386.539337
70000847241.642700
70000152730.606827
70000038988.614120
70000299232.048935
70000347201.364426
70000256098.734314
70000363715.331558
70000334494.730560
70000342916.312012
70000500013.938599
70000767252.769058
70000212599.941986
70000619562.132324
70000316780.971436
70000417323.774261
70000903835.059021
70000163482.279953
70000522437.524918
70000550471.736359
1.000000
70000708538.651718
70000050638.999863
70000047949.098572
70000397893.843628
70000186044.009506
70000596000.646103
70000862442.468201
70000287952.337982
70000882109.591492
70000039270.229614
70000616577.623032
1.000000
70000638108.424103
70000920578.132248
70000318488.404572
70000544719.417007
70000500352.591934
70000539700.067657
70000332755.758926
70000943311.379837
70000007254.769211
70000462688.164230
70000197723.597656
1.000000
70000452777.093475
70000840530.542480
70000324483.800018
70000334187.404037
70000561903.783600
70000844518.784866
70000461368.989960
70000288190.750870
70000655735.891159
70000371640.407639
70000869252.430511
70000059258.393341
70000110301.764664
70000774899.756622
70000188096.115509
70000861708.997818
1.000000
70000694161.321503
70000117170.529984
70000455212.233124
70000136266.772217
70000575770.959961
70000296017.078979
70000676304.596375
70000248706.996124
70000478868.432281
70000704407.969131
70000413571.028519
70000165785.456284
70000364597.806213
70000905424.483673
70000312498.829391
70000035848.112427
70000158818.715622
1.000000
70000350526.765472
1.000000
1.000000
70000184661.512283
70000306352.042313
70000247659.918365
70000102471.518646
70000498882.074768
70000757285.690170
70000015090.308762
70000929405.489685
70000845121.904800
70000128791.503281
70000861461.658615
70000385498.210434
70000879051.088943
70000869317.442352
70000792114.037125
70000772771.591354
70000404789.241776
70000572880.858292
70000713146.523102
70000887566.507431
1.000000
70000589212.978485
70000723720.093170
70000469068.722687
70000338464.198700
70000113066.451187
70000491303.781631
70000913470.456635
1.000000
70000133578.775284
70000341686.423782
70000049018.756668
70000846255.692322
70000088053.119385
70000912145.495834
70000298893.238998
70000673368.785034
70000829732.942001
70000651703.040329
70000534641.053116
70000209305.369278
70000957951.226044
70000528128.051987
70000281744.431519
70000472534.576324
70000907214.947266
70000502645.184982
1.000000
70000905077.423752
70000762958.068008
70000991932.675186
70000488555.028061
0.33
 0 0 0 0 0 0 0 0 0 0 0 0 0
