1 401
70000080382.987518
70000592389.585617
1.000000
70000257722.439819
70000040572.226913
70000320212.412354
70000969775.722794
70000066562.079346
70000367412.921875
70000254732.392487
70000692352.269653
70000758478.661057
70000235612.546234
70000249475.706696
70000304309.466705
70000363444.994171
70000714047.990662
1.000000
70000009623.456848
70000888918.231812
70000238039.748596
70000691399.566544
70000168880.411636
70000100817.917435
70000234900.545547
70000093580.695068
70000531878.959213
70000759600.785492
70000828412.108139
70000478083.447845
70000916007.339996
70000904206.294998
70000885341.529617
70000047124.356094
70000224185.035110
70000357506.169708
70000764690.185654
70000303650.708878
70000155671.454056
70000290016.504456
70000296261.708145
70000720455.337601
70000555187.128250
70000059544.060867
1.000000
70000116275.844772
70000573726.386032
70000047434.207916
70000793919.677429
70000145572.682205
70000983154.678345
70000078107.970047
1.000000
70000886082.248993
70000342755.881104
70000500563.440491
70000926225.272964
70000616387.759293
70000541628.140396
70000825191.682785
70000640918.815643
70000128549.682251
70000726870.367294
70000846006.340454
70000882048.441147
70000810515.765503
70000904144.687149
1.000000
70000602499.892609
70000232781.418594
70000832414.775726
70000261225.875122
70000754236.652069
70000853014.851089
70000407627.211548
70000285574.612686
70000040247.457092
70000068567.545990
70000331360.383072
70000213606.499329
70000103061.745728
70000578662.356979
70000856039.980087
70000285353.784256
70000974997.822327
70000874773.538406
70000843430.006134
70000811184.272339
70000109788.430954
70000759724.182892
70000624779.413254
70000091267.430054
70000042815.735016
70000413697.622086
70000748037.424057
70000024973.875107
70000372852.876251
70000072754.726257
70000934998.837051
70000338967.747452
70000369292.027924
70000192685.180283
70000914409.477951
70000504221.397018
70000359113.801590
70000445365.043045
70000370056.207611
70000322702.721130
70000512324.551575
1.000000
70000355003.030121
70000681101.499329
70000969473.140640
70000141573.110870
70000789191.229126
70000908648.444901
70000504445.660324
70000658707.760422
70000387939.769577
1.000000
70000545741.973495
1.000000
1.000000
70000383477.842499
70000502792.774765
70000724407.348999
70000362432.812103
70000900774.001617
70000730063.250259
70000542077.437668
70000502200.631317
70000638968.738785
70000065089.192154
70000237190.102081
70000369096.212494
70000448362.063919
1.000000
70000465091.322800
70000335318.368546
70000615430.471268
1.000000
70000844351.796768
70000968784.953583
70000613940.031891
70000531360.508347
70000530123.590729
70000632775.113968
70000762308.905487
1.000000
70000317635.402756
70000325975.712067
70000974888.623688
70000762306.498642
70000991069.518967
70000185852.977829
1.000000
70000336407.090027
70000665127.782257
70000912312.805771
70000369767.799606
70000780374.569229
70000488176.670822
70000219873.793610
70000979539.016495
70000423893.223511
70000342317.761658
70000678774.563736
70000528405.166702
70000192919.388870
70000556846.271088
70000584107.027512
70000476978.646835
70000972949.128342
70000264235.244949
70000238767.660110
70000949240.497421
70000567594.513336
70000382597.477783
70000060667.075241
70000227197.113953
70000166931.418945
70000293320.240967
70000306677.791565
70000452163.370224
70000467750.588943
70000002171.721939
70000450201.505890
70000743209.272827
70000932935.195908
70000563513.420959
70000308571.104767
70000057998.512375
70000991888.636551
70000739840.436859
70000099907.882126
70000619073.126770
70000446153.088394
70000703633.659576
70000785475.396988
70000192721.701218
70000665312.612625
70000445184.960938
70000999601.962784
70000544175.678787
70000117958.772018
70000825900.368988
70000692300.933060
70000815882.342621
70000541288.107910
70000110104.827591
70000254224.940506
70000250432.043274
70000139755.639664
70000379199.922516
70000166279.816620
70000204514.520142
70000927656.316696
70000185189.094742
1.000000
70000298267.295319
70000808130.827560
70000137904.168320
70000463862.240448
70000887478.157227
70000475352.083191
70000538468.063919
70000655353.901489
70000834912.632309
70000527878.019485
70000950924.760864
70000725245.511017
70000847527.247543
70000826872.664047
70000941183.361450
70000966608.444687
70000836438.725189
70000798886.341339
70000132205.591476
70000927095.299438
70000564920.057770
70000922760.407913
70000138602.078720
70000993357.456879
70000804542.685211
70000287732.957855
70000308342.981979
70000576446.650665
1.000000
70000309388.345886
70000460839.657867
70000199804.496964
70000537676.771927
70000765820.008499
70000636159.580734
70000419811.114532
70000375934.142914
70000492140.785507
70000547463.562653
70000915680.689423
70000185181.949478
70000243278.919983
70000833651.287964
70000835266.759064
70000455896.375961
70000674480.617813
70000552188.238098
70000084947.475113
70000239320.931183
70000801361.201767
70000803065.466629
70000933260.027252
70000756281.580627
70000276773.048615
70000950823.174469
1.000000
70000206891.391815
70000397753.111130
70000778940.398941
70000690560.360321
70000792727.482880
70000553698.630234
70000093402.350739
70000991382.094696
70000569418.063782
1.000000
70000487483.372131
70000159119.492966
1.000000
70000311957.127380
70000031137.563141
70000597701.188950
70000689104.073074
70000134551.737747
1.000000
70000594391.217499
70000048975.334198
1.000000
70000635737.043076
70000671405.266663
70000156884.278900
70000751211.743408
70000813952.415451
1.000000
70000020119.655426
70000037179.438736
70000579608.726715
70000953349.182739
70000989956.096573
70000553441.737228
70000935750.950348
70000402771.268616
70000867282.561340
70000320676.597992
70000345520.284607
70000563280.553177
70000385559.121140
1.000000
70000870849.519470
70000196627.793365
70000608261.771362
70000893418.595383
70000562725.950134
70000310014.571136
70000282033.009277
70000226541.057175
70000536311.589417
70000123708.622833
70000578800.763184
70000029423.418793
70000899572.290634
70000292588.504990
70000920763.644608
70000604781.121353
70000352725.849838
70000597546.151108
70000998513.017105
70000577791.660400
70000632185.179596
70000607184.368134
70000829076.180862
70000336929.718384
70000295156.730255
70000238295.321655
70000657129.010956
70000755070.597702
70000974921.951202
70000699176.953964
70000969554.049362
1.000000
70000427737.232376
70000391968.098679
70000018288.824707
70000536444.590576
70000285569.045227
70000799727.035889
70000228061.169189
70000085062.427078
70000782344.272018
70000343661.365036
70000714406.767395
70000951644.285965
70000582851.737137
70000297449.355072
70000659134.443314
70000327000.727463
70000605864.827911
70000940154.950531
70000156186.298904
70000723090.752518
70000011174.750336
70000169317.016388
1.000000
70000584670.758667
70000764921.783844
70000302438.382248
70000958590.529526
70000116268.248642
1.000000
70000738594.416229
70000981762.781845
1.000000
70000760634.372208
70000225465.511703
70000168169.365356
70000483093.754379
70000284052.863434
70000882841.250961
70000080127.189728
70000375762.730286
70000640102.184814
70000711674.267273
70000569491.883987
70000375987.946716
70000832371.122101
70000992504.508408
70000141395.762421
70000116165.030548
70000412986.594849
70000545436.197937
70000873225.752380
0.33
 0 0 0 0 0 0 0 0 0 0 0 0 0
