1 401
70000421478.747803
70000817022.321121
70000388087.208328
70000748365.803009
70000413229.824936
70000035148.058456
1.000000
70000205427.691116
70000940113.032684
70000204841.072342
70000904439.454346
70000400637.544312
70000615523.648193
70000717618.360565
70000284085.900070
70000794599.883698
70000567144.796799
70000265862.187042
70000019895.228058
70000325753.184891
70000387611.748764
1.000000
1.000000
70000385061.619690
70000266893.617111
70000175773.580872
70000940828.188416
70000309380.009583
70000360354.480499
1.000000
70000596109.027130
70000346015.451553
70000821938.158875
1.000000
70000956182.855118
70000491757.961014
70000521405.901093
70000354108.805084
70000904571.581726
70000024510.744049
70000956907.453384
70000936581.091125
70000827002.096268
70000712372.698532
70000604408.220367
70000650251.221588
70000564622.691666
70000326071.292023
70000828804.350601
70000646448.520447
70000789314.948853
70000546033.141617
70000214896.530914
70000097671.593185
70000183044.355942
70000928253.947510
70000458067.415115
70000373891.251251
70000818641.489090
70000714432.075439
70000387383.515213
70000579197.385239
70000793856.775574
70000012855.200226
70000918161.490707
70000490008.061035
70000589098.763565
70000942662.991837
70000985147.325638
70000943286.878067
70000461923.301285
70000634223.660278
70000510217.521103
70000372505.123260
70000374571.730896
70000753360.338165
70000849051.315582
70000051700.683929
70000858939.297394
70000477462.357544
70000835667.593048
1.000000
70000124799.786850
70000581489.869110
70000079082.267517
70000756408.228607
70000282844.800598
1.000000
70000459899.007248
70000101361.774353
70000997971.579651
70000324641.853821
70000372238.609650
70000408834.006882
70000962010.132202
70000120937.355591
70000531964.898575
70000485071.189545
70000328551.632797
70000618302.573349
70000126285.042480
70000133379.977951
70000585811.981018
70000890811.063004
70000854017.790146
70000027673.109695
70000124414.894302
70000712669.146896
70000077600.951324
70000364847.491684
70000149921.866455
70000435478.142212
70000487181.162704
70000040653.063553
70000760441.845459
70000414732.517487
70000256888.423233
70000155808.574356
70000980691.012115
70000750240.093811
70000935753.761230
70000430647.030930
70000549575.333969
70000911347.518692
70000558459.331833
70000260670.722885
70000927865.387817
70000351289.382034
70000081194.631210
70000031042.755661
70000082628.282410
70000700066.906555
70000266609.035416
70000168158.565552
70000260239.345840
70000901850.091446
70000111789.499420
70000051499.724396
70000315279.815948
1.000000
70000124724.870911
70000454571.576477
70000688018.309937
70000809225.426453
70000759964.799911
1.000000
1.000000
70000122448.343857
70000674148.250931
70000389107.127487
1.000000
70000432186.853394
70000109053.399109
70000502247.568222
70000085304.969193
70000934484.423920
70000704300.867645
70000286000.141006
70000949986.219406
70000980710.681519
70000477489.254044
70000820201.188614
70000913872.365692
70000520095.190979
70000000507.049240
70000045006.663513
70000889403.826065
70000641343.707382
70000524451.844849
70000991732.156967
70000467902.370605
70000143463.381104
70000884972.808167
70000485700.780930
70000469224.932419
70000162731.223434
1.000000
70000617540.585922
70000977235.864532
70000991395.018860
70000776894.722916
70000114746.681091
70000321714.801178
70000780597.117584
70000619170.464905
70000295835.243958
70000444096.077225
70000543787.887161
70000259612.957367
70000467977.069092
70000891211.231857
70000841873.786942
1.000000
70000935930.785706
70000922775.836319
70000264434.044769
70000782146.976440
70000816600.434082
70000488886.388321
70000490206.672363
70000299175.854568
70000920260.045273
70000834119.679596
70000128818.159790
70000268147.710419
70000120611.629791
70000113280.027039
70000804773.522705
70000113014.777603
70000000181.220413
70000865560.781906
70000768549.418030
70000636352.382339
70000297588.194061
70000604716.519211
70000311493.596756
70000083724.366226
1.000000
70000421962.198502
70000058193.791519
70000766578.935669
70000253806.204346
70000805763.806595
70000787705.133591
70000832726.354843
70000067126.155365
70000645357.211380
70000478866.298904
70000033520.423843
70000331340.774429
70000181704.590408
70000755693.971848
70000794087.466370
70000277792.745316
70000030742.203705
70000993539.497177
70000080496.933212
70000543173.474762
70000509631.157410
70000802916.984421
70000676071.214584
70000749947.423981
70000251317.069901
70000914512.757095
70000175347.298630
70000738994.782852
70000993821.065613
70000098579.987534
70000127485.445114
70000413368.391464
70000037735.634460
70000377818.928192
70000546708.387772
70000840068.740829
70000665504.830231
70000616315.022903
70000349230.478897
70000518033.235367
70000005281.359528
70000461419.778412
70000619786.825729
70000127188.794937
1.000000
70000643787.239105
70000926532.627731
70000008168.609512
70000789924.716263
70000292774.971359
70000483218.240189
70000958878.261520
70000799564.405304
70000267472.609131
70000336489.956757
70000156177.289352
70000098627.338867
70000282597.552414
70000896616.886490
70000117910.154984
70000867984.402237
70000775506.241104
70000009695.019379
70000328996.354111
70000580835.317413
70000973398.512238
70000937129.481583
70000904849.760330
70000927317.324905
70000228634.931671
70000799841.325439
70000765532.146423
70000890443.121078
70000160479.202530
70000131935.987000
70000172281.965454
70000776377.983139
70000457482.751297
70000432975.284668
70000101311.598236
70000600035.015579
70000306921.972534
70000433682.092300
70000576181.925735
70000856311.268234
70000765495.232376
70000471749.897369
1.000000
70000565027.554108
70000515932.792725
70000914389.470108
70000262917.871918
70000137069.577469
70000906188.245911
70000746873.784912
70000755531.753403
70000862089.760849
70000682824.834122
70000294801.313232
70000528419.340820
70000998178.807510
1.000000
70000282733.625580
70000973021.155609
70000397596.361938
70000708220.951660
70000637674.422913
70000892395.466431
70000563021.504822
70000031501.586899
70000834378.878510
70000754994.323273
70000746241.927856
70000448846.744522
70000638972.518661
70000237806.223083
70000513747.846695
70000225362.674637
70000117318.223434
1.000000
70000029873.143219
70000962052.833862
70000182082.231171
70000231566.174316
70000697739.430679
70000392299.509064
70000376604.859894
70000148393.918930
70000050514.281937
70000659805.481964
70000431244.859009
70000629634.277435
70000138860.616791
70000755102.524445
70000783031.488724
70000303902.460846
70000957700.687408
70000865255.632629
70000721233.572083
70000735394.254044
70000619514.972260
70000069940.874802
70000015228.795090
70000002460.214935
70000759307.185226
70000759174.117798
70000150760.133240
1.000000
70000808011.637238
70000818952.727631
70000764660.601776
70000562884.632919
70000259890.428360
70000560423.763138
70000861784.674988
70000262464.211899
70000711428.649597
70000635791.078262
70000783934.143997
70000652898.590027
70000663569.682693
70000718778.561523
70000854728.638245
70000365095.904205
70000605935.132874
70000790384.904648
1.000000
1.000000
1.000000
70000171593.193619
70000036227.747742
70000287881.294754
70000043640.328262
70000148526.542831
70000574001.353088
70000684712.755447
70000835024.025223
70000834425.626205
70000810971.036453
70000463175.984756
70000502645.058502
70000017602.791809
0.33
 0 0 0 0 0 0 0 0 0 0 0 0 0
