1 401
70000226784.663208
70000194046.697800
70000950438.369995
70000034372.071518
70000477362.443207
70000639257.766739
70000408463.871475
70000395719.669769
70000394052.493271
70000042121.411942
70000797132.080368
70000538462.070343
70000284991.307220
70000079886.960159
70000820563.473465
70000830729.267670
70000072526.438034
70000963410.493576
1.000000
70000759888.163315
70000735171.087753
70000328362.988205
70000142846.383514
70000074922.858002
70000212872.889374
70000854627.557129
70000635101.473755
70000286561.288376
70000234162.862747
70000379040.952530
70000955243.187210
1.000000
70000811659.918167
70000520967.716583
70000102707.562836
70000177192.126434
70000360835.657089
70000947200.315018
70000658956.039627
70000822265.080307
70000669995.762085
70000491053.160217
1.000000
70000976608.239685
70000689690.487885
70000102172.350082
1.000000
70000398853.370743
70000851126.448944
1.000000
70000871777.838013
70000856693.975693
70000690981.122269
70000337307.515381
70000288947.882095
70000871996.301376
70000768975.739182
70000789488.141571
70000911168.864914
70000235108.540756
70000475946.141876
70000922654.880997
70000218047.711441
70000205474.075073
70000661945.109711
70000947768.408463
70000169571.688309
70000797588.544022
70000836355.379532
70000423892.260101
70000129052.125061
1.000000
70000043904.829559
70000428552.621063
1.000000
70000365178.913483
70000727676.109009
70000037601.625870
70000438400.128510
70000221445.449921
70000028797.267563
70000315165.951859
70000312652.429398
70000618215.623917
70000648873.838898
1.000000
1.000000
70000530621.585312
70000715173.550034
70000219680.545868
70000418365.855972
70000575120.778107
70000487681.711304
70000586657.015213
70000285736.123215
70000409369.022110
1.000000
70000122421.475586
70000528110.993607
70000816335.056290
70000056707.761978
70000521084.461914
70000100817.787216
70000530911.523193
70000898589.752182
70000618593.946121
70000298872.568146
70000686892.868576
70000030675.572769
70000077716.616638
70000717442.148834
70000861655.516235
70000465787.765823
70000468204.524292
70000961058.926651
70000258120.422897
70000263982.120346
70000069650.580994
70000129166.915146
70000410678.905746
70000117725.434052
70000936517.457077
70000700598.321106
70000861678.872940
70000546164.631134
70000791801.210419
70000236131.549759
1.000000
70000061689.111435
70000651622.748199
70000578635.951721
70000045538.431870
70000243921.825012
70000692017.265076
70000369083.213058
70000962559.527344
70000818005.954666
70000511392.563629
70000174636.270142
70000641086.551010
70000230873.095840
70000309936.149109
1.000000
70000427621.873596
70000491693.532928
70000991127.755508
70000594162.347504
70000566797.062119
70000253054.125214
70000207899.794052
1.000000
70000978516.941330
70000460039.890640
70000159823.564743
70000766802.433716
70000642849.692520
70000510095.391129
70000495573.870087
70000605799.559311
70000447643.616470
70000680489.938980
70000699333.844223
70000397763.844193
1.000000
70000060000.507065
70000033247.065094
70000301843.957825
70000356424.092545
70000456950.302658
70000127358.876495
70000870189.711456
70000067339.355698
70000297699.799026
70000352809.872803
70000239956.258911
70000801647.419128
70000352138.673431
1.000000
70000323574.690918
70000684867.446945
70000254077.289169
70000141894.921371
70000285006.147278
70000496247.123993
70000931578.979111
70000380655.162888
70000799563.336624
70000174828.400909
70000487171.756973
70000851706.333282
70000489679.254730
70000288337.583389
1.000000
70000050268.130478
70000086147.213287
70000871448.852219
70000041792.369263
70000155139.063919
70000321925.820511
70000349517.344528
70000141548.447479
70000651159.820541
70000413671.289825
70000268848.951874
70000844399.487808
70000035424.523224
70000857156.071671
70000037778.179153
70000390559.405792
70000464590.961044
70000316702.587051
70000415186.528290
70000576369.352509
70000041084.012558
70000045454.984482
70000430158.428848
70000904202.097031
70000149700.954437
70000815079.956604
70000248895.853348
70000672330.095383
70000642106.276474
70000121467.428314
1.000000
70000557565.485031
70000490421.428391
70000623378.461670
70000941894.418381
70000443947.397797
1.000000
70000989048.729416
70000857495.399963
70000353737.079544
70000743150.805359
70000456487.573807
70000256325.127121
70000132024.875198
70000326531.391617
70000502983.900009
70000310373.966171
70000447242.901932
70000506325.188416
70000048899.905975
70000895758.671768
70000351670.094696
70000961351.169296
70000212896.333389
70000010650.278976
70000131138.381805
70000806740.990646
70000894634.560394
70000267321.542450
70000952732.623062
70000457838.400681
70000657249.880661
70000197531.807632
70000485838.804871
70000244356.683258
70000048652.866119
70000997118.322906
70000946473.527328
70000526300.167877
70000771186.256073
70000018435.747681
70000195607.285309
70000451499.722412
70000851858.957825
70000876742.063278
70000703200.215973
70000091842.911133
70000869360.231735
70000475232.779556
70000682325.732117
70000755632.333542
70000432215.856964
70000506704.640778
1.000000
70000476794.518082
70000528097.161224
70000062032.053391
70000894303.327774
70000270522.707489
1.000000
70000608821.905975
70000969769.318924
70000758134.169861
70000527964.742401
70000891493.901138
70000398037.378281
70000899483.611984
70000488890.057114
70000443687.037842
1.000000
70000369866.549576
70000419072.585617
70000054352.633377
70000762941.437698
70000798614.870529
70000029721.720337
1.000000
70000029574.954529
70000620035.398117
70000106682.247070
70000471523.646652
70000257224.265671
70000638300.479782
1.000000
70000442873.631699
70000459758.972778
70000975680.707428
70000362845.067291
70000307205.306778
70000382724.416367
70000826618.444061
70000976644.590729
70000664612.904114
70000543651.332611
70000738269.768631
70000106543.550812
70000712151.144653
70000538949.374802
70000126468.005661
70000206530.797501
70000226413.551498
70000381286.439163
70000721218.281708
70000203261.824768
1.000000
70000716237.374878
70000201392.471375
70000437506.442108
70000998894.748657
70000024815.327194
70000908141.735672
70000537220.071075
70000886315.597198
1.000000
70000703460.489655
70000734658.525604
70000949695.645508
70000501920.667557
70000655632.511551
70000888453.627075
70000619456.726288
70000136586.236801
70000061921.257248
70000227850.581329
1.000000
70000500053.364532
70000950443.652191
70000801680.491806
70000444297.640717
70000981457.312042
70000439841.181610
70000659629.053101
70000924721.026291
70000898336.529099
70000758968.964020
70000843010.723373
70000564664.247375
70000763971.503815
70000212374.593796
70000819610.001160
70000373780.793625
70000708808.697586
70000119529.872787
70000932046.765945
70000340757.291397
70000391306.048508
70000071348.867722
70000712205.472595
70000188953.429153
70000152643.748611
70000540424.677109
70000989846.346893
70000400147.379990
70000380345.859955
70000146021.679321
70000023052.904755
70000621881.364227
70000399136.958801
70000842230.168884
70000246210.105286
1.000000
70000599229.185654
70000051307.858246
70000158413.814804
70000286623.059158
70000476298.045746
70000690431.860657
70000305172.660095
70000809358.703033
70000448167.722672
1.000000
1.000000
70000111158.876770
70000669800.015549
70000619001.812195
70000296616.400269
70000376397.950897
0.33
 0 0 0 0 0 0 0 0 0 0 0 0 0
