1 401
70000821529.680038
70000903630.893890
70000667017.223114
70000414311.844849
70000299175.817245
70000998428.952240
70000615243.418793
70000420858.522964
1.000000
70000801407.371979
70000322512.922119
70000367837.346359
70000962402.363266
70000656084.016098
70000435880.337097
70000893063.790771
70000141873.494995
70000861039.364136
70000723545.600143
70000167925.989212
70000526340.829346
70000394261.047409
70000929144.135788
70000465640.701401
70000270136.459030
70000956640.374725
1.000000
1.000000
70000546505.654541
1.000000
70000290657.336258
70000619001.727417
70000853102.536316
70000045501.129013
1.000000
70000639038.193649
1.000000
70000534518.238358
70000648941.935562
70000398447.257645
70000124588.862762
70000097381.678604
70000616030.240082
70000488720.265182
70000310861.395020
70000925686.491653
70000504421.101654
70000131365.440750
70000929345.504898
70000815374.288513
70000659305.863510
1.000000
70000329421.523209
70000051856.224457
70000722431.494095
70000002184.570145
70000030105.152817
70000122950.155136
70000297656.368637
70000251976.680374
70000991542.496353
70000088240.557129
70000835002.948166
1.000000
1.000000
70000189325.096252
70000078595.089813
70000480513.410690
70000665868.842636
70000086246.586807
70000952801.931671
70000432801.231873
70000368334.317810
70000487914.979507
70000164014.264847
70000423978.000549
70000092039.579666
1.000000
70000548447.447662
70000381905.171585
70000850270.660660
70000172250.257675
70000767870.603973
70000773836.966019
70000668250.079086
70000853736.204132
70000595898.972092
70000099754.354568
70000964352.208649
70000312286.693863
70000764380.067383
70000764843.744995
70000327433.051620
70000525433.117722
70000172379.192657
70000734481.745224
70000888441.504913
70000175903.390854
70000684743.510605
70000023668.845383
70000570091.041260
70000905923.078110
70000058246.550613
70000413753.576996
70000788458.017410
70000473524.285706
70000488599.529694
70000883814.628738
70000326093.746597
70000536699.069199
70000860026.483047
70000157919.914490
1.000000
70000148554.455627
70000286676.601913
70000648345.387329
70000713781.619675
70000790635.774292
1.000000
70000388961.865112
70000614618.404266
70000756236.660751
70000824892.902679
70000058870.102859
70000655289.577652
70000689748.345261
70000553006.299164
70000825581.636627
70000313190.469543
70000730641.924667
70000892305.465256
70000774247.112137
70000122198.666672
70000217945.518448
70000902876.950317
70000570942.418808
70000070043.741104
70000762303.521210
70000661712.451981
70000848529.686600
70000098923.296982
70000894376.886169
70000195197.339035
70000510557.313690
70000448349.558914
70000859657.418747
70000001884.285248
70000609689.982574
70000899633.761765
70000117682.458221
70000186385.847214
70000146099.871567
70000347359.344086
70000874327.095459
70000169495.517975
70000541154.034378
70000418237.281830
70000029057.455368
70000142947.305420
70000052858.832855
70000472127.819168
1.000000
70000413074.529846
70000324999.104721
1.000000
70000698768.827225
70000615307.181290
70000581345.084152
70000800784.160034
70000353183.834763
70000059522.641998
70000574275.719498
70000338122.817169
70000878924.959747
1.000000
70000907460.638367
70000936042.291092
70000048672.807770
70000154417.278214
70000111288.801865
70000813238.340485
70000899183.872635
70000812380.053635
70000368761.250397
70000961144.141541
70000164587.914032
1.000000
70000917075.391632
70000249446.466400
70000614646.415787
70000403812.523026
70000639051.993103
1.000000
70000690239.940598
70000041782.078110
70000076083.645508
70000889804.540176
70000240833.401031
70000422743.038757
70000020642.175415
70000234004.997665
70000113880.803421
70000704791.596924
70000295109.234924
70000302853.691727
70000605478.187500
70000923733.762268
70000614680.741760
70000580655.615189
70000992261.304535
70000560836.567200
70000836331.074265
70000070171.072144
70000830373.444077
70000125536.683945
70000371632.433685
70000096072.717957
70000663620.386063
70000234767.947876
70000049508.979492
70000277629.336273
70000305094.914688
70000058523.661865
70000101239.767441
70000201053.663834
70000353513.249710
70000126056.720398
70000560134.433777
70000588674.819427
70000842601.449600
70000645594.297424
70000692368.352783
70000809988.974365
70000213141.705872
70000651046.357239
70000711835.699356
70000963797.325821
70000809635.479111
70000742977.862350
70000100258.921783
70000985769.699020
70000187094.435883
70000069688.837494
70000966686.674973
70000803882.095963
70000954957.206619
70000244397.353882
70000301480.331619
70000007246.079575
70000526145.880249
70000034007.163452
70000390409.440369
70000612243.897278
70000998480.369156
70000549151.751434
70000117488.880280
70000163983.206131
70000725549.983856
70000358883.785248
70000272685.461380
70000927276.469421
70000236572.257416
70000117976.383636
70000905512.629578
70000988427.828415
70000187579.205124
70000791613.399460
70000577040.819626
70000045948.376068
1.000000
70000568283.816193
70000216552.423859
70000763931.185638
70000718153.449890
70000583685.573135
70000561931.173584
70000176126.129883
1.000000
70000586655.114807
70000380404.879486
70000666425.205154
70000582161.655807
70000628791.802002
70000114200.131271
70000083180.458618
70000745586.417587
70000462140.791275
70000091591.028625
70000014861.018524
70000219995.107391
70000863240.776840
70000852241.465134
70000649419.434326
70000210259.706131
70000046023.848892
70000668736.804260
70000551140.534317
70000983973.018906
70000065738.094101
70000157037.365952
70000052496.700882
70000466167.744232
70000889310.598572
70000755827.059998
70000330503.258209
70000212301.462067
70000950259.271851
70000698532.900589
70000509884.765366
70000632659.445450
70000074537.890335
70000348248.463150
70000778368.590927
70000343015.287628
1.000000
70000703904.670013
70000439002.556824
70000915103.470383
70000065707.853775
70000296004.898254
70000017192.053131
70000056342.832687
1.000000
70000634732.841263
70000498852.495453
70000084526.960785
70000751925.568146
70000873738.008331
70000548716.911179
70000233772.921997
1.000000
70000741211.993027
70000376074.049652
70000080773.667542
1.000000
70000841279.949844
70000783872.893066
70000900144.698441
70000052549.353378
70000238036.190109
70000967414.946747
70000525210.964752
70000969813.539871
70000014837.420837
70000626446.835907
70000404332.590225
70000909895.023087
70000962955.886292
70000083683.303665
70000207098.714935
70000181854.645050
70000240772.282104
70000021389.434799
70000561868.341156
70000531778.147568
70000138930.837341
70000605072.020142
70000721766.647003
70000666219.677216
70000130620.558075
70000672287.241196
1.000000
70000442182.824219
70000593437.968277
70000798836.479843
70000270827.262192
70000873300.804443
70000478443.196243
70000068032.317612
70000506075.665359
70000782582.359421
70000505255.080368
70000356154.324310
70000102308.556503
70000752657.020172
70000933251.792450
70000516979.741623
70000340576.774323
70000407144.290176
70000590232.969376
1.000000
70000526647.626572
70000191492.281906
70000781821.283554
70000548403.009644
70000961015.162689
70000105303.073456
1.000000
70000374597.719894
70000372701.285446
70000927072.002243
70000129786.729584
70000691564.711487
70000867091.441193
70000146691.843704
70000647896.314117
70000126928.816574
70000940025.849106
70000725912.983047
70000123627.356415
0.33
 0 0 0 0 0 0 0 0 0 0 0 0 0
