1 401
70000148397.545181
70000325173.203583
70000964847.486694
70000666802.250626
70000438842.930923
1.000000
70000860058.313828
70000667261.769730
70000660907.075897
1.000000
70000856041.174240
70000326377.695969
70000478524.129044
70000315572.811615
70000920755.149643
70000217096.460678
70000844026.414352
70000228914.739746
70000058900.383041
70000571597.102325
70000675994.167542
70000297204.198059
70000796423.288544
70000363217.279541
70000012541.609360
70000701964.827332
70000764122.155548
70000178153.996536
70000591695.345917
70000218439.767883
70000361870.675934
70000102727.487183
70000598913.142151
70000276746.246414
70000850227.387436
70000575796.876373
70000317538.563248
70000434831.997147
1.000000
70000818634.634064
70000924266.404587
1.000000
70000658248.820099
70000590898.997009
70000247179.935440
70000248639.377380
70000268502.911240
70000793898.404144
70000327510.276398
70000031455.038834
70000897143.215454
70000916993.593506
70000234450.755157
70000957620.156097
70000974280.607529
1.000000
70000182912.118500
70000307404.523956
1.000000
70000140157.827850
70000290836.322815
70000613816.599609
70000491452.483414
70000757612.681168
70000796393.204651
70000314405.658157
1.000000
70000571728.512543
70000660936.287109
70000415661.068024
70000513168.579010
70000789070.058334
70000827038.647797
70000691658.878937
70000673813.079575
70000723120.143997
70000470321.949387
70000670544.648041
70000176820.980484
70000514716.520218
70000172761.376465
70000592616.868607
70000595437.306503
70000683517.769394
70000125740.704193
70000076311.047318
70000503533.409119
70000689488.545074
70000756935.251389
70000043696.711578
70000176229.728775
70000802716.400436
70000445753.793854
70000999297.759735
70000720918.437576
70000674280.226654
70000422872.547760
70000205631.686569
70000699694.993149
1.000000
70000608520.746033
1.000000
70000894754.999603
70000174045.066544
70000777545.574310
70000060395.477417
70000074253.461655
70000313225.120926
70000046899.170578
70000085824.904251
70000324732.871368
70000086751.070145
70000324380.215958
1.000000
70000177643.643280
70000064279.464462
70000539885.515198
70000660823.651199
70000251299.496414
70000623552.258087
70000900806.940506
70000512672.198975
70000989098.841599
70000800783.442398
70000129158.134827
70000829676.947159
70000526527.832428
70000998377.112015
70000843089.793533
70000959172.959686
70000045991.671234
70000030075.879578
70000981595.475098
70000280075.723373
70000027805.263000
70000208185.458282
70000795446.950485
70000460991.782700
70000238168.513184
70000545188.875916
70000421052.894989
70000022409.873672
70000147853.761292
70000088925.784271
70000164594.162872
70000793168.747849
70000343278.260025
70000511595.867920
70000658368.021286
70000136225.133545
70000537727.953064
70000275984.995483
70000033667.836288
70000488276.772415
70000796178.468399
70000984666.891571
70000699414.478653
70000172909.008835
70000492892.707901
1.000000
70000564726.682007
1.000000
70000036304.999710
70000812927.883606
70000054335.539185
70000051735.870834
70000981563.629257
70000744892.095413
70000632657.494934
70000620749.457718
70000686847.149597
70000045579.270355
1.000000
70000718972.457489
70000826549.260315
1.000000
70000078329.907608
70000166183.513565
70000473817.030945
70000250439.571243
70000087464.776199
70000219503.395355
70000842094.984146
70000721513.584015
70000193050.360504
70000832935.733810
70000936532.135910
70000706226.172470
70000088435.428223
70000626554.551727
70000918210.588150
70000204870.637024
70000663020.588348
70000316195.455063
1.000000
70000953132.599014
70000583468.130005
70000932592.360031
70000041408.802460
70000246080.327881
70000633311.473511
70000085710.307739
70000001964.690582
70000745357.624954
70000371594.707550
1.000000
70000496250.642776
70000500103.308426
70000883559.260590
70000422990.458633
70000230913.216431
70000593731.044540
70000273600.031891
1.000000
70000625487.145828
70000966466.104660
70000055789.744659
70000042354.328522
70000198572.967697
70000740185.939713
70000778454.252258
70000112945.247726
1.000000
70000936108.421158
70000789537.934158
70000357155.702530
70000083891.065491
70000153751.973251
70000795651.319336
70000270799.891541
70000802406.780502
70000971443.947250
70000451442.057007
70000039675.530502
70000457163.687988
70000524779.629135
70000695974.323334
1.000000
70000548506.175446
70000430584.111191
70000643705.327499
70000865597.891693
70000254160.563644
70000851675.384003
70000932602.952286
70000337416.533798
70000260286.758575
70000718706.485931
70000830015.692169
70000690914.750320
70000927067.006500
1.000000
70000666814.964081
70000182698.071106
70000069215.654495
70000838357.711136
70000323304.133987
70000127945.609390
70000720167.844147
70000139736.298828
70000762068.768967
70000088035.513962
70000167915.922592
70000607456.494003
70000926921.226288
70000111729.760559
70000318969.668808
70000332957.692322
70000212416.842194
70000850771.263763
70000568639.357513
1.000000
70000143504.541519
70000528114.415756
1.000000
1.000000
70000102990.205109
70000208266.848541
70000131487.217407
70000451334.111328
1.000000
70000138073.426926
70000521515.597824
70000863371.913467
70000373573.863998
70000980215.697586
70000168145.092758
70000067503.672913
70000556606.384277
70000918385.126358
70000104374.692154
70000948486.112885
70000569113.392197
70000196056.956131
70000940801.781006
70000996923.611038
70000954226.974365
70000270226.991058
70000382905.692215
70000399915.286407
70000414194.394073
70000412526.747864
70000105128.788193
70000660378.468979
70000122746.709625
70000104269.171738
70000628436.602676
70000986930.447372
70000793967.048340
70000349206.482895
70000170618.332062
70000575900.854156
70000114876.246613
70000811636.258224
70000386920.622025
70000037345.890167
70000695109.086624
70000879113.190201
70000988581.895737
70000563640.119690
70000868955.586044
70000179540.534042
70000583226.748520
70000209128.344620
70000382770.297531
70000157047.934082
70000030016.586777
70000344316.626587
70000561511.832947
70000525358.956406
70000571286.667252
70000809713.142883
70000158703.387833
70000696624.983459
70000531684.687057
1.000000
70000652456.079041
70000671377.525116
70000703971.508026
70000638906.466049
70000296966.468781
70000993968.022751
1.000000
70000652660.547943
70000922836.697510
70000297977.484375
70000979884.253448
70000991375.122925
70000399148.330902
70000065606.700958
70000340544.050903
70000622966.855591
70000901912.225861
70000122370.162628
70000900011.373703
1.000000
70000369845.699326
1.000000
70000062594.342117
70000481973.787735
70000433871.143158
70000879449.715897
70000174364.680313
70000209656.495041
70000324205.514542
70000116927.397446
70000921595.837234
70000487813.006668
70000506603.567108
70000395080.185257
70000483751.238129
70000448384.470062
70000198898.095520
70000232918.053040
70000704409.152603
70000863336.139908
70000030901.843430
1.000000
70000480458.292175
70000008590.397308
70000235045.746063
70000892705.078735
70000580078.295319
70000169092.241592
70000630891.686234
70000498418.269455
1.000000
70000443070.376663
70000782925.331879
70000204422.103195
70000184816.377701
70000138999.692673
70000761739.910522
70000937872.068420
70000157933.012100
70000659121.297592
70000934467.927933
70000932402.164474
70000805201.035309
70000928439.789505
0.33
 0 0 0 0 0 0 0 0 0 0 0 0 0
