1 401
70000800392.436859
70000382285.800140
70000768827.740097
70000522057.053253
70000656383.199326
70000581192.288406
70000350759.068283
70000126426.763489
70000566746.586060
70000366640.175217
70000781272.052063
70000478440.378296
70000724353.988510
70000627488.688660
70000713039.061905
70000611713.873306
70000403345.958313
70000276638.456451
70000925109.184219
70000516575.587219
70000058131.931641
70000824352.931778
70000331055.197586
70000693309.298309
70000497190.712936
70000799041.204834
70000261789.531082
70000247383.783798
70000497544.665466
70000474425.836639
70000864740.320175
70000241124.392471
70000790363.856339
70000686040.834900
70000101780.071075
70000884773.779694
1.000000
70000858906.964478
70000011653.648590
70000866203.714462
70000689330.497711
70000093218.904327
70000602151.691681
70000514958.179321
70000122237.870834
1.000000
70000449234.524200
70000940981.755081
70000833006.837372
70000693963.003799
70000489135.097397
70000743130.434036
70000843138.049973
70000810746.097794
70000587086.050156
70000161775.890442
70000824089.593094
70000526205.382919
70000765958.328583
70000953504.612381
70000294483.428970
70000394234.502228
1.000000
70000175178.744736
70000162076.922379
70000222188.964066
70000521394.488312
70000245220.195496
70000119419.688583
70000086940.786179
70000397722.848007
70000381099.553696
70000969761.615387
70000845737.727982
70000502636.747131
70000335804.484360
70000822425.999039
70000440987.215561
70000201173.046768
70000462948.377914
70000527860.265900
70000495227.915329
70000664691.750504
70000601305.612900
70000249325.578125
70000024045.124832
70000089863.821701
70000004967.913864
70000575692.774719
70000225429.623993
70000100865.956970
70000431085.481003
70000845362.184525
70000152081.549850
70000704146.456146
70000187809.711975
70000580630.283722
70000904038.885437
70000558544.819901
70000789062.797028
70000073443.351364
70000571662.864059
70000551180.489594
70000577836.735703
70000922354.609665
70000525844.691681
70000973406.537506
70000751602.648300
1.000000
70000955385.881119
70000385266.394379
70000256340.438980
70000341382.289017
70000694206.576126
70000068190.789093
70000191602.952637
70000020349.637360
70000369400.280243
70000405847.561890
70000458334.969437
70000166406.898376
70000422612.085358
70000718138.083801
70000259018.590637
70000948491.108536
70000623967.107864
70000588698.221970
70000242110.067627
70000468776.045547
70000185965.755753
70000083437.004456
70000676927.605606
70000312628.465530
70000404972.119873
70000505727.325897
70000103421.115433
70000748692.403519
1.000000
70000911173.166855
70000678424.565567
70000974897.318329
70000703907.641541
70000386357.271881
70000828679.687180
70000971082.787079
70000640228.111816
70000524647.505173
70000358696.008194
70000058606.183243
70000808587.775421
70000272613.114517
70000971669.320633
70000421738.420410
70000151641.624451
70000662899.347427
70000260595.593246
70000571729.211349
70000213959.981308
70000907637.447662
70000165935.991364
70000961599.175751
70000166209.364288
70000457586.777344
70000372262.971893
70000996688.835648
70000633458.169662
70000127151.663071
70000695753.854095
70000484273.648254
70000705229.653229
70000306299.529114
70000014142.182083
70000445497.169632
1.000000
70000053998.263962
70000528672.152130
70000265174.159470
70000544304.280640
70000407050.879211
70000694886.892883
70000640451.805634
70000478343.884338
70000181178.497208
70000203733.133286
70000855316.659500
70000047870.521011
70000322867.520355
70000871702.827240
70000127664.837128
1.000000
70000266450.442108
70000160698.338776
70000426629.118652
1.000000
70000635742.189468
70000382862.269119
70000216904.054260
70000027433.497070
70000282046.297989
70000237505.781433
70000468367.584961
70000125185.456802
70000629314.401382
70000060694.206741
70000813218.156998
70000763318.131805
70000549974.864563
70000112291.772980
70000626174.928497
70000940026.148773
70000316311.267578
70000058729.528305
70000313739.622711
70000149258.288986
70000999728.405090
70000438628.345917
70000587042.171143
70000338152.781082
70000881030.770203
70000110946.661499
70000637027.805939
70000149760.736618
70000355748.839050
70000866318.243240
70000736565.465530
70000958370.486740
70000548704.571213
70000120396.878128
70000808596.442200
70000023938.052551
70000647683.676788
70000381282.135651
70000012332.513306
70000779518.909531
70000246478.202682
70000769708.893951
70000731841.364395
70000391393.308289
70000039736.459595
70000754818.148666
70000771490.912689
70000376061.107971
70000580227.758514
70000090774.757828
70000755474.587402
70000831274.003448
70000654726.081924
70000307157.208420
70000849966.742355
70000085432.888321
70000572188.367081
1.000000
70000867136.277359
70000294501.207916
1.000000
70000511504.201141
70000703146.650650
70000394765.940659
1.000000
70000800263.054565
70000137122.094666
70000359411.751678
1.000000
70000877733.702988
70000277616.868515
70000992244.232117
70000663422.395294
70000341252.222458
70000768995.032944
70000897249.425354
70000193020.225555
70000724498.969711
70000293972.473267
70000260472.313736
70000908281.295807
70000653506.928482
70000411911.794846
70000722229.957672
70000652801.253510
70000072923.077301
70000403732.545883
1.000000
70000264689.673843
70000532499.769226
1.000000
70000082635.192871
70000024421.454346
70000871430.804489
70000261736.171478
70000355753.959900
70000851472.931229
70000601885.587555
70000394330.291153
70000555479.728348
70000705441.885635
70000955053.018784
70000992708.788330
70000889369.712692
70000772810.994858
70000588254.658447
70000494326.290054
70000404576.421982
70000054503.771683
70000517364.462814
70000558287.610916
70000672623.275848
70000188901.339447
70000467120.905518
70000420038.845001
70000589684.357605
70000821438.106003
70000730982.822845
70000163010.590866
70000019119.822113
70000800541.745575
70000273254.931961
70000643675.379929
70000574919.032654
70000474173.077469
70000016359.046661
70000839093.687637
70000000346.740021
70000623171.804428
70000468629.146835
70000937975.965424
70000223233.012909
1.000000
70000499218.475998
70000905049.977921
70000849288.270569
70000147027.588058
70000667697.693909
70000262372.572525
70000650250.434326
1.000000
1.000000
70000604324.846909
1.000000
70000936601.322906
70000927684.790146
70000427454.710388
70000695662.798737
70000910445.940598
70000540273.126038
70000049747.401733
70000705704.735275
70000376149.088593
70000106058.871536
70000187012.080475
70000345662.278595
70000508055.392395
70000291258.258652
70000080396.494827
70000155179.533691
70000163064.305450
70000916318.692673
70000836704.819168
70000672969.560791
70000911948.690384
70000926623.769150
70000712722.781631
70000781584.801392
1.000000
70000800657.856430
70000745523.150787
70000790005.182861
70000301746.304413
70000160995.169266
1.000000
70000697223.131500
70000561733.457932
70000167489.289597
70000856105.201828
70000490713.207260
70000923209.009415
70000576151.116974
70000740643.900253
70000850729.117554
70000915846.090286
70000607972.744644
70000847325.731857
70000626751.133972
70000659219.936523
70000604749.025604
70000938030.422653
70000822834.705826
70000136499.353012
70000326557.226746
70000108896.249512
70000683610.252075
70000307110.721405
1.000000
1.000000
70000400385.027725
70000802945.625992
70000529793.178726
70000226302.926376
70000900126.952591
1.000000
70000542258.158585
0.33
 0 0 0 0 0 0 0 0 0 0 0 0 0
