1 401
70000807472.454788
70000214869.080765
70000968191.125504
70000904097.926620
70000259938.346298
1.000000
70000104728.824265
70000406293.301285
70000243986.397598
70000416614.060410
70000013134.336899
70000348337.528534
70000294675.142151
70000220672.720566
70000679217.846970
70000556197.350677
70000229680.455887
70000122237.544266
70000982244.661743
70000746904.625092
70000919812.534088
70000483273.951965
70000940808.722214
70000190851.156219
70000319649.214676
70000524391.794052
70000670020.905640
70000437422.567703
70000802229.907211
70000778955.920349
70000774788.470261
70000576178.018951
70000381054.796982
70000400483.268723
70000032454.996536
70000257415.521133
70000811962.849609
70000229472.695602
70000185312.915527
70000804904.170456
70000759309.268387
70000750686.503662
70000909278.486954
70000874789.911682
70000625883.022598
70000488374.370178
70000679551.653061
70000557073.397339
70000191237.081497
70000249065.565887
70000140121.442459
70000193175.965637
70000050746.224365
70000580163.306366
70000269580.495102
70000001855.555603
70000086596.145065
70000010533.841782
70000805468.879105
70000740025.191040
70000574335.530243
1.000000
70000252848.756653
70000899826.663422
70000917138.928925
70000175104.702713
70000607796.586868
1.000000
70000290619.136230
70000547515.593536
70000525994.191513
70000507103.171143
70000017764.882385
70000013485.084152
70000655099.254059
70000531467.330185
70000261929.873901
70000957899.975784
70000973381.795624
70000238625.838913
70000008202.592773
70000540739.191071
70000664788.985382
70000331820.361542
70000344288.486694
70000679542.323090
70000009005.352829
70000774032.325897
70000545761.667725
70000753702.035233
70000788332.317764
70000917302.585846
70000107098.056091
70000069647.044861
70000552284.704483
70000702719.472153
70000996394.211609
70000744963.406876
70000798209.964081
70000280496.675430
70000157960.168579
70000635339.043274
70000665444.322144
70000514251.624969
70000951526.272781
70000742776.695007
70000866556.212463
70000546242.659409
70000228950.881638
70000358185.587875
70000075967.659393
70000426089.103592
70000362012.510590
70000960691.048676
70000547609.608963
70000480260.136734
70000012312.113586
70000982492.060715
70000390076.042984
1.000000
70000973263.139084
70000672624.692688
70000749301.773010
70000791809.067032
70000769539.548264
1.000000
70000680506.277985
70000519503.817200
70000373838.103561
70000626964.182938
70000910356.029678
70000503494.859390
1.000000
70000902941.358597
70000153534.822693
70000649202.051666
70000462774.078308
70000586831.317337
70000128873.730621
70000578034.421967
70000636683.897263
70000740664.088577
70000042101.756470
70000403458.814667
70000289958.721832
1.000000
70000859536.863037
70000271052.301941
1.000000
70000933620.420227
70000600829.887421
70000429011.651993
70000227216.334564
1.000000
70000736423.665558
70000621080.607590
70000540547.443558
70000539656.319504
70000199105.336273
70000236107.174667
70000898591.171921
70000203070.452530
70000601574.750046
70000078663.069641
70000615348.774063
70000823899.130081
1.000000
70000123662.713226
70000584554.032455
1.000000
70000482394.452606
70000046959.942047
70000802940.793594
70000973136.827591
70000013978.920227
70000802510.329269
70000228287.849335
70000648091.753998
70000022123.498444
70000747121.089722
70000295308.777374
70000255418.131516
70000138476.269287
70000289029.862762
70000021071.536194
70000317309.069397
70000971845.082840
70000790917.636292
70000529073.416397
70000888440.688553
70000836846.296799
70000521325.548660
70000050903.840652
70000034038.400391
70000713328.553040
70000013689.483643
1.000000
70000241320.883698
70000356435.344681
70000302710.590378
70000520341.945374
70000143483.294006
70000032047.862122
70000667176.577927
70000826156.677368
70000554452.751328
1.000000
70000286781.757538
70000821580.951431
70000117184.184525
70000366672.934692
70000363129.094315
70000683492.381256
70000356877.277847
70000933927.442566
70000550923.183533
70000202820.755142
70000423584.994598
70000919712.263290
70000958119.524017
70000911883.855896
70000348663.507812
70000739920.689102
70000290640.961899
70000863232.651062
70000934054.322708
1.000000
70000096862.543793
70000596406.790314
70000430158.952637
70000494682.305756
70000308823.788879
70000031451.461212
70000242964.975845
70000478985.093719
70000246359.384018
70000750560.810822
70000154905.789490
70000499965.402328
70000608994.002487
70000081917.595276
70000834937.361313
70000110522.033401
70000844435.659988
70000642224.187103
70000501765.629318
70000504530.023529
70000043382.959625
70000129921.932373
70000779833.568741
70000349270.850800
1.000000
70000635411.691803
70000691331.969101
70000739836.755493
1.000000
70000700554.567947
70000647576.744843
70000793176.138687
70000712050.336044
70000902169.890182
70000317069.823242
70000017093.367645
70000516083.627228
70000220565.110062
70000485252.227554
70000762735.748627
1.000000
70000990728.178482
70000624069.357300
70000358796.296738
70000441467.858505
70000221408.952988
70000301764.548264
70000135123.659988
70000948340.999664
70000914509.697876
70000604591.022537
70000336463.810165
70000173938.115921
70000255914.345139
70000384892.338028
70000739638.494492
70000127894.524796
70000941317.347519
70000760823.540710
70000418575.590637
70000382044.725616
70000983811.340576
70000067328.501389
70000737161.489059
70000861369.359421
70000880436.155807
1.000000
70000354355.023651
70000272535.795868
70000270533.817673
70000696505.583435
70000849864.590958
70000525370.700958
70000027897.634613
70000557627.399185
70000067131.464127
70000972780.748230
70000923832.556839
70000000615.436264
70000146843.035919
70000945773.767563
70000443304.769318
70000093515.274445
1.000000
70000053314.790054
70000787321.751907
70000325641.861130
70000864058.650467
70000352768.665756
70000475481.264984
70000526768.949707
70000534471.533386
70000346774.646011
70000482304.683685
70000871498.970123
70000522999.550858
70000004207.815552
70000756739.207306
70000416471.191940
70000671277.865417
70000280499.160721
70000327781.440750
70000166264.536179
70000104092.612610
70000473926.259369
70000342025.001892
70000043846.372467
70000711081.614960
70000943626.161392
70000881242.344086
70000637695.330505
70000021971.755188
70000387245.264481
1.000000
70000989400.378586
70000438109.501740
70000727991.735504
70000064338.544159
70000606361.139282
70000288000.437302
70000611804.456146
70000495166.038177
70000734185.509857
70000634659.658585
70000102894.431900
1.000000
1.000000
70000728614.268890
70000766894.910477
70000592390.472107
70000681750.547943
70000386577.634094
70000655540.828888
70000411909.918808
1.000000
70000702742.591354
70000914106.254227
70000799625.589508
70000666937.542343
70000805876.396667
70000727687.973068
70000231669.292633
70000343665.315155
70000661624.627731
70000204243.319275
70000528311.489990
70000142272.795059
70000648928.227097
70000046020.891678
70000338322.672852
70000261855.870193
70000580045.128571
70000147867.244537
70000657064.183960
70000263556.936783
70000228574.476410
70000121082.610413
70000844775.109100
1.000000
70000111182.470306
70000338474.205032
70000675318.136261
70000100376.488525
70000991070.363327
70000628364.825150
70000712895.782578
70000098157.510361
70000661140.336105
70000420366.873535
70000094832.564941
70000723617.265610
70000532115.593292
70000516904.727982
0.33
 0 0 0 0 0 0 0 0 0 0 0 0 0
