1 401
70000030887.806519
70000247545.884796
70000453566.466873
70000581393.863602
70000670890.334000
70000961117.299088
70000567257.860397
70000442042.456696
70000013878.245483
70000517276.613403
70000282785.772919
70000714923.221893
70000741676.408813
70000242187.957443
70000377834.341431
70000100955.651398
70000819799.043991
70000475445.957230
70000952405.147476
70000938239.483017
70000880736.667862
70000686581.198090
70000400755.570679
70000664867.154602
70000074131.209671
70000739815.299988
70000934629.180817
70000084072.890656
70000457954.391342
1.000000
70000952189.523972
70000960963.650848
70000963334.202988
70000074325.614349
70000256151.086777
70000221465.701157
70000884258.339325
70000699927.600693
70000577971.860565
1.000000
70000626822.304993
70000631902.249161
1.000000
70000945431.962372
70000435885.750992
70000973399.469940
70000252660.065826
70000577951.380219
70000330151.675476
70000018620.169266
70000000666.663528
70000112403.283188
70000752600.399307
70000359064.859222
70000601436.084244
70000390915.661346
70000252186.134552
70000225483.885132
70000476649.684113
1.000000
70000381571.522018
70000752202.173676
70000526505.118973
70000895102.357193
70000917711.558243
70000634671.450851
70000529620.317215
70000057179.809296
70000153433.762085
70000163112.341904
70000996247.434418
70000040143.475830
70000196098.582062
70000198452.517334
70000562503.973648
70000419475.812210
70000499452.954147
70000469660.137924
70000274591.339462
70000803968.465668
70000814759.439438
70000183445.003098
70000060417.307785
70000697508.002838
1.000000
70000715215.668365
70000864733.934174
70000170238.165878
70000767643.386749
70000024399.461441
70000706520.995590
70000162501.700836
70000348875.139969
70000355336.728531
70000501304.413391
1.000000
70000138085.984680
70000360680.769958
70000731021.699448
70000177285.692993
70000289476.350571
70000537636.594757
70000502767.922943
70000539782.087189
70000625454.801346
70000993029.925446
70000796083.648697
70000999824.194382
70000000895.048782
70000404778.586380
70000062892.793015
70000550044.217392
70000618451.171997
70000710303.298843
70000619813.219284
70000283383.250824
70000236704.663269
70000619579.251633
70000179295.471161
70000627783.332504
1.000000
70000960791.538193
70000466778.464813
70000436999.478806
70000788915.091278
70000330084.004089
70000002802.557877
70000637142.998001
70000435669.026703
70000846224.752472
70000101524.252075
70000960450.435959
70000087480.143677
70000903151.737228
70000851021.374252
70000911363.740448
70000026975.378204
70000023129.364288
70000645888.026779
70000647239.869553
70000288699.209732
70000190796.812683
70000842912.792007
70000479511.972305
70000862246.849976
70000074192.586258
70000938991.334808
70000285142.389267
70000555344.387344
70000785898.051666
70000409102.940781
1.000000
70000807574.984940
70000354080.913834
70000704102.426361
70000556742.289917
70000470401.819519
1.000000
70000432871.608948
70000742902.792038
70000962221.589539
70000764248.970276
70000529484.555588
70000746624.993484
70000981928.651382
70000774861.891113
70000068076.546600
70000741393.709091
70000247720.590836
70000030798.021103
70000753689.696762
70000886664.417191
70000985965.246414
70000088702.634354
70000704562.445312
70000729956.268600
70000016668.598572
70000418786.867767
70000128362.066513
70000798707.815186
70000238027.345032
70000886170.731567
70000905658.114380
70000952980.918961
70000447615.153778
70000098822.602295
70000885377.614532
70000570525.369415
70000274787.254852
70000225625.817429
70000715727.089676
70000365895.957687
70000825061.185486
70000673946.490143
70000546679.785660
70000263469.926834
70000959392.914444
70000969043.733536
1.000000
70000318161.665787
70000900541.566132
70000376160.464722
70000561067.426636
70000524200.623978
70000589067.372803
1.000000
70000792583.781982
70000672835.225479
70000136547.213226
70000957555.587097
70000718164.058212
70000868363.888443
70000093140.028870
70000923903.751709
70000446330.470108
70000605810.181488
70000335646.750488
70000444129.913055
70000338410.568115
70000004548.680786
70000631118.040497
70000541963.423279
70000517423.721771
70000065914.449402
70000261011.124451
70000405593.258621
70000713756.015793
70000229099.451859
70000741067.395813
1.000000
70000912205.117630
1.000000
70000462740.965820
70000216578.545013
70000296253.999237
1.000000
70000599725.629776
70000662255.071960
70000570921.155045
1.000000
70000549500.569458
70000415122.102783
70000546888.236130
70000172054.140182
70000630842.471848
70000241377.565720
70000499709.816116
70000446113.066711
70000743626.193954
70000071849.856888
70000786832.310638
70000802787.811661
70000716240.005096
70000555528.007339
70000139267.115692
70000424914.581207
70000432568.305832
70000785266.618546
70000706521.108810
70000204057.853638
70000918189.219452
70000871557.613403
70000722142.288971
70000830453.631424
70000306508.250031
70000981291.293900
70000409799.765564
70000864414.479645
70000226484.251099
70000804442.708527
70000775524.594147
70000300483.888962
70000788953.323105
70000967826.859924
70000108231.673538
70000879237.281952
70000053033.698441
70000471678.911499
70000216266.920853
70000218360.630981
70000330928.617081
70000087576.572144
70000740201.346375
70000033244.438660
70000380440.369827
70000951418.146454
70000259441.945480
70000447346.633377
70000653714.311996
70000888326.853836
70000666345.280701
70000116147.577255
1.000000
70000013906.789124
70000085051.423309
70000023033.261856
70000933149.822388
70000974241.398209
70000103458.992691
70000613213.423447
70000679311.347076
70000961119.703903
70000403179.891022
70000631325.347183
1.000000
70000001395.349731
70000375468.435226
70000331482.966751
70000739615.620529
70000456795.736069
70000994865.380920
70000575901.015564
70000561624.678253
70000297227.558014
70000570801.966415
70000604925.821777
70000047399.249008
70000340649.940247
70000192104.822906
70000151893.191864
70000192137.161697
70000812826.394058
70000845748.840073
70000640827.185959
70000275435.740128
1.000000
70000796025.345703
70000105356.716843
1.000000
70000583237.408493
1.000000
70000226144.211487
70000172186.542480
70000547173.866074
70000667846.521072
70000986917.635117
70000077360.524902
70000612983.226395
70000967810.295914
70000276580.670410
70000083921.608902
70000355967.701614
70000821544.248398
70000864163.684937
70000393798.978256
70000192017.435242
70000178485.853867
70000969798.568787
70000613557.707260
70000060027.382263
70000776223.570175
70000804933.234009
70000081083.537827
70000389930.338364
70000812751.867661
70000249118.395966
70000139045.305405
70000677006.072220
70000509696.145920
1.000000
70000947501.706055
1.000000
70000403733.534348
70000127825.112518
70000897007.163254
70000060093.210968
70000936074.719391
70000822625.579178
70000013769.352219
70000904778.874405
70000375175.471573
70000769116.688690
70000396805.130005
70000263573.227448
70000623628.533539
70000167627.992798
70000805475.224838
70000299235.364380
70000798637.144989
70000920788.957565
70000672878.785233
70000483166.815796
1.000000
70000277092.963425
70000686235.290710
70000747308.001205
70000392755.591690
70000263439.526657
70000185829.184128
1.000000
70000373948.716553
70000265200.468170
70000474749.660828
1.000000
70000312237.911087
70000789779.437851
70000303835.779755
70000032466.557236
70000712444.916260
70000958208.583252
0.33
 0 0 0 0 0 0 0 0 0 0 0 0 0
