1 401
1.000000
70000120759.786102
70000008721.670776
70000700743.927963
70000122819.038254
70000024329.127487
70000163649.911713
1.000000
70000182190.017090
70000975185.084976
70000120227.054001
70000404914.965469
70000375865.585587
70000720320.985565
70000202140.639725
70000487255.041580
70000529733.960449
70000613109.195343
70000272514.350052
70000678745.496948
70000277101.175201
70000329950.824753
70000384862.338593
70000502183.612610
70000452898.847046
70000529118.684677
70000089065.761154
70000813931.193237
70000760881.886292
70000705383.341049
70000206312.780762
70000443849.757095
1.000000
70000733233.679398
70000167215.449280
70000141127.356415
70000417812.510696
70000234468.000687
70000491485.708786
70000315175.357254
70000016473.284485
70000023821.340607
70000795527.075058
70000116040.057724
70000473181.817322
70000472394.142700
70000205219.855225
70000997199.537918
70000283138.002731
70000018885.557068
70000405687.153152
70000102146.896408
70000936570.465286
70000895599.021255
70000639651.073090
70000675412.097778
70000911086.413193
70000193515.855606
70000472365.926743
70000943866.820267
1.000000
70000609193.200348
70000710286.866409
70000961126.950439
70000974295.820786
1.000000
70000071969.333908
70000712296.113693
70000979564.895081
70000422958.094589
70000809345.000702
70000541359.015839
70000171626.950150
1.000000
1.000000
70000575845.881332
70000495268.171005
70000193444.032944
70000444173.644806
70000650559.448547
70000350067.845688
70000314852.865906
70000845046.291168
70000839783.611374
70000843811.372513
70000263148.558868
70000129251.306885
70000902645.839813
70000646806.619690
70000304628.315186
70000131717.207336
70000322206.267715
70000555615.058136
70000343441.700912
70000367295.593048
70000861601.061890
70000979702.481094
70000190134.890625
70000300500.314255
1.000000
70000831728.047546
70000853970.257080
70000119526.827148
70000329169.809219
1.000000
70000575548.685043
70000603976.899261
70000179715.357590
70000474437.226440
70000707805.892929
70000078002.643188
70000758194.347870
70000265482.433807
70000094574.885056
70000233650.786896
70000443575.138718
70000665794.961761
70000811721.380630
70000123217.935837
70000114654.942337
70000344648.619644
70000692902.000809
70000706695.376617
70000308847.525833
70000821866.884567
70000463381.128189
1.000000
70000986805.451904
70000263849.976959
70000812819.610718
70000645637.215286
70000691550.568024
70000746785.045837
70000772727.635956
70000825682.076065
70000913491.795212
70000925694.663239
70000056775.499664
70000014126.990662
70000394833.182724
70000877893.512543
70000637540.701874
70000013762.290436
70000085725.941727
70000274245.922699
70000907533.398849
70000891989.652740
1.000000
70000635869.833038
70000708948.961502
70000711442.692383
70000252995.294281
70000573053.426224
70000579790.806854
70000655768.519012
70000551002.445541
70000345900.672134
70000522008.856827
70000818754.228302
70000229953.055908
70000573443.186752
70000728216.364639
70000919440.730270
70000033279.754166
70000899797.673920
70000381853.844940
70000462745.778000
70000822573.583405
70000248136.580093
1.000000
70000559428.679077
70000052938.639603
1.000000
70000265944.804001
70000142471.914215
70000423427.781387
70000798963.490814
70000308789.238953
70000473137.553391
70000426403.375458
1.000000
70000927785.980774
70000500909.788269
70000957263.986755
70000225968.102493
70000826668.100830
70000480086.748352
70000184667.600037
70000371917.610962
70000806764.994003
70000210866.186279
1.000000
1.000000
70000014866.495041
70000555441.888916
70000691476.593979
70000714055.641495
70000625682.507248
70000912966.258743
70000803002.593155
70000223974.731949
70000895549.602081
70000460605.328232
70000658676.654068
70000228265.604126
70000822098.757431
1.000000
70000149200.846558
70000180143.285461
70000150855.816330
70000968049.783875
70000521488.072983
70000091892.874512
70000337707.047012
70000087940.636597
70000615856.338165
70000107928.404984
70000126918.730042
70000430132.958740
70000936718.108459
1.000000
70000334447.274261
70000133482.446777
70000268558.819839
70000843714.744049
70000582543.561874
70000617059.533829
70000650550.611374
70000614537.256241
70000714055.476913
70000102062.336639
70000659421.515732
70000743929.199539
70000689667.772736
70000127701.425034
70000820332.993393
70000525106.700272
1.000000
70000784098.205505
70000018363.633026
70000822366.093079
1.000000
70000452762.783112
70000741107.933563
70000741817.812622
70000285327.587189
70000596050.687744
70000483829.894913
70000503899.269836
70000763292.992111
1.000000
70000964784.027908
70000235584.382507
70000645326.967194
70000169134.201843
70000333540.835327
70000929812.941605
70000194105.896957
70000588702.727539
70000965776.291245
1.000000
70000699934.835236
70000895297.041489
70000968552.764526
70000137868.017715
70000362051.318069
70000955384.361404
70000297320.149841
70000811457.806152
70000309963.599411
70000765797.668701
70000073845.322617
70000221907.376587
70000537769.281906
70000241272.227768
70000389394.720688
1.000000
70000637097.887405
70000002303.521301
70000122466.733078
70000749418.252823
70000857783.540924
70000878575.016571
70000852556.439850
70000236306.940002
70000861226.664093
70000913543.445297
70000066769.851120
70000880038.458664
70000063349.904419
70000109807.619141
70000866600.741531
70000883149.472687
70000926469.990753
70000850169.717880
70000711916.491684
70000195289.052170
70000079672.357559
70000238232.557281
70000479154.056442
1.000000
70000966969.781097
70000031351.946686
70000359637.072495
70000473676.947556
70000888746.254944
70000813107.209167
70000252519.244385
70000350699.533600
70000099983.924164
70000890404.845673
70000413276.913071
70000448148.010208
70000181732.550232
70000404288.803329
70000710277.862045
70000154745.650345
70000420659.532166
70000070644.209015
70000394900.999664
70000330292.017868
70000561255.331268
70000147832.685608
70000477968.897308
70000142921.794281
1.000000
70000442559.833481
70000298824.162918
70000363482.274429
70000160207.247177
70000358146.701584
70000782501.657562
70000863338.740112
70000915050.100281
70000371989.963638
70000273538.942337
70000599782.030853
70000794772.748215
1.000000
70000267300.430771
70000767485.717270
70000145549.920715
70000237361.039307
70000354837.514542
70000581201.691711
70000468537.092819
70000906910.469040
70000752495.601227
70000636479.814484
70000836462.745529
70000509863.946228
70000058586.360367
70000165669.066666
70000021261.083878
70000991441.152405
70000794502.641327
70000679072.453384
70000254251.827911
70000587251.176712
70000118256.990112
70000901605.355759
70000052921.861328
70000876772.996765
70000448310.526520
70000820119.320770
70000441530.070465
70000019096.430664
1.000000
70000939841.900162
70000827508.483154
70000124126.520523
70000292684.945282
70000843891.874008
70000485652.096115
70000180984.093811
70000673387.073212
70000525958.355270
70000815816.560349
70000269315.088654
70000840674.503418
70000075238.529755
70000901975.096436
70000070201.512695
70000253897.693741
1.000000
70000123391.551819
70000985099.117416
70000885794.236298
70000285441.361420
70000677804.194580
70000388273.717697
70000406050.137390
1.000000
70000647806.754913
70000654571.911438
70000955329.440887
70000989507.444412
70000754241.310181
70000433462.159409
70000151120.555176
0.33
 0 0 0 0 0 0 0 0 0 0 0 0 0
