1 401
70000428964.246582
70000044266.375778
70000689585.165527
70000123861.752380
70000233681.752243
70000721123.407837
70000755543.948181
70000084155.589584
70000812025.155380
70000450777.296539
70000384440.924911
70000165977.209747
70000744319.825806
70000988265.665390
70000865155.156815
70000302690.900940
70000936425.749344
70000402122.873642
70000709089.582703
70000962039.763870
70000404695.937958
70000234282.222076
70000928849.410080
70000126964.444778
70000350302.529678
70000374649.778275
70000397863.004898
70000139359.615402
70000155596.689560
70000722054.627731
70000576083.912842
70000566046.691696
70000441030.032471
70000706973.151489
70000286846.769669
70000398740.613724
70000178635.523361
70000999169.970917
70000276921.767944
70000083296.817062
70000426185.566254
70000674608.219284
70000727457.541565
70000057012.365067
70000768487.746719
70000873589.826157
70000183201.328262
70000274736.258957
70000468058.353027
1.000000
70000299451.409027
70000610397.301605
70000812118.190781
70000442827.071167
70000878385.391037
70000843863.903290
70000467159.772858
70000426796.805969
70000534656.893860
70000833253.762604
70000005618.369812
70000005100.178497
70000550161.392365
70000558009.961746
70000894168.993652
70000953535.726303
70000772942.987427
70000416561.076935
70000493141.932632
70000386549.837631
70000648480.730057
1.000000
70000742336.131561
70000342938.254929
70000908226.295990
70000317660.605103
1.000000
70000893580.406158
70000584833.645294
70000760911.955475
70000682868.778122
70000507751.657990
70000728726.511505
70000923940.950638
70000171600.626648
70000167125.616608
70000830790.242096
70000062441.883072
70000063097.388580
70000080239.313370
70000189325.178391
70000544459.393295
70000118130.182037
70000375290.654465
70000019341.374710
70000209385.969879
70000121261.348343
70000922558.628113
70000683612.074234
70000618915.222565
70000807716.336243
70000597330.269516
70000045464.723236
70000992207.232880
70000774252.775497
70000481926.587540
70000117694.930969
70000300368.740372
70000010678.772995
70000076683.159897
70000651047.562271
70000146230.595383
1.000000
70000001175.731598
70000152951.694473
70000417765.806473
70000304896.081818
1.000000
70000836777.880798
70000296196.183975
70000888973.613434
70000973213.223251
70000293598.465500
70000297908.765259
70000943930.031525
70000134925.733032
70000798355.047302
70000071043.849945
70000851050.997849
70000810329.675522
70000321334.714767
70000605795.930893
70000006797.161179
70000785184.350861
70000740749.050308
70000598972.309479
70000815998.189148
70000656917.647675
70000628845.591171
70000573606.575516
70000923393.008575
70000896037.922668
1.000000
70000402405.579514
70000317999.298737
70000818074.147675
70000428841.517960
70000968888.517776
70000009095.372726
70000426019.591888
70000029686.438309
70000644191.877029
70000597127.967453
70000347806.939072
70000023921.942917
70000887442.372025
70000380605.579605
1.000000
70000807122.385620
70000711234.183701
70000693995.935562
70000047639.725494
70000265682.542130
70000007559.778839
70000792950.784698
1.000000
70000524753.876251
70000639777.619354
70000588387.887283
70000566191.529861
70000123427.318436
70000153659.582413
70000947332.810989
70000705423.004745
70000878866.423035
1.000000
70000955515.960449
70000729849.183563
70000101957.982452
70000308055.719986
70000715332.853760
70000353725.671051
70000385910.953979
70000397867.331512
70000026543.504333
70000674186.577209
70000088471.575455
70000001675.941071
70000762647.975204
70000545653.579742
70000622857.856384
70000184596.801956
70000141670.198700
70000663323.726013
70000374821.932678
70000195215.181793
70000902230.453812
70000301636.438370
70000723050.526352
70000345628.230515
70000944094.031799
70000548408.761047
70000576907.578705
70000484322.469345
70000879082.305328
70000572978.939270
70000398097.578003
70000317204.241669
70000609904.731445
70000430523.155151
70000348142.217316
1.000000
70000092751.195435
70000756474.850571
70000320830.202393
70000943293.749359
70000900507.313492
70000296837.033585
70000292700.162827
70000395861.606934
70000069749.493988
70000425022.002914
70000656727.948883
70000099544.341125
70000113472.732056
70000846626.056580
70000110157.775330
70000712525.576065
70000976242.789185
70000465530.573425
70000402891.359299
70000636790.094772
70000897875.031631
70000939728.106018
70000707140.337143
70000517186.101700
70000761482.276855
70000068117.468307
70000499846.295563
70000047763.187607
70000071621.510086
70000770045.261215
70000460972.392883
70000793295.761307
70000945784.024460
70000713822.985092
70000485065.515854
70000712145.727890
70000324422.815948
70000121167.729111
70000955640.432266
1.000000
70000249858.224258
70000683481.527481
70000273136.827789
1.000000
70000076651.963455
70000291794.272568
1.000000
70000849305.873047
70000751737.506516
70000862070.345078
70000992975.852020
70000225976.751343
70000519653.351959
70000868203.202896
70000632881.878311
70000843503.257034
70000061505.771805
70000006717.560287
70000888665.543411
70000809958.372116
70000229555.474442
70000318579.091415
70000062266.767197
70000791685.720657
70000080950.552597
70000391600.461334
70000154659.958252
70000830712.063156
70000342133.871307
70000996491.730621
70000977184.757431
70000646808.181808
70000667957.602493
70000245112.770309
70000249939.319077
70000299831.324310
70000999350.485397
70000836476.977417
70000586727.790298
70000778109.225815
70000001505.369904
70000215944.174118
70000133769.866776
70000374768.793350
70000760070.561844
70000363668.582001
70000644072.193604
70000740707.121552
70000324007.385513
70000461702.303558
70000153450.343979
70000820236.568741
70000495250.091965
70000763459.133636
70000412961.408279
1.000000
70000952589.778503
70000031005.756287
70000803856.048386
70000079239.040161
70000583165.787216
70000210794.553314
1.000000
1.000000
70000404086.705673
70000680260.613342
70000647139.298355
70000105580.350983
70000772209.600937
70000790233.536346
70000821072.346008
70000973353.207291
70000249812.407730
70000485106.693604
70000552793.769043
70000068729.538116
70000491516.916779
70000138883.734879
1.000000
70000353954.917343
70000599981.915070
70000395729.271973
70000612513.074936
70000608095.681641
70000168615.133743
70000616098.752579
70000406760.719498
70000045989.094406
70000789699.196838
70000733425.611420
70000071585.135117
70000888138.401413
70000598943.273712
1.000000
70000657714.013306
70000849323.988434
70000358810.696198
70000899506.802597
70000512363.112137
70000048300.425110
70000810185.651947
70000042099.727921
70000584112.895630
70000990827.613403
70000675776.280807
70000657843.579620
70000845556.329758
70000873208.335800
70000382712.885025
70000323084.604736
70000489707.537918
70000748639.197159
70000140054.386581
70000226673.613647
70000006739.484467
70000770867.661560
70000206867.702835
70000663406.129166
70000925058.373413
70000865000.729462
70000354559.691010
70000976890.876450
70000116315.780472
70000666013.081940
70000782464.255325
70000939292.490280
70000193192.814713
70000251828.294464
70000632114.906036
70000899026.338928
1.000000
1.000000
70000766357.552124
70000135231.540100
70000520481.884689
70000361686.436157
70000860752.320618
70000142248.887573
70000118558.803772
70000603591.219376
70000690465.918808
70000597832.866241
1.000000
70000549503.168060
70000347017.278351
70000152214.117767
1.000000
70000177122.879227
0.33
 0 0 0 0 0 0 0 0 0 0 0 0 0
