1 401
70000035219.392349
1.000000
70000361007.605438
70000020151.648438
70000700348.482178
70000978138.933197
70000044026.420120
70000149805.361511
70000845917.305496
70000823658.221771
70000943776.494980
70000175799.693604
70000375347.961243
70000551337.975510
70000918183.808807
70000947340.589752
70000246444.530334
70000736226.769058
70000195078.229416
70000266318.322662
70000385066.685303
70000952691.268951
70000467039.386536
70000710733.898331
70000872160.427139
70000941789.331528
70000241270.281937
70000307241.829590
70000602520.387589
70000898385.522278
70000979644.005142
1.000000
70000645558.887985
70000893737.759460
70000055254.574173
70000122116.909866
70000995943.041702
70000440384.165298
70000198699.763428
70000374383.147736
70000781694.082520
70000783628.797897
70000309336.657349
70000376763.843628
70000226017.236938
70000389351.863922
70000407481.624130
70000354616.494308
70000598712.186172
70000506325.847351
70000950694.424316
70000577501.314667
70000593000.740372
70000817159.476501
70000183474.104034
70000171268.703369
70000828329.676392
1.000000
70000628817.785645
70000393165.103622
70000721958.417694
70000666877.348907
70000788232.634430
70000508962.593765
70000888159.820663
70000533974.525040
70000127863.732834
70000969184.983978
70000341298.718277
70000779789.302170
70000976896.091507
70000359310.192444
70000143819.569244
70000099410.915787
70000463341.324936
70000060260.351471
70000946458.284912
70000830805.328568
70000661281.343460
70000943877.231125
70000534519.491150
70000576156.884506
70000658046.934662
70000572120.098007
70000252098.046753
1.000000
70000261883.496765
70000547034.134903
70000874339.218643
70000202323.620148
70000727326.877838
70000378737.150742
70000054127.453140
1.000000
70000989945.485321
70000922583.986176
70000641148.367706
70000468762.109238
70000328461.616135
70000779765.396698
70000918085.906448
70000876794.969925
70000535197.391800
70000607544.879684
70000054588.171432
70000655367.146652
70000328854.961639
70000209410.415970
70000134331.300888
70000258517.162216
70000273105.317947
70000899132.861649
70000359552.299881
70000397519.395615
70000345836.022675
70000844519.291962
70000921972.486877
70000281315.418427
70000629842.782181
70000573122.857315
70000804392.021866
70000968701.677979
70000866813.607986
70000043911.680817
70000746777.768814
70000437340.201462
70000232223.880936
70000685074.781281
70000401672.257019
70000555046.927444
70000280665.948410
70000940994.365509
70000888278.361084
70000926659.055847
70000338304.572830
70000379794.720581
70000807972.213120
70000827036.377167
70000054874.575958
70000976488.498917
70000253777.401703
70000632081.314346
1.000000
70000420316.208176
70000810529.942642
70000177301.023132
70000028565.758911
70000506592.150131
70000954875.888519
70000325996.679626
70000809606.740250
70000928560.796173
70000030535.999283
70000061435.854736
1.000000
70000020690.195663
70000217406.923111
70000617133.953384
70000143794.199234
70000166503.050903
70000961903.540390
70000712515.748077
70000114798.378265
70000344348.181351
70000870356.148743
70000434866.225601
70000466651.199844
70000929170.906189
70000493153.366486
70000016512.129471
70000274081.081909
70000687958.098572
70000732905.662994
70000981782.662033
70000812510.575134
70000742017.200378
70000454729.680527
70000762847.002518
70000921479.039413
70000776155.706421
70000690710.574615
70000061635.885498
70000486447.477737
70000991323.651901
70000410489.986420
70000326920.620407
70000579408.376160
70000337328.529846
70000433516.964539
70000535672.027786
1.000000
70000935897.697067
70000834239.328629
70000762959.237244
70000685206.723816
70000299563.426544
1.000000
70000912266.834671
70000310585.831985
70000427676.408722
70000921720.298065
70000420621.585892
70000658615.239685
70000312373.862686
70000607279.559464
1.000000
70000136148.282135
70000536123.599945
70000125979.494919
70000936374.108444
70000967970.906723
70000491019.633423
70000187371.297592
1.000000
70000398974.522293
1.000000
70000732831.828735
70000764736.193924
70000436438.149216
1.000000
70000527466.342026
70000388091.687912
70000010698.796570
70000333499.894348
70000457863.719498
70000470350.078278
70000985730.480057
70000755193.965195
70000609377.559204
70000379706.703430
70000426853.150620
1.000000
70000291308.748947
70000344913.774307
70000250378.589661
70000415078.061172
70000885782.111755
1.000000
70000426644.844910
70000841918.132874
1.000000
70000726984.712006
70000356838.022827
70000650532.203812
70000155976.170181
70000323917.187103
70000249239.166168
70000717931.733276
70000628741.816330
70000531756.911499
70000310607.640701
70000756052.621536
70000045808.315659
70000769638.486664
70000659955.979965
70000871305.099350
70000080329.894470
70000349042.474365
70000684747.278519
70000894040.375793
70000579608.809387
1.000000
70000565808.213699
70000091003.649368
70000219676.864731
70000358421.232590
70000921824.457565
70000404348.263992
70000620319.092911
70000565607.610641
70000928968.555878
70000720312.740753
70000723565.329651
70000981139.794098
70000751681.383255
70000412065.981781
70000765826.597061
70000412424.490860
70000778277.086685
70000754449.314178
70000146571.554108
70000159327.044876
70000307293.579178
70000511659.893951
70000930424.931595
70000755943.963577
70000527470.187439
70000392475.595001
70000042841.508820
70000218004.763321
70000318686.250534
70000890746.894333
70000523825.267685
70000667576.979813
70000400002.547531
1.000000
1.000000
70000345152.120941
70000001054.448242
70000983489.571228
70000202248.969070
70000256272.333008
70000434454.351471
70000363709.518768
70000453701.021301
70000096345.189316
70000182427.352341
70000790018.045029
70000808101.734116
70000480666.588654
70000633600.352631
70000138096.445343
70000383224.868713
1.000000
70000985634.368958
70000307818.098389
70000914145.798752
70000725514.500443
70000140915.742447
70000006530.550568
70000861009.124619
70000900672.219971
70000204474.352722
70000391508.671875
70000013151.516907
70000684549.349869
70000298642.231461
70000673802.418625
70000567646.933914
1.000000
70000465679.991119
70000351368.062912
70000913265.354813
70000431543.473602
70000400427.470184
70000826530.078995
70000639418.697235
70000186194.270798
70000938268.107315
70000696448.405533
70000875075.660858
70000696469.698639
70000436492.792130
70000708760.225998
70000229838.567978
70000533094.097214
70000634098.289749
70000126642.667542
1.000000
70000562380.299088
70000953578.932068
70000840178.016815
70000237143.327194
70000818956.827103
70000686182.859680
70000885263.153915
70000729382.911575
70000179690.367798
70000503882.404465
70000219632.673050
70000973043.555695
70000012236.000183
70000126217.002197
70000084453.275711
70000150785.815918
70000249544.271484
70000395448.025620
70000391574.552536
70000951448.546432
70000573084.352051
70000933433.887939
1.000000
70000962580.968719
70000903027.472992
70000275124.929871
70000331866.805237
70000678889.167465
70000089753.281036
70000321341.415314
70000994991.945435
70000823876.266739
70000239441.644623
70000886597.311539
70000028591.289200
70000374079.497345
70000163795.011887
70000313282.511932
70000433555.831635
70000561581.386734
70000997174.031738
70000119574.660812
1.000000
70000067745.606216
1.000000
70000707653.425430
70000101641.514496
70000933216.362274
70000408324.468689
70000038480.175964
70000935952.629990
0.33
 0 0 0 0 0 0 0 0 0 0 0 0 0
