1 401
70000977222.132843
70000853777.394531
70000201130.006042
70000789776.310104
70000717175.859268
70000766311.421753
1.000000
70000824085.109665
70000350215.574905
70000356446.766678
70000902282.561340
70000876829.372421
70000667524.955841
70000848692.231415
70000850677.714249
70000656889.048965
70000788163.817764
70000114815.192017
1.000000
70000071220.377975
70000660094.087326
70000439740.038895
70000072549.986130
70000824447.470261
70000362044.208939
70000772854.925385
70000973412.213882
70000796314.945740
70000226122.083160
70000454499.518494
70000496052.448715
70000800543.476318
70000442994.280457
70000779615.852417
70000108024.000565
70000269077.144424
70000078979.680496
70000081775.910217
70000754143.577179
70000031124.470047
70000060410.974091
70000372558.854767
70000862421.444809
70000761444.996719
70000559116.699951
70000602804.575729
1.000000
70000460365.833237
70000635193.780060
70000115381.088562
1.000000
70000887891.845963
70000478656.604324
70000794095.278412
70000411195.212906
70000960991.307877
70000648261.188889
70000504999.487396
70000917497.820755
70000233905.737442
70000731363.237930
70000495469.630127
70000710733.283051
70000442059.291367
70000628183.768326
70000546274.169937
70000089037.803360
70000521551.085785
70000851778.190918
70000803204.626846
70000241515.187500
70000347772.640457
70000908533.986435
70000378087.454102
70000423916.981293
1.000000
70000755908.092392
70000368759.418091
70000718638.643921
70000907421.360718
70000735682.774170
70000893969.580551
70000335109.157181
70000696504.894547
70000999470.749802
70000306561.134506
70000605666.150375
70000978026.485657
70000735473.684311
70000564561.867554
70000526382.733261
70000862317.551682
1.000000
70000510103.335373
70000777411.558289
70000968041.533432
70000775025.594894
1.000000
70000904339.263367
70000294876.819595
1.000000
70000917357.166351
70000875635.643402
70000150911.229187
70000990687.264542
70000771632.258820
70000722859.391998
70000576181.900330
70000224340.465027
70000995080.483261
70000888712.607895
70000900878.213104
70000018855.154236
70000224469.802139
70000005137.448578
70000075203.791733
70000531824.977875
70000282367.571075
70000366328.176483
70000112607.003342
70000861557.831741
70000122327.973053
70000568945.749878
70000648391.007751
70000496679.114029
70000919667.352783
70000425599.717422
70000855684.529770
70000316881.611954
70000884927.773438
70000814977.368683
70000268064.296158
70000396537.248520
70000884800.310867
70000115582.629333
70000423329.501724
70000051431.556503
1.000000
70000989378.342636
70000888056.784042
70000489040.687744
70000610817.431381
70000469688.974579
70000980372.415543
70000369985.507889
70000830258.699448
70000968648.269836
70000720369.317810
70000484790.452560
70000628298.233566
70000535827.969681
70000789856.516220
70000609351.329147
70000258484.557648
70000691206.593658
70000853727.491104
70000161905.315582
70000781220.372864
1.000000
70000610425.612015
70000893134.065292
70000033263.700043
1.000000
70000933414.407578
70000896800.603867
70000047511.264633
70000139374.927994
70000391981.572952
70000339231.528549
1.000000
70000964201.985550
70000614085.690506
70000369927.592194
70000156304.509918
70000883985.543671
70000314030.592300
70000511005.367020
70000807955.784027
70000482225.463226
70000149864.619003
70000981673.316925
70000686193.674683
70000334922.732529
70000059799.458939
70000239551.853409
70000828316.177612
70000397430.255966
70000673339.251602
70000532688.030365
70000798981.997986
70000209776.931015
70000995183.737091
70000322405.557846
70000354079.018997
70000214225.879761
70000526558.520233
70000855331.086655
70000628060.911758
70000160464.057205
70000010733.306335
70000621002.868637
1.000000
70000925000.903625
1.000000
70000653609.364258
70000266471.415710
70000295542.571228
70000128268.019958
70000271847.594742
70000742607.867584
70000710008.669388
70000976573.795959
70000049457.134552
70000571868.312424
70000591524.332947
70000687997.028488
70000264150.539948
70000209055.137894
70000230054.780151
70000738640.992722
70000186497.883926
70000754405.233826
70000836798.748474
1.000000
70000948172.778580
70000746813.635696
70000885843.035538
70000702937.428436
70000248678.707581
70000859326.788513
70000722612.701324
70000935541.558289
1.000000
70000094648.813721
70000634937.418152
70000144468.187485
70000594683.566666
70000002395.517975
70000604526.699646
70000063993.318283
70000058607.675095
70000414703.674469
70000355163.894135
70000244543.474213
70000230295.434143
70000116936.102722
70000320017.127625
70000601043.339294
70000960440.702942
70000773544.448975
70000540153.671768
70000766737.859039
70000743614.563675
70000306997.308777
70000843240.284225
70000070481.786362
70000000560.206100
70000547317.963150
70000406032.734894
70000611113.696869
70000817226.859894
70000439180.784363
70000838017.124756
70000606107.519119
70000557360.724930
70000843557.925095
70000465366.895355
70000242932.932861
70000105671.157776
1.000000
70000762650.864349
70000924379.461426
70000019277.598068
70000032906.676743
70000118716.267319
70000901060.367447
70000207310.359833
70000282090.507599
70000480615.983612
70000234811.992599
70000579980.176651
70000744982.063461
70000712376.798584
70000671988.895111
70000745817.969315
70000960003.923264
70000060680.346176
1.000000
70000245857.460876
70000030136.650848
70000102062.480148
70000877924.358627
70000739601.593826
1.000000
70000758115.255783
70000324248.285873
70000004395.292603
70000314448.223007
70000182092.765839
70000829850.620224
70000878916.584259
70000554772.819061
70000924400.218185
70000287132.308075
70000585639.391159
70000962607.700073
70000018085.230637
70000537683.747513
70000327419.703186
70000913057.946823
70000799777.525085
70000987909.954865
70000721717.968658
70000873773.875320
70000554990.681503
70000869453.779617
70000896853.076462
70000516822.328552
70000851868.646851
70000698140.622574
70000055403.213531
70000121439.158432
70000806167.240921
1.000000
70000402388.367767
70000808252.529861
1.000000
70000566342.143021
70000322080.547668
70000500946.547150
70000955835.772766
70000460921.541275
70000242377.943207
70000300446.302444
70000405833.205597
1.000000
70000504243.198059
70000237739.143372
70000139210.481628
70000013285.542313
70000090294.334442
70000204988.128784
70000633866.615402
70000250028.967499
70000830308.950195
70000168922.436996
70000852000.306747
70000883660.833817
70000738568.390152
70000132799.214188
70000327904.784851
70000324710.903976
70000121179.026352
70000385913.085617
70000190928.875336
1.000000
70000069631.649536
70000150042.729538
70000901120.718536
70000369467.536194
70000764290.345245
70000219829.798080
70000010516.854202
70000807709.953049
70000220720.989960
70000166457.402023
70000704480.908020
70000774103.928894
70000462355.201248
70000514078.463181
70000782986.221542
70000392020.009796
1.000000
70000792848.326447
70000555875.600052
70000592352.848755
70000331299.838181
70000469742.211700
70000655832.890518
70000426185.672394
70000683374.985321
70000649701.661163
70000231201.319946
70000574734.766678
70000155437.803101
70000504297.546082
70000713812.988525
70000726563.419266
70000491550.252991
70000650914.512466
70000159061.528381
70000492014.152481
70000034884.021393
70000299489.985123
70000643015.623032
70000373514.446823
70000274046.760361
70000947049.038406
70000905838.642746
70000250608.790222
0.33
 0 0 0 0 0 0 0 0 0 0 0 0 0
