1 401
70000828087.234589
70000014613.677063
70000133147.660233
70000149106.111359
70000688041.767990
70000377161.850204
70000557083.993134
70000433393.766861
70000104249.177811
70000043652.803024
70000814333.705490
70000246652.551300
70000329214.522202
70000489705.718704
70000835081.976440
70000978984.228577
70000604067.494583
70000748779.879044
70000481580.327011
1.000000
70000491168.846024
1.000000
70000212425.201553
70000650136.280060
70000015198.833176
70000095515.208313
70000773529.290512
70000560216.564667
70000624858.636917
70000875626.798615
70000709964.888824
70000872218.661469
70000335871.334717
70000140686.912949
70000543212.364792
70000479274.138947
70000733520.680527
70000749103.061203
70000785787.130768
70000315608.388763
70000414109.019012
1.000000
70000362192.776077
70000172544.310562
70000151282.683777
70000593398.597931
70000879993.488968
70000458171.969223
70000368037.621582
70000623057.056717
70000412966.558670
70000833169.628830
70000586800.178604
1.000000
70000087498.571777
70000170103.004837
70000541667.501465
70000735130.599091
70000670881.898056
70000324074.051544
70000977463.247360
70000053478.665237
70000486129.826996
70000429872.065292
70000136884.635910
70000791531.381805
1.000000
70000834598.109924
70000127166.286880
70000838255.767822
70000523018.169174
70000624739.048187
70000802894.230377
70000142315.809708
70000888301.799927
70000503691.959564
70000997221.373657
70000248966.061523
70000849680.813522
70000706551.239182
70000998286.989410
70000976998.660461
70000691395.030762
70000203731.642761
70000785712.141525
70000763800.306335
70000626035.897507
70000703800.667038
70000890033.129654
70000119423.104797
70000688879.250443
70000959161.871262
70000133250.119019
70000700107.275818
70000817541.234879
70000016009.567230
70000297682.652679
1.000000
70000897466.653595
70000804339.143600
70000418450.991257
70000023788.751877
70000231328.191940
70000799949.335312
70000845055.250824
70000584823.842316
70000344293.333954
70000759594.411987
70000114147.579941
70000584158.452240
70000043428.407059
70000428248.950851
70000619067.235321
70000521611.352142
70000954151.749771
70000640935.653320
70000344258.002350
70000922698.731186
70000225765.368698
70000428578.553223
70000774427.233261
70000378375.743744
70000436751.324387
70000068063.308640
70000969132.750626
70000528364.385666
70000692464.963577
1.000000
70000855150.846619
70000476298.382126
70000817386.139450
70000874749.487442
70000786030.959824
70000142583.467575
70000832142.904251
70000735720.060989
70000096223.613770
70000587142.440857
70000768198.243790
70000677032.873993
70000346025.322052
70000861169.170380
70000770612.930603
70000711607.710526
1.000000
70000640255.229187
70000931914.466324
70000844917.065414
70000431990.171967
70000788615.963989
70000569037.495956
70000964607.472626
70000238935.487228
70000021655.435516
70000068227.197357
70000370498.263763
70000540539.548035
1.000000
70000628376.048141
70000452546.068283
70000705274.015259
70000844547.509308
70000318514.110657
70000874395.398422
70000089322.550201
70000990043.999924
70000232309.792252
70000426943.416565
70000299730.550690
70000717015.278687
70000516837.141922
70000007514.308563
70000814649.760941
70000437199.971024
70000792010.499924
70000072811.021271
70000928167.058121
70000077516.919708
70000211060.907227
70000173718.793030
70000067935.459045
70000319312.914581
70000038513.647202
70000315151.337173
70000681735.632446
70000619596.018265
70000526910.901794
70000804703.431442
70000879436.505066
70000796989.013412
1.000000
70000900056.764221
70000085220.433121
70000586790.826157
70000172033.139008
70000843801.065216
70000666058.189209
70000278667.304077
70000000156.472839
70000538559.978180
70000394451.317001
70000422873.189590
70000017797.633179
70000922902.697449
70000419289.651199
70000756894.779526
70000907102.259003
70000993880.321548
70000475185.327271
1.000000
70000409954.975159
70000939557.489822
70000244949.869339
70000528309.355438
70000146867.857193
70000503724.476593
70000842140.806946
70000867817.860199
70000220495.254669
70000601107.977951
70000373581.751572
70000619081.634445
70000668997.819794
70000391459.796921
70000826452.960236
70000171289.796036
70000275945.225311
70000889030.918167
70000456513.939606
70000576771.149628
70000915909.124939
70000965139.010925
70000728219.289093
70000064299.062729
70000182253.288361
70000324572.585938
70000225182.295425
1.000000
70000397549.356537
70000117263.294449
70000317356.624863
70000577565.392380
70000383848.627090
70000059262.133881
70000845176.689026
70000142597.017456
70000754235.471832
1.000000
70000917934.104919
70000810039.731171
70000945250.475708
70000150250.202225
70000275596.776917
70000432396.888992
70000692304.838699
70000313790.277664
70000988500.315689
70000410733.595169
70000513332.535004
1.000000
70000999626.023376
70000740942.983047
70000877836.844727
70000687482.906021
70000628340.423981
70000115013.804413
70000302130.374954
70000172943.381760
70000027679.786697
70000592802.694229
70000711863.233536
70000694484.785049
70000265884.210648
70000542052.227097
70000929129.490250
70000541671.149719
70000541326.947647
70000585701.707275
70000345279.480301
70000829982.388000
70000511346.336441
70000724559.385651
70000357465.952637
70000654142.360764
70000835982.919022
70000999995.663849
70000030003.287735
70000283804.987534
70000968950.093109
70000819856.592438
1.000000
70000803979.472260
70000418978.996277
70000454899.022385
70000686120.558838
70000456748.177704
70000732024.040787
70000038051.065857
70000969679.228149
70000367872.130096
1.000000
70000704761.912918
70000908853.499283
70000288066.331451
70000799463.046066
70000414510.585419
70000500486.017792
70000303757.584900
70000133665.609940
70000477858.900818
70000660565.189682
70000590025.874619
70000663522.737076
70000602026.683395
70000811451.567062
70000829005.276581
70000047092.218643
70000387347.919159
70000965076.162766
70000246711.072815
70000511485.836349
70000654300.747162
70000613597.101364
70000891656.119675
70000861060.375717
70000871777.887054
70000364881.213272
70000399282.460327
70000515367.503586
70000553552.911911
70000435140.750183
70000120172.743591
70000832560.391174
70000831983.392517
70000322105.039551
70000409134.673965
1.000000
70000498723.916336
70000000452.093262
70000369840.576614
70000207555.650513
1.000000
70000287498.954300
70000096411.253906
1.000000
70000309496.966568
70000626982.066422
70000951443.849762
70000884266.071777
70000802037.142044
70000461601.532227
70000435459.899033
70000953452.648468
70000109685.177750
70000826300.670807
70000037561.320404
70000937985.433563
70000140813.274063
70000388384.303436
70000790268.439819
70000612775.555222
70000773359.725082
70000782456.391006
70000146123.255295
70000956961.021698
70000660482.762009
70000492300.150238
70000085718.495407
70000940826.218475
1.000000
70000876631.409378
70000001252.965088
70000304826.977356
70000883628.782532
70000255994.775894
70000457206.745728
70000698529.840347
70000403886.366455
70000519476.249680
70000003876.031891
70000401303.940643
70000558084.881409
70000052406.870819
70000831234.279404
70000509060.014923
70000364142.629333
70000497688.285522
70000229146.546600
70000736405.099075
70000915812.130783
70000326056.222885
70000242166.606064
70000640458.850189
1.000000
70000867899.095139
70000608181.238663
70000221231.269684
70000624822.388809
70000173421.233093
70000650678.533875
0.33
 0 0 0 0 0 0 0 0 0 0 0 0 0
