1 401
70000587019.933807
70000923473.599823
70000141783.318802
70000433684.269531
70000743011.496811
1.000000
70000786713.760635
70000996497.735977
70000180863.528244
70000708184.148804
70000887139.514801
70000210144.676071
70000075025.690109
70000641030.788879
70000041977.035416
70000955984.002640
70000376362.692764
1.000000
70000852800.212036
70000620348.174225
70000163823.293472
70000535030.902496
70000728416.201645
70000023097.921829
70000299359.199905
70000192288.161560
70000262698.386108
70000955266.613190
70000242316.783493
70000531524.836227
70000990506.587143
70000026039.760437
70000203641.855225
1.000000
70000740308.119339
70000995920.415741
70000345384.102707
70000362021.721817
1.000000
70000294394.546677
70000142849.304596
70000969190.492813
70000089340.703690
70000712506.168381
70000501718.461655
70000323588.314392
70000949114.202820
70000634559.361526
70000129218.672577
70000720453.897827
70000185623.042267
70000793659.621674
70000473322.221481
70000398005.159790
70000658057.814682
70000035117.667404
70000292765.774277
70000037424.441483
70000709428.875183
70000411328.748611
70000793286.901688
70000938523.912201
70000975378.138168
70000930415.946732
70000548396.777664
70000737396.125305
70000472662.102585
70000076935.687500
70000923374.735687
70000961161.219681
70000652504.395721
70000570274.033737
70000860790.873672
70000910548.785614
70000763921.927032
70000454368.801743
70000503464.665268
70000891079.864990
70000042971.546127
70000720207.182495
70000056089.067917
70000355843.215332
70000055896.539810
70000222677.773102
70000239187.349960
1.000000
70000311937.243744
1.000000
70000355891.573273
70000667613.478317
70000388192.396744
1.000000
70000595195.646393
70000932840.285461
70000410211.334152
70000461885.503052
70000407825.463181
70000094454.844025
70000910927.650146
70000212792.025009
1.000000
70000384794.958160
70000420484.214813
70000374211.481491
70000671060.615540
70000892058.987839
70000621265.750717
70000082115.700058
70000421126.556091
70000273750.406937
70000337526.107971
70000135774.868347
1.000000
1.000000
70000838218.730133
70000315648.248367
70000319853.840012
70000458575.952560
70000382332.128616
70000596894.710587
70000120913.615372
70000504490.072586
70000251928.705734
70000961597.779999
70000491726.297073
1.000000
70000462522.155197
70000517455.204254
70000115489.717270
70000962196.846436
70000085446.733337
70000662180.580566
70000067902.929062
70000897197.441101
70000832157.337692
1.000000
70000631296.652893
70000349411.983521
70000632869.850677
70000208400.952866
70000891483.335526
70000010851.730637
1.000000
70000718320.780563
70000783037.351532
70000115768.912582
70000633131.893188
70000318725.090866
70000053728.037704
70000097343.815552
70000173462.880890
70000549854.238251
70000998313.303162
70000842817.989822
70000706530.111710
70000284722.296097
70000672934.385315
1.000000
70000009805.432709
70000203464.459213
70000080974.877090
70000470448.439362
1.000000
70000218678.473831
70000232130.278885
70000010683.885376
70000386247.949356
70000957761.100876
70000634749.787048
70000736443.262924
70000225857.784653
70000731093.444183
70000819950.382950
70000408812.198593
70000675796.463440
70000285887.236359
70000006600.930008
70000382316.328735
70000636403.989792
70000630039.053558
70000668785.302032
70000669729.844940
70000198758.818985
70000594549.392807
70000702933.217896
70000605493.144150
70000286454.628143
70000702032.819153
70000573388.477615
70000651477.987701
70000666560.943420
70000081449.159027
1.000000
70000998793.665100
70000172539.680008
70000565399.165176
70000275083.720123
70000706497.940536
70000502354.931946
70000051126.660965
70000587882.191711
70000326531.750168
70000738350.248291
70000913804.706161
70000958773.589386
70000422840.383423
70000708993.481644
70000685633.757065
70000480616.951630
1.000000
70000998740.753998
70000517249.358109
70000390150.357758
70000425083.937729
70000031975.398865
70000816503.598404
70000846963.337875
70000313177.994598
1.000000
70000353511.178452
70000255314.695953
70000588073.957703
70000872393.657013
70000982458.195007
70000729792.490265
70000334131.395721
70000885336.228058
70000732947.496307
70000341927.730804
70000494311.490875
70000899415.188828
70000852322.969147
70000299933.239456
70000809583.180069
70000515794.270813
70000623747.425858
70000985753.039307
70000718320.101273
70000827538.781067
70000872715.645142
1.000000
70000147132.873444
70000601470.428696
70000611269.665115
70000165802.260468
70000139808.967682
70000754050.475754
1.000000
70000579096.430054
70000449104.421097
70000389855.855850
1.000000
70000247747.461349
70000725182.761337
70000623017.250671
70000672148.339096
70000719531.497971
70000351456.359390
70000331865.530487
70000227237.438782
1.000000
70000754237.839600
70000794986.477661
70000960292.475677
70000933609.003372
70000327856.308121
70000893198.278015
70000311200.064407
70000185708.392395
70000103554.748184
70000971398.336319
70000494791.673935
70000085479.907776
70000802325.719116
70000485354.487564
70000440647.291336
70000187977.746490
70000705709.375595
70000754207.455933
70000091431.437454
70000181327.779419
70000484300.626953
70000192439.377182
70000391113.231171
70000381555.922760
70000210177.986267
70000388668.806091
70000373974.065567
70000447403.470062
70000497504.832382
70000741732.538620
70000431669.022903
70000463559.860809
1.000000
70000136678.449661
70000195684.160660
70000736598.588272
70000666124.787354
70000202848.398270
70000024536.514618
70000493320.282379
70000374337.803131
1.000000
70000395795.622620
70000417932.359207
70000901212.432678
1.000000
70000630363.629974
70000394577.049988
70000945183.189667
70000006758.736023
70000042350.148621
70000454881.314758
70000172926.822571
70000954634.712479
70000087503.970871
70000532293.483551
70000364116.371857
70000557293.681244
70000327200.351685
70000118628.805786
1.000000
70000777935.059586
70000905121.707886
70000155651.383041
70000111362.250076
70000474867.699066
70000913016.293335
70000653858.481781
70000821677.333252
70000327776.334671
70000996176.521042
70000885709.762283
70000083403.482605
70000858068.328247
1.000000
70000424911.037109
1.000000
70000630239.133759
70000851526.615845
70000631993.311096
70000861168.002914
70000252610.306335
70000855231.800247
70000053205.844025
70000137811.966278
70000865166.225845
70000414818.303345
70000134847.744278
70000320032.676880
70000875174.074310
70000397541.985138
70000048184.326065
70000695309.695648
70000039877.679123
70000235285.774887
70000177038.109924
70000158710.648727
70000915717.188705
70000277467.973862
70000395791.906448
70000234269.169250
70000699538.551697
70000599863.387589
70000356599.335602
70000361417.022217
1.000000
70000244343.825699
70000054103.811035
70000498173.636185
70000519906.086502
70000986086.663010
70000931339.078934
70000870510.512253
70000845376.232086
70000987138.315079
70000029730.176804
70000788050.817352
70000215876.717773
70000251010.426056
70000998293.324127
70000762959.663437
70000231331.555435
70000299826.737732
70000171997.705856
70000468617.939438
70000715839.702240
70000302751.324646
70000953271.943420
70000884120.151367
70000983646.793198
70000906553.715485
70000373629.660034
70000527094.636459
70000969778.373245
70000514948.059921
70000489397.555862
70000250681.603394
70000062206.666565
70000485625.433823
0.33
 0 0 0 0 0 0 0 0 0 0 0 0 0
