1 401
70000488317.987854
1.000000
70000164272.232880
70000417808.503098
70000075004.197037
70000843256.697922
70000753321.061646
70000890086.461029
70000622677.940170
70000265745.867538
70000885203.897522
70000035570.789352
70000698890.588745
70000992493.584351
70000780916.610748
70000424841.157852
70000125317.610535
70000674068.437805
70000670997.127594
70000273074.681808
70000755014.489975
70000551625.570526
70000347089.301224
70000149191.499893
70000791394.969330
70000966378.055649
70000875210.296082
70000759649.567825
70000142203.238770
70000910000.831039
70000784919.547714
70000001045.518768
70000342330.972000
70000378855.971481
70000575085.992676
70000304442.721130
70000607184.949402
70000583333.307037
70000849438.117630
70000946506.331863
70000123930.452866
1.000000
70000010403.397354
70000382810.684982
70000548606.721741
70000424226.001633
70000081607.149460
70000435597.292969
70000321906.217224
70000901168.302170
70000399534.637558
70000235001.634460
70000206973.886932
70000417667.511261
70000598265.277969
70000858332.174500
70000962060.889603
70000716362.575180
70000316781.135498
70000538510.442795
70000884090.878983
70000958128.661789
70000242275.140884
70000343258.449112
70000984347.053589
70000431496.118164
70000983750.443619
70000646182.884033
70000561732.745941
1.000000
70000752431.885986
70000470375.127380
70000806379.119217
70000879052.840988
70000281423.083649
70000318803.555786
1.000000
70000985017.794693
70000223215.685379
70000194677.317459
70000857870.444992
70000320570.138840
70000692320.700058
70000279339.288574
70000046383.334045
70000938964.441116
70000000486.957245
70000965330.915665
70000884056.497726
70000288142.292862
70000661620.257477
70000505859.206177
70000496814.614639
70000570332.093506
70000143140.877258
70000728668.542496
70000795793.438934
70000504575.169998
70000804460.662659
70000844599.923904
70000261463.566772
70000285607.545044
70000903445.665131
70000829701.174896
70000246568.886688
70000957261.885422
1.000000
70000735153.279587
70000376433.756378
70000143835.859131
70000110016.203125
70000453396.276398
70000017920.868256
70000095916.668488
70000930155.060822
70000493875.879044
70000653075.111725
70000240296.658966
1.000000
70000607400.717453
70000722987.449356
70000930066.860352
70000108670.503937
70000973671.867386
70000846386.462387
70000724142.139542
70000232691.874847
70000695524.240051
70000417482.866867
70000909118.676376
1.000000
70000134383.731415
70000795559.020035
1.000000
70000206234.885742
1.000000
70000677118.127075
70000890942.404892
70000069955.161560
70000371849.515533
70000356074.637772
70000660803.528320
70000600202.004990
70000568854.977875
1.000000
70000719815.372879
70000828262.690323
70000120740.156540
70000938173.834930
70000144170.872284
70000848044.438553
70000145415.809570
70000142126.356140
70000277976.948685
1.000000
70000353260.011963
70000988795.622253
70000679012.300507
70000640634.709885
70000555084.288101
70000762132.700439
70000140875.564651
70000506507.788437
70000395207.960281
70000997939.183044
70000608632.329620
70000214320.475464
70000755318.812347
70000727599.503296
70000789857.752014
70000143186.399017
70000006964.149872
70000008086.042542
70000918346.465866
70000799638.791641
70000800427.249619
70000726143.101578
70000733114.602417
70000298552.527679
70000952803.950684
70000708736.761856
1.000000
70000212844.851562
70000392725.738953
70000674734.793213
70000283054.070572
70000290614.850388
70000259747.782593
70000196613.676712
1.000000
70000380665.195633
70000385984.135162
70000847665.045166
70000650910.850082
70000850317.121735
70000755624.783371
70000426306.806656
70000008175.520172
70000397101.337296
70000686449.499664
70000479364.063156
70000605131.694748
70000980942.006516
70000549029.351761
70000398885.277786
70000683207.140289
70000303978.672546
70000870951.957474
70000633764.195297
70000731365.850647
70000261525.510681
70000061690.120651
70000476224.688004
70000848354.443298
70000014542.220840
70000210133.070297
70000216059.068405
70000837310.937225
70000508212.577744
70000888022.595688
70000021847.507278
70000199169.077576
70000554539.909958
70000051529.601929
70000660994.074890
70000207534.659653
70000645785.632507
70000406933.031555
70000419026.211548
70000068057.739670
1.000000
70000762265.289215
70000720074.242538
70000967791.426132
70000967416.948593
70000887088.851532
70000677059.054489
70000070566.776596
70000591044.457230
70000110138.272614
70000003317.978439
70000014405.083969
70000118026.711304
70000820897.810638
70000015737.131607
1.000000
70000224996.226959
1.000000
70000233355.768036
70000604654.257629
70000334236.717987
70000180583.829498
70000680544.638275
70000549399.948013
70000723142.842621
70000081307.520401
70000073924.685303
70000284845.672958
70000933992.378937
70000191646.028976
70000796101.917938
70000365715.130722
70000161832.144653
70000859550.045273
70000886527.147797
70000399725.414810
70000720124.115997
70000781445.456924
70000124727.734955
70000908110.860382
70000416262.655075
70000748523.723602
70000406526.721649
70000768422.865463
70000491868.867111
70000207246.319183
70000031165.123383
70000848770.290665
70000476050.243423
70000909760.060822
70000830174.434357
70000662026.558395
70000770765.832825
70000479695.565109
70000580446.656647
70000968308.049896
70000514292.298141
1.000000
70000783392.055313
70000193330.105759
70000686704.841492
70000003368.156830
70000316936.684357
70000167186.894180
70000073795.464188
70000065169.590500
70000096196.130920
70000551883.915421
70000838096.419052
70000792650.285690
70000083839.206650
70000997091.573044
70000701093.644775
70000691224.528885
70000921605.835098
70000775678.286072
70000783888.109650
70000364811.843842
70000429361.458755
70000292110.481476
70000462484.077286
70000999169.758545
1.000000
70000698457.203079
70000972646.834106
70000350598.512161
70000577924.006073
70000586307.600784
70000484350.814972
70000590260.660095
70000185379.205154
70000789952.062943
70000594944.906403
70000634803.673370
70000815573.255280
70000489320.165558
70000320897.461945
70000515849.989609
70000990751.773178
70000917257.539658
70000373715.684631
70000794831.386581
70000438440.879608
70000375939.133987
70000037113.539536
70000091549.284164
70000183549.545792
70000145892.551132
70000538181.780869
70000963819.896317
70000969119.221085
70000651057.475647
70000783496.254288
1.000000
1.000000
70000750126.878113
70000880905.716492
70000513608.973465
70000929199.443436
70000012470.855408
70000276154.553940
70000752788.172806
70000221361.201477
70000571949.565582
70000904605.183914
70000118149.810013
70000403993.367508
70000890799.350403
70000630397.406158
70000012819.707108
70000156289.999359
70000574084.044098
70000316400.531601
70000641160.370560
1.000000
70000298054.505234
70000461831.294266
70000601491.810883
70000064690.464050
70000503029.817627
70000048614.904739
70000702789.044418
70000904549.509811
70000021938.554031
70000918425.452591
70000114423.414520
70000455723.903885
70000906096.664703
70000458159.417191
70000321906.701874
70000452836.398651
70000603602.017334
70000188042.075241
70000058835.324783
70000437846.223984
1.000000
70000315084.873581
70000250094.589584
70000347368.211288
1.000000
70000243289.119461
70000040476.933838
70000078510.310333
70000948786.599030
70000107876.999771
70000738256.178879
1.000000
70000575790.671326
70000061415.043137
70000548058.900070
0.33
 0 0 0 0 0 0 0 0 0 0 0 0 0
