1 401
70000861744.090225
70000567285.560211
70000572455.624649
70000320035.833450
70000579809.469177
70000558993.214737
70000231023.560272
70000870304.723465
70000929755.190445
70000889773.408783
70000513571.955322
70000124464.267441
70000227061.802887
70000900583.490952
70000576470.788315
70000266598.761108
1.000000
70000472167.528275
70000937262.358261
70000807786.208603
70000443739.164719
70000280714.584778
70000122781.878235
70000005345.858627
70000327974.352615
70000390750.356293
1.000000
70000436648.107620
70000889861.575104
70000480630.397003
70000983395.079208
70000666004.794678
70000113763.629257
70000338526.280548
70000885900.271515
70000879378.193848
70000238937.380173
70000870587.957626
70000124289.709503
70000945011.568985
70000760017.306793
70000322531.859970
70000121855.421967
70000992053.310608
70000810528.085220
70000324751.293839
70000774066.610474
70000947711.062866
70000497983.573868
70000794868.976349
70000588158.684189
70000770757.837936
1.000000
70000653966.675964
70000064524.238419
70000012490.689102
70000964771.062668
70000182666.567673
70000706566.512573
70000864575.545303
70000104770.940659
70000644242.188202
1.000000
70000050053.002625
70000904849.309143
70000289655.042618
70000013531.754288
70000722125.440659
70000965319.484253
70000773873.418808
70000817240.097305
70000512285.745560
70000910072.096313
1.000000
70000306150.734253
70000811123.505997
70000133720.599533
70000178183.695190
70000163549.851929
70000647088.573105
70000675093.221817
70000134925.174530
70000107188.128448
70000442215.612122
70000436509.502563
70000837949.299667
70000565300.487183
70000680475.394547
70000232943.604599
70000034203.141724
1.000000
70000680560.782455
70000998572.004929
70000230168.533081
70000913628.326401
70000592867.237366
70000650072.563354
70000665613.678207
70000644069.619476
70000313932.738480
70000535728.716293
70000834304.900528
70000469531.941956
1.000000
1.000000
70000280777.685974
70000795155.841736
1.000000
70000232839.989090
70000958622.133179
70000110890.188660
70000942494.082962
70000624773.497925
70000180767.676193
70000875364.902710
1.000000
70000852140.381699
70000415497.783218
70000268342.405014
70000652024.389435
70000001106.152084
70000720737.345993
70000294945.180450
70000376929.553391
70000609691.133759
70000202901.883408
70000305875.500793
70000284665.281509
70000998489.478500
70000566510.644714
70000199163.110748
1.000000
70000567385.906693
1.000000
70000433888.288605
70000691503.211349
70000369114.693542
70000111130.148773
70000396711.135925
70000521486.905563
70000303910.933594
70000954586.689072
70000357657.324341
70000415045.854675
70000862618.252090
70000571866.835724
70000829409.251236
70000089549.609161
70000790353.142075
70000820525.907623
70000098931.219513
70000947067.084717
70000095388.639847
70000072349.522064
70000155559.531601
70000357647.279099
70000139868.020126
70000628668.558502
70000000014.819748
70000404985.983551
70000265617.383545
70000016770.327530
70000652179.493210
70000902437.119934
70000149257.946930
70000382662.310440
70000750541.682831
70000575386.146042
70000540678.255646
70000673654.792923
70000456799.158539
70000216202.275513
70000193708.466080
70000222129.343018
70000797630.921707
70000287757.940353
70000759411.335831
70000076055.045502
70000624684.104599
70000834333.926926
1.000000
70000173106.714310
70000305881.644119
70000256111.447647
70000874376.328156
70000815733.591476
70000575290.479782
70000721958.342911
70000366609.545959
70000184786.701263
70000825430.765686
70000321139.917053
70000653005.047272
70000691135.948334
70000206169.930756
70000069605.506546
70000248294.223282
70000288970.941330
70000087361.304626
70000300855.698441
70000402954.164001
70000096389.748154
70000723228.308823
70000669349.108810
70000896032.855637
70000394203.699890
70000335202.711365
70000488676.038086
70000536335.307281
70000025253.943573
70000561811.310455
70000092206.544525
70000081265.233154
70000185776.533493
70000578967.466080
70000376654.118210
70000825192.135300
70000509531.793854
70000037303.607941
70000985591.739487
70000565151.661682
70000601301.601379
70000008575.298401
70000538681.902405
70000865579.977173
70000031785.039413
70000326704.822891
70000851261.452850
70000199728.436722
70000475136.065338
70000531531.368851
70000489074.276581
70000731547.891693
1.000000
70000841686.731827
70000170036.678543
70000047573.831573
70000319815.432480
70000687751.811020
70000270598.441483
70000351773.871307
70000769530.757278
70000157114.206299
70000264452.473053
70000364575.274200
70000370521.216507
70000747577.792770
70000977854.502396
70000283327.773895
70000042022.715927
70000706066.583740
70000604900.588318
70000647055.430008
70000328250.636139
70000779759.646530
70000653821.910706
70000975269.484985
70000203457.845215
70000755063.966171
70000763836.361465
70000565649.344879
70000461645.712387
70000945108.237732
70000879039.090302
70000877271.750137
70000790533.025879
70000510179.889816
1.000000
70000915870.882324
1.000000
70000374200.819366
70000174583.826492
70000063115.146515
70000909492.477356
70000057955.030930
70000437440.616028
70000567242.850266
70000387022.825836
1.000000
70000316384.444321
70000129520.808365
1.000000
1.000000
70000153984.923004
70000599986.312164
70000536908.912582
70000336465.679840
70000739281.595734
1.000000
70000369093.879883
70000290250.129669
70000988177.110916
70000308233.956512
70000320957.832520
70000187160.798279
70000103437.266861
70000501676.669540
70000547461.121155
70000104102.527710
70000828642.761414
70000522528.003723
70000684601.764587
70000044611.026962
70000044919.527725
70000247739.343704
70000429166.101669
70000263717.031158
70000180833.126343
70000965984.541397
70000383862.465485
70000304454.996918
70000193520.380676
70000909092.307037
70000462379.624115
70000801830.352951
70000221906.134979
70000275039.587646
70000090044.844574
70000455300.291794
70000683578.690125
70000957609.706314
70000345132.275543
70000410405.225830
70000181649.382584
70000248978.965515
70000746356.677780
70000786222.043320
70000749237.476517
70000516149.243561
70000467536.702713
70000375605.106552
70000222010.304169
70000142019.470810
1.000000
70000959278.315536
70000638581.039246
70000479789.485855
70000003910.797592
70000615457.177750
70000305685.391647
70000097993.679260
70000878606.265289
70000636903.429230
70000351337.203476
70000225893.229202
70000480164.655838
70000077177.710571
70000810578.287735
70000367079.937851
1.000000
70000792692.452972
70000860406.543884
70000726444.892242
70000885047.011963
70000151308.375793
70000960010.570648
70000707519.669052
70000613173.282547
70000155922.749374
70000966057.676987
70000060292.321899
70000403447.564117
70000113481.995941
70000480521.124832
70000625310.482513
70000392870.640396
70000709548.834152
1.000000
70000284737.269669
70000360780.149551
70000789644.286682
70000711121.419022
70000843724.711700
70000902362.690918
70000017117.045166
70000562391.869980
70000663892.376144
70000834682.245605
70000603112.253937
70000996956.427261
70000708487.357727
70000790629.615875
70000462716.407104
70000381402.756470
70000980403.062820
70000076315.698654
70000494065.229691
70000909012.477112
70000862739.699051
70000456593.819794
70000696297.104965
70000942353.317688
1.000000
70000801450.199341
70000397859.019928
70000131334.359726
70000442615.974228
70000731182.525421
70000768159.618484
70000550238.128983
0.33
 0 0 0 0 0 0 0 0 0 0 0 0 0
