1 401
70000662603.163940
1.000000
70000548329.428040
70000704332.584869
70000546095.139313
70000588765.503845
70000560508.728348
70000328932.031998
70000355072.133179
70000436648.603653
70000926513.213760
1.000000
70000482339.274307
70000908892.440598
1.000000
70000813801.045319
70000194773.466354
1.000000
70000291517.065399
70000164537.342422
70000018710.676987
70000634492.430115
70000042918.067780
70000678955.792740
70000099054.334564
70000593611.834122
70000629917.444351
1.000000
70000030159.776810
70000920774.392654
70000044685.972260
70000391749.026443
70000223767.687943
70000803548.181992
70000051191.528671
70000352792.300812
70000253360.784958
70000298680.382950
70000873733.435226
70000059010.341766
70000541954.136887
70000543185.925446
70000016913.488358
70000427892.683411
70000926764.633377
70000038101.617920
70000329473.660156
1.000000
70000661835.547455
70000484653.102188
70000623759.641068
70000163182.043564
70000660696.176102
1.000000
70000022291.874283
70000594552.851318
70000119741.819748
70000325914.031342
70000050015.072495
70000538855.118881
70000067930.262863
70000967094.003586
70000598218.569199
70000131409.606018
70000511658.352203
70000846906.959229
70000236932.148300
70000315682.205597
70000927727.787445
70000881320.019592
70000614581.707672
70000082930.441086
70000744611.222351
70000892009.357147
70000606270.994690
70000635710.321960
70000636672.350677
70000434401.395630
70000667692.860870
70000065383.948059
70000652199.140961
70000830095.001114
70000904281.741425
70000285882.146912
70000268810.609222
70000391588.680374
70000346783.377396
70000004021.639999
70000798961.074112
70000513943.678040
70000544464.772186
70000397914.399612
70000673057.961960
70000690969.229858
70000020963.843658
70000572702.275635
70000673844.908676
70000996270.996231
70000939043.208359
70000351731.059402
70000614623.041748
70000990661.198318
70000951929.617050
70000754866.027008
70000630394.325485
70000653799.178436
70000732217.039383
70000226657.410156
70000880256.214340
1.000000
70000590438.504807
70000021654.137299
70000488901.896286
1.000000
70000753392.161072
70000285586.828415
70000426159.273499
70000187091.834167
1.000000
70000637975.652527
70000681562.816772
70000197120.869873
70000355345.212799
70000341528.196411
70000955907.300964
70000710057.212494
70000240839.265305
70000355217.852707
70000548411.231415
70000304852.814957
70000105879.675049
70000731462.385315
70000197101.558334
70000953456.053207
70000675327.729523
70000875743.802399
70000590184.668137
70000107165.090225
70000554572.095505
70000356740.717712
70000097980.184402
70000000150.045029
70000124024.030060
70000308386.896011
70000777415.440735
70000406782.418213
70000821946.937729
70000987443.267075
70000437200.749908
70000283204.591736
70000431992.173615
70000407259.388382
70000093705.614655
70000079454.462799
70000381551.235458
70000224253.549622
1.000000
70000920386.715179
70000651126.518478
70000983310.068680
70000392055.555557
70000223620.199295
70000443288.981400
70000749671.429993
70000294726.058029
70000777570.885025
1.000000
70000335744.916901
70000808832.656113
70000254101.387283
1.000000
70000002101.221664
70000938511.810165
70000367477.966843
70000768223.035431
70000370354.620560
70000373990.403214
70000651639.338455
70000928532.957809
70000005662.041702
70000499069.359818
70000999339.777191
70000087744.201965
70000205220.983215
70000377831.822693
70000920494.472061
70000416873.577438
70000000676.847488
70000819689.129990
70000684727.754044
70000333966.663620
70000186973.395096
70000579656.147598
70000030044.380249
70000654660.993881
70000876409.390869
70000762265.935928
70000322179.191254
70000391443.861053
70000561565.360336
70000789904.357193
70000289951.015503
70000093824.312134
70000690853.796768
70000333615.518723
70000828152.768723
70000644050.830170
70000539544.405594
70000472344.891785
70000791617.295425
70000747327.055527
70000008276.616104
70000659111.364243
70000437951.059540
70000514039.900620
70000379731.786499
70000248418.140793
70000401191.920441
70000046148.087875
70000016273.793854
70000320485.246933
70000566507.932312
70000878565.232269
70000380171.266388
70000413819.842148
70000513774.992218
70000580905.203659
70000473932.463074
70000655225.624252
70000002234.206955
70000044567.302185
70000665075.836533
70000547885.628815
70000550585.938354
1.000000
70000329115.064957
70000050373.102463
70000747015.189011
70000221891.733246
70000738114.649536
70000653207.941360
70000733782.524292
70000979846.346558
70000200814.363892
70000021399.879898
1.000000
70000180979.019211
70000397184.289536
70000621674.533768
1.000000
70000597720.344681
70000802717.472305
70000450467.898056
70000289464.764099
70000443265.290558
70000095354.690613
70000247339.379639
70000980850.981674
70000517404.814575
70000915168.758743
70000228900.759171
1.000000
70000730789.983017
70000364876.608597
70000461216.117630
70000286665.405487
70000191459.098373
1.000000
70000209729.263733
1.000000
70000567271.839188
70000881789.292435
70000544305.949615
70000860190.104538
1.000000
70000025744.365646
70000422445.363190
70000387334.123337
70000212846.746841
70000672935.510559
70000334679.088364
70000655682.815536
70000555783.154358
70000647084.309875
70000641768.849731
70000109109.501617
70000153463.893036
70000123852.428986
70000106582.151230
70000504025.830078
70000705719.303253
70000155976.858932
70000464589.588928
70000773748.465607
70000773290.530823
70000914676.543625
70000982025.579590
70000956987.857132
70000960148.201355
70000645064.272369
70000364120.875229
70000215682.994812
70000112448.770706
70000986180.556915
70000567079.421402
70000916866.757019
70000001752.655289
70000778319.852325
1.000000
70000212584.771194
70000350372.848328
70000331176.969559
70000158034.388458
70000643151.955933
1.000000
70000371976.875000
70000756331.470352
70000701030.527817
70000492411.736603
70000094865.627899
70000785131.658600
70000429557.809586
70000556902.167755
70000087751.835297
70000560534.198441
70000501081.668625
70000277156.977539
70000639923.843384
70000243120.519196
70000251529.712448
70000472894.723038
70000306951.451508
70000840637.560593
70000454732.468933
70000851380.176498
70000823042.147324
70000883927.938217
1.000000
70000096099.302795
70000936318.453827
70000430943.196106
70000975038.879791
70000174897.609650
70000246382.918381
70000766381.344315
70000463732.249573
70000966862.628693
70000202336.106781
70000383436.504745
70000446573.355087
70000819871.325272
70000138359.043243
1.000000
70000317210.321640
70000741435.971512
70000430807.567505
70000782996.731247
70000400859.658737
70000990710.355499
70000545515.029358
70000369477.715103
70000640034.634109
70000789883.976486
70000699115.601562
70000727401.121689
70000083582.012405
70000605956.530090
70000853522.428528
70000975881.159149
70000474382.430832
70000687615.118088
70000885633.028091
70000984819.645813
70000248431.707794
70000320337.176437
70000317650.274277
70000912600.813934
70000720315.737915
70000569558.809631
70000869541.414993
70000521820.109573
70000874162.005356
70000725898.876816
70000674235.081665
70000682260.765259
70000197769.912170
1.000000
1.000000
70000058386.830139
70000369252.715073
70000827163.090973
70000436665.478714
1.000000
70000844162.421219
70000632440.214035
70000535053.584930
70000110198.397308
70000357008.654541
70000791057.278809
70000284480.763901
0.33
 0 0 0 0 0 0 0 0 0 0 0 0 0
