1 401
70000952243.475250
1.000000
70000019009.457626
70000805543.596176
70000296549.391190
70000279555.714218
70000930481.844849
70000872511.244568
70000668959.682220
70000461073.162186
70000206773.938278
70000885595.357849
70000841836.681747
70000522802.728592
70000848974.595276
70000174914.086197
70000641731.622070
70000907892.865784
70000866687.732040
70000335173.872849
70000513309.624680
70000448573.910461
70000962423.342300
1.000000
70000548747.518768
70000080819.818115
70000977264.418869
70000481061.191513
70000689084.621307
70000618770.754135
70000148445.224075
70000872105.333038
70000233077.768387
70000130844.659073
70000792270.677795
70000053765.068588
70000454806.825546
70000774783.170258
70000595725.825821
70000389383.559326
70000058597.175552
70000681245.727539
70000154415.290344
70000244623.440918
70000013010.148300
70000347198.650299
1.000000
1.000000
70000840176.190414
70000579699.410492
70000028559.277039
70000769769.241013
70000938700.655548
70000664881.592438
70000040510.628281
70000646070.172318
70000407589.134689
70000466208.953461
70000184224.682449
70000004956.597427
70000245615.417572
70000225903.814377
70000645655.611771
70000037327.613327
1.000000
70000048859.405380
70000495252.211472
70000577004.818253
70000421855.985687
70000847378.458603
70000468946.608185
70000401273.601379
70000563202.806290
70000485130.404556
70000885081.991547
70000767789.273651
1.000000
70000995296.438171
70000798649.694809
70000721861.610489
70000123475.500153
70000132360.779968
70000273595.419861
70000915738.799454
70000640418.487259
70000675346.606064
70000259103.393219
70000134869.544037
70000595208.213806
70000975474.862625
70000908971.547012
70000486293.944092
70000134093.822113
70000506034.282623
70000157065.333618
70000173044.013596
70000675603.865173
70000074506.366043
70000079290.121628
70000163832.278763
70000949510.914871
70000350266.584396
70000626089.561935
70000140279.189957
70000000289.657379
70000526482.159592
70000667108.937042
70000580299.605118
70000445523.046173
70000013853.771240
70000089934.296631
70000441712.764847
70000664385.164612
70000201930.229355
70000253015.391830
70000807889.698074
70000515586.746490
70000319529.777115
70000776221.833389
70000230959.864914
70000376363.039200
70000892288.518936
70000987092.269043
70000627528.664139
70000616792.197113
70000359598.952560
70000352402.478241
1.000000
70000069723.675400
70000165189.119797
70000302131.055374
70000904749.231827
70000700309.572296
70000640075.671204
70000733927.334808
70000303216.737061
70000328695.247543
70000027031.704544
70000146087.895081
70000844444.701263
70000120219.785278
70000417305.647964
70000572479.050049
1.000000
70000393941.484680
70000805790.183151
70000372681.164368
70000946770.973419
70000830363.758820
70000020746.283218
70000288947.728165
70000475514.032867
70000292633.393478
70000673702.725128
70000024900.404083
70000049396.408401
1.000000
70000224061.910660
70000829249.843689
70000163453.476028
70000557776.392654
70000265338.690369
70000527466.118149
70000382166.180542
70000026453.392059
70000740134.577667
70000888616.241776
70000047928.742828
70000123987.449966
70000422077.669296
70000933413.455780
70000330726.679352
1.000000
70000650228.278946
70000468382.857590
70000189433.582779
70000807412.472946
70000277655.728470
70000819704.395142
70000735218.386063
70000192118.929810
70000073483.487595
70000594218.607529
70000963063.807480
70000646112.211456
70000017846.365448
1.000000
70000149679.618896
70000903555.187073
70000349396.065689
70000415239.664795
70000341880.327438
1.000000
70000140194.273010
70000813886.623337
70000845721.200607
70000533370.358826
70000018466.442200
70000095595.557648
70000609592.476379
70000178748.431030
70000000035.069687
70000379422.250778
70000047921.391373
70000652043.345490
70000870932.674545
70000757206.829865
70000346177.081665
70000121278.422974
70000459332.650406
70000397799.479614
70000792251.314072
70000386592.703110
70000983872.754288
70000755284.232208
70000197649.528961
70000965617.351715
70000876156.889038
70000601209.707764
70000886587.363602
70000447828.401901
70000288734.738632
70000138681.175430
70000847168.251175
70000794391.322098
70000986402.660263
70000656873.291779
70000516793.530792
70000156202.006958
70000359413.149948
70000596677.706375
70000452757.037308
70000412565.715744
70000674524.981644
70000145098.087952
70000596733.356522
1.000000
70000509455.847672
70000197874.236603
70000993107.895096
70000182940.933121
70000457775.006180
70000864484.101990
70000618499.836914
70000923448.899445
70000242844.227707
70000373594.848694
70000981523.418152
70000799549.308609
70000686829.601562
70000097108.816422
70000239460.784164
70000114105.525833
70000652153.618484
70000523189.205338
70000762675.685684
1.000000
1.000000
70000285983.521255
70000479306.921997
70000634083.234375
70000072044.240768
70000587136.078812
70000966033.116440
70000364901.313019
70000462895.324020
70000915787.011917
70000342096.500015
70000557808.455887
70000265785.391602
70000167358.020798
70000755726.887512
70000816954.329193
70000971182.278381
70000537571.110733
70000751513.211899
70000294458.599106
70000868312.049728
1.000000
70000756367.998703
1.000000
70000832034.258209
70000445476.975937
70000183567.285553
70000812745.938583
70000110411.434097
70000659593.945618
70000733959.792221
70000258353.753403
70000125199.025024
70000839051.434708
70000894488.870377
70000554088.195755
70000790940.230438
70000965220.014572
70000832637.708542
70000266038.788467
1.000000
70000109585.351761
70000263042.009964
70000416879.314362
70000792229.787155
70000480690.124054
70000394259.719711
70000195694.075470
70000137105.864426
70000609668.465714
70000858651.679459
70000638826.771332
1.000000
70000983627.996628
70000688958.455872
70000029266.756073
70000157447.109360
70000080752.814148
1.000000
1.000000
70000806650.462082
70000178919.473755
70000874766.507599
70000081301.685043
70000001213.478897
70000253258.060196
70000450621.997772
70000405208.749054
70000181709.270844
70000839749.731140
70000617234.188400
70000994789.177368
70000437713.490356
70000466695.305801
70000053681.317505
70000054381.214050
70000212077.080765
70000991004.594284
70000883412.226028
70000822137.935043
70000563595.988510
70000198268.322311
70000997291.194565
70000280837.838409
70000207824.249054
70000463831.871445
70000634973.067963
70000764373.845535
70000275834.703064
70000470287.519180
70000950457.156906
70000041262.194138
70000156650.039642
70000078201.207367
70000672531.912735
70000831985.653763
70000782745.936874
70000137487.915436
70000395565.545944
70000191626.401550
70000617314.861755
70000109813.406570
70000885418.392731
70000034919.937988
70000780429.243729
70000721361.299713
70000254231.428665
70000589324.245209
70000237308.386414
70000676285.396942
70000882988.981293
70000596064.720245
70000277353.659302
70000308799.611511
70000958450.342606
70000739179.099258
70000695192.174835
70000647285.684006
70000918557.943481
70000119770.734070
70000940697.278961
70000675664.561935
70000292781.515839
70000786865.710220
70000762197.775681
70000697615.452774
70000883404.188232
70000563939.462173
1.000000
70000362016.705124
70000633748.179672
70000332876.064240
70000652025.026871
70000987236.460770
70000921437.327423
70000397713.018494
70000353189.175735
70000475559.454086
70000772341.406555
70000221306.715302
70000839959.191254
70000975090.208694
70000070728.273010
0.33
 0 0 0 0 0 0 0 0 0 0 0 0 0
