1 401
70000590810.534271
70000731197.333710
70000209823.579086
70000063574.926682
70000315346.697037
70000597135.030045
70000627901.510101
70000487936.519928
70000135099.534515
70000982556.703918
70000360981.720657
70000781548.960907
70000813170.977142
70000623120.070282
70000560482.076294
70000640435.038162
70000646020.015350
70000611758.716782
70000345710.128769
70000649862.606995
70000394841.816620
70000381599.898697
70000385590.669067
70000563373.500366
70000649021.612915
70000423986.518478
70000802625.546249
70000763493.707443
70000190428.764008
70000028469.010483
70000954485.163513
70000849246.468155
70000807067.355133
70000651972.131531
70000000466.706329
70000341644.901871
70000386623.455627
70000903829.277588
70000892904.559799
70000730654.929581
70000809952.638779
70000779782.594772
70000561212.631851
70000078447.979645
70000456599.025452
70000447193.378357
70000874184.701691
70000227775.428253
70000856875.097351
70000920549.152756
70000539592.942734
70000691066.624100
70000510794.445831
70000070635.976562
70000500633.517960
70000362047.117310
70000369422.810089
70000055229.095581
1.000000
70000725618.347931
70000460655.259430
70000092754.501068
70000692576.516037
70000728619.769409
70000893724.455887
70000997706.231247
70000657080.861206
70000687221.152313
70000346810.592453
70000426749.638794
1.000000
70000579615.726501
70000366722.479156
70000444018.516739
70000812770.098831
70000316166.723495
70000384640.701096
70000626857.783127
70000794909.366959
70000511670.716965
70000071370.869003
70000453069.580902
70000017163.911972
70000449071.251175
70000571946.187668
70000167305.470261
70000187624.029770
70000827265.721771
70000650269.737549
70000493174.415115
70000894664.494232
70000261085.794724
1.000000
70000087359.229843
70000218985.076660
70000612317.937592
70000108951.956177
70000840352.457581
70000707297.530960
70000842831.311722
70000631863.747604
70000475164.537750
70000083313.944977
70000761610.847580
70000012483.980118
70000071882.510696
1.000000
70000869249.548096
70000418972.718307
70000163969.430206
70000716379.139191
70000019337.530472
70000082895.658981
70000959262.117996
70000221018.870850
70000862372.383530
70000524782.444138
70000396691.981812
70000219214.821426
70000929097.092224
70000546514.763412
70000146457.162537
70000573233.232559
70000275698.346329
70000452381.774353
70000583572.105225
70000095505.083054
70000851539.063034
70000584032.822205
70000652210.014313
70000408198.904236
70000524785.548615
70000036083.773468
70000842507.166122
70000402199.381058
70000865071.411102
70000813395.384018
70000894094.667358
1.000000
70000504024.159164
70000462510.769882
1.000000
70000946126.279037
70000344213.897385
70000655780.566559
70000106132.755966
70000336068.683472
70000950191.115173
70000599081.792892
70000552250.894684
70000466970.863098
70000170777.531067
1.000000
70000510694.588654
70000473781.037201
70000212241.812683
70000590558.452408
70000264223.706238
70000376694.038925
1.000000
70000895468.707764
70000129102.190292
70000959662.492218
70000998303.556015
70000890188.300323
70000352994.953293
1.000000
70000518206.946335
70000512074.107254
1.000000
70000764187.891602
70000909151.776855
70000868879.224503
70000704689.454300
70000452912.651733
70000255070.137268
1.000000
70000719271.539001
70000133125.600327
70000428616.187683
70000533092.990112
70000775283.809479
70000964782.110046
1.000000
70000092686.192856
70000755052.907227
70000768639.442596
70000337782.872314
70000235688.893280
70000473776.569809
70000897142.323929
70000644697.887848
70000409788.226898
70000247019.970108
70000633840.901657
1.000000
70000499591.089874
70000395564.409378
70000541776.815536
70000448585.129288
70000222373.212723
70000531697.086960
70000807199.407166
70000375670.063766
70000855767.944427
70000288425.107971
70000104947.872437
70000948743.224457
70000786197.581833
70000076451.291092
70000118992.501083
70000001315.078232
70000078881.987762
70000061963.212662
70000784612.907318
70000405437.919159
1.000000
70000137863.724350
70000570375.900681
1.000000
70000663724.302048
70000590893.365662
70000051756.206482
70000752615.789566
70000797286.949036
70000658390.778595
70000161683.749542
70000125094.552795
70000704911.219635
70000759649.414780
70000126579.245590
70000944964.572937
70000759492.036667
70000718305.611252
70000762963.282318
70000077438.258423
70000751899.911835
70000586493.668396
70000049787.655472
70000929872.679626
70000831864.789490
70000481741.864761
70000463172.417389
70000364786.543808
70000808393.498734
1.000000
70000154354.852554
70000234157.934708
70000807408.446548
70000055712.880737
70000746182.215591
70000724974.911636
70000103295.001358
70000966084.876175
70000419285.891922
70000341854.942383
70000444893.401505
70000330771.055771
70000217484.430420
70000114115.542831
70000782323.088516
70000476083.475967
70000007922.713120
70000235983.487717
70000258979.489761
70000515360.345490
70000456302.313522
70000542037.425613
70000129512.542496
70000706834.041672
70000480203.449295
1.000000
1.000000
70000736525.981018
70000025514.018311
70000973226.593018
70000531912.230164
70000183993.308777
1.000000
70000186391.869629
1.000000
70000008194.018906
70000714818.558334
70000538700.158813
70000179668.463028
70000382146.759857
70000132308.118027
70000769875.090393
70000002010.015900
70000207482.784760
70000717182.281311
70000629705.198547
70000923132.876602
70000384496.260132
70000881823.823563
1.000000
70000205237.488663
70000008323.052002
70000067947.276245
70000341332.151550
70000644596.086807
70000116338.046402
70000592403.325806
70000806550.744141
70000336056.266220
70000282733.550537
70000563126.456299
70000682311.146103
70000078857.276520
70000064868.747940
70000091481.704849
70000505993.572250
70000336404.517120
70000178153.182297
70000210188.692581
70000629108.518829
70000501331.569244
70000675332.137268
70000233346.485092
70000690652.173126
70000066485.982727
70000091698.943008
70000553178.622986
70000694688.210419
70000902661.960037
70000564808.681473
70000555847.540634
70000502529.649124
70000191878.309052
70000368727.959778
70000116384.328781
70000612127.620102
70000785865.774277
70000465394.334442
1.000000
70000093696.415054
70000524817.152969
70000823883.332031
70000089443.803040
70000994332.164703
70000110606.008499
70000553065.955490
70000114762.273712
70000264557.823166
70000200314.669601
70000535658.866074
70000726362.977249
70000051309.835236
70000673982.312561
70000290912.202148
70000542690.410507
70000374128.121704
70000815303.012436
70000258582.594620
70000994564.106247
1.000000
70000493476.854294
70000181409.263626
70000442507.692856
1.000000
70000725384.560547
70000975729.765915
70000797151.751846
70000464546.833374
70000852479.385651
70000653172.822769
1.000000
70000587777.973145
70000684255.562286
70000632935.540558
70000224270.216217
70000691468.637924
70000483767.657043
70000176495.404678
70000294755.248169
70000476636.584824
70000351165.931259
70000889246.588913
70000128794.766663
70000156989.986542
70000588324.266159
70000915126.287857
70000845612.952942
70000612535.190445
70000820521.107315
70000091077.356934
70000957796.858444
70000800698.519714
70000462863.565659
70000102004.033447
70000807814.237045
70000870270.976547
70000266448.575623
70000663496.249069
70000194819.377792
70000129731.110199
70000678644.596558
70000015756.581741
70000759336.536987
70000043836.564972
0.33
 0 0 0 0 0 0 0 0 0 0 0 0 0
