1 401
70000614787.304947
70000602777.823975
70000100445.468155
70000415325.091446
70000242296.487335
70000119794.561264
70000048142.924896
1.000000
70000544779.354843
1.000000
70000568136.185455
70000101206.519928
70000891761.118958
70000606559.487640
70000413819.316162
1.000000
70000910804.319916
70000484751.193283
70000741048.991440
70000561529.127777
70000500115.563766
70000646006.662811
70000739348.878860
70000010236.691589
70000643633.254242
1.000000
70000307090.209030
70000949334.944092
70000253960.691544
70000578695.444885
70000482509.468796
70000358334.168198
70000789373.976044
70000097626.010666
70000286953.124512
70000955951.606125
70000428012.250107
70000252337.731766
70000627655.766693
70000649276.626373
70000858866.130203
70000387384.261276
70000412390.906448
70000584298.584671
70000054725.668411
70000065557.696564
70000454077.862762
70000255553.037125
70000168577.085220
1.000000
70000159316.316132
70000343785.564407
70000378694.541580
70000640102.224152
70000650382.861282
70000698228.492279
70000130790.496277
70000630431.408310
70000206688.020081
70000637313.977509
70000388388.218887
70000271980.288483
70000237181.589462
70000581004.294693
70000704318.200409
70000450648.145264
70000505341.203796
70000296579.886612
70000291378.892410
70000421318.143463
70000423373.209824
70000579533.631699
1.000000
70000708647.993393
70000918589.121628
70000774326.129730
70000152870.911469
70000193727.528946
70000315762.325027
70000202769.781036
70000777608.811462
1.000000
70000500910.362885
70000838149.957840
70000492409.188965
70000653960.894287
70000449139.013153
70000062618.812836
70000769582.118164
70000594695.691910
70000296443.569427
70000430940.389999
70000386576.903275
70000681574.418106
70000775872.119400
70000097055.212982
70000245804.195435
70000488380.328796
70000528618.509460
70000140317.158096
70000527633.302689
70000611164.713974
70000708481.998962
1.000000
70000997541.041092
70000889221.126144
70000335719.330612
70000980749.185242
70000827190.078598
70000452895.200562
70000762598.882446
70000688468.427811
70000476471.067169
70000620675.028488
70000623745.176880
70000798084.803146
70000352896.332443
70000224648.205734
70000279382.277634
70000701962.272049
70000702122.704071
70000703655.820023
70000295998.447937
70000675209.965683
70000830231.724625
70000356906.878098
70000789626.814224
70000355072.993179
70000611567.477783
70000726773.803436
70000486373.569489
70000535208.455872
70000379125.653931
70000182728.241333
70000424119.989319
70000979739.421646
1.000000
70000815079.239944
70000703437.359039
70000125632.795609
1.000000
70000221430.804001
70000540752.015121
70000655788.873337
70000854658.725525
1.000000
70000675491.132370
70000337791.979980
70000255772.245117
70000720136.355209
70000095553.027206
70000739010.529449
70000170659.882736
1.000000
70000789305.496918
70000960673.049637
70000338814.193298
70000567212.044189
70000272236.544052
70000756224.518631
70000670212.826035
70000780492.036316
70000881753.240219
70000209673.415115
1.000000
70000998472.032333
70000903751.312317
70000318245.064957
70000781074.738861
70000017069.390930
1.000000
70000441689.713058
1.000000
70000495124.788589
70000650630.002029
70000547230.753067
1.000000
70000626214.797363
70000052456.366776
70000078572.405060
1.000000
70000768079.551834
70000059201.048630
70000468586.978271
70000806746.490738
70000827333.264496
70000053882.927994
70000217019.777451
70000752258.577347
70000889267.960144
70000915788.325882
70000258497.659729
70000666500.764084
70000850561.495590
70000606215.951309
70000432888.359528
70000720205.182175
70000176859.455765
70000989723.280014
70000617808.311066
1.000000
70000231647.571640
70000747935.414352
70000632035.820526
70000391500.416641
70000504619.966339
70000348282.487183
70000044389.526779
70000878742.764694
70000805440.186127
70000994430.559891
70000050443.075348
70000571198.623001
70000357463.794266
70000089555.818954
70000916393.426224
70000242190.729233
70000475939.765366
70000587682.062347
70000832904.067215
70000301747.230209
70000879824.684036
1.000000
70000326555.493866
70000253018.838867
70000184564.339981
70000578100.829086
70000170712.444824
70000418420.242798
70000979974.151154
70000021070.408783
70000754515.943924
70000768870.300522
70000362879.241074
70000934784.446045
70000149090.927414
70000453523.280029
70000086264.092728
70000868750.995895
70000759079.673233
70000140355.483856
70000004421.866959
70000206258.510803
70000218545.129929
70000433192.531662
70000707170.269104
70000682047.032196
70000943302.907227
70000379092.780930
70000167865.043350
70000444968.749039
70000137609.159561
70000911113.319946
70000156301.598831
70000788978.413101
70000127729.536392
70000886739.936050
70000833748.351547
70000425506.804382
70000475743.480927
70000893303.862762
70000069409.973907
70000165537.841049
70000546111.364685
70000954973.220078
70000566413.765091
70000048671.395447
1.000000
70000763570.489990
70000530993.013443
70000526860.221359
70000116723.585831
70000396580.454483
70000066261.144531
70000839510.676682
70000313223.824005
70000651986.342926
70000316407.725204
70000208974.022568
70000824670.006271
70000442746.365067
70000792941.658005
70000960754.668411
70000222519.128769
70000818626.556686
70000913502.818039
70000379196.402008
70000499013.067566
70000826138.090591
70000566367.329010
70000820258.637222
70000367833.767731
70000213464.134659
70000271290.169098
70000300163.466827
70000147879.659714
70000688274.014053
70000656711.513138
70000436295.773254
1.000000
70000688791.515991
70000347615.535202
70000467321.506287
70000634355.317139
70000190877.194885
70000956119.084534
70000130575.944733
70000367191.204651
70000366281.060516
70000392827.067215
70000821256.292831
70000225374.096085
70000134458.613983
70000496578.380875
70000680987.403687
1.000000
70000035408.250320
70000289307.373154
70000148909.134109
70000022070.130753
1.000000
70000161991.729416
70000304323.605347
70000120637.983459
70000133349.154648
70000707636.145691
1.000000
70000538250.881348
70000830468.827286
70000575512.616135
70000702432.268280
70000351795.097595
70000455769.734970
70000595675.777588
70000758699.935043
70000166931.152649
70000819649.001251
70000375139.486542
70000256127.457397
1.000000
70000150840.682022
70000311169.257767
70000617547.216537
70000514688.860046
70000600453.110138
70000910494.396637
70000201673.833084
70000502223.974091
70000702634.869843
70000551169.198822
70000424966.216965
1.000000
70000221118.280792
70000565403.250366
70000538086.936981
70000685890.533325
70000707857.392563
70000500376.771271
70000035449.231201
70000947665.067062
70000300145.666641
70000642810.355911
70000904932.947617
70000431994.574966
1.000000
70000748531.309845
70000595341.314133
70000982228.892441
70000409625.286148
70000208878.829880
1.000000
70000657919.105682
70000863851.407974
70000163621.037338
70000274554.748627
70000866491.505219
70000994043.952698
70000043886.643250
70000838222.740906
70000183013.450562
70000552113.004913
1.000000
70000073082.618332
70000744312.531723
70000796845.509583
70000657932.717682
70000780911.315826
70000642539.837952
70000061466.182510
70000805628.520432
70000627255.400436
70000909844.014206
70000442752.968460
70000046500.842056
70000052132.156860
70000530090.138947
70000167840.864883
1.000000
70000124895.254883
70000551551.756577
0.33
 0 0 0 0 0 0 0 0 0 0 0 0 0
