1 401
70000786515.239166
70000783553.710022
70000357795.783447
70000424958.604721
70000578435.895111
70000884319.363663
70000715636.055893
70000659123.277557
70000765610.364166
70000646424.075653
70000806624.715775
70000301956.168640
70000495945.572769
1.000000
70000571212.599762
70000728287.506683
70000451585.126755
70000814722.868469
70000741767.471329
70000054250.060120
70000563321.533417
70000243687.893448
70000276766.199341
70000578543.754242
70000734640.186371
70000779851.581528
70000352288.173294
70000747022.796173
70000400344.368011
70000641824.628372
70000436888.565018
70000282251.898956
70000400778.126495
70000830066.224152
70000896454.317368
70000484534.313492
70000430318.652679
70000571439.936539
70000268061.161880
70000189319.013992
70000539357.836182
1.000000
1.000000
70000237273.440857
70000963291.777328
70000545910.498566
70000371958.642090
70000840206.434769
70000483642.514404
70000860361.581039
70000419403.692520
1.000000
70000338128.857758
70000454644.550110
70000963798.191299
70000758487.444504
70000107610.112076
1.000000
70000259359.317307
70000731078.065338
1.000000
70000425742.272949
70000706663.071838
70000313442.692032
70000603300.958115
70000295611.792557
70000490347.740326
70000848963.801453
70000844723.164993
70000479070.018951
70000428710.397400
70000778423.501831
70000961144.615158
70000944061.041916
70000824649.413361
70000467605.863602
70000835208.962540
70000832199.230713
70000628501.756531
70000692361.743835
70000090377.018387
70000583494.479904
70000756973.719086
70000300176.740982
70000872327.152039
70000369285.296494
70000247017.327988
70000593730.130661
70000756192.552658
70000260351.592941
70000892911.638214
70000561263.602036
70000545035.198074
70000170269.417252
70000821324.126175
70000217725.946899
70000147925.159607
70000549711.312958
70000514595.449188
70000729350.938065
70000866609.643829
70000060337.392914
70000113126.760788
70000729011.887268
70000555512.575180
70000371495.139633
70000239914.627411
70000618674.687973
70000653451.332672
70000171802.199234
70000913603.383682
70000532113.523361
70000240878.826996
70000209088.672836
70000531915.291519
70000634574.804306
70000118000.469040
70000952708.590195
70000550612.043549
70000550886.326385
70000146291.645721
70000178368.805939
70000607878.482025
70000594574.074112
70000158764.747131
70000250288.609604
70000981513.282608
70000913264.558044
70000985305.337372
1.000000
70000187816.192719
70000845491.248093
70000901342.666519
70000594181.282074
70000039336.502121
70000419231.188156
70000796727.754501
70000691944.791443
70000922134.160416
70000350677.891907
70000342294.099854
70000353808.748871
70000018162.212662
70000059716.420471
70000814609.948700
70000427719.840347
70000756961.082642
70000317307.636108
70000875349.762939
70000815210.561722
70000471588.574432
1.000000
1.000000
70000119158.169495
1.000000
70000835863.459579
70000749755.505661
70000155193.587418
70000834538.351120
70000033079.765732
70000604628.802155
70000474074.653137
70000305552.941757
70000310651.482910
70000668930.729950
70000990815.849518
70000752614.606995
70000840554.882965
70000460719.090317
70000997297.358078
70000175372.195709
70000115083.077515
70000869295.150055
1.000000
70000619276.465485
70000578454.763321
70000387665.322083
70000535038.883652
70000943790.119812
70000038035.355194
70000375647.691818
70000949704.914032
70000330061.237625
70000370399.636154
70000876795.572083
70000967517.397827
70000437192.024216
70000468671.686050
70000773558.679428
70000836296.114548
70000497276.989212
70000549683.139267
1.000000
70000359205.014877
70000187669.608032
70000545344.996368
70000317298.107285
70000540171.993088
70000176866.752716
70000033820.300735
70000030243.624542
1.000000
70000516567.502579
1.000000
70000444036.341965
70000958463.125122
70000913780.607712
70000088637.616470
70000467609.540909
70000768286.537125
70000963109.151840
70000419903.772263
70000993000.306717
70000925040.950638
70000980719.732529
70000811486.176544
70000643940.342636
70000695968.666840
70000200879.529175
1.000000
70000349028.868179
70000761986.176422
1.000000
70000838776.416183
70000734863.513885
70000669497.531342
70000318428.783417
70000981207.297104
70000852133.503540
70000133077.511185
70000023168.486649
70000666205.881134
70000790143.949371
70000696070.983154
70000029160.923965
1.000000
1.000000
1.000000
1.000000
70000387355.058914
70000151001.900055
70000475783.777603
70000821963.595871
70000623025.168625
1.000000
70000568922.499573
70000715275.161911
70000307095.655075
70000486843.870514
70000737210.753998
70000225641.162064
70000239631.184189
70000027087.182388
70000752568.931396
70000822334.780396
70000508638.973770
70000528890.433151
70000408712.212814
70000872014.147903
70000338456.188599
70000704399.525574
70000786047.360504
70000376896.774277
70000603779.704330
70000477580.195694
70000826938.177399
70000125395.776031
70000622648.128494
70000972651.071442
70000203747.747269
70000668063.102783
70000809614.167160
70000937248.470291
70000937664.606964
70000108238.261505
70000913095.006180
70000429864.420822
70000302830.207611
70000315394.324860
70000181368.702744
70000151556.777679
70000188276.509064
70000242933.104675
70000569048.310898
70000249896.697235
70000757135.423111
1.000000
70000635108.283157
70000781897.836563
70000930346.053360
70000941882.310867
70000864436.103363
70000556103.771545
70000261342.601257
70000262316.411545
70000808687.990158
1.000000
70000089530.193619
70000252881.360916
70000679713.320526
70000647106.456131
70000841035.792862
70000584564.417343
70000538369.089355
70000792732.144547
70000555305.866928
70000439045.326965
1.000000
70000726448.440765
70000233772.786972
70000856702.305191
70000623446.888229
1.000000
1.000000
70000134458.781952
70000812218.721710
70000586905.408829
70000348589.898361
70000232067.631927
70000761697.752518
70000135435.236816
70000619188.196762
70000749709.811005
70000108734.689453
70000522171.936142
70000860095.071335
70000426540.798676
1.000000
70000560757.471848
70000175454.202789
70000740287.641129
70000342642.325714
70000569505.372330
70000909947.379456
70000863141.128540
70000046722.504318
70000186267.250183
70000388895.861023
70000586556.563354
70000987469.690750
70000816929.248123
70000572643.092850
70000600038.947342
70000386071.009369
70000719342.453430
70000503446.554565
70000148184.898712
70000993856.599182
70000971225.016144
70000673277.299515
70000840648.564377
70000028599.978851
70000875465.925308
70000188176.583344
70000985908.336060
70000900225.233078
70000478666.996750
70000610144.116089
70000472496.055145
70000526291.254944
70000292841.042145
70000258315.544861
70000907354.601837
70000822651.116196
70000315339.129761
70000485814.469437
1.000000
70000906637.735138
70000756419.169113
70000654392.943695
70000428798.433975
70000535335.830231
70000532602.582581
70000048100.176163
70000374482.097321
70000190581.396545
70000907469.495789
70000227604.449066
70000742028.132294
70000441303.646561
70000400576.546616
1.000000
70000899459.565216
70000135944.125717
70000896867.722855
70000752396.212555
70000705549.721664
70000967475.628082
70000379703.669647
70000567650.455627
70000426029.765839
70000380058.354553
70000211087.007660
70000067210.364288
70000759858.483307
70000496022.587448
70000552401.325119
70000828179.173401
70000204987.759216
1.000000
0.33
 0 0 0 0 0 0 0 0 0 0 0 0 0
