1 401
70000424088.415619
70000527398.947998
70000731111.596527
70000085980.110947
70000576433.037277
70000763018.351120
1.000000
70000878839.743698
70000033659.244705
70000607402.375244
70000845988.397308
70000464724.177658
1.000000
70000867716.684418
70000395955.535339
1.000000
70000974016.506073
70000316515.652527
70000020793.327972
70000473674.274185
70000436277.850433
70000206721.061661
70000376819.102142
70000261023.540497
1.000000
70000499725.527496
70000626836.728821
70000893332.436569
70000378898.489197
70000595827.238770
70000007981.537354
70000731147.071762
1.000000
70000154200.237579
70000377236.600494
70000444760.567322
70000186509.828781
70000761410.755051
70000037299.739548
70000991834.931229
70000672824.117584
70000243076.906311
70000692008.795746
70000138043.562851
70000695581.336700
70000989155.588562
70000541631.106018
70000717307.715546
70000609453.525314
70000920075.057831
70000268142.194412
1.000000
70000745987.158310
70000433255.669800
70000360677.416290
70000034703.623199
70000760432.187485
70000038305.262344
70000068352.580627
70000282789.456131
1.000000
70000005641.818741
70000471991.430328
70000093579.371674
1.000000
1.000000
70000815752.953079
70000739003.241699
70000441891.167358
70000286063.281464
70000163346.280930
70000273268.547943
70000266356.184036
70000167719.589905
70000314820.291840
70000685544.947433
70000770972.798981
70000674113.319839
70000706430.065964
70000211357.964417
1.000000
70000471298.028061
70000127432.047562
70000504984.860840
70000049033.825638
70000457067.553314
70000595438.093674
70000459678.778137
70000881998.761459
70000803294.514771
70000522330.404068
70000195637.013153
1.000000
70000934702.014023
70000180890.660889
70000004616.313477
70000497723.845490
70000155114.224121
70000832018.036362
70000032256.230087
70000391463.356125
70000728051.292542
70000605935.798294
70000395008.514893
70000545655.397797
70000609847.651443
70000637922.683792
70000810312.775604
70000127823.468628
70000176821.867294
70000166480.040222
70000239457.754593
70000380055.557648
70000130381.523148
70000522623.147964
1.000000
70000363939.334229
70000768462.414337
70000744839.732590
70000474405.609802
70000143234.371597
1.000000
70000114958.490616
70000246767.186539
70000874393.515167
70000359382.988464
70000322214.229935
70000436279.572617
70000563650.152771
70000895567.951736
70000155427.686295
70000139794.148926
70000537799.019867
70000975309.729477
70000319181.761047
70000303184.446808
1.000000
70000822934.514679
70000905006.040024
70000985366.367599
70000398732.947174
70000165240.504532
70000068333.372192
70000015540.965591
1.000000
70000645161.775085
70000184199.446655
70000402089.182373
70000735215.732468
70000079862.574020
70000584316.856552
70000719711.348541
1.000000
70000278007.777847
70000577806.747177
70000756573.987488
1.000000
70000807509.584702
70000174849.481735
70000884751.206161
70000540022.826660
70000880165.757111
70000001264.420029
70000038802.233017
70000622242.898758
70000454812.533417
70000886109.324402
70000532745.118164
70000266480.298737
70000223263.741013
70000554902.903000
70000330129.408951
70000699754.413406
70000592639.188629
70000927303.773010
70000303986.440186
70000487291.268707
70000854945.534042
70000261923.169708
70000869536.167053
70000962776.249649
70000970419.270416
70000326293.321350
70000249604.759186
70000304082.572021
70000996557.407089
70000075587.774231
70000865513.770950
70000855110.084915
70000916978.381821
70000954618.953857
70000285112.788956
70000915310.938705
70000718863.022278
70000327310.399414
70000628964.145462
70000964849.326141
70000930916.131943
70000466953.818512
70000813817.103516
70000550266.444962
70000362118.927048
70000281200.064056
70000455065.766281
70000117981.289185
70000047948.200745
70000966606.533630
70000570129.981247
70000786603.386856
70000917655.145447
70000472597.452148
70000332884.908356
70000687013.613770
70000668104.258972
70000681933.649689
70000437212.733948
70000112200.383820
70000407920.606171
70000493690.634781
70000738223.666916
70000233153.863419
70000387385.775940
70000021943.044373
70000272956.254181
70000637233.198288
70000828114.900452
1.000000
70000501311.451004
1.000000
70000185195.372849
70000684871.321869
70000725114.761856
70000530346.644852
70000172782.545944
70000110550.762939
1.000000
70000857225.718018
70000643336.222244
70000572089.345901
70000019060.792862
70000305889.022522
70000677862.998032
70000788967.244659
70000154243.112793
70000737664.650360
70000160754.949799
70000351952.097534
70000174029.227524
70000030242.379730
70000326214.396103
70000954404.210373
70000458229.561432
70000316056.465652
70000296805.351837
70000350845.238251
70000795640.071640
70000039455.009216
70000812392.305298
70000313998.990646
70000051318.237976
1.000000
70000423137.059494
70000142637.022049
70000467555.294754
70000182198.858261
70000685505.328262
70000831484.442780
70000368740.196640
70000036422.490097
70000104590.465942
70000826848.209976
70000151139.728989
70000275386.289581
1.000000
70000255581.969177
70000311451.502777
70000442604.594101
70000079210.799255
70000022596.403870
70000374467.930618
70000776280.312347
70000739306.427414
1.000000
70000752017.178375
70000088403.460098
70000183555.673904
70000939926.591782
70000918687.080185
70000266335.976273
70000647269.341492
70000534472.588669
70000463201.771774
70000792518.382339
70000618759.325195
70000527026.394516
70000288540.979874
70000752276.700638
70000003777.238251
70000419004.432983
70000258061.919983
70000513576.093689
70000676797.785461
70000829317.253922
70000431119.120178
70000602583.505463
70000512480.479233
70000245536.792343
70000433985.121048
70000023791.185669
70000097881.912811
70000961447.744461
70000520439.041779
70000694258.716873
70000280271.243958
70000978783.082764
70000345777.728897
70000604418.796143
70000330991.941238
70000385659.827454
70000997792.230087
70000564751.148682
70000999887.011124
70000062228.743179
70000512765.596222
70000131185.769699
70000543883.111359
70000406329.187119
70000073635.346329
70000295154.767685
70000802337.588242
70000502941.608109
70000428276.383514
70000477319.804138
70000246123.416428
70000917063.721756
70000872662.389099
70000001812.054138
70000391361.460999
70000267061.283371
70000444943.454071
70000071995.988373
70000207307.160660
70000980076.066711
70000801849.719818
70000898089.408005
70000566132.722839
70000881285.141357
70000542308.117981
1.000000
70000687657.859497
70000551633.305252
1.000000
70000745414.912521
70000686018.239120
70000512234.238602
70000771586.828064
70000688789.786316
70000061262.646454
70000221132.055588
70000948000.171310
70000285687.178009
70000711306.809189
70000521352.635483
70000076080.491394
70000926553.243317
70000151249.271027
70000541645.275726
70000299901.719696
70000902449.922409
70000146853.628540
70000583496.657135
70000826331.089386
70000139722.858459
70000955115.927628
70000295488.974442
70000130279.509140
70000592360.854843
70000218490.568924
70000854980.246033
1.000000
70000954114.006989
70000775254.877289
1.000000
70000459597.147308
70000185213.390533
70000789639.616943
70000618871.398758
70000591467.990295
70000143881.278854
70000774014.941116
70000286863.565567
70000000047.295746
70000117512.953568
70000925047.720474
70000992549.532089
70000021120.605911
70000844051.466583
1.000000
70000045810.965714
70000574312.238525
0.33
 0 0 0 0 0 0 0 0 0 0 0 0 0
