1 401
70000781330.336426
1.000000
70000464732.899384
70000533542.226715
70000021540.245621
70000309072.082184
70000727625.788696
70000245997.277954
70000524317.653030
70000224500.347260
70000369822.520660
70000535941.849457
70000399577.036301
70000674637.762817
70000446779.167923
70000201670.071564
70000471422.891464
70000007426.250702
70000550508.054016
70000252692.639282
70000617201.547775
70000673252.421906
70000290867.029282
70000500938.147034
70000940947.217148
70000856617.118469
70000192745.763641
70000645111.067810
70000564960.653473
70000028112.464386
70000613272.257843
70000894645.265121
70000527859.677414
70000560899.635254
70000730575.295792
70000828300.974091
1.000000
70000687198.160736
1.000000
70000180836.782211
70000925662.717422
70000790432.352020
70000373247.424164
70000796065.411987
70000771577.568008
70000646750.481308
70000493266.908157
70000415452.138397
70000219853.535629
70000382902.425522
70000211248.839844
70000078870.557587
70000023410.519470
70000839065.810837
70000127489.566818
70000096936.813553
70000378691.723907
70000937653.448700
70000308612.095718
70000922817.101654
70000257059.894012
70000064244.397095
70000409327.879822
1.000000
70000428998.855927
70000577371.467896
70000308540.670731
70000068030.091721
70000012793.932007
70000346868.582977
70000076374.848419
70000835677.532333
70000332077.467743
70000601665.622864
70000697164.559753
70000686795.967270
70000651947.812332
70000046020.751190
70000030129.240509
1.000000
70000200433.213470
70000943192.657608
70000145384.232468
1.000000
70000926393.202881
70000149850.440704
70000990362.799133
70000298273.573837
70000748998.842575
70000663514.497330
70000646379.904404
70000133876.375504
70000115402.507660
70000417012.326447
70000647516.701736
70000541356.791824
70000756078.887497
70000340027.459671
70000073397.649719
70000086209.692932
70000921653.389694
1.000000
70000090394.224625
1.000000
70000636801.972321
70000081906.379852
70000200039.313431
70000628539.594070
1.000000
70000022655.864426
70000075266.984375
70000805142.899948
70000526841.718201
70000252916.621460
70000294881.651382
70000165269.763412
70000446541.505554
70000149479.799347
70000752771.631210
70000241095.531113
70000248515.939468
70000897777.110046
1.000000
70000344363.712463
70000735525.489197
70000280841.304749
70000385988.382874
70000584036.960831
70000832459.248657
70000286002.187302
70000249790.188110
70000690126.590332
70000302247.818024
70000127675.920670
70000462050.438110
70000561928.519806
70000087328.655334
70000789201.487854
70000696269.518738
70000414740.436234
70000578450.482147
70000765788.693253
70000757498.197311
70000947113.293182
70000802697.766220
70000471719.722702
70000738864.290359
70000292719.311508
70000203823.357803
70000715060.671387
70000943208.279816
70000489912.073868
70000284762.600449
70000222222.491608
70000792590.579758
70000849320.588348
70000753173.430832
70000022203.813065
70000902845.984863
70000172148.021805
70000866221.348618
70000873129.023560
1.000000
70000405879.421860
70000632450.357956
70000135661.213791
70000271361.590744
70000481487.639008
70000129973.432251
70000120457.527512
70000631189.441986
70000931215.779205
70000718997.091736
70000573466.178040
1.000000
70000501957.124771
70000016786.501389
70000350234.432144
70000242591.499069
70000242902.334229
70000080472.010132
70000902890.446548
1.000000
70000442370.762131
70000841346.257355
70000963028.217575
70000116124.784714
70000076137.865341
70000922416.829498
1.000000
70000635063.416901
70000945299.664902
70000798546.255386
70000257830.053452
1.000000
70000291870.769745
70000497904.060562
70000233897.316650
70000537216.192902
70000058717.899002
70000099641.187500
70000333203.119522
70000517020.005737
70000065731.464233
70000646791.446671
70000755966.751831
70000328985.618134
70000944127.168137
70000221698.204819
70000276269.713181
1.000000
70000137648.290649
70000749022.954117
70000011966.927292
70000391588.969360
70000293863.274429
1.000000
70000781495.391830
70000948515.820129
70000272057.180557
70000492416.499207
70000183055.337006
70000621534.856522
70000133534.044983
70000851719.353134
70000705781.420303
70000390035.550507
70000951793.875610
1.000000
70000789735.584106
70000304132.136032
70000519601.041412
70000902420.567932
70000950212.004440
70000157793.433640
70000599461.019135
70000587001.661850
70000761675.737686
1.000000
70000865585.615143
70000450081.299561
70000289476.024429
70000715871.563324
70000808291.528122
70000679000.477783
70000919505.561432
70000307983.460037
70000497794.644089
70000318433.491653
1.000000
70000486521.701218
70000487586.880600
70000717055.922699
70000661755.421005
70000856966.374786
70000382024.695358
70000664686.243484
70000678233.570465
70000144212.028168
70000242190.410889
70000604545.766403
70000027632.310730
70000528910.479858
70000459073.783691
70000031070.855957
70000656183.099655
70000909108.031982
70000311619.200760
70000144786.528900
70000528144.099762
70000009086.800507
70000124118.335205
70000288527.728226
70000753538.445816
70000678532.313019
70000332754.672165
70000258015.567978
70000465691.089111
70000211438.992050
70000655049.054474
70000678770.575272
70000734707.739670
70000322305.152603
70000654227.734772
70000777437.084518
70000824902.766907
1.000000
70000722966.424149
70000102230.301727
70000734746.345215
70000056557.907974
70000637710.823090
70000624072.985764
70000654914.752670
70000235262.753525
70000788347.803116
70000226077.305344
70000103526.949402
70000220377.122025
70000458982.405090
70000116405.380630
70000951641.003860
70000214769.264130
70000626127.750671
70000270518.131561
70000719722.221344
70000561796.313583
70000448122.746613
70000533884.749451
70000524371.198074
70000592546.289688
70000920803.596863
70000728270.814606
70000567269.367844
70000217518.223022
70000435794.253311
70000953101.163635
70000470754.423248
70000226096.303177
70000687869.545380
70000439641.991608
70000014732.289185
70000273481.226410
70000980947.776123
70000501950.123993
70000284814.572479
70000034883.232742
70000158612.028793
70000900145.032288
70000593542.122559
70000577934.108047
70000478311.476593
70000381694.623703
70000447816.295044
70000740075.817902
70000607268.042587
70000324777.473404
70000766607.777222
70000159323.542023
70000906487.769165
70000983318.065872
70000487972.432938
70000870638.863403
70000713129.244095
70000710795.141953
70000932646.905853
70000567276.591293
70000110715.227921
70000367642.431305
70000177786.024933
70000540529.190674
70000950338.859238
70000347902.298447
70000389315.147110
70000542912.759735
70000307411.242401
70000866580.697021
70000695908.655701
70000878701.380890
70000425996.021164
70000479088.732300
70000991318.365128
70000215992.029190
70000644246.079742
70000815325.899353
70000729886.919754
70000820864.402710
70000369043.869965
70000866593.603958
70000192791.663132
70000776267.642105
70000076151.786530
70000014512.906143
70000119259.199310
70000406498.875443
70000432892.868774
70000371099.913437
70000921445.843506
70000694177.721817
70000274155.619186
70000114100.145523
1.000000
70000207412.270493
70000027478.403000
70000659610.391495
70000288874.263229
70000257418.184143
70000000354.590012
70000736957.405792
70000837529.745941
70000264188.898209
70000881718.884735
70000636697.666122
70000461772.884277
70000106218.089371
70000312030.593765
70000676159.441086
70000906780.493744
70000987272.126328
70000228215.707382
0.33
 0 0 0 0 0 0 0 0 0 0 0 0 0
