1 401
70000344350.949707
70000405093.302780
1.000000
70000417472.787689
70000675852.879471
70000888059.947311
70000377660.023743
70000396717.269379
70000166823.070129
70000937495.151306
70000527245.248672
70000319050.322693
1.000000
70000545492.876999
70000799244.675171
70000033199.791122
1.000000
70000603204.969635
70000970691.041031
70000855126.173431
70000245950.818436
70000008752.843735
70000197927.479050
70000730162.089294
70000588957.935822
70000835538.856567
70000021033.555161
70000587438.414459
70000690224.032578
70000682397.457916
70000139008.150314
70000572231.041702
70000988845.730698
70000958914.178177
70000434149.640396
1.000000
70000615622.573212
70000661623.337891
70000781558.967239
70000965976.098541
70000038483.780029
70000613991.017349
70000053789.894043
70000094822.998367
70000728471.383163
70000169726.347412
70000796637.465744
70000583568.064270
70000368914.008865
70000740624.101196
70000306840.681671
70000981699.360672
70000407999.371567
70000371575.946167
70000104356.017685
70000346058.208435
70000243776.588898
70000052974.308868
70000786072.057861
70000911177.717972
70000035187.850342
70000294573.208572
70000179775.662476
70000944164.510574
70000946926.127411
70000224072.442963
70000108353.883392
70000744007.563004
70000536797.631378
70000944531.277893
70000481333.813583
70000178642.953705
1.000000
70000175258.105713
70000679216.562759
70000473488.903824
70000499025.123978
70000414185.998016
70000690873.521973
70000007024.769257
70000920343.267822
70000356675.433228
70000538483.521042
70000083830.721710
70000139376.379028
70000171939.612061
70000856985.947861
70000018094.136673
70000371834.708466
70000588890.013779
70000389827.163132
70000532313.703247
70000651066.663940
1.000000
70000370705.203018
70000332795.561218
70000161735.593124
70000949069.616348
70000421020.604980
1.000000
70000145786.261124
70000700632.637360
70000798545.400635
70000990914.492035
70000972862.118744
70000448404.009140
70000375967.182205
70000744130.366989
70000165948.059799
70000555619.457123
70000974496.078308
70000229903.628067
70000402209.445084
70000835685.529480
70000689140.137192
70000397671.678055
70000408303.857086
70000416365.512329
70000197917.281677
70000107624.147537
70000256150.164612
70000241363.541290
70000031946.844345
70000738666.349411
70000528813.590775
70000639091.332016
70000381335.800827
1.000000
70000700809.695496
70000999491.900345
70000426313.238907
70000045778.087936
70000972923.860214
70000314695.685547
70000553903.705627
70000819715.718201
70000131052.365555
70000436026.584671
70000722802.281998
1.000000
70000590160.614197
1.000000
70000321972.233749
70000511581.333389
70000927186.034164
70000713929.338257
70000197947.671921
1.000000
1.000000
70000009136.506287
70000279632.147537
70000400378.067749
70000601772.906555
70000531759.481827
70000755994.738358
70000797613.759857
1.000000
70000465522.673828
70000301512.933090
70000224032.609726
70000337213.356644
70000999683.481079
70000792213.283371
1.000000
70000085025.581543
1.000000
70000778644.213303
70000079570.156158
70000994324.332520
70000546266.368240
70000524093.652344
70000038381.589279
70000195825.759903
70000716618.959534
70000880888.980713
70000070200.302307
70000551633.725525
70000806391.529694
70000360977.221497
70000130209.545837
70000508071.465790
70000546011.296005
70000562051.579590
70000755188.700684
70000756332.000946
70000295918.819229
70000623859.296814
70000152831.367355
1.000000
70000322775.639359
70000055628.655685
70000222893.958054
70000366390.397354
70000219378.567520
70000557369.288162
70000771321.494095
70000186011.268356
70000826981.757156
70000624947.208298
70000583052.235779
70000167490.319778
70000198008.398438
70000725424.359680
70000484911.908386
70000353039.979599
70000997939.098099
70000299536.889923
70000990889.955811
70000668003.244385
70000969198.377350
70000704768.180969
70000239868.047287
70000818782.715195
70000739527.630386
70000842185.067230
70000408338.294922
70000181529.373779
70000503179.803360
70000746071.952164
70000498356.286423
70000673904.858582
70000219320.240143
70000169061.848297
70000384699.845413
70000645828.841370
70000459262.614441
70000012020.320328
70000167489.922882
70000984250.358673
70000809226.171326
70000278526.506973
70000205465.138718
70000840879.411758
70000648909.010071
70000529543.338745
70000528082.159546
70000544932.706680
70000003523.972565
70000952365.277740
70000708213.517441
70000817435.510025
70000858153.740646
70000538176.151627
70000819805.821381
70000005582.318741
70000511210.143158
70000360992.514206
70000927658.765823
70000935870.555115
70000538306.952881
70000055749.411880
70000013847.759613
70000296162.430267
70000997502.344879
70000344292.059357
70000719016.842194
70000102454.587067
70000128499.886108
70000186684.117676
70000860287.886765
70000301019.309189
1.000000
70000096525.301086
70000351279.243790
70000118049.826218
70000885363.357712
70000583174.242889
70000200485.516342
70000473837.600479
70000906071.575729
70000399311.631989
70000385970.169479
70000793682.668564
1.000000
70000307043.779633
70000904431.837219
1.000000
70000230755.205124
1.000000
70000437175.462753
70000739176.642471
70000981796.864014
70000975982.723877
70000330707.351517
70000271657.335861
70000750869.650894
70000312027.704605
70000613419.441757
70000077500.879990
70000332521.668213
70000096883.828674
70000120697.032410
70000047336.254120
70000790518.735611
70000444824.521286
70000308630.896057
70000688351.369797
70000424010.110123
70000992353.436676
70000337610.105331
70000475295.609802
70000921255.757980
70000182421.389816
70000790339.417633
70000930371.488663
70000881522.007080
70000888857.447952
70000051138.559738
70000660639.163055
70000037379.284805
70000494787.464493
70000780047.139999
70000102813.857956
70000599945.076935
1.000000
70000030295.877182
70000130440.643997
70000408899.240372
70000797070.165146
70000149704.517715
70000838406.499786
70000470722.863998
70000897100.413681
70000218328.645859
70000424595.281799
70000338893.825928
70000174566.278030
1.000000
70000311832.533096
70000968907.220901
70000928915.049545
70000456262.813614
70000463230.434219
70000980168.454407
70000836067.112793
70000535327.557434
70000847263.873291
70000833582.769775
70000269245.388931
70000803536.577896
70000583408.827347
70000471243.227158
1.000000
70000473839.491272
70000591201.772354
70000733422.462250
70000763843.382385
70000818844.551865
70000635476.943100
70000546842.257538
1.000000
70000906508.093689
70000547436.553146
70000284007.014343
70000060041.066833
70000429225.640961
70000316741.017303
70000602322.160309
70000089053.304016
70000141625.096207
70000202618.837387
70000834299.442841
70000288842.126541
70000214323.926025
70000767844.405548
70000976244.555618
70000026394.764450
70000542564.001968
70000014949.476715
70000930506.402008
70000434754.157852
70000477565.397705
70000467816.980225
70000582923.347916
70000609679.195984
70000249051.490814
70000772721.280838
70000220579.535858
70000932961.341354
70000559638.148102
70000215574.762985
70000699101.550446
70000838569.657623
1.000000
70000267402.774368
70000729809.431458
70000176209.262756
70000629032.157974
70000619987.133728
70000160882.738144
70000983746.510010
1.000000
70000878565.768402
70000967471.004608
70000761477.644958
70000220114.472885
70000160638.251740
1.000000
70000464222.712921
70000098338.691742
0.33
 0 0 0 0 0 0 0 0 0 0 0 0 0
