1 401
70000559046.850235
70000405970.834152
70000002932.164703
70000769151.808228
70000363114.725555
70000658527.131775
70000099009.436890
70000779659.927353
70000114632.560684
70000580983.527420
70000558547.287430
70000726385.927811
70000693090.069885
70000153910.932526
70000256773.980606
70000351050.920746
70000835866.527237
70000988874.308655
70000566273.146423
70000793968.067535
70000171977.301514
1.000000
70000798076.361801
70000272667.909103
70000429882.252991
70000376069.205780
70000728796.588837
70000516120.995697
70000280301.608932
70000888325.515320
70000234391.936584
70000327618.088989
70000599489.311264
70000475341.162140
1.000000
70000230372.585617
70000251243.661133
70000665448.202881
70000465668.403305
70000137855.622726
70000587513.887756
70000588418.091354
70000166943.987289
70000731449.382141
70000456778.301605
70000288103.893066
70000705288.139801
70000461717.328842
70000406789.252136
1.000000
70000519702.032745
70000768281.893509
70000391649.331055
70000309100.211578
70000795401.593903
70000274568.034958
70000182709.555222
70000496016.750610
70000224871.526917
70000222839.971069
70000943068.579849
70000354249.444901
70000532073.938141
70000424174.950302
70000230298.851379
70000600657.287033
70000568324.061371
70000961454.919647
70000546538.104965
70000677057.622253
70000296755.677032
70000908491.131149
70000606950.028076
70000628448.541641
70000755185.222885
70000447277.680130
70000523211.256531
70000419726.028625
70000428824.642914
70000945467.138260
70000862068.242981
70000454521.627747
70000435469.894714
70000785717.541733
70000884811.196014
70000199948.937805
1.000000
70000730352.427231
70000916143.516922
70000589149.822891
70000751468.646957
70000622631.950424
70000039190.338577
70000080726.058990
70000994681.940475
70000715646.045120
70000083329.405716
70000065266.607803
70000812913.289398
70000571706.924973
70000704265.195877
70000687396.271271
70000749519.297775
70000239759.820358
70000633552.295563
70000958367.924118
70000151750.368973
70000365578.700653
70000687854.461655
1.000000
70000134326.465195
70000082907.037704
70000539956.490509
70000522444.496384
70000828469.476715
70000728766.740860
1.000000
70000319072.719040
1.000000
70000312318.267059
70000778658.834702
1.000000
70000711522.232819
70000590928.176468
70000898406.425461
1.000000
70000330321.269867
70000466203.715210
70000122612.381409
70000222647.876587
70000396559.922394
70000532868.694183
70000360650.200806
70000199092.716827
70000310469.017303
70000196456.280273
70000383490.878342
70000792900.874344
70000800399.547211
70000998179.089386
70000060993.080521
70000175567.585266
1.000000
1.000000
70000589407.549088
70000947919.794800
70000810366.822906
70000769801.504929
70000676913.747467
1.000000
70000307794.440125
70000593664.613495
70000818033.654953
70000209813.660828
70000487037.989883
70000637590.435883
70000509606.272446
70000031320.524582
70000439518.208313
70000200475.043640
70000487491.089005
70000094874.877869
70000349196.738464
70000678043.917450
70000184016.595154
70000083405.945847
1.000000
70000019765.983215
70000151486.796677
70000994062.664963
70000660343.518967
70000174405.923035
70000172489.378555
70000397098.926453
70000058392.484970
70000222562.588135
70000893654.560806
70000906668.883087
70000971341.794998
70000049824.993073
70000627160.257797
70000886332.363937
70000561495.124054
70000791746.042252
70000616503.098587
70000607586.282303
1.000000
70000857551.233475
70000731746.896667
70000540901.545547
70000955572.284561
70000751890.826553
70000680234.019882
70000068598.860962
70000118243.110992
70000615158.785400
70000363528.837448
70000134621.014587
70000729098.587906
70000926407.959305
70000270950.044724
70000020706.900696
70000093448.394943
70000098764.982071
70000625772.150101
70000939258.747803
70000757500.831589
70000406674.761169
70000713319.308990
70000017704.512009
70000529751.736069
70000946874.202621
70000318898.146484
70000070325.747513
70000610340.810913
70000751882.446030
70000603945.860825
70000754685.623734
70000621759.830826
70000194317.067841
70000264510.561813
70000839186.334717
70000038550.582199
70000024537.833557
1.000000
70000661834.518173
70000270571.985138
70000413203.968719
1.000000
70000799860.318268
70000274089.884277
70000504869.541519
70000216686.207489
70000961545.461212
70000611208.316467
70000116363.824600
1.000000
70000526801.637070
70000970781.261200
70000060992.546646
70000311183.688004
70000624030.604553
70000025471.237335
70000062560.588760
70000175127.499252
70000199911.162537
1.000000
70000171344.516373
70000133135.391098
70000478253.748901
70000010562.462006
70000100228.807755
70000398957.258987
70000362454.745895
70000091841.938797
70000643289.200638
70000897519.356369
70000529121.541016
70000948263.939133
70000456429.438187
70000301805.203033
70000328023.002213
70000618450.025696
70000870657.146408
1.000000
70000392119.141129
70000041691.973282
70000306356.089981
70000711856.021774
70000652279.416763
70000984529.571152
70000674018.394974
1.000000
70000830310.672745
70000904173.762375
70000576924.212921
70000560650.810013
70000186400.908798
70000273761.063416
70000036590.515366
70000661272.989105
70000439026.564209
1.000000
70000667208.140244
1.000000
70000696679.167419
70000484040.525940
70000177452.623016
70000857413.708572
70000529286.264893
70000498182.213684
70000691497.302948
70000443719.038391
70000396277.673309
70000787326.389374
1.000000
70000543195.151840
70000715815.175217
70000612687.064758
70000758268.459305
70000084150.423309
70000505688.425781
70000984905.166595
70000958719.606369
70000818017.695023
70000109992.156281
70000024466.785278
70000313163.776321
70000491607.972321
70000835798.830994
70000229279.496719
70000007004.212692
70000284976.397125
70000251009.684738
70000505860.251633
70000340640.893524
70000906377.356842
70000532412.831299
70000466089.569717
70000894661.311600
70000395507.826538
70000719618.843414
70000929705.300369
70000167608.344193
70000946146.194778
70000714375.206955
70000153807.121201
70000650296.170288
70000189922.573303
1.000000
70000314436.568024
70000523569.387100
70000637032.299271
70000612114.221634
70000573526.499664
70000378381.531326
70000841256.678696
70000155171.187027
70000390662.130630
70000546333.439362
70000682609.726425
70000164967.647018
70000079686.544312
1.000000
70000589505.464050
70000229881.552994
70000505074.018951
70000111974.792175
70000216117.563385
70000570076.396942
70000541081.745743
70000684185.356796
70000520891.881165
70000653176.072662
70000022609.037155
70000043609.964233
70000535969.847733
70000524349.841064
70000079817.845810
70000531070.213257
1.000000
70000944458.049942
1.000000
70000652248.957062
70000331637.362503
70000844592.196686
70000407307.602692
70000063912.401459
70000124362.059982
1.000000
70000647179.300720
70000470248.785522
70000361338.644211
70000540962.390182
70000358788.290344
70000872964.736877
70000571794.932159
70000060872.577484
70000781465.771606
70000333950.248260
70000588843.920074
70000154233.270035
70000213377.466690
70000224600.704437
70000252152.018158
70000050875.456635
70000105658.997711
70000504115.863968
70000627848.011368
70000559518.476440
70000988409.500183
70000698224.761307
1.000000
1.000000
70000112399.463547
70000749710.899414
70000312795.242859
70000972097.340973
70000645933.497955
70000429877.897568
0.33
 0 0 0 0 0 0 0 0 0 0 0 0 0
