1 401
70000217458.203674
70000766474.878281
70000241184.053299
70000763890.848801
70000416488.819901
70000682325.285446
1.000000
70000190276.462479
70000777885.039093
70000794812.002060
70000778461.778198
70000053031.991180
70000063849.665985
70000586950.233383
70000155507.107895
70000784171.902863
70000566557.988708
70000370041.197342
70000073683.587555
70000348303.286224
70000602507.241058
70000962747.209503
70000946584.910629
70000226438.680130
70000871123.573959
70000060905.986450
70000914642.109299
1.000000
70000238589.026306
70000874939.677826
70000313384.462448
70000553368.448288
1.000000
70000052885.046539
70000264828.410583
70000574525.280090
70000583825.504074
70000345444.529907
1.000000
70000455830.523849
70000059300.472626
70000238295.266937
70000272782.562180
70000383978.201599
70000251765.470673
70000673015.209030
70000783481.312759
70000045167.701141
70000569152.319168
70000626618.741669
70000694598.487976
70000685691.317703
70000570661.311356
70000177553.881180
70000803282.307800
70000530046.710297
70000185918.177811
70000895232.566025
70000030313.731964
70000942968.222870
70000028148.707581
70000015056.054733
70000042542.511993
70000527966.250183
70000105400.411438
70000232735.649643
70000632392.104736
70000071023.657730
70000098567.934555
70000534427.334747
70000002336.023788
70000534560.557083
70000008296.340820
70000125594.869995
70000224436.736099
70000439787.241180
70000327894.779999
1.000000
70000134606.585632
1.000000
70000878014.163727
70000004155.212372
70000657003.948639
70000851835.207031
70000939719.020996
1.000000
70000608130.279007
70000269953.291077
70000731136.297928
70000787320.709076
70000134297.598114
70000032642.558655
70000323490.909927
70000657563.609863
70000333926.995071
70000830991.675659
70000434377.910065
70000890881.295517
70000908249.056564
70000647316.780548
70000822751.007736
70000517096.095993
70000628262.473801
70000790901.468201
70000069823.141113
70000468080.091553
70000947572.596024
70000823056.973816
70000613609.477341
70000803883.882858
70000213620.703445
70000043495.578857
70000432009.157349
70000643325.723358
1.000000
70000463237.616119
70000995267.051666
70000384146.750626
70000269994.073746
70000459226.782272
70000854611.704895
70000654694.775803
70000647227.108276
70000045566.581757
70000998097.328217
70000462918.897354
1.000000
70000117058.654922
70000374003.007523
70000531775.105667
70000932198.141388
70000327277.894135
70000445293.500290
70000422919.998901
70000814917.796692
70000996726.957153
70000671371.140549
70000630347.790176
70000293523.562317
70000918645.281479
70000221061.187912
70000592764.942307
70000485933.207932
1.000000
70000788551.510468
70000535551.523621
70000997052.810486
70000337690.083328
70000066899.563141
70000480584.556641
70000434770.445984
70000191111.708908
70000560639.114777
70000222094.962906
70000315730.881592
70000740095.584152
70000383977.401321
70000798184.169571
70000257364.325790
70000860849.062149
70000405197.563126
70000746026.805984
70000037452.979004
70000672937.246582
70000062583.928436
70000771729.635086
70000000977.042557
70000556521.459854
70000750629.700195
1.000000
70000173035.571396
70000842269.856186
70000537624.964401
70000326070.712860
70000336350.300629
70000575775.939362
70000171676.922287
70000155709.901810
70000792146.001511
70000325280.656265
70000961386.019821
70000632054.722427
70000944287.980087
70000679580.024109
70000881180.938004
70000074287.658142
70000476642.913132
70000583904.838928
70000712078.949615
70000453240.817825
70000688797.447189
70000404538.992294
1.000000
70000809679.723129
70000028389.196838
70000423669.849014
70000211673.047241
70000423438.674927
70000074880.938278
70000568138.252502
70000741414.788986
70000389642.885422
70000849294.178848
70000864913.329376
70000006476.804794
70000277527.934784
70000060109.841019
70000450898.285248
70000532407.846863
70000136367.053391
70000318787.244705
70000044279.508194
70000206569.578491
70000318301.966537
70000019812.664139
70000658302.046036
70000445243.315063
70000628099.793015
70000338148.238739
70000955239.409958
70000240065.570694
70000137903.396210
70000809414.172806
70000002917.331024
70000708293.118378
70000025457.952805
70000452363.090942
70000439016.068054
70000175779.497253
70000134417.535507
70000680542.738937
70000175515.969772
70000333114.793137
70000156767.737701
70000466566.579987
70000208459.218628
70000607351.391815
70000454177.239853
70000287144.871658
70000089794.627548
70000352712.444458
70000406426.551407
70000717152.820236
70000545959.861053
70000987179.075668
70000497725.507599
70000959410.154282
70000057137.079422
70000161889.876175
70000375134.461319
70000106532.003204
70000248130.067856
70000069520.719818
1.000000
70000852181.479767
70000898953.255814
70000523610.899765
70000171189.957977
70000596963.630112
70000855844.563354
70000819184.024521
70000389797.291992
70000209423.964050
70000061778.154282
70000309901.517120
70000533352.850067
70000008724.984634
70000011924.684753
70000154616.120255
70000657052.916122
70000289491.435043
70000242388.550064
70000365040.170258
70000417695.026657
70000705865.923584
70000928122.066330
1.000000
70000601141.036057
70000466484.383743
70000469200.769806
70000385516.149841
70000062994.384094
70000485150.039703
70000982712.891006
70000382867.162201
70000470475.226028
1.000000
70000645002.144165
1.000000
70000627901.917664
70000790162.172989
70000876045.943817
70000287656.821930
70000968543.833160
70000102752.584152
70000290387.223175
70000089820.324524
1.000000
1.000000
70000758858.233994
70000781751.710983
70000199604.891586
70000579671.713104
70000255813.564087
70000288094.567688
70000833843.680954
70000933338.401657
70000982819.000992
70000479497.403839
70000685511.103409
70000159251.640625
70000248475.562424
70000683647.705170
70000498597.153503
1.000000
70000398812.561218
70000956173.672989
70000262105.819717
70000772258.746719
70000482005.891022
70000267402.664337
70000802863.985687
70000756155.520142
70000828117.604553
70000440725.807953
70000826844.521347
70000436989.260529
70000044984.104630
70000383192.236969
70000786830.426773
70000363513.415344
70000731789.956757
70000116744.366272
70000397820.952301
70000352488.853592
70000543016.778198
70000945993.204407
70000513335.384338
1.000000
70000501625.610596
70000024344.666016
70000643489.049728
70000758017.001526
70000738620.106232
70000325568.795776
70000331843.486267
70000098791.959747
70000485577.636444
70000043555.970139
70000146546.266479
70000473609.055618
70000859329.599670
70000752887.804855
70000436508.350159
70000125805.634247
1.000000
70000570402.250458
70000541983.695587
70000539806.737854
70000482874.201981
70000282755.281891
70000701723.875900
70000271973.728867
70000021876.362061
70000258118.032333
70000558847.685730
70000172338.583832
70000694260.868881
70000778774.655731
70000015068.714645
70000398083.484650
70000093111.126953
70000564049.721085
70000659452.248627
70000456849.293991
70000176472.762131
70000578611.096558
70000344099.245575
70000056340.272064
70000378263.546326
70000232325.162415
1.000000
70000632361.967590
70000794695.367126
70000347425.238998
70000929284.583023
1.000000
1.000000
70000103524.373352
70000828023.409668
70000261751.864639
1.000000
1.000000
70000756092.997391
70000524724.143723
70000827943.784866
70000205910.546158
70000757801.674118
1.000000
1.000000
0.33
 0 0 0 0 0 0 0 0 0 0 0 0 0
