1 401
70000333239.429138
70000582489.388504
70000785963.847870
70000291034.540909
70000298359.688080
70000115702.900955
70000686986.732330
70000546363.563385
70000857813.933548
70000539721.740326
70000545103.123062
70000249310.555649
70000768086.251694
70000614045.076584
70000326581.400360
70000710730.372635
70000504241.861984
70000852933.426697
70000429384.548904
70000233482.162827
70000814120.524704
70000514647.274841
70000740947.609665
70000810873.792740
70000462575.120743
70000423922.714966
70000034068.048920
70000695238.753189
70000608915.854996
70000603460.809586
70000020240.651627
1.000000
70000234604.160583
70000623144.752350
1.000000
1.000000
70000386694.473236
70000983151.172653
70000731894.860947
70000034209.241882
70000612869.085266
70000833229.272491
70000879551.387222
70000685346.558304
70000505257.500916
70000618368.563629
70000050655.391174
70000137265.316452
70000285026.188843
70000854760.317566
70000717828.822235
70000543937.125336
70000203634.461227
70000529850.298965
1.000000
70000406108.451630
70000674571.533630
70000343206.735092
1.000000
70000210996.094406
70000853937.534500
70000091347.471710
70000453516.354080
70000164470.639160
70000856955.429703
70000240103.089096
70000467249.608337
70000534043.493866
70000438154.959793
70000123554.507019
70000115454.535797
70000497397.453949
70000338627.004700
70000327230.446625
70000602494.418991
70000071449.857254
70000880392.108917
70000680646.896286
70000416928.850082
70000067376.223511
70000432194.084106
1.000000
70000548189.320648
70000316842.859100
1.000000
70000452736.328766
70000557491.387543
70000388271.036285
70000818078.056854
70000389195.375824
70000529942.095566
70000785839.875366
70000038711.493622
70000588328.353439
70000233824.822357
70000584384.586487
70000014549.744690
70000379218.358139
70000982161.633438
70000741050.395309
1.000000
70000578213.012726
70000123662.497223
70000811540.028687
70000617889.640182
70000256695.029144
70000788092.116562
70000543532.055725
70000210791.794540
70000911461.424225
70000722806.160980
70000678797.461624
70000097102.750000
70000477725.254868
70000263712.655594
70000177793.704483
70000785676.707062
70000305392.576340
70000107656.085632
70000933891.405930
1.000000
70000193961.510086
70000581303.460617
70000282152.330566
70000149222.583527
70000635671.000809
70000083001.428818
70000430629.212189
70000547203.531113
70000206935.935974
70000879150.012939
70000435094.239670
70000022628.020538
70000031048.154205
70000065411.631561
70000275032.971848
70000254023.274841
70000399414.252563
1.000000
70000724927.227692
70000200365.283249
70000948614.567245
70000135202.366486
70000297715.965820
70000111646.707306
70000045403.869858
70000250894.986038
70000924424.742035
70000004734.257538
70000141538.054260
70000163295.345627
70000311525.535950
70000789910.743011
70000500152.386734
70000104402.944595
70000952806.071442
70000093396.393753
70000332376.639313
70000136012.513199
70000613662.962692
70000898505.690994
70000094639.594879
70000947976.619553
70000906976.079758
70000372290.746719
70000731813.542648
70000352043.447968
70000228700.472885
70000243211.528198
70000779617.546448
70000496014.774658
70000232027.758652
70000083415.736206
70000967391.745331
70000022840.094009
70000852822.777390
70000329507.033813
70000650910.492538
70000797198.259491
70000740023.019531
70000225036.999863
70000302640.031540
70000546563.662003
70000383075.799622
70000070032.577026
70000864796.666840
70000059366.764526
70000861640.747086
70000602707.011826
70000897546.040756
70000526427.020050
70000896646.292389
70000198441.493912
70000157824.806549
70000656001.121826
70000983317.561462
70000634440.682175
70000665821.880173
70000048604.411896
70000420725.823105
1.000000
70000384725.424988
1.000000
70000229511.063065
70000844003.776672
70000420316.423660
70000197436.703476
70000323287.531647
70000372488.875671
70000212374.076706
70000451170.038956
70000972592.299377
70000913237.232437
70000496083.014404
70000174057.242126
70000061782.802399
70000922558.999847
70000733523.710190
1.000000
70000716025.542343
70000673114.923264
70000038720.714035
70000088291.133240
70000073398.719147
70000694524.260666
70000664580.709976
70000072019.317474
70000551791.773148
70000437737.666122
70000260089.462723
70000360929.876556
70000502910.158661
70000309758.272491
70000975987.790115
70000683032.951477
70000191571.695786
70000336583.348434
70000012798.614914
70000994378.976349
70000741558.250122
70000057044.199051
70000627675.872391
70000142706.920868
70000868443.364655
70000833835.906876
70000547942.446915
70000690028.242218
70000139981.882126
70000744742.997971
70000234497.736069
70000547855.309616
70000020958.234772
70000205401.066025
70000751205.829819
70000375855.190811
70000997618.127579
70000570430.669525
1.000000
70000006636.159302
70000824265.546295
70000883841.780716
70000173036.777512
70000421467.846542
70000652838.616104
70000181295.743835
70000194814.684189
70000708277.532242
1.000000
70000199380.184937
70000018241.762802
70000850453.566513
70000389260.103424
70000086613.745392
70000049439.102539
70000012316.700989
70000812344.400146
70000665732.579590
70000253583.026505
70000669543.486221
70000952363.559235
70000981982.570679
70000589527.222855
70000207854.260025
70000338698.506058
70000992481.308228
70000189882.137802
70000896683.677109
70000551900.714493
70000041738.387833
70000249888.500504
70000358394.456787
70000546544.526855
70000834509.541565
70000354836.762543
70000701936.996414
70000999470.186737
70000235458.232651
70000157048.040131
70000400299.881653
70000737188.149384
70000691778.796051
1.000000
70000062794.504730
70000176301.690491
70000550529.678421
70000535557.539230
1.000000
70000458047.186172
70000464328.814621
70000991284.806854
70000887000.896255
70000669529.647980
70000811149.168365
70000021716.288055
70000277452.736633
70000002885.532318
70000995447.194016
70000571611.226730
70000967383.027054
70000954640.526047
70000816516.820404
70000614687.268051
70000757539.268188
70000919114.150421
70000418197.347107
70000994691.793991
70000938988.109451
70000864546.027847
1.000000
70000161499.168900
70000577833.349915
70000782355.638519
70000804214.796448
70000601216.574280
70000432843.959869
70000850375.622162
70000561481.154205
70000203250.280411
70000512400.952866
70000420121.790009
70000524746.182541
70000928101.290207
70000991728.686462
70000301905.184647
70000896561.243698
70000983434.892853
70000761438.742935
70000966077.668121
70000103658.648071
70000815855.416107
70000560741.033005
70000469847.401871
70000479779.215134
70000664669.969162
1.000000
70000466464.402435
70000115079.456833
70000263245.170776
70000720076.104050
1.000000
70000097998.636246
70000979505.133438
70000835693.380997
70000249634.305008
70000027585.234283
70000761523.777969
70000485901.359802
70000595293.526703
70000131196.916641
70000658208.980591
70000999208.470749
70000266531.127029
70000315708.182556
70000788590.425354
70000877989.141678
70000460930.357254
70000866618.080521
70000784530.642136
70000882096.393875
70000010349.971451
70000167804.705597
70000897699.819763
70000511003.161865
70000346678.679001
70000107910.766510
70000322114.891556
70000993129.165451
70000085145.507477
70000781720.375916
70000790470.165741
70000386924.282959
70000015487.011169
1.000000
70000859486.044281
70000922768.726303
70000064557.650818
70000958687.785965
1.000000
70000526691.933136
70000181358.354813
0.33
 0 0 0 0 0 0 0 0 0 0 0 0 0
