1 401
70000805251.066772
70000102547.534180
70000098732.245331
70000455925.152435
70000641168.659286
70000814138.372803
70000878385.807098
70000727456.370682
70000058731.837997
70000750677.884918
70000905270.425842
70000103710.602615
70000206220.180801
70000928263.447464
70000883113.758011
70000620924.293579
70000766836.993042
70000146246.714417
70000594578.939850
70000245832.001251
70000830416.333755
70000872289.024750
70000549424.765839
70000730789.450592
70000881663.884903
70000382146.968124
70000144565.816010
70000278873.609467
70000801332.926987
70000647676.020050
70000276573.849167
70000460042.707199
70000119150.594757
70000052561.563278
70000750213.050095
70000898383.461075
70000676727.769867
70000692006.748520
70000273612.314621
1.000000
70000944525.778397
70000272311.449081
70000560742.427780
70000771277.291473
70000034835.088425
70000183875.199356
1.000000
70000081972.072968
70000217877.700851
1.000000
70000273745.498657
70000888425.061417
70000135099.134583
70000933961.610596
70000709790.814545
70000439757.317642
70000936832.288345
70000004382.754669
1.000000
70000827648.063995
70000530017.626312
70000309918.862320
70000080221.280777
70000961185.043427
70000392545.607407
70000941627.146973
70000153265.614227
70000396336.066910
70000316004.771332
70000843642.013260
70000264737.969971
70000881288.255539
70000890867.476196
70000822473.234741
70000129446.822861
70000554565.522598
70000602987.843414
70000957941.912506
70000221511.180435
70000262457.589874
70000145075.091782
70000125699.627777
70000701128.418732
70000848950.550415
1.000000
70000174194.535339
70000406124.723648
70000895917.007874
70000267447.763931
70000009793.733383
70000818424.089676
70000644107.027451
70000875973.793350
70000384837.996460
70000821899.947388
70000981010.563965
70000835802.375076
70000165851.308273
1.000000
70000020221.007706
70000866744.678772
70000233597.316895
70000680372.373718
70000314065.740799
70000312901.473068
70000284030.919586
70000158058.539688
70000150327.472717
70000635616.418991
70000790995.408539
70000562222.367188
70000346088.026291
70000204139.269226
70000453349.287109
70000084229.371384
70000289634.660019
70000074662.327728
70000471664.937805
70000599027.041443
70000684885.934113
70000659801.886642
70000148680.491531
70000612120.468369
70000722041.482147
70000955359.998764
70000973581.104645
70000741382.961960
70000165683.367996
70000299107.416718
70000792069.646484
70000876418.926514
1.000000
70000363576.713272
70000909638.001541
70000997311.417068
70000455464.803497
70000876446.448273
70000090754.301163
70000720960.922318
70000453721.269836
70000819568.634094
70000636993.830215
70000907093.058212
70000846077.234711
70000037593.288406
70000353391.824356
70000405636.640091
70000171956.945206
70000851505.755615
70000607743.436340
70000557652.228668
70000220073.068176
70000524682.063873
70000510691.015457
70000022298.848175
70000731703.346100
70000055142.726883
70000770691.457413
70000770845.065674
70000442305.682190
70000264989.352966
70000678073.985489
70000863740.878876
70000304093.000534
70000264819.102173
70000561368.940674
70000396216.531387
70000912071.329376
70000957872.594467
70000512318.410461
70000644052.488983
70000408389.872955
70000374140.271286
70000283599.454407
70000183332.756958
70000734337.685898
70000287278.982132
70000675623.948975
70000582526.061783
70000768190.806229
70000642160.854553
70000602574.536606
70000356452.421890
70000956607.209991
70000411662.849640
70000056511.237625
70000112303.377640
70000835009.037979
1.000000
70000988768.519714
70000691737.844238
70000544308.717667
70000896601.014145
70000339347.807938
70000825285.337433
70000834890.640640
70000612678.731491
70000617138.243149
70000619130.867676
70000931831.350189
70000256524.430145
70000672039.788971
70000450231.218079
1.000000
70000692669.175995
70000795430.120377
70000587382.633804
1.000000
70000294494.814133
70000097909.783966
70000670164.574112
70000424403.657501
70000006194.252136
70000010473.131149
70000920730.500443
70000338987.859070
70000451412.858383
70000484520.931305
70000621814.649551
70000187619.278076
70000363794.160248
70000959715.496063
70000198184.122330
70000970978.007080
70000441680.220901
70000041002.097992
70000389200.478592
70000357734.344116
70000252219.129700
70000013754.329285
70000182538.767838
70000171749.573334
70000236812.080902
1.000000
70000508444.072510
70000764596.028702
70000520929.125473
70000335294.771393
70000686282.631058
70000452094.087112
1.000000
70000351818.118149
70000488901.078186
1.000000
70000641524.917404
70000134651.213516
70000772354.985916
70000393822.113907
70000352566.264984
1.000000
70000364480.847794
70000154065.035950
70000233869.133011
70000113157.851318
70000867046.435669
1.000000
70000415070.769135
70000516553.241669
1.000000
70000729570.324966
70000765476.864288
70000751222.360809
70000656945.819427
70000349429.684631
70000708152.329468
70000908687.081909
70000446122.269653
70000689087.247299
70000335499.096283
70000485511.052704
70000691678.243484
70000251903.517166
70000357835.580383
70000616596.571503
70000109722.811249
70000342043.971634
70000944666.990524
70000389876.992279
70000078439.731628
70000873151.360016
70000524498.263580
70000698634.332458
70000956856.566177
70000662477.698898
70000509529.749481
70000860075.047516
70000813935.162888
70000133647.657471
70000869889.347198
70000528669.925262
70000473398.377594
70000672926.373367
70000769653.776291
70000109446.126984
70000189544.240997
70000293027.258072
70000940412.743515
70000866918.787750
70000082125.607285
1.000000
70000267972.428802
70000007664.688934
70000995684.254181
1.000000
70000984031.989716
70000505423.101974
70000098261.863083
70000566884.405792
70000898016.953064
70000868208.787323
1.000000
70000344945.387695
70000965219.144577
1.000000
70000892532.673370
70000656519.046875
1.000000
70000416277.680878
70000485130.245667
70000294586.956680
70000623508.752487
70000924039.505142
70000721507.003265
70000935909.947372
70000439637.843445
1.000000
70000055056.731049
70000669260.201294
70000823696.762604
70000185022.540634
70000402445.809967
1.000000
70000525107.078354
70000770019.557068
70000335897.080353
70000611624.662613
70000372360.143417
70000765063.523254
70000446721.455460
1.000000
70000873269.322876
70000363114.540390
70000687798.586227
70000280865.363373
70000072606.086304
70000707679.493576
70000602154.728546
70000452551.419266
70000493977.732071
70000810820.289642
70000013988.769150
70000690390.197479
70000593742.638474
1.000000
70000050920.323593
70000292702.465927
70000013436.763870
70000394047.764450
70000316419.305161
70000875783.935059
70000605190.722153
70000749348.991287
70000021549.328644
70000753393.263672
1.000000
70000973176.951904
70000820985.133102
70000071153.302170
70000900040.908768
70000430980.063278
70000703165.399582
70000847528.014206
70000285812.114594
70000676696.933472
70000745423.729782
70000722091.829788
70000286266.997528
70000488348.523407
70000135321.957733
70000621518.769882
70000409535.075256
70000116887.425369
70000339268.147202
70000322432.967346
70000694598.645447
70000541853.208450
70000594453.156845
70000693002.867889
70000413465.971588
70000723293.418533
70000042992.787857
70000006683.411835
70000445787.669327
70000556254.116501
70000006783.146317
70000319164.516693
70000287957.338257
70000785704.610428
70000755194.493896
70000081583.509369
0.33
 0 0 0 0 0 0 0 0 0 0 0 0 0
