1 401
1.000000
70000807767.453049
70000755506.097153
70000735928.993744
70000970301.828247
1.000000
70000390390.060287
70000552454.084396
70000803164.822418
70000659135.066681
70000853256.388916
70000719980.773087
70000097076.846008
70000464687.879272
70000017609.515533
70000750264.312561
70000911848.591217
70000557552.425293
70000873579.680328
70000136957.476608
1.000000
70000237650.820541
70000075433.673523
70000983922.774857
70000645456.781540
70000143930.785843
70000776759.138580
70000682240.360962
70000904348.544983
70000981463.026642
70000616498.238235
70000411694.423996
70000261010.901917
70000800834.893814
70000530383.685333
70000273916.648834
70000337140.338379
70000590571.457397
70000875806.649918
70000959256.114059
70000021047.706879
70000429088.838593
70000676332.883163
70000871515.222763
70000613045.168411
70000915288.847549
70000355266.341553
70000990378.593155
70000756367.288712
70000306853.745041
70000124859.625290
70000500528.763168
70000285621.864471
70000874908.261200
70000937553.913239
70000040997.329758
70000234945.945389
70000661404.858566
70000714279.711472
70000532253.314102
70000518143.213791
70000326317.219849
70000120764.076294
70000463434.360245
70000464340.231216
70000722694.031677
70000160862.463989
70000099447.292587
1.000000
70000755672.633545
70000198650.845169
70000634869.251740
70000032339.085999
70000826669.961197
70000482192.513260
70000982886.913513
70000239182.657791
70000155086.564743
70000712815.982956
70000061782.064301
70000124541.909195
70000651731.752335
70000052095.679138
70000252980.328384
70000134612.911957
70000495013.553223
70000473070.378860
70000834792.370697
1.000000
70000589321.128708
70000938535.758759
70000944708.523300
70000351374.231964
1.000000
70000422216.261734
70000393640.200699
70000048655.549164
70000366086.842041
70000963471.181305
70000261842.598907
70000765456.427094
70000029571.607239
70000835553.203964
70000526345.873413
70000031484.801483
70000114390.700974
70000648897.474548
70000514229.751907
70000623504.184875
70000343444.275497
70000064010.732819
70000142426.324249
70000528264.764771
70000622309.045151
70000955880.711807
70000397159.219940
70000870198.498367
70000677148.591309
70000361793.135422
1.000000
70000824170.454163
70000012740.884506
70000605615.537155
70000811435.040787
70000668256.593460
70000161964.608887
70000171412.489716
70000009096.748291
70000460055.043350
70000011270.983627
70000460828.261719
70000713245.319565
70000601863.934296
70000742789.131729
70000275495.463608
70000361681.891891
70000752335.763214
70000278106.093262
70000023981.247864
70000526692.052719
70000452877.993164
70000573346.725037
70000046598.239914
70000714709.868042
70000264002.293594
70000302112.845276
70000492268.803101
70000988257.050690
70000755152.305511
70000087762.625687
70000214545.115112
70000187497.276749
70000726678.382355
70000788347.162262
70000635593.141418
70000602127.550552
70000367833.644730
70000121175.990799
70000140412.589081
70000457545.524872
1.000000
1.000000
70000383359.824432
70000455067.809357
70000759166.137207
70000081567.233826
70000812075.608612
70000058894.738205
70000942274.623932
70000677355.083359
70000693029.971603
70000204578.270264
70000793685.927979
70000057809.490280
70000771284.639572
70000887030.018051
70000712945.204437
70000619169.456696
70000581065.828705
70000626892.194351
70000779828.847153
70000930964.627457
70000278219.249084
70000236097.540771
70000092653.653320
70000532041.532455
1.000000
70000571186.259903
70000692105.178970
70000391255.962936
70000477905.974380
70000246460.202332
70000701338.924164
70000769010.612274
70000191031.540314
70000108154.318573
70000684191.021332
70000936979.585922
70000797077.679214
70000091935.957504
70000422944.238129
70000068846.792404
70000547352.626480
70000102646.833328
70000889662.217728
1.000000
70000272265.491379
70000562904.094101
70000037914.218033
70000928310.751343
70000448344.609604
70000262532.770172
70000791310.759521
70000290746.141632
70000745883.987640
70000782157.457062
70000840672.658691
70000464733.036118
70000757076.953979
70000915283.456894
70000174957.827225
70000227338.864716
70000455970.672806
70000107636.204895
70000223016.471817
70000045256.997910
70000887130.831116
70000451191.888580
1.000000
70000393071.598831
70000127088.058121
70000649464.863571
1.000000
70000347244.876587
70000772667.058319
70000577837.766464
70000046453.289856
70000853372.840820
70000254588.523193
70000138369.713943
70000398283.635071
70000201819.189178
70000444924.020752
70000971506.094604
70000252646.322983
70000394399.942612
1.000000
70000718808.953110
70000704238.895096
70000213921.694946
70000580253.292908
70000903029.204391
1.000000
70000896424.499954
70000508418.437363
70000719159.356415
70000953932.377075
70000884257.706772
1.000000
1.000000
70000290326.422592
70000646161.333862
70000284420.658234
70000618243.770340
70000381451.374146
70000718120.202194
70000635575.203293
70000778066.161652
70000742531.597748
70000802589.029266
70000338388.210052
70000419275.925140
70000574671.505463
70000614640.909027
70000209557.320312
70000687252.856537
70000477559.487930
70000605080.202148
70000615008.992126
70000479207.291748
70000036936.660080
70000879794.132202
70000639764.016724
70000784119.184479
70000116233.173126
70000120615.144180
70000777362.757141
70000013485.183990
70000299571.626526
70000854843.834488
70000514914.748886
70000658942.965302
1.000000
70000812687.207642
70000343519.428635
70000520835.778671
70000162050.428482
70000340612.049545
70000063182.522568
1.000000
70000245257.420181
70000414830.409592
1.000000
70000505337.557434
70000038798.720215
70000472622.554443
70000044133.233475
70000403414.833527
70000272750.509918
70000314978.042358
70000135967.885681
70000387202.520950
70000744941.237015
70000140813.474930
70000210259.155136
70000363161.759750
70000494485.833984
70000171193.535721
70000598118.508347
70000451776.027573
70000677232.797318
1.000000
70000392114.214447
1.000000
70000203893.545517
1.000000
70000709560.638489
70000963764.430176
70000730150.505646
70000663973.374527
70000135891.387848
70000011069.874252
70000800861.300415
70000976406.773834
70000627154.074249
70000205236.386765
70000017553.486328
70000897964.192520
70000190583.204544
70000448093.061539
70000674823.843948
70000766144.935196
70000086635.469147
70000510197.425613
70000402813.083282
70000360477.810318
70000267552.109879
70000384020.398682
70000156090.343384
70000164391.925125
70000463946.429779
70000086604.366791
70000047555.401733
70000255426.278442
70000471115.970520
70000223090.394623
70000925477.838379
1.000000
70000837312.945480
70000710715.236893
70000663496.554077
70000728832.504944
70000925881.776398
70000662976.618561
70000567019.689331
70000684140.731476
70000698135.369141
70000330053.172958
70000098745.469589
70000323494.519028
70000390965.565750
70000871052.011734
70000789370.634766
70000451618.500870
70000218587.771667
70000301463.271591
70000918468.070190
70000067595.216644
70000700326.711517
70000892620.552765
70000371362.015717
70000850559.244232
70000108408.259033
70000545519.117767
70000798328.206451
1.000000
1.000000
70000133131.611359
70000902210.183044
1.000000
70000069547.967560
70000320709.887482
70000608470.539246
70000108727.099838
70000351521.846313
1.000000
70000760590.358688
70000229071.064819
70000558296.493881
1.000000
0.33
 0 0 0 0 0 0 0 0 0 0 0 0 0
