1 401
70000476366.943909
70000899157.704697
70000961067.815414
70000929411.180054
70000705929.487244
70000158076.604034
70000610729.768585
70000917647.284698
70000647689.252640
70000956240.589432
70000960416.314362
1.000000
1.000000
70000600783.574631
70000226059.285309
70000170250.416687
70000806973.519333
70000635595.040909
70000763362.382629
70000032693.608917
70000872969.155212
70000420085.392899
70000247442.609772
70000704444.724838
70000318207.339111
70000804405.514359
70000585258.471970
70000228199.785797
70000720776.240585
70000701820.301743
70000058516.089935
70000132383.206833
70000821657.655731
70000298733.644516
70000761609.876999
70000057068.227493
70000364387.999054
70000975100.465225
70000216828.056381
70000558471.593918
70000018402.585709
70000379921.244125
70000272605.925766
70000954587.371750
70000041079.526428
70000040165.019608
70000764680.053909
70000060713.677185
70000332452.329254
70000639846.218246
70000018328.968689
70000144824.571091
70000439264.433151
70000438853.619370
70000028096.920471
70000862860.739380
70000964785.560715
70000546107.138855
70000722136.112411
70000708320.971893
70000690968.576752
70000099754.620667
70000943478.477921
70000627859.055893
70000805098.067413
70000970840.050476
70000269814.983627
70000079626.071884
70000928481.599960
70000214559.184998
70000085380.174652
70000917601.787476
70000840125.125458
70000754788.206955
70000716099.272278
70000675698.276489
70000258371.996597
70000148160.212830
70000678688.102966
70000560363.306412
70000079857.497421
1.000000
70000298710.329132
70000317435.865402
70000992916.010223
70000070500.264206
70000752080.029999
70000180763.017303
70000026670.004120
70000023988.742706
70000746388.898697
1.000000
70000153675.187927
70000658626.550140
70000222122.185226
70000983660.238525
70000918729.461609
70000881271.304932
70000038185.271500
70000810801.362183
70000407153.480484
1.000000
70000115837.593521
1.000000
1.000000
70000478203.974045
70000092748.768005
70000529453.365173
70000962851.885254
70000065395.940887
70000405676.923462
1.000000
70000914442.916199
70000152492.842712
70000319762.403961
70000426622.344376
70000619279.358002
70000222879.334091
70000178232.344849
70000619280.578827
70000371195.995773
70000147091.643341
70000698751.071884
70000521470.900787
70000344379.258591
70000398127.868576
70000098603.787231
70000198312.946167
70000189435.607971
70000151534.580978
70000611332.223038
70000773784.624924
70000057750.466415
70000053834.451843
70000256907.722488
70000167520.590210
70000989823.904892
70000249630.005768
70000222171.561066
70000925793.757019
70000028536.733322
70000509386.531631
70000314604.692154
70000969819.799057
70000569955.777908
70000986493.791580
70000655331.673157
70000436449.319717
70000814528.902252
70000200936.313232
70000395296.370010
70000513413.124207
70000823237.988419
70000510925.364761
70000980668.291870
70000992577.041245
70000628314.898056
70000742259.884186
70000239300.485764
70000050064.449387
70000002478.225128
70000717172.971497
70000009741.781738
70000407888.624435
70000931964.119507
70000108862.753204
70000430270.309174
70000776605.092758
70000074858.073715
70000571678.067444
70000986911.267471
70000939381.261902
70000427017.708099
70000005246.963120
1.000000
70000110899.296906
70000540809.286514
70000488949.014267
70000656067.354141
70000153620.055832
70000083016.288345
70000325265.534164
70000152300.815231
70000324185.023514
70000133416.730072
70000329976.836273
70000346128.074539
70000328525.392380
70000415182.059418
70000338435.060165
1.000000
70000535012.123596
70000261076.225113
70000866431.770172
70000129089.090057
70000187404.567825
70000460718.114273
70000398684.302185
70000020496.070526
70000635472.982300
70000041299.430969
70000752820.418243
70000977563.875504
1.000000
70000587202.038986
70000290012.534836
70000924027.523117
70000227260.346024
70000456061.362381
1.000000
70000117754.317535
70000417027.722336
1.000000
70000364001.097870
70000857142.286652
70000489926.650879
70000619188.962173
1.000000
70000758298.269791
70000123170.526566
70000778687.662430
70000565168.745407
70000077534.768799
70000161410.819153
70000094709.570435
70000525849.414230
70000632434.377899
70000568290.349838
70000554494.548340
70000574761.921997
70000266155.829422
70000847809.530792
70000823438.866119
70000151432.334351
70000331877.826416
70000183345.150101
70000240180.485123
70000508596.678940
70000351475.332611
70000652482.935379
70000135547.509720
1.000000
70000633319.434906
70000738309.917664
70000430792.149414
70000448357.964478
70000306598.176239
70000031628.146057
70000317481.134247
70000580831.788620
70000882019.838638
70000094567.228653
70000377717.755081
70000209001.325073
70000991912.660767
70000355154.730881
70000926168.182892
70000107066.092300
70000828350.024490
70000004067.184326
70000676593.868927
70000965752.494034
70000619517.648026
70000767345.467331
70000502824.532364
70000630963.337341
70000039939.964417
70000990034.974884
70000917969.138351
70000350851.004669
70000324783.277512
70000876171.503555
70000156386.803497
70000146706.622528
70000690755.597946
70000986339.311340
70000548862.847946
70000087159.875839
70000881278.407883
70000126993.643433
1.000000
70000989625.892197
70000834652.824127
70000155693.966339
70000349794.464371
70000667579.438766
70000098047.641876
70000551963.454819
70000099450.888794
70000097382.810867
70000452865.806320
70000440842.552994
70000357800.946289
70000665138.910995
70000551471.581390
70000858412.040939
70000732264.905441
70000683597.812866
70000972245.901352
70000834692.082260
70000954768.597382
70000013933.753326
70000422309.975739
70000609697.314911
70000183958.485611
70000119355.285416
70000773262.437408
70000339964.700729
70000985078.914825
70000630663.428741
70000518332.826462
70000563468.815460
70000701658.720261
70000614332.718796
70000560854.613083
70000927453.257385
70000548690.006454
70000067758.028015
70000334548.987442
70000244558.862350
70000504055.528656
70000846903.771851
70000639363.308228
70000950576.198959
70000509812.410339
70000606883.405243
70000273235.677979
70000160558.940582
70000294513.743820
70000623222.900681
70000343808.963501
70000952731.210083
70000778136.635773
70000474800.373062
70000474695.730804
70000982831.393890
70000036129.002533
70000740601.356888
70000758983.804428
70000829776.568726
70000260812.372742
70000740005.345490
70000650819.391113
70000375912.277557
70000778942.559006
70000169752.268021
70000363898.844086
70000167952.995758
70000304104.108475
70000254361.022034
70000745788.148712
70000403082.432129
70000402732.039459
70000332159.819489
70000896840.683655
70000413046.756989
70000522326.271561
1.000000
70000266750.305054
70000456812.744019
70000023185.435760
70000996082.616241
70000475148.866013
70000966019.658691
70000323823.293579
70000445859.055557
70000667276.519440
1.000000
70000834175.553360
70000789653.474670
70000204866.061295
1.000000
70000771502.682159
1.000000
70000618716.736496
70000891083.111252
70000177185.299149
70000370361.186539
70000012062.519348
70000508058.247742
1.000000
70000758246.330948
70000745448.336502
70000880353.333359
70000344127.793182
70000561439.106049
70000354147.151489
70000817566.086136
70000376593.198456
70000850759.680206
70000047508.060379
70000138491.899963
70000640171.646210
70000349305.740082
70000577744.291626
70000933229.749374
70000644262.771591
1.000000
70000147708.192474
70000105037.095871
0.33
 0 0 0 0 0 0 0 0 0 0 0 0 0
