1 401
70000398479.619507
70000774713.394882
70000536694.974213
70000635484.007950
70000384536.651398
70000651857.327774
70000535676.835251
1.000000
70000292186.568527
1.000000
70000272401.078613
70000622346.516281
70000358050.095230
1.000000
70000625119.486038
70000731928.183929
70000978220.671143
1.000000
70000451863.972916
70000090032.493988
70000504369.919556
70000524424.434143
70000025636.762985
70000970932.127853
70000422245.141495
70000099267.763611
70000657289.204514
70000900894.976517
70000538785.729996
70000471945.334015
70000268565.729279
70000177794.630783
70000320027.972733
70000371118.726654
70000767735.390366
70000027088.485031
70000116500.164383
70000889826.945114
70000600049.614517
70000111637.859558
70000134113.883270
70000700177.654739
70000584116.796997
70000315561.095947
70000096265.536591
70000199547.635727
70000768858.137711
70000504153.185074
70000916834.949554
70000273145.103531
70000461558.216095
70000410018.830185
70000354410.206024
70000482811.518036
70000390659.973099
70000585698.109055
70000791242.016052
70000577909.047653
70000667672.045151
70000820931.176819
70000476788.939392
70000636298.414413
70000582426.547775
70000641151.026459
70000425481.656433
1.000000
70000528104.468155
70000097584.452454
70000657385.104462
70000894001.987015
1.000000
70000610158.386505
70000334607.245880
70000933641.250458
70000508252.596634
70000887508.414185
70000321475.935013
70000694671.688248
70000001605.568466
70000967782.766800
70000116541.136703
70000410009.118057
70000393437.373428
70000973042.539261
70000026619.578583
70000776121.649338
70000317862.102371
70000741179.044327
70000049210.554810
70000460759.191849
1.000000
70000785346.757675
70000644267.720306
70000412770.688370
70000545333.003799
70000814246.920090
70000101758.548737
1.000000
70000472030.777069
70000601450.013123
70000325140.862656
70000340785.092194
70000298705.068619
70000620169.923233
70000598748.546234
70000878499.816238
70000599678.890915
1.000000
70000449404.897186
70000205560.698502
70000248115.881439
70000630014.733124
70000638929.241165
70000860046.291962
1.000000
70000574296.467026
70000532789.153229
70000194248.366150
1.000000
70000325103.787552
70000285044.921570
70000243349.545364
70000391308.333344
70000798266.430252
70000199079.531509
70000466171.229813
70000062002.046783
70000924106.697830
70000994364.887970
70000908041.855133
70000493770.967453
70000961016.808746
70000238997.163071
1.000000
70000956277.798416
70000444316.357971
70000248494.488632
70000872533.110794
70000732319.742020
70000838500.030914
70000844531.511703
70000743824.841934
70000438111.544022
70000545815.899460
70000094707.634491
70000649943.940491
70000908812.945557
70000613333.439194
70000735857.439194
70000136058.494751
70000301677.491226
70000259762.563431
1.000000
70000100610.469757
70000637930.861633
70000146162.902756
70000474261.931839
70000063573.090546
70000793961.368149
70000285596.672470
1.000000
70000473370.564590
70000313353.853073
70000927264.955978
70000689400.895432
70000089140.190125
1.000000
70000730818.495178
70000232260.213242
70000878792.392471
70000235000.631012
70000831045.359238
70000697052.650467
70000988589.182526
70000715088.550293
70000124717.101974
70000643736.013824
70000263122.886673
70000234026.104202
1.000000
70000033377.635544
70000121234.270050
70000081277.650345
70000287519.146042
70000786424.994415
70000699848.304367
70000986456.245636
70000169138.243225
70000516014.838394
70000240272.418716
70000948606.952927
1.000000
70000490459.695862
70000545176.784683
70000660607.859344
70000555230.597076
70000653717.733978
70000688377.348099
70000058745.435104
70000562129.465637
70000860698.929611
70000857690.004135
70000282362.239090
70000413538.156067
70000528837.002136
1.000000
70000670863.389008
70000289865.793900
70000812884.614105
70000004747.582901
70000642671.689682
70000149228.004868
70000784393.081085
70000418040.391296
70000177707.145004
70000247051.670135
70000851571.877487
70000141496.662369
70000953825.025513
70000365278.029877
70000740460.413956
70000545470.575851
70000640357.164688
70000017686.446747
70000525558.530975
70000924749.315521
70000083251.302078
70000401608.808701
70000734436.051498
70000371156.045959
70000752787.229645
70000134162.741638
70000243673.155518
70000999178.962387
70000225568.523453
70000108505.705902
70000241123.985687
70000772548.769272
70000414649.447556
70000187117.441132
70000350955.104919
70000665994.264664
70000715832.089966
70000002207.436707
70000631669.135101
70000736173.493286
70000137940.391922
70000024791.614395
70000592694.548798
70000533405.352982
70000375093.850082
1.000000
70000265764.545517
70000171050.052216
70000144398.002609
70000919401.285812
70000470949.800156
70000930327.950333
70000759981.472137
70000238214.060928
70000225746.269241
70000638687.866364
70000385547.517303
70000124070.366165
70000181298.654099
70000541444.914993
70000860851.768829
70000877219.745544
70000021811.631454
70000448706.484039
70000475481.912033
70000237696.105896
70000974304.097153
70000242378.236511
70000032700.197708
70000852935.299286
70000865166.847122
70000629831.278763
70000502889.039490
70000142019.743164
70000032477.792221
70000918426.086227
70000623212.461899
70000383517.412369
70000736481.861450
70000272818.313354
70000808809.418533
70000535507.639084
1.000000
70000580292.084946
70000844906.020599
1.000000
70000566563.096466
70000409124.139481
70000947979.171524
70000264573.844131
70000048837.519394
70000159369.608521
70000349602.898163
70000232137.553802
70000050821.259995
70000014011.390335
70000530595.759598
70000685990.303162
1.000000
70000440104.553268
70000933318.405182
70000361456.382385
70000366261.685181
1.000000
70000196997.033508
70000966353.453949
70000089165.167664
70000832727.820251
70000589995.765045
70000054452.012054
70000585150.744339
70000997714.452606
70000691785.258438
70000724056.049042
70000708748.921051
70000427474.285095
70000072165.276291
70000703157.811249
70000391826.666031
70000714153.201004
70000833277.103622
70000175459.817215
70000594708.556244
70000925676.889801
70000412346.360580
70000314997.176071
70000447380.170013
70000980857.371841
70000263605.849731
70000441650.697205
70000253307.461533
70000663938.995941
70000636599.349335
70000887212.993408
70000089539.503998
70000600155.636276
70000212206.698059
70000387591.290039
70000100924.883957
70000247942.264603
70000930722.027084
70000868380.962936
1.000000
70000664049.367401
70000082911.949188
70000414924.214508
1.000000
70000549045.102280
1.000000
70000131390.738373
70000477952.370499
70000104161.938660
70000591089.521851
70000298409.715118
70000260919.800125
70000355972.280182
70000104593.280838
70000993426.477600
70000874488.907394
70000701018.980698
70000299712.709793
70000362631.577759
70000597813.700699
70000295311.326965
70000005682.330032
70000797862.664597
70000127150.980530
70000429199.548004
70000643868.859314
70000799856.036819
70000314061.298859
70000273255.835281
70000044873.252029
70000941398.359421
70000750953.000488
70000133868.148590
70000395721.179535
70000186318.219254
70000678028.722122
1.000000
70000926946.848572
70000319588.458603
1.000000
70000542078.015289
70000164793.805588
70000646989.727234
70000522180.938354
1.000000
70000381350.993088
1.000000
70000142724.401855
70000673630.878067
70000259965.639709
70000486824.531677
0.33
 0 0 0 0 0 0 0 0 0 0 0 0 0
