1 401
70000021572.756348
70000763863.408691
70000218834.541885
70000264835.822540
70000550333.486664
70000781189.123489
70000920990.269730
70000443745.806931
70000705558.381042
70000684144.598862
70000042263.235046
70000347986.660370
70000563186.066757
70000830338.056656
70000121632.641190
70000970471.927963
70000316521.784668
1.000000
70000199043.769562
70000608960.104233
70000789598.519150
70000528238.477463
70000468817.546997
70000419774.596359
70000343636.463516
70000577437.981735
70000857692.445007
70000490764.355606
70000304098.229004
70000738819.470413
70000483361.375320
70000179762.460541
1.000000
70000089588.061630
70000832999.739594
1.000000
70000892471.877289
70000365434.082611
70000313593.356903
70000052085.456894
70000340985.167191
70000876685.369278
70000410894.925720
70000195046.566376
70000053853.192856
70000580050.473160
70000677839.627228
70000652891.371246
70000552070.762238
70000019090.279999
70000910949.989777
70000972206.465256
70000932794.032410
70000733218.594925
70000070721.289078
70000146380.648300
70000677984.862595
70000678225.648926
70000349361.694321
70000804300.799622
70000891376.812164
70000756618.841156
1.000000
70000910826.111664
70000897271.378830
70000654864.190414
70000693598.432571
70000474012.395660
70000447643.927612
70000075371.413040
70000587932.712753
70000921888.922409
70000196074.140106
70000077780.038147
70000223538.473999
70000365151.602295
1.000000
70000412226.102783
70000060766.417557
70000165903.943085
70000913261.188293
70000858546.591461
70000521950.745834
70000024558.317551
70000576362.563232
70000033712.997604
70000112845.418488
70000079655.157578
70000568041.588089
70000818851.677856
70000382882.564133
70000518915.095062
70000758011.181763
70000207661.544342
70000449391.993729
70000563823.770187
70000142257.892624
70000814543.051453
70000191456.534195
70000289078.297363
70000520550.921509
70000206942.520309
70000961226.918640
1.000000
70000579173.331314
70000063946.443481
70000620316.034515
70000305808.189911
70000543219.352966
70000449772.745819
70000063165.050278
70000695664.362762
70000617824.707336
70000424256.472687
70000848490.876266
70000057319.392487
70000319434.263962
70000627008.504150
70000630001.915588
70000216235.187881
70000794432.687851
70000270218.997299
70000960652.078156
70000224346.312439
70000727512.783981
70000918747.462006
70000983155.603607
70000502358.311722
70000224378.142075
70000000542.695450
70000102496.179016
1.000000
70000157666.311218
70000230184.523575
70000541045.405869
70000852466.049042
70000114385.692673
70000095104.403152
70000846550.266235
70000231576.802383
70000284117.773727
70000345672.008606
70000970896.657089
70000315506.127197
70000562197.193893
70000464472.083450
70000566416.567383
70000931303.031387
1.000000
70000705791.684921
1.000000
70000568005.301361
70000030103.993393
70000872803.481598
70000749638.255157
70000210503.375534
70000395501.998795
70000355821.937744
1.000000
70000189535.743744
70000900855.649231
70000333202.136353
70000066662.705688
70000869956.987305
70000902724.585983
70000881553.521164
70000384941.261902
70000508486.953568
70000940214.161484
70000056131.819855
70000126931.166061
70000605836.440430
70000912000.767853
70000357905.368454
70000375126.320648
70000768416.608414
70000572883.573837
70000253046.471954
70000436838.755875
70000008253.491287
70000500675.307404
70000500860.797531
70000664839.502350
70000392869.903824
70000374981.732361
70000066303.115738
70000922302.818726
70000222992.273026
70000521447.284286
70000974644.012848
70000356725.414001
70000240562.523819
70000779555.655823
70000441679.064301
1.000000
70000687241.451843
70000903818.862045
70000923651.804489
70000610107.039902
70000142332.055939
1.000000
70000068383.744598
70000579297.740219
70000369685.614151
70000706012.827072
70000799805.426743
70000886586.046890
70000073158.137848
70000319082.317337
70000924162.951324
1.000000
70000735722.733032
70000971656.230637
70000433769.802582
70000871774.356140
70000588633.187607
70000452788.406693
70000286574.943375
70000424957.848526
70000584755.339462
70000580282.139526
70000611920.277786
70000072277.888214
70000059902.867218
70000591717.029770
70000194566.071503
70000345955.233231
70000073162.241440
70000373183.641418
70000379275.882217
70000229005.583267
70000567047.311798
70000406541.861282
70000192460.979156
1.000000
70000323724.393463
70000373425.188553
70000854661.546555
70000572548.335358
70000040903.729431
70000831036.661438
70000014295.741135
70000773202.519730
70000636481.325333
70000303987.109299
70000734587.225296
70000018876.192780
1.000000
70000756887.590378
70000568336.192429
70000922725.898865
70000050471.328415
70000912319.013489
70000111404.857117
70000912314.715271
70000502252.926834
70000662330.144028
70000784114.025604
70000767644.179199
70000827306.534760
70000856020.814880
70000641012.933624
70000545238.990356
70000771975.751663
70000573128.390808
70000500706.612854
70000679737.027756
70000921685.260620
70000936098.493256
70000868351.438965
70000152080.797577
1.000000
70000905798.026367
70000982361.331390
70000052342.171722
1.000000
70000346067.091934
70000660051.601166
1.000000
1.000000
70000712610.989120
70000453327.208847
70000099752.570526
70000280685.172073
70000556979.888596
1.000000
70000262853.677567
70000022355.966446
1.000000
70000557261.411743
70000074981.048096
70000776739.218399
70000101662.535294
70000400315.057404
70000879344.030228
70000859176.662201
70000938005.582794
70000932085.038239
70000115751.662628
70000572621.429123
70000117849.013306
70000754121.021927
70000076124.668839
70000773842.051025
70000757821.002930
70000253042.079773
70000402489.334229
70000309072.902863
70000963630.711060
70000080190.513611
70000093402.778244
70000910682.221909
70000666840.506790
70000809119.115143
70000892157.598068
70000431612.302521
70000529137.423523
70000659929.000366
70000105653.088470
70000853849.324432
70000831683.529358
70000601489.715836
70000321583.041443
70000212924.341385
70000482743.679550
70000520207.198242
70000854812.053986
70000832244.608826
70000929526.217484
70000333020.403061
70000957542.377014
70000099801.655869
1.000000
70000236255.566528
70000260785.970215
70000170709.656952
70000912257.244202
70000599523.939651
70000950696.601715
70000339826.066559
70000699442.278748
70000196640.826935
70000256081.695999
70000195959.033279
70000850842.427475
70000579236.275284
70000181131.347275
70000212240.782745
70000075591.323914
70000612812.280579
70000355814.575287
70000432212.077042
70000495904.093475
70000932474.489090
70000519861.360611
70000705015.536591
70000396402.643112
70000588744.166306
70000262739.308609
70000431716.408752
70000568785.841171
70000013995.054352
70000575803.114532
70000083775.758194
70000299204.666931
70000919409.214142
70000225064.089691
70000586023.431595
70000929204.249832
70000226171.662033
70000583819.779877
70000426134.168335
70000219388.810410
70000698753.883865
70000755990.182922
70000100157.552109
70000075549.121414
70000780886.731415
70000504895.418610
70000338695.874084
70000139184.434799
70000800951.144058
70000374747.248947
70000373392.742477
1.000000
70000299012.119186
70000045554.418091
70000818880.100952
70000961249.994553
70000819466.710754
70000511589.342819
70000387421.101059
70000504536.181030
1.000000
1.000000
70000377107.449020
70000986518.447464
70000987455.073273
70000145579.230499
70000380884.778732
0.33
 0 0 0 0 0 0 0 0 0 0 0 0 0
