1 401
70000478259.319550
70000334426.273117
70000920579.013550
70000906274.162048
70000415546.539413
70000996463.098602
1.000000
70000555101.008118
1.000000
70000292048.059662
70000045834.247818
70000222235.386703
70000999425.418579
70000121548.128601
70000658991.915771
70000316055.368347
70000414200.045837
70000875717.170380
70000422977.839767
70000960261.662109
70000375859.077621
70000288752.443222
70000255689.343277
70000692957.663040
70000071856.802673
70000865008.435028
1.000000
70000173622.017838
70000339223.188293
70000594890.102722
70000337566.170578
70000754673.897171
1.000000
70000305146.289322
70000352770.566895
70000666118.388290
70000822176.005768
70000349709.537201
70000684271.147232
70000120164.324631
70000059153.040649
70000146064.462570
70000355107.531662
70000813227.760483
70000827433.957214
1.000000
70000187496.745483
70000693075.363464
70000518584.968201
70000178730.014740
70000778588.805389
70000400950.415955
70000390451.530167
70000727583.416916
70000894647.553482
70000121965.281738
70000277028.559387
70000954575.495117
70000259813.238052
70000739281.581680
70000275995.699493
70000168198.285538
70000183760.078766
1.000000
70000893238.567703
70000669848.292084
70000057772.471054
1.000000
70000102681.229980
70000275783.233047
70000659538.195496
70000497824.149368
70000639392.250793
1.000000
70000990643.785324
70000824119.330795
70000162267.062714
1.000000
70000366286.003632
70000591009.557373
70000878917.258347
70000101188.470016
70000738955.704987
70000217931.562439
70000318358.500473
70000072412.126022
70000154718.136368
70000917613.836777
70000073220.401108
70000218117.787689
70000446035.110657
70000157896.929855
70000340079.196335
70000279664.686447
1.000000
70000179484.190323
70000265699.005875
70000767531.030289
70000599451.304840
70000365011.715958
70000965436.180847
70000929258.954926
1.000000
70000025155.977341
70000614630.800018
70000446675.673523
70000729114.778198
70000644901.761902
70000397510.082794
70000354720.545761
70000300010.081253
70000282426.421555
70000339380.232300
70000621772.360214
70000565515.404358
70000514613.554688
70000826887.714340
70000459625.947632
70000700539.391647
70000303522.092407
1.000000
70000424168.444611
1.000000
70000718231.189102
70000433938.650818
70000361631.071396
70000680875.010757
70000997819.705353
70000424692.441376
70000477773.604584
70000482269.618668
70000643669.536606
70000091807.735687
70000514327.302444
70000073017.126282
70000405081.214417
70000249140.940948
70000102372.337280
70000159125.633850
70000826265.113083
70000480899.581024
70000755931.521133
1.000000
70000803872.572189
70000383348.744873
70000511973.262558
70000963303.809280
70000703520.214050
70000134071.437744
70000123767.730347
70000535787.175583
70000825694.156281
70000300168.909622
70000127836.149780
70000220584.329895
70000636655.159912
70000394648.558350
70000574448.019653
70000972424.944046
70000996393.869186
70000552574.839813
70000221979.241516
70000792040.894623
70000527562.627899
70000492301.803131
70000293949.971939
70000973809.277069
70000953736.786774
1.000000
70000524785.495804
70000790401.349747
70000254923.943024
70000246398.139206
70000009700.946625
70000255134.111786
70000326491.413818
70000865292.662537
70000623385.513901
70000325100.901398
1.000000
70000000516.508011
70000587848.005249
70000738952.076126
70000932739.531845
1.000000
70000481281.652573
70000504275.881104
70000289129.035019
70000211491.615814
70000247372.818314
70000360169.384109
70000076691.307129
70000807436.705841
70000164126.398712
70000758846.535767
70000244749.458633
70000768001.908203
70000862427.802567
70000688551.760757
70000506708.013016
70000699904.408707
70000092237.688522
70000754968.788528
70000269262.755264
70000884152.181503
70000985791.153610
70000220389.750610
70000315170.350693
1.000000
70000894908.485336
70000613276.827255
70000394756.865982
70000526197.261932
70000185386.059555
70000306811.911606
70000516081.265152
70000926480.960785
70000267391.648071
70000823030.233902
70000476858.637360
70000048499.264374
70000077361.270248
70000159240.757263
70000366158.073975
70000999613.195618
70000033254.377792
70000576630.587677
1.000000
70000347703.580231
70000755103.878662
70000104358.373016
70000273039.078156
70000233323.133835
70000639604.509872
70000350405.373642
70000392129.138397
70000600871.833832
70000833844.004807
70000637363.483978
70000667872.385910
70000555931.078644
1.000000
70000675379.176971
70000132331.515625
70000845934.051865
1.000000
70000089659.569611
70000303977.112488
70000130195.635651
70000709346.348755
70000363968.450516
70000661396.325104
70000260839.737885
70000250485.877884
70000400629.184265
70000409189.752350
70000234024.719635
70000743317.746048
70000164336.061325
70000954150.505371
70000564382.663483
70000122189.952850
1.000000
70000364108.366821
70000745498.556900
70000526064.726868
70000037652.378952
70000593900.205490
70000919488.066833
70000879251.808411
70000562911.091965
70000750191.947617
70000994016.081619
70000404708.529022
70000001745.033203
70000529750.593964
70000947832.698334
70000891193.941086
70000408203.113907
70000539453.623611
70000567858.563736
70000598956.459213
70000207308.782944
70000955312.826981
70000603809.662643
70000921913.291946
70000566316.650879
70000296778.722977
70000175176.881912
70000771206.866547
70000038728.983475
70000033134.107971
70000654398.467758
70000245865.052261
70000647628.830948
70000599419.398254
1.000000
70000849356.995667
70000477928.612946
70000282915.515656
70000677474.558945
70000828676.558548
70000981375.653442
70000831375.788605
70000019896.883453
70000436316.056641
1.000000
70000901112.205597
70000594479.702957
70000063506.381012
70000443461.621292
70000597243.778351
70000356508.760864
70000535805.601990
70000973291.147430
70000156802.055603
70000320487.260254
1.000000
70000631188.385422
70000336400.370605
70000293272.719315
70000119525.817307
70000265892.758453
70000297251.748444
70000478726.970795
70000405136.943924
70000452440.735260
70000006159.626785
1.000000
70000801100.353470
70000176282.381012
70000249464.935974
70000717390.777161
70000897166.316986
70000852247.201904
70000207592.786850
1.000000
70000372718.979416
70000045334.358078
70000583794.300339
70000962470.167740
70000619350.606232
70000029089.287491
70000318283.025635
70000232452.504700
70000393555.006851
70000816015.555649
70000756109.969879
70000726156.747299
70000394958.118210
70000415085.583099
70000260164.600082
70000144437.245941
70000422910.706741
70000527793.888626
1.000000
70000908760.220108
70000074219.145935
70000286291.070679
70000262567.133072
70000596001.887238
70000660750.480820
70000365388.540237
70000397286.512741
70000486065.271271
70000460455.711609
70000118903.737976
70000529150.897217
70000446439.692825
70000549305.905289
70000034443.374390
70000351621.351242
70000081569.033737
1.000000
70000928934.981476
70000776862.745178
70000802510.604752
70000284648.436798
70000018314.374634
70000646305.080124
70000485513.404800
70000477148.323212
70000819123.575333
70000688169.271866
70000837553.079727
70000930577.068344
70000472345.945557
70000553711.405045
70000359144.152985
70000367707.783920
70000890499.702042
70000145121.056808
70000940984.242645
70000526136.536530
70000937834.645721
70000972354.114334
70000815071.812531
70000749346.747833
70000272614.338013
70000661181.816986
0.33
 0 0 0 0 0 0 0 0 0 0 0 0 0
