1 401
70000266502.386108
70000823983.868286
70000783895.972168
70000207761.284317
70000015911.156067
70000690906.997711
70000447256.571182
1.000000
70000786533.701492
70000471608.844681
70000545416.435104
70000810290.361313
70000024891.650452
70000250686.124756
70000906646.327896
70000241998.318207
1.000000
70000963163.683594
70000210359.809921
70000101244.069977
70000405290.275253
70000802034.433762
1.000000
70000893792.956360
70000897610.599823
70000940931.730438
70000865397.028687
70000802030.632263
70000726120.951065
70000757083.815781
70000585713.278610
70000805314.755066
70000180900.996841
70000627176.628326
1.000000
70000328555.483902
70000123616.929337
70000936148.722610
70000488916.197128
70000348628.484451
70000542084.845245
70000036832.509232
70000674479.955109
70000391295.694107
70000669689.164948
1.000000
70000124488.101685
70000526286.049957
70000928862.444504
1.000000
1.000000
1.000000
70000581877.937134
70000682005.326340
70000927435.559143
70000105288.631119
70000387798.558960
70000990103.569336
70000538454.771835
70000462220.285995
70000618915.229279
70000504349.042435
1.000000
70000491259.237061
70000736571.015717
70000847114.363663
70000219393.287216
70000560447.575439
70000326010.063705
70000179362.448624
70000419660.059753
70000842155.710938
70000727416.818069
70000564455.354019
70000330108.508026
70000762939.766968
70000882712.115372
70000504138.394852
70000511673.928436
70000116666.523453
70000880187.359604
70000405357.575272
70000383698.909103
70000797508.778336
70000153291.346680
70000381474.747818
70000047240.324936
70000958869.723892
70000964728.473709
70000320187.203613
1.000000
70000119758.767609
70000827074.832947
70000268544.979477
70000744016.267517
70000946099.154419
70000742532.013321
70000193695.533569
70000280577.634460
70000294424.959366
70000713922.838028
70000329261.477921
70000133855.730240
70000490443.353851
1.000000
70000856434.992371
70000053639.284103
70000205267.239563
1.000000
70000779631.038483
70000366846.850830
70000768967.113693
70000269580.945282
70000836163.960892
70000893978.654541
1.000000
70000681385.354065
70000996361.070374
1.000000
70000430368.678848
70000275251.858063
70000972705.860535
70000627029.165039
70000080600.999359
70000504302.498642
70000047402.039429
70000104169.765198
1.000000
70000815890.787582
70000264743.686478
70000110195.061508
70000117636.429962
70000271142.128265
70000215112.995804
70000510421.532761
70000885547.297318
70000503803.226913
1.000000
70000919114.226486
70000882614.701035
70000692702.342438
70000882523.513611
70000422896.618668
70000041116.224915
70000305047.438660
70000864601.719147
1.000000
70000972153.263580
70000895584.446945
70000468527.269135
70000583820.126419
70000373887.806046
70000289240.805130
70000864133.247147
70000221327.777069
70000300710.664932
70000713389.714218
70000002695.124878
70000159513.316086
70000114112.475143
70000110146.663422
70000642114.132675
1.000000
70000682162.496796
70000320244.928650
1.000000
70000619227.987061
70000740295.003281
70000311385.181564
70000614184.872498
70000706590.573380
70000130951.452179
70000329653.535568
70000850005.377655
70000521164.113312
70000579628.701462
70000892424.557526
70000503316.092285
70000919570.461014
70000526961.157272
70000045584.266785
70000826573.461426
70000685012.640549
70000036067.797089
70000292831.098160
70000955303.498093
70000523923.013550
70000568326.592361
70000370487.930832
70000591057.600327
70000649496.498657
70000952846.675568
70000323489.797562
70000831642.031738
70000973778.055496
70000899922.057175
70000623837.161743
70000161353.711777
70000706127.118515
1.000000
70000444946.520950
70000610578.802856
70000687344.201035
70000054968.974899
70000786673.514771
70000952049.005112
70000818700.710907
70000464609.115601
70000253079.929291
70000685854.934631
70000376496.567947
70000312577.904129
70000974076.769745
70000237324.313904
70000042520.261215
70000834284.248962
70000316365.436096
70000003247.440994
70000125982.738220
70000488143.537949
70000381394.741104
70000674342.831573
1.000000
70000804063.022522
70000930817.313141
70000440551.204636
70000454836.666412
70000651839.279388
70000218921.784210
70000959742.474945
70000660761.371216
70000094383.838089
70000172950.576172
70000699826.523514
70000277944.468597
70000194627.493393
70000220519.727249
70000760301.959030
70000446215.662460
70000595920.455139
70000741713.450897
70000645066.561417
70000445849.961243
70000882991.681671
70000216312.872131
70000411253.674103
70000583360.324615
70000391968.441208
70000247727.322815
70000685982.391022
70000490642.657440
70000539962.232590
70000447280.717560
70000441900.543777
70000881229.751312
1.000000
70000384796.065231
70000009865.849350
70000061329.519516
70000642402.042786
70000670419.455063
70000699138.136017
70000607288.544983
70000705870.175629
70000613063.245926
70000571190.495499
70000064719.363907
70000733229.355927
70000210615.973541
70000487977.823090
70000398555.728424
70000841612.841980
70000994214.922043
70000991533.787277
70000828703.701996
70000016076.636398
1.000000
70000302311.769592
70000389009.283508
70000778040.863861
70000985531.528107
70000509119.517242
70000464072.741699
70000729920.504593
70000807816.059402
70000441891.546967
70000118758.259125
70000009574.968201
1.000000
70000116572.046463
70000810991.569611
70000405589.182526
70000638916.788177
70000027684.024979
70000954879.949081
70000035375.143219
1.000000
70000744047.050186
70000906275.623077
70000757098.417938
70000813159.317154
70000881551.918594
70000025549.938187
70000050583.645126
70000233862.198639
70000563034.278259
70000039646.244629
70000941919.863449
70000737698.859909
70000740805.452591
70000943293.345352
70000043135.338943
70000357659.318604
70000760627.297882
70000157754.322647
70000617153.208649
70000399224.466507
70000919249.198059
70000817257.737686
70000462204.597519
70000272412.756042
70000350428.073853
70000994349.131882
70000463640.647079
70000230882.787903
70000452711.422455
70000752875.750076
70000626310.373886
70000457941.909637
70000369802.825043
70000552654.527740
70000751766.475311
70000728671.971588
1.000000
70000732934.375870
70000085969.320862
70000947456.981369
70000070108.996323
70000853762.845535
70000550400.667053
70000805117.895386
70000423472.112656
70000267132.085739
1.000000
70000802650.369949
70000003081.864319
70000492101.680603
70000855117.530441
70000309684.267105
70000384994.033768
70000645924.689346
70000223062.037888
70000829964.990173
70000194169.580627
70000008300.132065
70000133431.428528
70000801437.279724
70000613145.482132
70000772511.252686
70000560396.651047
70000998598.313995
70000721565.550842
70000191672.484863
70000946736.718964
70000524393.344879
70000748445.067719
70000558265.065369
70000279232.215591
70000209556.257019
70000421103.808823
1.000000
70000642546.836792
70000678135.937134
70000601143.420151
70000787469.895935
70000337113.497299
70000998139.648178
70000721022.105881
70000229423.966827
70000584890.497711
70000242920.902054
70000416789.008743
70000794630.161209
70000106304.063248
70000307258.732254
70000281113.882751
1.000000
70000615632.229736
70000215170.110565
70000831698.286896
70000978073.776001
70000154280.981323
70000097068.983475
70000444710.555969
70000971271.202652
70000853732.838364
70000169454.109390
70000911065.525803
70000603199.877441
70000321430.047424
0.33
 0 0 0 0 0 0 0 0 0 0 0 0 0
