1 401
70000891119.326965
70000229387.370239
70000324694.294312
70000647421.224854
70000069026.851273
70000090475.318527
70000205446.367035
70000780923.217194
70000284094.118958
70000428108.292419
70000520003.464340
70000047823.470520
70000788859.909775
70000681553.569290
70000966435.887070
70000992814.725540
70000319226.496155
70000982159.881210
70000471845.292587
70000882734.064468
70000204552.662918
70000795339.174622
70000976092.213989
70000128659.337189
70000019291.284561
70000639853.599808
70000243104.927734
70000363171.949493
70000938535.456360
70000001120.039932
70000685783.271988
70000892998.094940
70000280952.702118
70000562134.986954
70000147951.337204
70000800658.788940
70000130698.599136
70000200394.772675
70000663591.570587
70000568775.546066
70000738365.825867
70000334911.267380
70000504569.794724
70000454931.483292
70000693213.400742
70000888435.657166
70000151507.293701
70000208144.073380
70000324201.634811
70000861727.216202
70000961407.212250
70000458570.301437
70000344634.637253
70000439009.518265
70000443079.826965
70000809857.297668
70000721822.245926
70000838956.263748
70000315356.336197
70000767760.942810
70000149158.495789
70000064568.296219
70000319419.994980
70000684251.017258
70000304921.036591
70000615184.810196
70000726197.298782
70000227479.017715
70000043853.778641
70000970515.045761
70000351987.037094
70000822856.168503
70000298288.294098
70000349160.337006
70000850402.766098
70000572502.835266
70000119514.733887
70000373713.084183
70000766077.835373
70000365878.262695
70000266034.226974
70000728383.795441
70000229660.964081
70000702047.570099
70000455239.807526
70000143356.700729
70000367846.491043
70000474005.769058
70000248285.523666
70000020390.359634
70000959863.623077
70000431125.227356
70000022069.018509
70000097765.636917
70000980806.603333
70000980729.679321
70000661673.122330
70000173356.142654
70000019251.004913
70000191998.558563
70000556130.941223
70000945242.774353
70000027373.044052
70000550955.254837
70000504274.271851
70000364673.868134
70000149633.500793
70000881894.185135
70000881124.202362
70000358440.261627
70000456840.195236
70000739028.342453
70000603032.549133
70000593300.354980
70000886932.671661
70000849012.085602
70000336999.271103
70000532381.447891
70000954613.566589
70000013257.999573
70000599376.588058
70000486530.884201
70000110071.153290
70000918046.931564
70000429548.171600
70000258870.942398
70000151806.592133
70000839243.298355
70000483894.083908
70000920015.025925
70000255798.993652
1.000000
70000449578.438629
70000653795.117035
70000296078.225769
1.000000
70000546676.544785
70000051869.546509
70000901888.397873
1.000000
70000329722.391266
70000393361.019562
70000092672.712540
70000404654.726379
70000538073.502808
70000227525.683395
70000183330.911880
70000994008.422256
1.000000
1.000000
70000297583.375366
70000325804.337982
70000772216.763000
70000180293.864548
70000941483.944901
70000764318.542007
70000694749.276993
70000758274.807373
70000893314.582077
70000288776.274231
70000839406.174362
70000623293.991364
70000760056.283569
70000873257.067841
70000932033.287186
70000533388.701431
1.000000
70000309001.648010
70000251170.764954
70000805900.201813
70000748214.193329
70000439068.364960
70000220989.231430
1.000000
70000324193.895721
70000269124.073471
70000197935.481705
70000283484.586945
70000437905.872757
70000397433.573044
70000707202.633957
70000855719.360382
70000906033.299911
70000945607.238937
70000723129.141174
70000060853.618637
70000253035.986160
70000537507.142029
70000383238.836288
70000005486.029388
70000283452.441986
70000284814.117432
70000257062.829590
70000339381.849640
70000435856.862045
70000574686.970016
70000107860.948105
70000307409.166412
70000566398.862823
70000137602.881897
70000813524.019943
70000210799.713593
70000514362.612793
70000526367.974487
70000662693.357376
70000303621.308334
70000009083.870270
70000435016.877960
70000480548.957077
70000654290.648895
70000321278.272034
70000399373.080460
70000060155.063141
70000088183.249710
70000072510.226288
70000721253.134460
70000368230.536255
70000202671.156403
70000085333.780182
70000905858.807678
70000959255.705750
70000167808.558044
70000269959.492859
70000512318.178909
70000123907.782959
70000449507.207581
70000126875.484329
70000197618.057724
70000162218.620316
70000402920.798126
70000784646.480545
70000147858.293472
70000850833.628540
70000572885.066193
70000532710.224594
70000903148.893417
70000997845.851913
70000387305.154495
70000169614.397766
70000951183.405411
70000055804.811691
70000151061.712494
70000098269.764343
70000459813.282974
70000332213.017822
70000020966.542969
70000568905.900925
70000426035.006424
1.000000
70000617476.312744
70000528472.737793
70000489291.405243
70000756951.189453
70000364218.613968
70000527202.185989
70000329195.623550
70000942137.455093
70000658118.725250
70000656396.196793
70000216158.869629
70000163258.272034
70000940885.905396
70000206069.882645
70000587606.118515
70000750746.530762
70000639552.195953
70000474953.388809
70000447308.106400
1.000000
70000485489.345612
70000846245.677139
70000005852.874832
70000789013.742584
70000172017.759567
70000252024.404541
70000553125.627274
70000165441.477570
1.000000
70000107760.720215
70000217593.600342
70000097276.608597
70000901493.568329
70000286098.874847
70000003353.518127
70000851539.114120
70000496725.597870
1.000000
70000371620.594666
70000972163.106430
70000826695.588150
70000122803.222946
70000972204.550110
70000091895.365463
70000481501.741135
70000011364.870712
70000262391.236252
70000870499.976639
1.000000
70000139986.845932
70000379480.977570
70000784913.036987
1.000000
70000139738.265106
70000016403.542908
70000413456.123474
70000310182.782486
70000138172.724548
70000686167.795380
70000424368.693756
70000549730.878113
1.000000
70000915664.516602
70000850379.278458
70000917369.398438
70000067295.030350
70000315751.144775
70000422326.050049
70000558016.481735
70000365170.364502
70000342006.291779
70000752917.197449
70000446950.729630
70000826989.521454
70000954064.888458
70000722710.034836
70000568611.569260
70000387984.432602
70000898678.696594
70000810635.312393
70000684671.703232
70000736199.379089
70000426730.379471
70000253888.557526
70000187503.753754
70000630747.515030
70000318864.886642
70000301112.639191
70000341720.277908
70000258903.328217
70000565362.322510
70000944392.957718
70000296290.938416
70000086113.821945
70000278807.697983
70000579176.167023
70000470749.516312
70000415875.231979
70000791693.674744
70000400862.529724
1.000000
1.000000
70000894857.533707
70000904668.331757
70000405650.672318
70000184084.823746
70000324078.234543
70000530528.613327
70000351961.474854
70000586816.396774
1.000000
70000606203.618759
70000749581.863373
70000918476.876541
70000797866.517975
70000333713.533157
70000984667.373138
70000829028.484818
70000942499.481964
70000235550.740372
70000798305.358704
70000224024.105042
70000272427.053635
70000842172.227417
70000572033.870346
70000254863.756012
70000486596.066788
1.000000
70000756680.505890
70000286984.084244
70000740171.206436
70000274436.977142
70000758858.038757
70000977707.312988
70000554087.564850
1.000000
70000693243.957260
70000757555.463882
70000118896.422272
70000141571.141479
70000747883.759430
1.000000
70000760616.203842
70000794058.527939
1.000000
1.000000
70000893247.906204
70000341912.438965
70000556272.541718
70000772798.593262
70000590212.444809
0.33
 0 0 0 0 0 0 0 0 0 0 0 0 0
