1 401
1.000000
70000052747.807297
70000153628.453308
70000784982.442291
70000838423.171722
70000129968.256592
70000956614.600739
70000334677.293655
70000780234.818924
70000320164.553818
1.000000
70000568630.217453
70000760708.167160
70000092416.370285
70000452517.592270
70000056468.844040
70000347906.827087
70000200177.646286
70000685652.621719
70000928871.190659
70000176320.466934
70000825072.593567
70000334161.329941
70000295109.760620
70000559192.715958
70000747200.866653
70000607141.702332
70000414535.370148
70000534745.314926
70000635216.362656
70000149864.035461
70000766532.270981
70000939497.895691
70000582880.431885
70000743517.145248
70000767986.416214
70000419018.284378
70000825493.750351
70000309209.309158
70000521475.764160
70000625875.588257
70000435578.929459
70000957421.446213
70000652449.399139
70000577422.703400
70000268465.748672
70000458834.908127
70000861607.953140
70000051924.679184
70000132751.155655
70000844947.926926
70000210961.946579
70000436595.485458
70000388546.126755
70000062727.799042
70000258132.820877
70000027672.081940
70000187166.090637
70000250144.662033
70000954929.200378
70000347127.473206
1.000000
70000049813.238937
70000417598.879074
70000853867.338928
70000223167.536331
70000967834.995132
70000453747.310867
70000580506.515335
70000642962.355270
70000969477.016388
70000562408.063065
70000324935.351807
1.000000
70000623439.289200
70000747231.128555
1.000000
70000363965.320023
70000737252.059097
70000410989.381821
70000318959.581024
70000007961.376297
70000060383.681183
70000028411.704651
70000066203.038651
70000558434.441742
70000811642.840500
70000859506.983322
70000298804.778793
1.000000
70000894383.761475
70000036869.002365
70000469900.613541
70000837446.946777
70000401313.511627
70000949716.892532
70000559405.203339
70000021988.294357
70000257139.209457
70000145415.995682
70000859178.867935
70000104482.910477
70000343705.078369
70000696338.001877
70000281042.984497
70000073183.505173
70000271174.955292
70000053504.130981
70000014679.605499
70000686352.608765
70000618590.274872
70000912179.082291
70000325019.090225
70000636172.506668
70000777605.876862
70000429725.928192
70000355924.067413
70000181646.474289
70000905432.304138
70000092414.942062
70000183153.382278
70000897294.713394
70000743560.280014
70000932367.844940
70000513177.192307
70000472706.894882
70000883183.042648
70000008306.212448
70000614305.321243
70000182895.576584
70000575440.981674
70000896998.748871
70000106131.309509
70000598665.697159
70000098620.940689
70000759467.285446
70000027830.198685
70000376853.083969
70000879045.682220
70000860765.125839
70000535776.362228
70000354492.286194
70000533757.163681
70000087087.183090
70000798068.694153
70000676519.518936
70000428808.248459
70000915579.737656
70000588393.643478
70000382701.564133
70000199276.284760
70000528897.232590
70000507758.436798
70000461952.062775
70000801130.764771
70000289817.333374
70000099685.836990
70000364002.505325
70000985586.676376
1.000000
1.000000
70000711910.285629
70000388833.205170
70000262187.979797
70000366225.376236
70000815157.551880
70000315219.390152
70000059677.667206
70000846817.156754
1.000000
70000279933.642136
70000311938.878723
70000453547.803085
70000847885.591232
70000275116.234528
70000374198.313980
70000979983.604080
70000181262.189621
70000258989.287186
70000715552.870850
70000724656.242416
70000835862.920578
70000541649.188889
70000788915.711029
70000989961.667114
1.000000
70000310383.832733
70000261661.532257
70000169090.070786
70000402469.776123
70000019241.877182
70000909874.078400
70000404596.113998
70000620746.733185
70000537103.962204
70000619435.739899
70000013772.503510
70000105848.037323
70000948130.112396
70000205772.798279
70000381239.389435
70000436929.147583
70000022036.694077
70000751245.828400
1.000000
70000522443.027222
70000601805.542938
70000719701.310425
70000018857.066605
70000065757.527802
1.000000
70000012029.789276
70000907878.328781
70000216113.311951
70000212661.778168
70000653065.054077
70000593213.969574
70000693739.073380
1.000000
1.000000
70000592458.666916
70000660154.017120
1.000000
70000435157.176956
70000485161.643829
70000416402.158661
70000417437.727646
70000861208.779373
70000261025.245438
70000713929.451797
70000619427.010696
70000352112.268616
70000210624.539185
70000709510.618286
70000955283.670868
70000789734.664673
70000997955.000732
70000653028.564545
70000267376.500549
1.000000
70000020371.758286
1.000000
70000380140.809845
70000692071.416473
70000123616.640320
70000476321.915527
70000852615.200714
70000176130.434418
70000244381.936798
70000126476.934555
70000212729.042282
1.000000
70000939263.161026
70000981634.406723
70000760184.267670
70000506620.076157
70000804687.315353
70000367142.066544
70000935465.586273
70000665609.665436
70000151514.070145
70000633860.513794
70000810856.945480
70000155702.211639
70000874816.277802
70000344729.866821
70000660607.235962
70000165342.852417
70000738811.611404
70000351360.118301
70000573620.467651
70000950660.477905
70000836859.603958
70000383879.945053
70000144818.903992
70000510884.180740
70000608877.529984
70000980697.822861
70000650305.199982
70000482925.344025
70000303486.453537
70000905346.486801
70000729456.384811
70000176284.728134
70000043160.320694
70000592855.545303
70000682700.406433
70000148360.362396
70000171780.024246
70000006687.751663
70000193484.980865
70000185519.977234
70000138674.848373
70000747435.099167
70000799974.347412
70000400857.129532
70000895025.979279
70000172425.932602
70000026644.516281
70000088152.615295
70000917177.150620
70000272504.066711
70000563137.138565
70000072372.671890
70000285986.283112
70000586566.440796
70000162606.328857
70000162422.276276
70000305397.577606
70000203745.446808
70000071435.329453
70000044089.614166
70000463831.320923
70000080094.124008
70000984502.164185
1.000000
70000531247.278687
70000293755.579926
70000053371.822433
70000637559.632370
70000449800.093765
70000930448.728943
70000546636.267929
70000638165.918259
70000564118.287537
1.000000
70000278353.291443
70000719018.362167
70000862192.623444
70000796003.324326
70000633359.332794
70000750149.959351
70000275018.301010
70000488456.359528
70000933252.694092
70000816843.957306
70000615932.711227
70000140781.496979
70000986244.544250
70000335970.176437
70000600711.229721
70000651433.991074
70000141474.783051
70000372471.364838
70000736893.533951
70000692756.905991
70000961947.585831
70000671764.909607
70000339386.686630
70000574325.627747
70000765220.370132
70000194688.379547
70000241347.154404
70000741492.354752
70000256595.974823
70000971351.587204
70000559879.921570
70000674753.847565
70000030156.217484
70000894548.829407
70000466383.100525
70000433225.068924
70000496642.409134
70000002782.827148
70000138912.372528
70000075535.171860
70000903964.200333
70000997566.538223
70000662240.140182
70000210181.782715
70000726327.622101
70000267754.321350
70000066988.104477
70000180380.960709
70000203560.573349
70000627706.702072
70000801681.656036
70000310781.464752
70000002870.887726
70000230100.130112
70000786136.637726
70000443925.524719
70000943396.956375
70000451796.439072
70000391684.769119
70000060826.706406
70000912602.328506
70000393635.914932
70000872034.615219
70000144184.393555
70000806136.246475
70000418280.837509
70000298375.205688
70000980838.273026
70000029644.649506
70000348360.307373
70000861759.329697
70000708387.307648
70000808306.125244
70000785349.502472
0.33
 0 0 0 0 0 0 0 0 0 0 0 0 0
