1 401
70000888289.890411
70000676350.120193
70000839417.148743
70000428744.147919
70000260431.454758
70000127610.188446
70000403418.244904
70000193377.722351
1.000000
70000945357.152817
70000800222.667358
70000543193.050095
70000484399.629471
70000636404.014313
70000402295.095734
70000327005.745239
70000891679.080673
70000990996.368286
70000555833.706512
70000635389.015930
70000037348.551941
70000776437.030655
70000931649.314636
70000569783.527344
70000457246.878464
70000750180.964249
70000713495.740372
70000552467.918549
70000097997.948166
70000015022.434586
70000322090.439926
70000395900.397339
70000341959.481567
70000508075.360260
70000361969.912964
1.000000
1.000000
70000344574.796997
70000428520.653534
70000305929.036118
70000749145.547302
70000929612.230362
70000242035.438522
70000809774.812317
70000237435.055328
70000641885.400360
70000739325.239731
70000746804.457748
70000419245.298859
70000635019.651688
70000463006.899994
70000224356.230072
70000805063.841568
70000295554.907852
70000270984.446350
70000249421.095337
70000302792.725555
70000294465.662003
70000046597.715759
70000384449.206131
70000054891.751083
70000603514.469940
70000783331.496872
70000604555.011795
70000582605.664505
70000691042.144180
70000934784.579544
70000622889.258286
1.000000
70000849534.073257
70000408371.392014
70000103953.423080
70000298406.969467
70000181089.770874
70000242209.123550
70000658381.684921
70000025155.122101
70000503946.592911
70000346737.496384
70000005276.800430
70000242887.462036
70000589684.328949
70000519724.711334
70000691117.919296
70000597758.631744
70000257779.753983
70000521100.804092
70000783709.760849
70000799416.332458
70000570025.737961
70000146419.906754
70000975211.324142
70000960366.636429
70000340550.274048
1.000000
70000401264.008423
70000496028.459335
1.000000
70000873531.576721
70000080415.450348
70000567767.654434
1.000000
1.000000
70000726066.813446
70000248862.816650
70000246924.341797
70000698429.892944
70000842245.975586
70000853033.410248
70000546958.453888
70000468563.681747
70000443350.571945
70000696403.787827
70000603156.369568
70000314596.514221
70000472335.062424
70000994828.475113
70000394444.125458
70000141132.612122
70000582565.380966
70000124685.061646
70000660291.149841
70000492205.267212
70000296295.845444
70000205780.220551
70000704820.936111
70000610741.804779
70000942647.587845
70000276283.624969
70000580864.157898
70000560330.632736
70000826106.227280
1.000000
70000013388.700562
70000657804.460358
70000153325.361664
70000261345.610794
70000439305.936935
70000593731.041626
70000516503.815186
70000441102.469193
70000061509.778549
70000307900.713287
70000994263.092987
70000650962.700958
70000438994.077347
70000939170.014175
70000406011.227142
70000196760.508575
1.000000
70000576407.517166
70000910047.252518
70000537355.852173
70000147676.596313
70000772504.855179
70000921763.080582
70000249474.440445
70000827363.464600
70000400651.578674
70000399961.712601
70000976023.929092
70000691905.980118
70000183376.885239
70000138158.196075
70000686357.117615
70000277261.624130
70000980381.196808
70000192542.416290
70000476620.343552
70000169666.298492
70000062254.086365
70000593419.807129
70000995995.208435
70000013886.780914
70000216266.699799
70000755170.217697
70000586042.178574
70000009257.429947
70000008121.752289
70000955645.929352
70000493498.535370
70000046417.947342
70000070599.325043
70000016915.484268
70000306390.678268
70000153710.243164
70000350224.168396
70000864224.032333
70000573617.189087
70000743621.240479
70000825287.413345
70000227042.836639
70000013470.593903
70000934175.372696
70000967973.142410
70000778412.981094
70000258744.396210
70000021739.375366
70000991817.926712
70000509014.687607
70000985508.017120
70000968571.346176
70000284891.420959
70000825168.826904
70000764650.686096
70000486044.750076
70000530578.254166
70000248994.751968
70000637920.059402
70000099422.502899
70000830563.084198
70000305795.448181
70000682313.051208
70000684832.885620
70000878487.128159
70000000540.203827
70000208534.000198
70000274394.890549
70000539810.988068
70000362244.141220
70000099501.821716
70000688364.784485
70000956112.310211
70000659023.578781
1.000000
70000867284.065475
70000075429.994461
70000015531.042511
70000229870.007660
70000685131.071136
70000283653.062469
70000940821.675705
70000481774.102768
70000881834.621735
70000950923.974564
70000393983.103699
70000882830.049850
70000646152.921158
1.000000
70000519477.943100
70000576457.281723
70000038242.718277
70000807393.630463
70000323694.422394
70000935723.578201
70000466700.729660
70000665045.462570
70000231046.832428
70000159038.377441
70000346582.861420
70000865960.317978
70000633980.517212
1.000000
70000576364.775604
70000917925.196976
70000122925.744247
70000697116.364410
70000940544.959061
70000354391.633499
70000120913.090591
70000920405.890167
70000835242.412415
70000815009.067825
70000090581.615616
70000480403.440720
70000897968.258667
70000328674.511490
70000033111.380493
1.000000
70000936699.397354
70000344152.487579
70000256853.286865
70000163357.052551
70000240916.914734
70000522356.731766
70000464359.201614
70000312855.136520
70000703876.937729
70000791830.984543
70000314776.573959
70000448830.654190
70000013024.006485
70000344766.434937
70000132601.202560
70000243918.325684
70000150884.336243
70000841958.801254
70000466268.745895
1.000000
70000724195.829590
70000703854.685730
1.000000
70000806417.913681
1.000000
70000795613.022247
70000119454.908615
70000930605.129776
70000587237.246017
70000401880.813721
70000793230.351471
70000332926.117233
70000670295.506363
70000559983.107239
70000099603.723251
70000405485.672012
70000009688.077988
70000082351.681259
70000071794.080475
70000071115.962769
70000924427.654495
70000661028.708374
70000081185.789871
70000432252.806717
70000911629.625626
1.000000
70000017661.655807
70000388857.330826
70000322943.165161
70000163524.935944
70000793826.788177
70000509230.936661
1.000000
70000071565.865753
70000979075.169846
70000597891.103836
1.000000
70000375102.285904
70000715143.078735
70000808271.888580
70000883580.678299
70000987057.734467
70000609521.432739
70000635459.716858
70000709417.322098
1.000000
70000693328.640640
70000283739.959351
70000427922.224701
70000325719.644180
70000056652.440475
70000646492.119080
70000009378.436584
70000487481.181595
70000281741.979965
70000907739.258179
70000954580.779221
70000577448.214233
70000989737.222519
70000198728.572296
70000979212.092682
70000477439.135239
70000054497.743362
70000487731.129761
70000154799.331512
70000407528.143753
70000787830.790726
70000481350.954453
70000809415.193329
70000386038.418350
70000261700.980270
70000275594.914291
70000933458.227524
70000995623.789017
70000050341.091690
70000950496.063858
70000621215.189560
70000690083.947586
70000295720.790146
70000169549.153687
70000063324.092438
70000424913.486359
1.000000
1.000000
70000456190.402359
70000614815.828003
70000133945.872330
70000733669.580551
70000959299.596405
70000523305.034546
70000134726.663773
70000594494.101776
70000815967.646240
70000328747.575211
70000606804.763214
70000689306.209473
70000459769.507843
70000571821.077835
70000856873.893951
70000476523.169510
70000824876.097931
1.000000
70000394659.887192
70000902438.624603
70000710592.695892
1.000000
70000769890.007996
70000620018.339798
70000155798.204620
70000867278.294846
70000520636.754639
0.33
 0 0 0 0 0 0 0 0 0 0 0 0 0
