1 401
70000408066.818115
70000374981.612137
70000737352.764526
70000971645.059296
70000359383.560638
70000887402.991013
70000908048.810760
70000223975.713974
70000960998.155090
70000916742.290817
70000425147.460663
70000949017.244400
70000676343.017105
70000687415.883774
70000952779.633453
70000023703.171692
70000767538.869293
70000127576.219177
70000961195.258362
70000275292.269379
70000246678.501877
70000435683.938980
70000715331.397705
70000460694.174011
70000171617.147217
70000310706.317978
70000796880.238693
70000622609.084335
70000545569.547714
70000051676.284500
70000883518.907516
70000793158.300751
70000260772.442566
70000336345.698669
70000840853.599472
1.000000
70000527373.369873
70000549009.796555
70000213341.907135
70000490565.693512
70000479074.420685
70000887482.435562
70000989128.942795
70000925590.773087
70000220346.350525
70000436851.886246
70000740180.910019
70000525281.805328
70000944560.071732
1.000000
70000408561.058914
70000504945.822647
70000074873.368423
70000015848.996948
70000612670.869476
70000267102.813782
70000147206.158798
70000513789.948715
70000551805.249496
70000644488.173843
70000625462.266556
70000513458.451050
70000137318.137726
70000090250.533203
70000805264.872818
70000545348.458191
70000579717.629211
70000034884.052139
70000708518.982986
70000922647.726562
70000208198.274979
70000271111.045166
70000400829.761932
70000574143.834457
70000541899.370148
70000302306.344543
70000002789.169891
70000884081.400024
70000506526.998413
70000231196.097076
70000438951.325287
70000959621.312454
70000689110.013779
70000623690.936981
70000760489.313187
70000279801.439209
70000848943.925247
70000572604.722092
70000117490.272522
70000621574.995621
70000305421.922150
70000296006.550781
70000105287.077469
70000147227.490891
70000125396.551331
1.000000
70000940492.813278
70000124853.941605
70000095174.654068
70000741889.491776
1.000000
70000727462.181671
70000732753.964935
70000770983.532104
70000076836.198151
70000950932.236450
70000663942.572510
70000443508.671097
1.000000
70000536589.295868
70000135315.908325
70000625008.879608
70000846040.250320
70000361455.083023
70000907346.039001
70000316988.227463
70000689326.476639
70000445273.065613
70000328389.152725
70000919500.390732
70000797669.019073
70000191931.055664
70000524687.968506
70000176662.903793
70000044470.694717
1.000000
70000032733.958725
70000252437.597626
70000822288.521957
70000702282.151993
70000916584.454269
70000438863.453522
70000685308.772141
70000181368.570816
70000711513.429169
70000458890.396896
70000251860.330994
70000684807.464813
70000837177.026428
70000983657.567764
70000075735.584259
70000270074.789871
70000743595.080566
70000484349.429138
70000285267.865067
70000262677.780457
70000632481.484848
70000606150.100113
70000593206.484344
1.000000
70000240654.711411
70000743911.169724
70000961764.156555
70000196767.085052
70000148623.617752
70000979010.566696
70000571565.490845
70000550049.750275
70000288495.056778
70000585861.193726
70000814165.380997
70000608204.774521
1.000000
70000731163.809738
70000568635.094635
70000467369.710312
70000583996.458633
70000648757.272339
70000029540.286850
70000926613.816574
70000754417.034637
70000098229.035660
70000251097.200592
70000215096.802887
70000934543.915802
70000984726.397079
70000913930.267975
70000205396.463837
70000297131.500748
70000940766.029984
70000777716.393646
70000155568.742599
70000519646.215729
70000938005.204422
70000823364.595184
70000905550.594147
70000960033.620819
70000225075.613510
70000397969.901260
70000556295.555389
70000816485.371689
70000374722.306412
70000910535.366669
70000272656.068924
70000466369.882553
1.000000
70000342311.211533
70000423684.135437
1.000000
70000676465.395432
70000485236.275375
70000204773.704529
70000570108.752975
70000033287.954010
70000386990.747726
70000103183.456665
70000192617.766830
70000956209.222733
1.000000
70000495659.723053
70000144682.032196
70000209073.440521
70000486013.759323
70000822547.963501
70000064356.824707
70000270941.199127
70000318215.732819
70000054779.286789
70000118918.827499
70000895765.105988
70000490235.870758
70000803301.240814
70000149636.087204
70000274423.309341
70000586961.727997
70000031703.729446
70000016441.934937
70000833446.488434
70000359621.800949
70000018404.634659
70000242063.075241
70000115409.405045
70000118669.033463
70000727984.057816
1.000000
70000592783.593246
70000807428.366058
70000812105.137085
70000595047.305420
70000980617.347427
70000018408.735550
70000261894.330124
70000700173.125198
70000982194.394165
1.000000
70000624683.222992
70000774427.362976
70000581540.549622
70000984051.856506
70000432159.162842
70000788430.827011
70000164324.562790
70000851643.686646
70000582997.246902
70000930140.820755
70000437568.449509
70000944335.700333
70000165886.883118
70000912735.140762
70000460956.210403
70000188583.561462
70000046079.808502
70000417135.265717
1.000000
70000175651.443466
70000795911.062744
70000601802.129883
70000711685.982361
70000522298.266418
70000202507.363205
70000054083.559433
70000878532.087463
70000508485.692703
70000447192.750671
70000640551.558487
70000416795.032608
70000607214.451721
70000989143.625214
70000941476.716675
70000424241.802353
70000964344.275391
70000264148.782333
70000157300.354233
70000055811.348511
70000831745.401489
70000204746.866974
70000777030.394608
70000727615.209641
70000716882.627609
70000501096.148621
70000367293.481400
70000371168.570938
70000621293.842545
70000304084.496597
70000396543.552750
70000895646.975922
70000220949.928024
1.000000
70000314989.831863
70000033154.545456
70000209453.532944
70000171074.043320
70000142820.072052
1.000000
70000763381.900497
70000157604.182831
70000019289.524048
1.000000
70000212495.866104
70000340865.077972
70000892137.547852
70000899663.077911
70000475329.255417
70000700394.090347
70000183037.352448
70000739913.692139
70000213781.124283
70000057839.682617
70000892322.807495
70000341474.818878
1.000000
1.000000
70000984678.785843
70000623936.642822
70000740854.814697
70000095342.393112
70000406776.682648
70000704872.060791
70000118746.839676
70000803480.398102
70000619459.366684
70000485904.574295
70000909250.011642
70000694657.741821
70000899495.339188
70000009800.994781
70000023845.591568
70000044414.720016
70000561334.327362
70000097252.290436
70000273205.855606
70000527714.215912
70000083258.479141
70000448317.197754
70000857797.312653
70000036382.008957
1.000000
70000868844.082962
70000557351.085159
70000673833.416397
70000310050.437195
70000761098.618271
70000341345.582611
70000538669.239014
70000520719.614075
70000450570.574493
70000413279.661285
1.000000
1.000000
70000395993.069321
70000077432.388916
70000070159.719940
70000935748.256058
70000980875.204086
70000034306.218689
70000868518.458786
70000489184.363678
70000050936.987350
70000884960.962051
70000456574.756836
70000508164.464676
70000585796.038284
70000234796.580750
1.000000
70000544649.996902
70000486643.185608
70000848296.928375
70000792040.212463
70000974608.054260
70000653190.072952
70000543632.648117
70000795221.740997
70000371438.028473
70000226996.198654
70000260032.244202
70000376155.246750
70000390643.211777
70000983863.294922
70000641736.348816
70000636569.093231
70000616959.830048
70000417027.050568
70000751516.856400
70000112745.296005
70000241412.477585
70000334564.800461
70000728175.444092
70000082877.676865
70000483420.001694
70000171453.257111
0.33
 0 0 0 0 0 0 0 0 0 0 0 0 0
