1 401
70000896815.177673
70000660818.978806
70000351467.061005
1.000000
70000573420.720932
70000776921.269669
70000059191.387878
70000747128.637299
70000929854.932907
70000208804.680191
70000548644.061417
70000147962.991379
70000287497.354355
70000117721.291840
70000342106.409683
70000705805.634018
70000994473.059250
70000705835.355835
70000801518.782410
1.000000
1.000000
70000581680.290665
70000291064.817520
70000140196.228653
70000868199.995575
70000416824.386932
70000873729.200150
70000212323.840134
70000284688.572006
70000132207.071823
70000914841.740051
70000010697.605072
70000594487.744766
70000381712.217529
70000557876.644775
70000831489.580032
70000927062.247253
1.000000
70000096660.996780
70000881755.408890
70000076003.227814
70000417850.192352
70000747586.765701
70000968034.059372
70000660934.071640
70000419634.908569
70000272161.383652
70000936579.268341
70000165948.918640
70000914279.534256
70000439884.425308
70000160806.931427
70000521605.957672
70000683395.155655
70000725054.804352
70000852685.091553
70000743554.263947
70000470093.862915
70000921876.578888
70000533945.929596
70000556474.188736
70000482114.324051
70000129962.897736
70000865721.945190
70000147452.327469
70000899502.250412
70000664337.025345
70000917782.071625
70000321444.810883
1.000000
70000812896.762009
70000635413.042206
70000902369.539963
70000952640.283279
1.000000
70000533403.387482
70000495963.355911
70000728031.853714
1.000000
70000137224.484741
70000182241.210953
70000428448.714874
70000819836.893463
70000872038.446381
70000403418.527008
1.000000
70000336123.392319
70000673913.780548
70000853052.976974
70000954172.475464
70000594207.396317
70000147262.875381
70000033905.202148
70000020904.774673
70000438687.584000
1.000000
70000811444.523148
70000616027.359573
70000509709.151520
70000664709.374176
70000414992.226334
70000809581.998352
70000426628.364578
70000297708.611618
70000890423.057648
70000052240.901962
70000206627.898575
1.000000
70000346485.469727
70000275774.513763
70000299072.681030
70000086747.865082
70000040551.606415
1.000000
1.000000
70000982362.012329
70000893190.178833
70000734369.952164
70000253714.849731
70000792165.046127
70000511299.757599
70000721530.874435
70000482346.659012
70000592712.690063
70000262447.403854
70000118674.255539
70000715568.737625
70000422790.420456
70000811986.430984
70000280902.254715
70000749847.252335
70000070292.589020
70000549105.021057
70000323868.443237
70000979143.207474
70000076452.234558
70000375875.439011
70000811524.115295
70000370110.961151
70000987079.121918
70000890389.581223
70000348051.137283
70000572088.609055
70000584624.697510
70000035437.870819
70000275945.307236
70000206429.578629
70000767406.317383
1.000000
70000136069.479996
70000788898.505920
70000924107.509781
70000631872.449463
70000545818.107376
70000692600.286499
70000241672.740265
70000077794.139511
70000503981.388748
70000775907.397461
70000082408.629135
70000928483.645386
70000140817.922226
1.000000
70000390660.881363
70000817334.193039
70000506066.009857
70000098910.304764
70000868484.992981
70000376871.279190
70000915207.331711
70000330506.962891
70000849686.277908
70000164735.638199
70000427171.000885
70000464847.585724
70000738415.612534
70000890522.289169
70000374077.282928
70000217090.299606
70000512832.987640
70000043642.746735
70000552934.711060
70000955327.336700
70000412334.102936
70000619422.874207
70000926470.726807
70000697902.056076
70000436704.128967
70000690313.967926
70000354065.847946
70000302506.153763
70000183151.524689
70000149232.357925
70000526933.590302
70000222043.653671
1.000000
70000784046.256271
70000230997.536377
70000643774.986191
70000701783.895981
70000362012.204788
70000954674.691315
70000263190.524811
70000600113.892548
70000701045.859619
70000330245.930252
70000057136.461014
70000588703.813400
70000392035.390335
70000016118.647263
70000456349.069641
70000375546.182083
70000732486.165436
70000264628.156403
70000198281.464584
70000197060.317581
70000562265.813980
1.000000
70000308300.906357
70000939931.538254
70000992454.422455
70000874033.623550
70000307371.525314
70000452980.541046
70000241246.330643
70000249138.502808
70000237322.004517
70000642718.388489
70000431181.717529
70000791117.073730
70000174661.320312
70000288227.029037
70000477167.682648
70000821196.656891
70000821386.825531
70000092622.381821
1.000000
70000077952.249512
70000959609.425308
70000375549.989380
70000675886.046555
70000587814.560318
1.000000
70000234253.427933
70000318216.051483
70000769235.874039
70000817151.692871
70000952894.388046
1.000000
70000630410.894470
1.000000
70000842778.809052
70000768999.437485
70000679608.197433
70000642335.225266
70000538178.868240
70000003350.836700
70000138420.195007
70000640065.289673
70000544351.914124
70000006348.902817
70000474150.247025
70000659654.168137
70000490239.334457
70000484667.059097
70000261844.353439
70000132053.326691
70000475474.975418
70000324042.840118
70000703819.251236
70000334414.462296
70000433810.348984
70000793783.847549
70000549056.203156
70000632884.039703
70000179815.811920
70000903384.211136
70000923277.401962
1.000000
70000420866.530090
70000273504.308792
1.000000
70000071907.846573
70000763076.339447
70000087167.972382
70000862214.328842
70000737947.135269
70000703660.992661
70000021885.736771
70000326767.185760
70000685395.973618
70000942333.568924
70000229382.607803
70000239916.098297
70000291949.344955
70000473948.615463
70000912860.760406
70000366814.677689
70000709132.374054
70000378335.665802
70000786644.625320
70000135892.782135
70000676535.679062
70000394863.795746
70000460012.344635
70000299319.766312
70000658644.269287
70000883707.703934
70000718737.356125
70000994270.374649
70000466467.415466
70000962779.149200
70000502725.687347
70000326929.081024
70000744802.171906
70000150500.211136
1.000000
70000158148.185104
70000346637.969238
70000418999.890091
70000865403.260269
70000656174.799393
70000304530.161011
70000201919.312744
70000898498.701233
70000177780.969864
70000198110.748413
70000184151.069839
70000305800.251953
70000198872.280670
70000947797.620758
70000082580.314850
70000643457.557251
1.000000
70000031004.274750
70000298322.361084
70000514250.440887
70000114107.611572
70000770407.356735
70000326999.886429
70000777910.617416
1.000000
70000294757.469635
70000878646.058456
70000027968.960953
70000519421.736115
70000073530.050262
70000178437.767410
70000496315.272949
70000344803.031555
70000902796.883408
70000215649.228683
70000635574.454529
70000473506.393463
70000833459.085968
70000560340.819382
70000445275.587936
70000711776.133728
70000171070.320114
1.000000
70000351289.253250
70000950895.337097
70000722950.375793
70000014683.402405
70000367642.096802
70000036015.528793
70000140991.846344
70000799253.865250
70000715390.569931
70000169410.706238
70000128776.970413
70000314782.818909
1.000000
70000795221.937424
70000746753.812531
70000664903.059540
70000044711.211670
70000801008.921585
70000500464.986374
70000380420.579391
70000370080.195740
70000382941.328766
70000234306.556244
70000035418.066711
70000984634.927582
70000287221.901154
70000058122.375870
70000161964.762283
70000410782.345367
1.000000
1.000000
70000308334.959320
70000090474.246490
70000980804.042938
70000673368.049622
70000941703.834808
70000731592.749420
70000697986.490036
70000966312.671066
70000940911.121033
0.33
 0 0 0 0 0 0 0 0 0 0 0 0 0
