1 401
70000874363.364899
70000013110.473541
1.000000
70000054612.629028
70000570364.866684
70000108772.239532
70000233473.092255
70000100529.799698
70000273253.989014
70000365412.144409
70000358184.187958
1.000000
70000082467.667114
70000130631.114197
70000054306.765076
70000461854.826859
70000369154.039993
70000793435.566315
70000279194.636719
70000404207.515610
70000559494.005753
70000936550.414978
70000115805.328522
70000420501.325729
70000320026.566483
1.000000
70000389009.186676
70000396568.316742
70000492919.238052
70000246100.541367
70000718793.947586
70000559351.994263
70000034550.065872
70000377338.885681
70000604997.725983
70000731330.437607
70000650483.424057
70000767840.550125
70000662441.277283
70000308746.272491
1.000000
70000708907.781860
70000992521.190262
70000599702.396515
70000213096.456802
70000999610.672058
1.000000
70000849846.054657
70000555592.940033
70000624374.510101
70000268925.326950
70000051160.703552
70000906135.134628
70000062452.550354
70000568124.121414
70000340656.317459
70000857272.546387
70000662433.119400
1.000000
70000757293.108917
70000301658.044708
70000804612.050888
70000638018.768188
70000467722.103027
70000162192.567413
70000333414.341110
1.000000
70000121473.003220
70000161359.875671
70000600117.851761
70000841289.197540
70000624815.256104
70000236784.644775
70000802561.782974
70000982166.116898
70000097233.524261
70000331063.223862
70000739994.680008
70000714223.630051
70000067299.198929
1.000000
70000113198.567062
70000866704.135010
70000618462.430984
70000907064.292252
70000411753.752014
70000378079.376541
70000826558.114243
70000132332.170395
70000830508.500916
70000564043.265839
70000594549.591919
70000477309.188019
70000944546.755035
70000139631.536926
70000407096.477051
70000340262.378220
70000689708.464462
70000120195.475067
70000089474.777771
70000542812.912781
70000951527.067200
70000090880.380554
70000763816.793228
1.000000
70000952443.379272
70000916583.245224
70000998815.554977
70000040261.433517
70000607030.621094
70000407127.188065
70000000558.798462
70000265788.592743
70000445114.556274
70000596568.434250
70000950190.254562
70000727919.448410
70000090884.313950
70000880759.022369
70000421783.898438
70000090475.324020
70000755787.497528
70000615351.662186
70000636172.103683
70000569858.321320
70000356759.455276
70000363231.016891
70000985558.115799
70000651899.625793
70000042597.252243
70000459706.866776
70000213172.915955
70000072008.221191
70000216571.921768
1.000000
70000214967.357315
70000255649.450119
70000301838.960556
1.000000
70000847290.574707
70000878840.238266
1.000000
70000578050.092422
1.000000
70000854969.840912
70000172193.047287
70000870114.568909
70000536253.516296
70000904600.014740
70000444015.536819
70000550964.463745
70000959295.309937
70000955121.571701
70000228350.454788
70000596479.274078
70000853237.773758
70000304331.961914
70000792109.263214
70000282729.845718
70000781775.310287
70000162205.743408
70000227772.507416
70000268508.006134
70000835194.129486
70000819232.505661
70000274238.345749
70000194042.366104
70000958807.929871
70000407942.820908
70000960172.820496
70000968885.334122
70000461846.044739
70000168312.522095
70000367336.458328
70000044608.677750
70000281683.986633
70000900078.536835
70000290941.649094
70000500436.503220
70000481308.630447
70000557804.210663
70000218525.286652
70000620714.713516
70000501115.285858
70000121656.753098
70000186071.109818
70000188612.252991
70000642742.187744
70000080834.078217
70000587651.822556
70000581488.147644
70000551647.481232
70000232242.345139
70000874453.687088
70000879352.045883
1.000000
70000494204.684753
70000832621.294083
70000029946.751083
70000270185.733566
70000807414.216278
70000710470.914749
70000957291.201019
70000693741.472748
1.000000
70000406104.038086
70000613494.682999
70000856890.383270
70000336911.181396
1.000000
70000718934.633148
70000045615.686157
70000736837.650436
70000634083.698746
70000542808.417801
70000660605.343414
70000891996.470779
70000259497.519928
70000639072.004837
70000443248.555466
70000979367.707413
70000440235.321442
70000824985.601624
70000243711.353546
70000971622.742844
70000806191.567764
70000999667.992004
70000818711.092239
70000550501.852859
70000576473.244949
1.000000
70000252754.051804
70000018919.666458
70000528766.598679
70000667944.076614
70000373023.335205
70000948757.158493
70000777755.427292
70000096422.436996
70000282471.084427
1.000000
70000326086.285431
70000151518.605637
70000067641.811462
70000361589.270493
70000621665.727539
70000204392.831467
70000693219.821350
1.000000
1.000000
70000903726.730957
70000635042.909363
70000182489.141632
70000834895.532791
70000191650.091248
70000074709.010040
70000768929.803864
70000949198.414932
70000312781.901474
1.000000
70000757283.916595
70000882965.099213
1.000000
70000473359.186615
70000319056.046478
70000778410.020264
70000582806.017685
70000831142.073471
70000010173.157516
70000322455.170074
70000681230.253174
70000883011.522324
70000614583.535919
1.000000
70000116018.643982
70000041151.138031
70000600475.796066
70000414603.379166
70000503964.898849
70000370011.413635
70000374461.370712
70000642767.670929
70000884681.208618
70000616292.612305
70000069376.080383
70000668556.654617
70000367026.848251
70000510064.476074
70000473216.457642
70000363869.025879
70000686249.804733
70000827962.347885
70000421825.473389
70000258808.971100
70000266451.783813
70000136773.671951
70000356309.476593
70000199509.521545
70000672191.995468
70000790678.253174
70000940886.504333
70000875138.065659
70000547324.333664
70000923597.762680
70000078709.012634
70000068512.199707
70000132686.230469
70000773894.891556
70000410482.907196
70000017232.087921
70000480888.524017
70000696772.949570
70000706331.270874
70000484738.952164
70000839411.552673
1.000000
70000091057.859543
70000995274.268372
70000519608.130234
70000686730.709152
70000438782.337143
70000869143.952942
70000587577.283524
1.000000
70000647724.629944
70000248415.739777
70000746868.011932
70000718584.272476
70000024704.492462
70000028943.913681
70000161089.686279
70000693041.829132
70000261673.047089
70000389611.478088
70000358960.652298
70000091272.847046
70000849806.581100
70000173284.329178
70000946145.977081
1.000000
70000895537.146805
70000695168.035645
70000294902.583313
70000965239.723877
70000648612.101440
70000818702.211487
70000512216.810059
1.000000
70000114278.083817
70000332234.835220
70000860466.643066
70000855354.584183
70000553648.402176
70000944849.203720
70000429950.387878
70000540987.495209
70000966156.539108
70000391942.386810
70000032476.960327
1.000000
70000993489.720840
70000816902.397232
70000952054.162216
70000081676.410812
70000839922.187332
70000158498.383438
70000372474.532364
70000265528.263596
70000420638.948608
70000413696.609482
70000738016.520401
70000950671.827316
1.000000
70000263402.901947
70000378505.047028
70000779716.976700
70000759894.010941
1.000000
70000834119.353592
70000991713.448151
70000667985.412643
70000943048.373489
70000924010.256683
70000726279.958450
70000696979.378860
70000598594.706741
70000473921.961502
70000886619.474014
70000582065.350357
70000751374.134842
70000973634.406479
70000798363.177994
70000351461.693573
70000304613.512924
70000710772.812500
70000331750.275360
70000832092.612656
70000793754.633789
70000512283.623245
70000761866.985123
0.33
 0 0 0 0 0 0 0 0 0 0 0 0 0
