1 401
70000062523.908585
70000130456.312469
70000074322.745956
70000933920.113556
70000417076.184799
70000684967.311325
70000236682.886902
70000552997.330109
1.000000
70000614489.166107
1.000000
70000320572.148392
70000331917.273758
70000009670.798416
70000838095.885834
70000744038.628128
70000446415.600952
70000671498.318130
70000034491.366409
70000948953.781631
1.000000
70000519101.725006
70000070402.513855
70000127021.116043
70000698103.411880
70000129592.099442
70000173965.548233
70000723929.164398
70000946472.633835
70000279772.932053
70000668159.171600
1.000000
70000005785.556137
70000750965.701797
70000453787.487091
70000174044.431931
70000516090.345032
70000375524.600159
70000135685.714584
70000077550.345032
70000161702.944077
70000465422.024368
70000296436.381714
70000503705.169479
70000254858.027405
70000622587.461197
70000342591.304016
70000717009.983948
70000161916.089615
70000508356.985092
1.000000
70000693922.538452
70000656126.553055
70000594499.219986
70000364216.146515
70000779085.971008
70000206245.940674
70000042605.562607
70000292133.830429
70000908052.968384
70000711379.302078
70000015656.246140
70000638375.651260
70000408627.101410
70000123803.387604
70000789985.464340
70000781215.343109
70000821198.040024
70000333054.429337
70000579434.786957
1.000000
70000281020.647873
70000887711.844223
70000402749.818039
70000062524.066025
70000388863.498184
70000820314.726379
70000210317.772842
70000842363.074661
70000562782.165924
70000283460.292816
70000058704.835327
70000468549.147171
70000204868.712540
1.000000
70000948767.014114
70000307752.628769
70000669114.630753
70000913459.689590
70000263289.543686
70000370559.421631
70000971910.773010
70000918694.738174
70000644829.410416
70000118605.682617
1.000000
70000780578.956757
70000686532.843918
1.000000
70000932733.270187
70000377439.839737
70000431388.528824
70000854865.970062
70000887028.670792
70000216734.965881
70000153515.275330
70000804727.053482
70000739729.660950
70000768648.322556
70000672956.808884
70000099552.263596
70000613216.643021
70000455613.828384
70000573943.388504
70000251563.375244
70000269774.185471
70000110950.357346
70000757478.286072
70000582468.783066
1.000000
70000809814.244751
70000611789.215439
70000321732.025482
70000219971.204407
70000791827.839447
70000375226.943481
70000651875.864594
1.000000
70000919288.875305
70000984588.833038
70000556940.512955
70000824043.850693
70000039207.357056
70000951647.659637
70000915860.567749
70000207089.332291
70000544834.874756
70000754231.926315
70000101732.047897
70000373366.912491
70000787167.998489
70000214975.723541
70000482515.531052
70000462117.703049
70000897515.653229
70000589731.922394
70000820508.476517
70000052748.843948
70000437479.216339
70000592508.155869
70000466469.621933
1.000000
70000043296.470551
70000532117.455017
70000528747.924606
70000585776.621689
70000497632.982864
70000293064.168930
1.000000
70000523024.468658
70000752135.135910
70000304758.602203
70000060406.169434
70000357473.917999
70000685548.977997
70000190496.014236
70000293778.672775
70000229231.497147
70000791520.694687
70000688198.571121
70000638997.872025
70000648608.160339
1.000000
70000523105.419968
70000536614.629150
70000095520.985092
70000052508.926208
70000253701.466675
70000595494.425873
70000922250.504150
70000509475.749557
70000120580.124115
70000545969.062500
70000140040.593948
70000628424.608154
70000875940.102020
70000367448.460983
1.000000
70000690902.879791
70000748971.645660
70000588672.996384
70000767682.080048
70000250179.195312
70000534029.948105
70000887494.778458
1.000000
70000274571.517639
70000651326.828842
70000327722.134827
70000432557.128876
70000307679.982605
70000928933.506927
70000912634.779358
1.000000
70000846311.462585
70000652344.931732
70000772390.235382
70000939323.572403
70000302194.723526
70000580881.817764
70000900615.841904
70000052485.487930
70000269561.988785
70000646633.599579
70000058946.460342
70000940525.390213
70000390906.030991
70000027047.657898
70000223231.704239
70000759603.235855
70000381898.392181
70000684886.102341
70000730028.438278
70000098160.553604
1.000000
1.000000
70000497551.570358
70000056425.965591
70000453544.892380
1.000000
70000449838.389236
70000802182.873993
70000137797.373322
70000524077.487152
70000400967.756027
70000615315.350922
70000770697.417892
1.000000
70000587896.712173
70000484761.401291
70000972448.612778
70000380149.991684
70000178533.009308
70000795644.731339
70000410497.149887
70000654931.273819
70000274384.119583
70000329990.554276
70000178613.417023
70000819864.430115
70000180538.626465
70000909428.275223
70000041932.109909
70000984822.191010
70000186724.879318
70000969243.798080
70000832170.324600
70000814808.779648
70000472773.929245
70000107635.829773
70000672103.532059
70000943607.483856
70000486991.940613
70000013903.941544
70000674502.913177
70000036004.248474
70000018228.267014
70000193494.790985
70000922806.872818
70000954388.558945
70000389345.025604
70000661613.354340
70000146917.908508
70000274588.431061
70000209646.552811
70000418823.263123
70000230587.202316
70000136700.220444
70000263475.319794
70000849138.129852
70000668957.149277
70000846280.763916
70000948649.945450
70000179262.139404
70000571539.289993
70000763609.200195
70000464032.390610
70000557511.303497
70000506082.753433
70000569801.903442
70000116644.928223
70000776598.643997
70000423770.853882
70000032762.904678
1.000000
70000599673.126999
70000811943.668671
70000713695.981949
70000620182.399063
70000624143.310638
70000152008.269699
70000995039.231384
70000236288.408768
1.000000
70000469721.212448
70000248225.157104
70000780706.208588
70000181959.032562
70000226946.098251
70000930382.155869
70000091302.635422
70000507981.799423
70000115378.093536
70000954598.696304
70000974795.903061
70000188155.936035
1.000000
70000679805.397385
70000219100.415741
70000367856.786148
70000648888.672318
70000173925.982208
70000667837.822144
70000609369.242645
70000657044.889481
70000863307.423691
70000772939.003143
70000608831.058960
70000785547.396118
70000911824.708420
70000123274.737320
70000811374.879211
70000980826.091629
1.000000
70000709127.154663
1.000000
70000250124.290192
70000696434.470062
1.000000
70000164687.675903
70000267329.860641
70000514759.147491
70000352681.156998
70000610000.391159
70000983809.160538
70000216626.497375
70000443599.690582
70000801367.545044
70000671136.298080
70000749773.196930
1.000000
70000317154.545944
70000216885.357346
70000803615.274643
70000718856.983643
70000734836.054214
70000057895.390625
70000700877.219193
70000738909.617020
70000449623.225281
70000042946.017380
70000515285.935959
70000538368.850143
70000532885.719971
70000741166.025894
70000239972.502060
70000886662.677048
70000796991.993973
1.000000
70000486081.405106
70000309860.734787
70000485303.411194
70000320121.856491
70000671916.551682
70000601444.497284
70000073608.255280
70000660324.517822
70000958937.322342
70000406320.708664
70000665443.947052
70000040704.526031
70000747988.062424
70000869069.938721
70000853197.734970
70000993621.464447
70000806316.561386
70000136203.625763
70000959373.458099
70000102934.984329
70000282456.788757
70000065455.185150
70000513063.232346
1.000000
70000299659.033752
70000528654.093231
70000638736.385895
70000099179.842667
70000424543.473969
70000838603.440872
70000487738.655029
0.33
 0 0 0 0 0 0 0 0 0 0 0 0 0
