1 401
70000794973.124481
70000916814.984924
70000411426.942368
70000894190.791626
70000930857.361038
70000691503.123734
70000638322.414627
70000938687.863998
70000936127.542740
70000274266.513840
70000831508.995209
70000371014.118423
70000781522.470581
1.000000
70000568734.404449
70000468795.615082
70000273273.080322
70000627652.296112
70000475832.661560
70000497305.107758
70000440657.061783
70000794222.565948
70000098417.415131
70000727791.697144
70000543111.063232
70000809032.084137
70000790977.391541
70000717495.085815
70000586622.615204
70000699908.674286
70000825388.464813
70000587570.299179
70000008439.022781
70000230111.777298
70000849621.614120
70000163211.758835
70000956565.405273
70000815672.193909
70000160451.756607
70000419079.269501
70000004472.738739
1.000000
70000003614.679977
70000394398.147873
70000229952.152771
70000176864.376770
70000780389.463776
70000814717.406860
70000879587.458572
1.000000
70000107327.446320
70000953510.782837
70000215968.393509
70000188474.381287
70000738510.026474
70000588657.504852
70000223242.675323
70000487486.635345
70000295117.778778
70000526955.720200
70000089636.464203
70000057013.086563
70000829575.251266
70000856703.043228
70000992815.274338
70000795047.503830
70000797919.777084
70000833036.145035
70000540421.575333
1.000000
70000837357.245575
70000003419.217819
1.000000
1.000000
70000741242.010773
70000066553.246765
70000014436.471298
70000864512.553452
70000824415.271530
70000311070.668549
70000365739.404404
70000366547.591476
70000765189.299591
70000647503.294327
70000670177.973602
70000774400.878494
70000642976.711166
70000228376.039810
1.000000
1.000000
1.000000
70000736435.453964
70000634362.304794
70000310418.447205
70000566405.764694
70000719995.346069
70000976043.550644
70000445356.094513
70000442729.511765
70000073904.676071
70000797310.928696
70000469186.815430
70000043775.978561
1.000000
70000026365.183395
70000393385.529373
1.000000
70000271454.359528
70000073273.138626
70000624747.768112
70000131003.252396
70000324975.069901
70000466070.095535
70000633436.965302
70000870874.919846
70000625186.438171
70000625856.319687
70000074943.803894
70000161997.718170
70000034665.846542
70000673090.803162
70000973603.629883
70000730003.068222
70000600360.588379
70000629420.536911
70000408510.341492
70000293947.696686
70000915984.450623
70000522071.344177
70000824819.269882
70000921759.301712
70000505272.321564
70000022000.974670
70000536698.707718
70000512461.021820
70000505752.621246
70000672812.740082
70000320458.976761
70000958995.237259
70000124448.791397
70000111549.186798
70000731896.034348
70000653997.245270
70000922223.948502
70000073287.588699
70000244759.409821
70000070426.434006
70000659460.724365
70000841831.368439
70000865287.250534
70000863436.277542
70000784982.704758
70000222558.852402
70000055245.389786
70000085406.002426
70000038133.850983
70000172823.476364
70000747263.647430
70000005873.913925
70000386696.918106
70000878161.967041
70000575922.173737
70000915278.436707
70000486757.585266
70000082998.111847
70000215842.111893
1.000000
70000275053.197784
70000110024.556625
70000925222.300446
70000489215.651703
70000325116.970566
70000958222.515823
70000553774.799240
70000054418.723587
70000322813.805084
70000511695.336090
70000360341.548248
70000041489.016312
70000579681.573730
70000766359.421692
70000790641.351166
70000245214.452271
70000601292.107941
70000958563.517014
70000886742.057770
70000901257.437103
70000641116.503159
70000770575.566910
70000419240.855682
70000373026.796097
70000532476.135529
70000683595.419479
70000981019.883759
70000768150.257431
70000270964.386551
70000863525.707642
70000276830.560104
70000859337.973114
70000058411.243896
70000274511.844589
70000530710.661301
1.000000
70000832070.602570
70000487123.335068
70000029492.686829
70000435720.977371
70000450349.023529
70000233424.510818
70000427701.120422
70000739380.327332
70000502902.926682
70000758113.752167
70000479760.024536
70000592787.126770
70000912242.553833
70000593830.667496
1.000000
70000746111.339874
70000001487.235291
1.000000
70000661259.205582
70000254737.807281
70000078154.100082
1.000000
70000695307.051437
70000507547.467285
70000984221.663651
70000466841.969345
70000026941.851044
70000420328.541718
70000653821.294617
70000590382.248840
70000213517.639053
70000697160.457748
70000957278.210999
70000348004.059021
70000520864.533234
70000502007.773865
70000324169.342911
70000652884.796539
1.000000
70000184950.235184
70000903263.566864
1.000000
70000328183.088226
70000538426.638519
70000655728.170959
70000442958.757950
70000236645.709396
1.000000
70000900636.607254
70000747961.240860
70000059917.742477
70000002545.306412
70000542413.279022
70000460942.026779
70000802015.319275
70000852046.174133
70000565959.859283
70000526372.947357
70000072075.337265
70000818319.116348
70000297157.935486
70000049923.777237
70000808667.272919
70000180966.542984
70000969273.712097
70000107196.811569
70000281267.895676
70000489761.528259
70000114767.060303
1.000000
70000294582.975082
70000537473.376404
70000837224.237595
1.000000
70000318509.386536
70000080350.154221
70000448750.505585
70000801694.778656
70000651122.303360
70000956076.460526
70000894114.442719
70000668670.882401
70000105805.812714
70000083078.313919
70000204119.844070
70000200246.088791
70000470223.914719
70000670732.774094
70000881129.220276
70000750364.784409
70000592658.259521
70000056443.647995
70000759286.825867
70000660927.213470
70000629729.094666
70000090443.501297
70000530812.001709
70000181862.807877
70000924284.191208
70000491647.038559
70000996084.008545
70000891328.025177
70000668024.599472
70000254778.071991
70000192995.868057
70000767701.422577
1.000000
70000030728.263016
70000792194.787399
70000258219.567001
70000742717.600662
1.000000
70000673004.361053
70000361322.039993
70000987006.878876
70000804602.319885
70000377297.462387
70000970896.019730
70000459999.600601
70000163718.756683
70000273251.637222
70000476952.277756
70000076916.835785
70000379642.587555
70000531180.973434
70000010374.638092
70000684277.205765
70000336480.619461
70000958938.562241
70000154052.333176
70000876904.229477
70000940566.603638
70000916736.779388
70000432310.501450
70000546959.160812
70000333368.712601
70000418709.327667
70000822371.834152
70000447197.515305
70000962418.042923
70000321971.117081
70000254630.551819
70000730772.198975
70000982653.285767
70000854522.367004
70000416713.543671
70000573741.763275
1.000000
70000544917.136414
70000939514.906555
70000172671.236969
70000444554.254211
70000270066.523071
70000209212.924026
70000351013.056320
70000758375.392120
70000663385.426132
70000256507.790756
70000810180.023956
70000759753.770828
70000940724.839218
70000350709.738434
70000094854.197266
70000851453.867371
70000295956.187668
70000783683.875992
1.000000
70000243775.236298
70000341164.440796
70000691308.610886
70000156157.498871
70000150299.270660
70000519176.137375
70000495696.993500
70000159246.589874
70000474108.627563
70000452916.944901
70000408714.560944
70000199951.614761
70000489286.226929
1.000000
70000617946.677277
70000243144.334473
70000586761.765396
70000769178.829590
70000249964.889130
70000145943.000229
70000296687.313553
70000029705.294937
1.000000
70000751637.211411
70000181870.941269
70000661784.610092
70000673714.674377
70000747255.968262
70000641898.297348
70000420076.008652
0.33
 0 0 0 0 0 0 0 0 0 0 0 0 0
