1 401
70000516474.735733
70000263910.496384
70000036741.284882
70000534777.072083
70000681054.067200
70000173619.327164
70000688531.879013
70000649812.120041
70000321874.696640
70000619195.340118
70000013148.381149
70000806669.210938
70000450221.592911
70000113482.996582
70000264348.700302
70000802725.038483
70000253332.596527
70000247205.028488
70000114078.283127
70000576505.534592
70000139327.584274
70000305973.354263
70000010576.909836
70000079275.821426
70000064427.245026
70000797367.705704
70000630386.040848
70000539738.245331
70000753852.894638
70000287629.558273
70000219811.296036
70000604227.933838
70000139720.776550
70000797189.493759
1.000000
70000839214.363846
70000663152.019012
70000925554.286087
1.000000
70000683959.614548
70000686853.711014
70000486758.524567
70000888771.075043
70000803803.199203
70000188406.391998
70000240620.895554
70000046483.810638
70000150245.473618
70000046194.319183
70000806492.997498
70000353496.777206
70000244442.341156
70000972206.967529
70000729433.302277
70000492023.280548
70000898272.793900
70000418838.200256
70000534125.460724
70000415696.683731
70000470996.023834
70000333307.965164
70000584457.323929
70000193828.863358
70000673552.368347
70000097344.628677
70000749535.365189
70000232960.157211
70000713868.045471
70000804622.757187
70000959729.775772
70000127885.867035
70000236995.333801
70000565067.217239
70000546347.256409
70000915140.634430
70000723843.470428
70000431117.729385
70000964116.679993
70000887873.725861
70000144064.755859
70000782129.246384
1.000000
70000140628.416992
70000073746.002396
70000080594.650955
70000158822.890289
70000302220.081528
70000273408.007812
70000038155.861984
70000977094.146851
70000256824.316620
70000323355.112335
70000638621.742599
70000635025.507278
70000171152.398804
70000967066.671478
1.000000
1.000000
70000036361.428146
70000988138.799255
70000857338.299713
70000140001.591095
70000163077.205460
70000097147.719574
70000273010.246948
70000909689.596649
70000820711.766266
70000689924.831177
70000945511.816071
70000681156.528671
70000636657.195297
70000107976.988571
70000592723.978348
70000018186.592209
70000268240.619522
70000167727.556091
70000498110.010513
70000952105.479874
70000410125.857101
70000674509.237701
70000134552.788589
70000205874.926590
1.000000
70000002145.043594
70000889281.957947
1.000000
70000733500.107391
70000052686.920929
70000305982.563675
70000524576.038986
70000399739.689514
70000437780.689362
70000397479.997971
70000216681.676819
70000939857.638474
70000768643.301941
70000514351.255768
70000372445.339310
70000569876.867081
70000223152.935150
70000552610.663467
70000815550.618500
70000186215.463455
70000934966.678711
70000348966.386414
70000674659.063004
70000096260.952438
70000929653.970306
70000882241.802399
70000010911.013657
70000342405.137878
70000537333.659256
70000684290.026459
70000390649.243423
70000241784.807571
70000767051.634705
70000922704.011185
70000751108.613388
70000288714.762192
70000946928.185364
70000298511.302521
70000546477.710281
70000175846.272430
70000050669.032501
70000790245.820343
70000540341.511765
70000921787.972717
70000024743.804138
70000269934.063339
1.000000
1.000000
70000213885.292542
70000007603.615311
1.000000
70000267547.071259
70000515870.292068
70000642269.180862
70000483666.407059
70000306210.310608
70000695998.722809
70000802053.334305
70000913912.867493
70000724358.555176
70000565007.009079
1.000000
70000055542.917847
70000884997.019318
70000229692.853470
1.000000
70000275317.024796
70000932597.983459
70000114636.902298
70000153397.987289
70000874622.551346
70000513935.165024
1.000000
70000660492.758713
70000549302.828293
70000032245.244308
70000421549.280823
70000886936.814331
70000219742.863556
70000534156.451599
70000354355.710464
70000178292.571533
70000589478.471115
70000009609.406235
70000094717.666107
70000971407.631134
70000691310.443207
70000645558.758011
70000467877.981750
70000061098.871246
70000736283.376328
1.000000
70000906495.533966
70000399187.064880
70000455858.260651
70000941200.698547
70000937482.191864
70000921426.684021
70000343795.986191
70000075517.192108
70000989427.703247
70000041433.485550
70000811705.190765
70000135851.327362
70000161934.695297
70000320668.198456
70000797050.211014
70000131846.601593
70000456912.990555
70000405929.522751
70000749060.810883
70000117218.471588
70000682193.710663
70000451147.459305
70000919924.379730
70000045504.175354
70000486727.923065
70000490064.883377
70000490912.502594
70000181917.479263
70000211529.771347
1.000000
1.000000
70000823498.782867
70000953911.348785
70000634054.431183
70000521278.793457
70000942621.572250
70000890980.653427
70000832823.851898
70000056711.947403
70000273919.775955
70000288929.105606
70000022502.328262
70000095939.688431
70000348808.304138
70000615457.625534
70000928631.589767
70000020302.502258
70000624109.186172
70000654999.631454
70000401951.720459
70000314960.952240
70000161466.584061
70000079447.583740
70000280203.737274
70000100922.270309
70000104365.974136
70000547152.156693
70000711430.844193
70000027938.909149
70000177555.817566
70000046420.628845
70000722858.929062
1.000000
70000059653.194077
70000091962.984497
70000908962.430115
70000570739.884918
70000064705.405258
70000360238.816574
70000334986.015625
70000568787.345261
70000648513.872116
70000634912.216553
70000495408.716248
70000976385.919785
70000665434.309860
70000392207.748581
70000333449.326706
70000828296.694839
70000124142.290680
70000869627.558121
70000926799.944687
70000763326.250259
70000039535.500687
1.000000
70000855572.127411
1.000000
70000674953.856262
70000721341.385544
70000665517.001740
70000800431.365036
70000682607.517517
70000861882.351318
70000788783.263733
70000955928.861252
70000645991.825836
70000670300.195557
1.000000
70000890721.150345
70000048739.937180
70000978609.642502
70000459809.979858
1.000000
1.000000
70000804044.893829
70000261763.326309
70000962801.667725
70000665812.115646
70000371512.809906
70000099126.727814
70000736595.321625
70000189395.933517
70000035870.033722
70000791392.212479
70000757705.890060
1.000000
70000967296.801712
70000515261.610184
70000960818.755783
70000972171.416931
70000598149.429306
70000614978.342224
70000419946.647736
70000518959.202698
70000523975.383347
1.000000
70000570101.418945
70000852240.774673
70000342148.441788
70000187256.589905
70000434424.777191
70000047465.760422
1.000000
70000758183.486282
70000797592.404343
70000791529.987534
70000107505.101166
70000656249.912720
70000790359.060532
70000774237.157181
70000229043.632629
70000552224.576492
70000896431.170227
70000748604.248947
70000164579.864777
70000723365.483475
70000585364.026215
70000347033.906830
70000724551.553711
70000743768.718582
70000157302.990417
70000101955.688187
70000095787.884048
70000754359.872009
70000450333.702072
1.000000
70000793391.717880
70000811772.032150
70000319818.112976
70000923085.259308
70000336839.161774
70000081214.631302
1.000000
70000418142.901093
70000838011.929123
70000986753.248352
70000185213.290024
70000493790.980896
70000443481.518417
1.000000
70000864232.052261
70000587774.759674
70000273305.936691
70000963132.892136
70000797420.759308
70000284718.151489
70000123975.094772
70000382337.934357
1.000000
70000308685.810852
70000903236.805099
70000134665.535477
70000661886.789581
70000278073.562958
70000671407.070984
0.33
 0 0 0 0 0 0 0 0 0 0 0 0 0
