1 401
70000263717.740555
70000522089.668762
70000873966.979858
70000420524.016174
70000162733.705154
1.000000
70000713011.635269
70000894981.025696
70000158065.706390
70000556449.858948
70000351828.279343
70000283218.682510
70000618154.822128
70000646240.037811
70000918090.571396
70000964359.277313
70000053969.177704
70000557973.210556
1.000000
70000689241.189926
1.000000
70000894833.894791
70000211050.642426
70000839808.464340
70000955930.218201
70000823362.706390
70000338734.708221
70000648352.580002
70000304019.558121
70000832135.150177
70000244014.394012
70000821076.358017
70000531049.904175
70000061129.864700
70000886174.797684
70000721000.119202
70000586402.787338
70000479344.742355
70000263346.326279
70000627313.028610
70000456740.806686
70000467165.070557
70000172271.919830
70000084491.763580
70000087876.089737
70000746202.580231
70000116534.278442
70000235248.793884
1.000000
70000899514.022903
70000429579.772919
70000666769.531113
70000149966.718323
70000930451.778580
70000685416.952194
70000832816.533585
70000657241.357559
70000117545.064087
70000514154.598526
70000424553.762390
70000358420.916534
70000893604.520569
70000738931.192017
70000755945.794037
70000873861.399734
70000440582.091293
70000980275.853195
70000981011.388290
70000010550.779205
70000374104.880829
70000745861.811310
70000024226.156158
70000711174.843735
70000262167.347122
70000922241.540543
70000794215.692383
70000662620.558044
70000981405.419067
70000819407.666275
70000427064.715363
70000374282.097885
70000349017.819626
70000647005.696701
70000714249.602966
70000757930.951370
70000124136.779495
70000436660.763687
70000789016.511108
70000274622.320358
70000498714.527557
70000860361.417526
70000265833.475296
70000604779.501480
70000884382.172256
70000088096.270111
70000314289.366699
70000241361.070007
70000437980.742737
70000089396.550903
70000653942.363617
70000518110.504028
70000865266.963257
70000657411.558792
70000442478.061218
70000950689.495010
70000152164.994583
70000835870.733414
1.000000
70000869916.046097
70000155045.734421
70000241859.716248
70000046023.168396
70000769875.382874
70000916787.626526
70000872725.967850
70000416965.813278
70000147076.510086
70000395602.497253
1.000000
70000846155.118668
70000487786.981094
70000940709.762833
70000703331.480331
70000595479.551651
70000472002.556824
70000645208.885239
70000704270.485611
70000088762.331543
70000680722.233047
70000663559.257095
70000858658.543732
70000651919.312332
70000336627.182587
70000256023.521942
70000123779.783630
70000719385.076355
70000643229.038132
70000523125.526794
70000077973.757889
70000510618.891891
1.000000
70000749988.999496
70000616533.115723
70000060414.901840
70000464242.019943
70000295583.464264
70000193196.460999
70000477243.539322
70000430198.756516
70000659453.090942
70000707715.195541
70000270117.614777
70000227648.805008
70000730594.365814
70000223695.264389
70000888755.021042
70000236561.875961
70000072191.120911
70000492632.730347
70000318029.009308
70000325611.684158
1.000000
70000344854.887741
70000138609.620041
70000653977.631134
70000117776.561600
70000078451.860718
70000644272.216354
70000897772.703354
70000402541.342621
70000074611.203461
70000912413.090515
70000469529.661469
70000190876.503860
70000255084.434662
70000042063.327621
70000143379.480820
70000509776.321396
70000499405.274475
70000999602.179794
70000415402.867935
70000328488.114716
70000027816.752060
70000864699.236374
70000352325.817764
70000648154.500549
70000511000.655579
70000968903.341309
70000487399.726273
70000549111.138428
70000853237.466736
70000912314.059891
70000608010.821915
70000597830.452820
70000543327.470520
70000616760.541977
1.000000
70000405323.673981
70000201667.258652
70000298434.493576
70000315375.953796
70000066762.996765
70000428323.452103
70000665037.051575
70000699263.880463
70000150965.250229
70000575090.919281
70000796483.257950
70000268733.637375
70000510476.874268
70000029653.958405
70000815798.907913
70000008075.144989
70000106995.606110
70000641669.533585
70000331021.322754
70000093498.183746
70000074163.010361
70000835127.888901
70000998887.021957
1.000000
70000903824.729721
70000415982.005249
70000191094.899765
70000570020.922394
70000300764.421494
70000091096.733002
70000996848.815308
70000229409.537842
70000689439.534790
70000749179.980896
70000424929.221542
70000485059.315842
70000276947.063782
70000077494.744110
70000475880.931549
70000391782.883057
70000569528.365936
70000121456.930664
70000836629.286255
70000973484.908829
70000091304.715591
70000450680.968826
70000037611.660934
70000999374.713776
70000295032.133728
1.000000
70000147792.425629
70000394992.436432
70000966301.011002
70000532262.684189
70000977760.446518
70000057270.799652
70000993081.734848
70000336662.159546
70000540866.331757
70000230097.252380
70000239256.859360
70000965030.159866
70000239492.936981
70000785414.319962
70000194150.717346
70000258514.200348
70000668350.335770
70000118526.772995
70000600614.484253
70000683156.764694
70000338306.790695
1.000000
70000048932.985580
70000342966.434143
1.000000
70000110572.895950
70000785088.246719
70000101388.517761
70000790072.849899
70000288844.868958
70000955332.451569
70000418963.201233
70000570595.469910
70000981133.011612
70000491459.405029
1.000000
70000403310.102676
70000506009.133362
1.000000
70000280823.423080
70000244822.271057
70000520484.020508
70000132526.087006
70000362234.940063
70000863675.986649
70000494589.139145
70000082404.699173
70000546209.641800
70000350335.134766
70000796408.361481
70000966933.322067
70000609419.071686
70000336270.254135
70000677879.164139
70000375143.512833
70000959195.479218
70000567938.865433
70000896714.645355
1.000000
70000507908.901764
1.000000
70000090294.207047
70000437026.481750
70000680542.648438
70000100777.669861
70000037348.246353
70000415082.987396
70000894396.125717
70000210421.169403
70000957112.879089
70000532637.102844
70000634710.018234
70000010111.371201
70000373269.986923
70000872312.313171
70000679024.117126
70000701437.414062
70000160725.688477
70000875591.641357
70000807711.364838
70000357932.431046
70000905345.295074
70000811615.799286
70000842504.727463
70000968503.780823
70000301847.650055
1.000000
70000771565.323013
70000255125.944824
70000682731.074936
70000429340.757889
70000312570.265503
70000521219.914627
70000455695.394333
70000469320.395660
70000958246.550888
70000442614.224731
70000361996.233261
70000644198.312180
70000838296.176147
70000041085.917526
70000743634.380707
70000646668.702408
70000615414.746384
1.000000
1.000000
70000410152.762543
70000762819.163116
70000425358.508835
70000744041.047424
70000823008.836029
70000745788.923370
70000894719.718658
70000966427.424149
70000574820.601242
70000391185.726318
70000345452.014648
70000562702.776825
70000107232.548859
1.000000
70000542098.812683
70000850433.628769
70000803675.187592
70000223935.355682
70000964389.420425
70000326250.039886
70000000899.536987
70000236926.210190
70000860799.045761
70000191534.221390
70000881449.949341
70000276878.913406
70000209706.509033
70000767976.079453
70000303203.160873
70000467595.386536
70000117256.565414
70000659882.290405
70000532449.711578
70000525238.825974
70000919974.483887
70000262297.584991
70000406372.749557
70000124965.446823
1.000000
70000838886.382217
70000133574.112946
70000709754.779480
70000252517.468781
70000731817.287720
70000122760.770615
1.000000
70000805116.052216
0.33
 0 0 0 0 0 0 0 0 0 0 0 0 0
