1 401
70000553601.649368
70000017244.687210
1.000000
70000443032.328247
70000802797.341583
70000251855.756271
70000338922.428543
70000284987.311432
70000252404.643600
70000971018.393387
70000583943.955688
70000144187.065216
70000210476.467667
70000210834.199554
70000370793.608627
70000586293.976410
70000213585.949646
1.000000
70000494504.559769
70000043527.611084
70000699378.159195
70000355530.410217
70000585465.949295
70000790453.060303
70000580033.702103
70000198150.169754
70000069744.229828
70000306358.349503
1.000000
70000577653.700134
70000182252.406906
70000085265.282623
70000501989.456940
70000203316.727692
70000343137.825119
70000056094.685425
70000250432.066803
70000432341.100281
70000460444.513916
70000224573.998749
70000238126.551254
70000566491.299820
70000008038.123093
70000598528.246780
70000467179.531998
70000327222.408859
70000867943.153351
70000455810.162170
70000269266.489471
70000330370.735748
70000096901.904373
70000292790.824753
70000748275.569656
70000511552.207428
70000647617.826874
70000642232.432037
70000302345.801575
70000968046.655548
70000080038.984894
70000440306.025864
70000796151.555267
70000905568.528122
70000703477.980835
70000564614.478439
70000722370.690643
70000805200.776535
70000114429.212814
70000511554.074768
70000417107.717606
70000603351.358231
70000263288.428268
70000684034.892899
70000931540.151230
70000748215.310471
70000917728.849075
70000903090.520432
70000272069.482529
70000546508.514374
70000195282.674255
70000287341.374466
70000932196.855408
70000129777.854614
70000335023.075211
70000555831.757416
70000035973.794724
70000916124.166519
70000681270.185287
1.000000
70000411911.716232
1.000000
70000954234.568741
70000919577.644379
70000863654.793457
70000120713.498596
70000267678.871475
70000471581.055466
70000567396.490463
70000236594.661804
70000476785.122482
70000407438.030991
70000267728.795151
70000662954.301285
70000887658.466675
70000674451.921890
70000753833.920822
70000429345.246338
70000419793.644379
70000330848.937714
70000585201.454681
70000311600.693192
70000199173.571289
70000082107.113464
70000134234.533218
70000583413.533752
1.000000
70000307875.918381
70000198131.324600
70000444764.018066
70000045469.521942
70000394410.117386
70000042442.917648
70000496643.416733
70000137170.112885
70000373309.801422
1.000000
70000046104.000259
70000452211.969421
70000343982.516144
70000265674.595551
70000738553.720032
70000777118.261703
70000865729.839432
70000773122.586746
70000500522.696701
70000974601.402481
70000031859.759445
70000313197.842545
70000339702.506363
70000948389.275681
70000088545.024963
70000177648.196671
70000100250.610718
70000119751.000717
70000608239.863327
70000527651.005753
70000585544.048416
70000300789.150665
70000578152.408737
70000483916.447388
70000078848.258316
70000675027.086029
70000108843.968369
70000793525.186096
70000436076.166412
70000764273.684662
70000361288.930618
70000162814.375656
70000347733.743378
70000973912.585022
70000561045.440598
70000282250.402176
70000871561.208481
70000336712.484634
70000922296.269760
70000397128.371841
70000055930.748398
70000657553.763321
70000794079.585693
70000591367.554749
70000851661.163330
70000984317.304230
70000392233.696075
70000414802.995667
70000739243.120117
70000493606.794617
70000251895.126724
70000759633.538895
70000393765.449570
70000731854.306747
70000817652.054749
70000567656.062424
70000941149.252838
70000578535.940002
70000140102.312592
70000151048.576096
70000515735.175690
70000932181.110550
70000613514.370529
70000362376.115662
70000692023.794388
70000238447.779419
70000496452.051041
70000473739.560745
70000778563.931229
70000915694.929489
70000129727.948410
70000997203.808456
70000857565.236618
70000939741.673904
70000151633.778168
70000445610.175491
70000179630.248199
70000606618.207306
70000006703.542496
70000016167.796219
70000630639.209930
70000447048.347900
70000794823.994034
70000142402.393631
70000154587.324432
70000606655.379822
70000654013.492599
70000512282.972626
70000274784.558990
70000012860.570496
70000198893.664291
1.000000
70000708394.417450
1.000000
70000761603.926773
70000564475.730286
70000216348.168243
70000924080.963638
70000340999.592270
70000840552.285431
1.000000
70000829807.283615
70000523136.661240
70000151009.046280
70000715304.659119
70000460622.954849
70000429202.206665
1.000000
70000704564.025024
70000460602.222763
70000610633.485245
70000541238.773438
70000237471.770813
70000107126.027878
70000130629.053391
1.000000
70000005024.888168
70000190989.896271
70000471500.553879
70000804586.141083
70000537001.413284
70000751657.294006
70000711806.611969
1.000000
70000230941.426559
70000226028.114731
70000135014.603912
70000286126.316620
70000869166.701782
70000040275.719315
70000166552.191513
70000471666.811417
70000999428.537766
70000613272.895248
70000639034.793777
70000921031.038193
70000527929.883163
70000899135.046646
70000436029.673431
70000711467.542877
70000379101.158203
70000834187.331253
70000842874.167847
70000137429.746735
70000095023.212799
70000959474.484482
70000640433.137772
1.000000
70000389479.120316
70000464561.206528
70000005872.347626
70000719242.837799
70000713248.530930
70000256518.639420
70000717087.688309
1.000000
70000163557.179840
70000767486.154495
70000356021.283340
70000266012.534149
70000358296.788559
70000976246.253418
70000218233.767776
70000657406.283737
70000529610.060715
70000422007.176392
70000420405.952866
70000631308.489990
70000636376.460678
70000294250.953125
70000793128.077560
70000685316.876160
70000542952.153183
70000296093.260727
70000291234.940277
70000366815.981934
70000976381.117920
70000413470.852692
70000963982.820328
70000291569.015625
70000013117.536942
70000390800.610229
70000786206.230301
70000352829.740265
70000419500.188385
70000806945.057175
70000855403.024292
1.000000
70000437345.207581
70000527529.204910
70000394635.104477
70000100763.848114
1.000000
70000364926.707077
70000720776.418686
70000286073.640900
70000516724.787354
70000449498.044830
70000807331.986298
70000810304.459732
70000707794.593140
70000664504.728882
70000426219.853714
70000571363.323578
70000844505.561829
70000207582.051804
70000385558.613159
70000919276.420166
70000539410.315323
70000562331.444473
70000462456.157059
70000236099.762848
70000580315.192612
70000816047.665131
70000655191.728027
70000935705.591553
70000796144.206009
70000732008.119141
70000974472.149643
70000247594.380676
70000768635.587662
70000406984.423843
70000253537.087738
70000803957.423203
70000740576.475006
1.000000
70000471308.365219
70000636486.515640
70000881575.865646
70000083317.006424
1.000000
70000628877.003998
70000958457.852753
70000022185.437347
1.000000
70000188405.592636
70000889901.618774
70000254393.634842
70000017175.425507
70000154982.113541
70000637956.315826
70000427288.386093
70000977398.831070
70000239268.289291
70000836992.137558
70000458088.672195
70000628735.647308
70000019496.405411
70000775308.166260
70000786721.772629
70000737892.599213
70000094256.489288
70000243000.367798
70000621437.750687
70000817609.024673
70000344851.721893
70000718068.856903
1.000000
70000006175.734253
70000338443.290863
70000822125.054367
70000507221.442352
70000783399.815567
70000667069.265854
70000999111.641495
70000692919.855194
70000755787.023010
70000567268.141052
70000065415.995834
70000395967.075943
70000513937.540741
70000779354.351929
70000217607.497589
70000528317.917969
70000476753.289413
0.33
 0 0 0 0 0 0 0 0 0 0 0 0 0
