1 401
70000785710.817841
70000282964.086884
70000216263.998138
70000063424.960480
1.000000
70000269200.486053
70000346929.706604
70000845385.384369
70000635676.672760
70000753095.780334
70000174511.043884
70000185032.780014
1.000000
70000116454.634232
70000394755.998627
70000724663.924255
70000886290.541016
70000226871.523376
70000961613.172089
70000794619.041733
70000890890.058990
70000818152.976990
70000194165.645126
70000739476.560730
70000993398.080154
70000930373.630463
70000473052.913086
70000212553.807648
70000312867.916046
70000651052.998001
70000604633.646698
70000659084.442215
70000355638.013290
70000825546.993042
70000599916.790924
70000197522.644547
70000414341.025085
70000552441.675354
70000521950.600998
1.000000
70000076168.170334
70000071800.796326
70000568471.922974
70000012497.595856
70000955030.289764
70000580808.738770
70000381590.851044
70000712606.655441
70000509258.925095
70000964518.716248
1.000000
70000560257.474594
70000546515.321198
70000328116.450638
70000016306.214462
70000688090.175522
70000977080.530151
70000602378.052551
70000484674.109634
70000468223.490997
70000086072.996277
70000600388.449127
70000720245.013184
70000388783.783722
70000224458.176514
70000596917.036804
70000323816.941193
70000827680.429077
70000693470.301025
1.000000
70000083455.689575
70000672769.501251
1.000000
70000608241.117645
1.000000
1.000000
70000377602.425735
70000769741.099823
70000479396.349945
70000608049.998352
70000801363.511078
70000702615.205734
70000525975.448135
70000736482.645004
70000111873.159241
70000446061.152206
1.000000
70000933823.268631
70000548632.273666
70000601997.004822
70000774278.781067
70000537017.511551
70000723532.304245
70000662205.542725
70000667911.661743
70000678523.212692
70000999978.168274
1.000000
1.000000
70000298125.130341
70000865986.648407
70000649182.597336
1.000000
70000026894.965195
70000643206.150589
70000070305.871338
70000724879.383026
70000647845.172531
70000963293.128540
70000282797.676147
70000204700.985794
70000290158.158905
70000244679.140808
70000797238.099197
70000191675.271408
70000949463.567856
70000989170.493896
70000629262.577652
70000411988.119690
70000901983.769684
70000218545.440445
70000111290.757599
70000898341.867188
70000791238.692886
70000649614.128769
70000697927.266510
70000219307.062363
70000960144.262299
70000886297.510971
70000650063.903519
70000399950.801666
70000101426.029861
70000155056.956024
70000190728.330505
70000967395.347382
1.000000
70000066232.703613
70000953741.287613
70000023746.730988
70000774484.530624
70000219145.300385
70000193669.111740
70000693349.461685
70000497266.114166
70000455933.340790
70000324047.766891
70000192261.164627
70000654438.744919
70000566708.741623
70000218785.143494
70000861844.286224
70000996347.259933
70000903584.914413
1.000000
70000201005.885742
70000509912.586380
70000120735.289764
70000965449.904877
70000480296.765091
70000115676.927292
70000666005.084503
70000511662.320984
70000557293.361359
70000322866.892380
70000733633.560226
70000483466.568451
70000700169.527390
70000025764.832169
70000840377.306274
70000118609.737366
1.000000
70000222789.054260
70000555143.969055
70000112127.959961
70000142657.707047
70000996388.668182
70000736478.571075
70000615479.916748
70000622473.760315
70000958777.419098
70000113262.264801
70000816738.860367
70000306206.043365
70000222228.746780
70000403381.057663
1.000000
70000533983.827698
70000637339.462631
70000380098.657028
70000755457.964371
70000409968.446976
70000940127.284470
70000723677.932022
70000328472.936386
70000910624.305084
70000165413.105316
70000493286.013702
70000895048.895996
70000900453.608810
1.000000
70000498449.176315
70000838240.923813
70000794068.259491
70000140620.876251
70000026036.780426
70000124796.220108
70000247714.104355
70000732723.021698
70000053226.225327
70000567587.281555
70000401485.445618
70000959126.659302
70000822154.170807
70000002948.137924
70000134863.059113
70000608378.457825
70000015088.491577
70000335543.639618
70000565133.091522
70000837660.740326
70000477113.670319
70000906396.808563
70000220836.267395
70000044369.489700
70000421134.683685
70000177885.517395
70000916169.038208
70000631749.957352
70000862500.514069
70000014438.684662
70000886522.766235
70000823700.239029
70000352752.913910
70000582885.183701
70000444542.849289
70000604320.767914
70000522254.710831
70000747998.515213
70000563784.867447
70000340095.146011
70000992448.753021
70000057977.095139
70000219440.382065
70000305847.304260
1.000000
70000141851.605591
70000270003.206787
70000828637.494690
70000830185.103134
70000767036.499207
70000561017.292480
70000216472.910660
70000161589.675385
70000541859.525711
70000705363.218994
70000430720.555908
70000256273.204819
70000352584.742203
70000152625.883102
70000048960.650620
70000453259.374725
70000578281.204300
70000389972.946808
70000138755.230133
70000752093.944504
70000679186.826263
70000113815.111267
70000050611.461014
70000379843.448776
70000670307.874374
70000944450.521317
70000400418.832474
70000625756.549469
70000556868.110947
70000120146.909683
70000207876.795349
70000105139.800674
1.000000
70000812899.375305
70000493624.997818
70000149958.575317
70000702179.679916
70000855084.520782
70000776866.480164
70000415508.637680
70000194579.741562
70000300737.517944
70000310460.399734
70000584968.753510
70000894010.767242
70000395188.528046
70000537978.614014
70000285919.839050
70000025085.563568
70000167368.225235
70000108178.359665
1.000000
70000724252.900467
70000056351.798843
70000172405.321640
70000144935.033630
70000686502.802872
70000070815.313019
70000058116.449646
70000097010.597153
1.000000
70000329791.453735
1.000000
70000221300.775238
70000971335.476761
70000086124.274643
70000491501.611282
70000653494.739258
70000517189.342285
70000935716.566956
70000371903.855240
70000036558.153473
70000105584.839630
70000863901.978348
70000488691.651459
70000531736.694611
70000793603.498596
70000294443.101532
70000596947.040512
70000413070.129639
70000550921.156387
70000823355.106812
70000489808.559326
70000464344.638763
70000938883.387817
70000683850.597061
70000365940.906235
70000477950.318970
70000318218.176147
70000739442.922684
70000049098.385666
70000467182.933823
70000305224.506882
70000537106.874710
70000230159.799820
70000764944.555618
70000253996.272766
70000398537.562698
70000228692.050430
70000214124.306824
70000272206.281738
70000580451.773758
70000022624.717010
70000374282.806473
70000433939.804474
70000493818.884720
70000304325.074127
70000249330.676819
1.000000
70000442784.269852
70000128501.473099
70000096639.046356
70000587541.954559
1.000000
70000882780.278290
70000384905.879715
70000785928.136688
70000054523.246719
70000952637.378998
70000052669.151566
70000226505.154037
70000429601.668381
70000800993.823151
70000982163.107285
70000461414.919098
70000820306.565842
70000639418.191681
70000168832.947800
70000842608.545456
70000262348.930405
70000828795.718338
70000647161.001770
70000835922.947144
70000779764.926025
70000438747.598312
70000760117.183395
70000202826.978500
70000345428.531540
70000256573.221649
70000741043.227737
70000134520.636948
1.000000
70000229331.342346
70000333133.945480
70000717570.437134
70000821815.437210
70000271175.318985
70000251642.148972
70000100119.590637
70000519009.692764
70000553089.584961
70000834880.643661
70000841365.578506
70000072591.825150
70000757108.045547
0.33
 0 0 0 0 0 0 0 0 0 0 0 0 0
