1 401
70000408827.456482
70000219903.428329
70000026192.510803
70000051156.878815
70000254052.153381
70000979258.902100
70000867403.440521
70000178292.147644
70000545298.750153
70000296646.209244
70000787338.675888
70000319747.827133
70000137944.983505
70000621454.649551
70000813667.125793
70000774430.846191
70000311009.872040
70000846916.045715
70000905398.943481
70000040085.361511
70000026686.609558
70000942078.893799
70000565597.473953
70000449616.117966
1.000000
70000573258.606689
70000139409.121841
70000595073.763748
70000030874.780731
70000276284.764999
70000693047.567017
70000187001.395447
70000584750.444962
70000079947.258270
70000516132.009399
70000436489.251144
70000337230.415329
70000469414.943253
70000009378.632599
70000492889.119034
70000326434.281693
70000801431.782242
70000458952.545120
70000128496.102005
70000715608.398911
70000393212.693909
70000985461.463593
1.000000
70000250856.487503
70000901722.431870
70000212078.767792
70000396157.003998
70000353007.802063
1.000000
70000899309.362427
1.000000
70000198558.426941
1.000000
1.000000
70000535633.335251
70000988343.009354
70000923960.061081
70000296175.319061
70000754363.733612
70000175204.330688
70000093522.835297
70000815691.114349
70000857774.453766
70000012567.606598
70000020106.335083
70000397111.894760
70000915544.274231
70000585269.136292
70000881196.942307
70000995289.789108
70000187170.227448
70000463481.816788
70000015566.030502
70000151267.418793
70000102928.980164
70000622821.952805
70000265078.140594
70000015848.064087
70000639255.644913
70000782936.579086
70000203814.093979
70000718133.586349
70000796860.083145
70000163988.619431
70000743820.701981
70000551800.809570
70000076623.448746
70000373250.304581
70000056907.107956
70000098864.053299
70000683440.327606
70000465393.399445
70000607902.397903
70000217343.651611
70000139365.823853
1.000000
70000587526.555466
70000549623.232285
70000060443.386948
70000676005.268631
70000179248.511276
70000666108.394577
70000017923.965469
70000405966.716660
70000335561.117325
70000651136.417542
70000870119.289139
70000468921.426636
70000465689.198456
70000451204.564178
70000446704.557587
70000564933.444290
70000667308.041351
1.000000
70000514685.452530
70000301369.772644
70000206114.375534
70000361300.645172
70000403937.454117
70000786746.807190
70000828011.165054
70000150561.667023
70000661142.269302
1.000000
70000689707.206238
70000972738.006088
70000425869.002731
70000460927.593811
70000069953.048950
70000806576.255600
70000844496.076523
70000852035.332443
70000907326.248947
70000997009.387665
70000344453.143433
70000727889.369034
70000949100.392426
70000743222.357788
70000781299.112137
70000980441.290314
70000845801.777145
70000124534.560562
70000572366.372940
70000304442.700577
70000619032.949539
70000546360.828796
70000155190.449432
70000141760.987839
70000710141.715805
70000630429.210449
70000165478.564911
70000558972.336609
70000001946.744843
70000041140.776382
70000479305.650818
70000714135.983688
70000913253.971207
70000977690.276764
70000975144.107468
1.000000
70000419583.426987
1.000000
70000830644.069366
70000788672.295975
70000522665.275421
70000643293.013412
70000495950.132629
70000841764.629196
70000077742.870178
1.000000
70000513136.282059
70000114008.479645
70000774317.451492
70000680211.151093
70000846152.102722
70000893240.840256
70000863283.823730
1.000000
70000728724.061005
70000431987.214218
70000640924.677399
70000379772.047455
1.000000
70000543009.593552
70000892193.241470
70000558726.531662
70000610914.066528
70000681001.665314
70000668573.875290
70000024469.201675
70000602536.133423
70000397044.614182
70000124712.364914
70000175475.078003
70000652403.449448
70000711714.447800
70000123516.726929
70000647453.406967
70000355758.590225
70000383327.179337
70000116789.054398
70000014207.897263
70000716632.568878
70000137524.809280
70000720712.676376
70000363398.108841
70000328111.062149
70000678434.235153
70000512171.728165
70000230005.125381
70000785130.564240
70000597484.039017
70000843787.353745
1.000000
1.000000
70000777877.637177
70000651678.344147
70000213688.909744
1.000000
70000221212.609024
70000676061.075851
70000657215.819672
70000140154.880402
70000521517.125443
70000577495.904541
70000024678.826508
70000370665.779419
70000619140.146622
70000274291.071320
70000366919.647400
70000337809.710129
70000665111.257507
70000447365.120071
70000885005.991226
1.000000
70000470093.058121
70000798313.714111
70000911581.686386
70000591732.665604
70000243386.573196
70000934146.887009
70000422738.113785
70000211837.375626
70000788270.757858
70000282672.831039
70000517473.795135
70000240227.017654
70000933506.606308
70000551351.346588
70000375055.806046
70000108211.672684
1.000000
1.000000
70000805762.289948
70000992392.110321
70000296285.393524
70000061224.268951
70000136478.102280
70000446964.913101
70000606745.336151
1.000000
70000680695.107895
70000841056.751266
70000851421.175308
70000785233.352295
70000722753.419174
70000013520.375961
70000542140.024475
70000019087.282288
70000584083.826813
70000394142.672134
70000081372.350555
70000984223.904968
70000288792.820221
70000480937.586166
70000562559.638199
70000140050.848495
70000140971.846283
70000172526.939987
70000896348.399429
70000297295.029312
70000185531.521896
70000051659.006592
70000365785.789505
70000256387.623169
70000005905.903717
70000279541.319321
70000331290.308792
70000186233.641937
70000852100.402969
70000494434.370209
70000066478.332031
70000973931.678070
70000026758.140152
70000835698.704132
70000690084.105576
1.000000
70000049026.619385
70000715168.584976
70000816415.756439
70000272905.700180
70000577165.778870
70000886109.502823
70000307219.723572
70000888456.515671
70000234444.749115
70000923707.886841
70000263851.972336
70000489674.113098
70000793310.920090
70000614870.009476
70000367975.072678
70000147951.697083
70000031975.152832
70000327335.113770
70000548673.947586
70000399496.222839
70000618709.235565
70000621222.427505
70000083262.462265
70000829140.496384
70000022438.487152
70000801528.125626
70000912264.141861
70000491249.140030
70000044571.539581
70000855737.887009
70000706617.935410
70000319385.935928
70000376376.585373
70000830816.220444
70000623984.173157
70000344570.510284
70000678435.271912
70000893435.319962
70000919286.306412
70000070362.796036
70000218738.204971
70000039098.693512
70000303342.486206
70000988200.776352
70000860711.997971
1.000000
70000889118.689499
70000916375.807007
70000561851.553787
70000106623.649094
70000062025.434464
70000042233.253876
70000155052.573013
70000284886.932465
70000683681.473541
1.000000
70000098822.165512
70000509151.510406
70000251683.453156
70000139190.336426
70000309409.945755
70000583497.659134
70000046724.786774
70000422669.617691
70000413648.042191
70000562480.168594
70000440592.503799
70000622570.675064
70000165890.106949
70000149265.638138
70000518509.914215
70000800188.107330
70000543518.275818
70000984950.097931
70000032927.710190
70000408406.074219
1.000000
70000034296.722443
70000251770.947205
70000770759.885742
70000362011.201324
70000933694.870117
1.000000
70000054072.496979
70000989211.222534
70000613863.993347
70000890723.398239
70000356092.629425
70000442629.027939
70000758064.292297
70000008929.947571
70000905397.938354
70000503352.582214
70000924961.079941
70000117151.452179
70000767708.214508
70000075103.933823
70000590698.513046
0.33
 0 0 0 0 0 0 0 0 0 0 0 0 0
