1 401
70000333175.594864
70000253468.280167
70000466555.982910
70000156424.820831
70000607510.289398
70000027516.292786
70000697561.632019
70000334421.411057
70000310842.814011
70000421163.908447
70000736149.550476
70000040651.916321
70000924606.544769
70000451814.527298
70000796405.774536
70000791572.813232
70000717241.453629
70000047292.816147
70000605872.376526
70000008230.744202
70000017944.922424
70000604375.211304
70000625922.279312
70000980261.202057
70000164316.274826
70000858783.729401
70000738237.677032
70000357340.451523
70000678847.827286
70000854852.733536
70000044809.203644
70000163495.429977
70000995420.273590
70000319613.785950
70000812494.001663
70000610278.658844
70000368871.693420
70000214095.099487
70000676271.218674
70000632890.895752
70000196814.797134
70000968703.755417
70000869467.389679
1.000000
70000158961.664795
70000829382.280487
70000163692.095490
70000561553.054321
70000247476.783401
70000154109.646713
70000528620.258545
70000290939.594254
70000072565.079163
70000735233.540314
70000656760.915512
70000800721.222855
70000098343.457916
70000480310.790543
70000212924.860504
70000336357.587753
70000883973.932785
1.000000
70000173816.368408
70000937565.166122
1.000000
70000567425.969727
70000896980.884277
70000067791.569000
70000606329.482056
70000807146.395981
70000500026.006088
70000321225.374512
70000093106.918076
70000771859.681564
70000217762.814911
70000907760.213501
70000772284.856018
70000317309.009750
70000177301.223724
70000656577.391724
1.000000
70000710035.065643
70000762583.770782
70000680896.815399
70000760617.641388
1.000000
70000829107.204636
70000189184.401993
70000112018.841263
70000457953.023285
70000474960.333405
70000606498.767487
70000076081.995834
70000933692.738708
70000400760.836014
70000911713.420242
70000958596.547073
70000465027.457809
70000707609.828888
70000138166.354660
70000484133.514450
70000119790.265640
70000642399.923080
70000878344.005798
70000700994.508606
70000842989.510361
70000197398.231354
70000559492.628311
70000257254.672638
70000120229.927338
70000436527.657303
70000363759.532471
70000387755.340210
70000418459.445816
1.000000
70000798911.474823
70000964793.542862
70000778827.896378
70000037113.219757
70000077379.638870
70000116076.142471
70000290002.174744
70000032319.464188
70000247557.480911
70000436173.009964
70000404794.404282
70000636613.392151
70000547637.841797
70000411305.862503
70000945843.400681
70000613055.326736
70000080527.757690
70000445583.061737
70000981958.506378
70000024430.678619
70000350566.156662
70000934140.909241
70000274954.283386
70000346270.870850
70000086391.335815
70000519101.580734
70000183130.582138
70000648232.323868
70000132713.318130
70000764000.839859
70000635690.892365
70000526774.635956
70000019644.282639
70000763986.762299
70000925558.207275
70000192036.345184
70000118516.770645
70000327310.195053
1.000000
70000556937.529068
70000423072.283173
70000804871.663757
70000405649.585327
70000163880.561218
70000743071.863770
70000601596.163849
70000545508.162521
70000906277.494980
70000655985.241867
70000315984.374481
70000841479.501129
70000729109.355408
70000715832.680679
70000421680.351990
70000628741.337158
70000264765.349686
70000669911.491379
70000788959.740662
70000352690.302887
70000474329.624741
70000903026.058060
70000721778.076401
1.000000
70000339617.674667
70000844990.459137
70000060051.705582
70000485858.474960
70000263542.790436
70000397600.208954
70000613189.066269
70000182464.685684
70000378465.531342
70000231369.811356
70000077850.185165
70000525573.544922
70000518782.492401
70000992301.891693
70000512767.130417
70000168950.632767
70000568091.698303
70000390659.584351
70000695368.263260
70000862322.578934
70000384278.289520
70000705942.366776
70000769064.285309
70000584628.765839
70000427803.099625
70000782801.863953
70000723123.468216
70000305400.076828
70000702032.008331
70000542685.838898
70000328750.879166
70000987202.638901
70000806204.732742
70000926019.953445
1.000000
70000218007.885437
70000233852.127838
70000032108.394791
70000136288.624741
1.000000
70000231768.397659
70000985300.655045
70000083751.685577
1.000000
70000070945.120346
70000029352.574432
70000311778.711838
70000546834.078171
70000975398.874588
70000612533.794312
70000184680.020630
70000322452.388046
70000572819.442490
70000680389.657715
70000954533.552368
70000853384.697937
70000247350.396378
70000068443.709366
70000564007.177979
70000432938.260330
70000178641.733292
70000595024.400970
70000219279.990616
70000863235.381287
70000160958.783691
70000622247.559097
70000420448.573959
70000700731.423431
70000529550.084122
70000390976.495956
70000687343.941727
70000760778.994888
70000295257.838058
70000169846.088745
70000970167.564728
70000755905.572739
70000604985.667389
70000024857.773239
70000233974.388672
70000193314.914230
70000873798.666428
70000567742.573013
1.000000
70000549020.996033
70000641083.689545
70000170452.435684
70000332626.947189
70000268836.374329
70000674803.853043
70000922655.464951
70000082714.204880
70000325286.347076
70000073417.947617
70000440775.005676
70000055337.782242
70000571124.206787
70000149247.661240
70000929552.677994
1.000000
70000317485.089935
70000744683.023178
70000672778.402176
70000085931.703720
70000049191.912140
70000804547.781342
70000988888.061905
70000248391.946091
70000459128.711426
70000704830.638748
70000097213.905167
70000167959.271851
70000473735.332382
70000911861.865143
70000888058.060852
70000805095.804428
70000918977.064148
1.000000
70000956078.389313
70000855995.651611
70000403543.534500
70000924268.216156
70000767156.877151
70000098573.354324
70000311492.587341
70000245108.710419
70000200872.939667
1.000000
70000262810.617172
70000366635.243286
70000493017.388412
70000015840.619766
70000343642.397675
70000870453.566391
70000646082.659897
70000414482.081985
70000398956.248947
70000666914.341797
70000323908.783798
70000833782.922394
70000863484.716904
70000953193.351486
70000575141.839050
70000605796.017426
70000377233.031281
70000728382.568558
70000387675.096329
70000308898.572296
70000217473.030716
70000987576.419052
70000062885.405487
70000391661.271698
70000209890.158279
70000703235.850052
70000512232.047592
70000832671.673355
70000387932.183044
70000807269.717682
70000506969.926300
70000563886.301483
70000374425.204620
1.000000
70000908638.988907
70000339676.144241
70000495729.550049
70000497582.748215
70000388252.778336
70000407706.567078
70000353636.595322
70000254903.898117
70000855024.360641
70000386348.199249
70000931611.512390
70000132958.563095
70000484983.167709
70000459418.204483
70000982175.227570
70000645599.097748
70000900222.450958
70000966705.774094
70000010053.646774
70000609501.168640
70000647270.871994
70000863247.416534
70000728857.254333
70000318339.853195
70000524749.551971
70000177654.400101
70000529717.035217
70000199141.647766
70000797432.459442
70000356940.969543
70000409558.766113
70000713973.076416
70000034438.461548
70000074830.469894
70000555785.728256
70000732310.214859
70000524512.602570
70000025865.272644
70000508003.763962
1.000000
70000070322.655243
1.000000
70000143595.319992
1.000000
70000704239.427841
70000001761.709518
70000445500.319885
70000328771.551987
70000773958.659027
70000235123.608078
70000414641.092972
70000062458.189148
70000191562.920609
70000514119.538254
70000980042.716324
70000424193.371109
70000681706.209366
1.000000
70000554435.894547
70000451061.139465
70000131839.148499
0.33
 0 0 0 0 0 0 0 0 0 0 0 0 0
