1 401
70000272669.965515
70000880409.016663
70000650947.027222
70000024494.678192
70000400608.254379
70000166365.925858
70000259656.664917
70000194887.306458
70000138695.025696
1.000000
70000371375.114471
70000253825.131409
70000251366.365784
70000789876.300995
70000592299.549774
70000930027.583542
70000008124.041687
70000845820.199371
70000363674.816971
70000860586.931351
70000271302.456085
70000218219.202164
70000291014.013565
70000212926.542633
70000878686.266052
70000394772.840988
70000934056.126038
70000181388.868607
70000219667.702194
70000776070.654907
70000315434.220551
70000230089.329514
70000153756.670975
70000170837.916321
70000667023.361481
70000848922.627853
70000468831.994125
70000931565.083801
1.000000
70000074585.996674
70000307932.576935
1.000000
70000523300.345169
70000724064.119766
70000397572.843094
70000632229.998932
70000041729.087738
70000826436.134491
70000940805.053925
70000870874.046707
70000784195.203781
70000510480.949387
70000041663.334686
70000358259.425888
70000428824.474655
70000947192.498306
70000174114.858856
70000481080.908401
70000870964.206467
70000817470.651627
70000163820.642227
70000027381.565201
70000621543.143524
70000972590.547516
70000770442.942886
70000784963.326340
70000680567.310898
70000602184.862961
1.000000
70000892932.936859
70000606964.476334
70000481754.728378
70000221341.210358
1.000000
70000912258.524078
70000343670.124054
70000376526.100952
70000754725.189163
70000485273.286362
70000952402.457535
70000509794.248383
70000238522.159286
1.000000
70000648402.096436
70000316132.576080
70000126089.051666
70000370655.565369
70000391950.109421
70000715193.192032
70000617258.997543
70000356279.161255
70000393996.519348
70000627824.900421
70000188994.381546
70000003917.009857
70000725920.132019
70000150432.641373
1.000000
70000698720.339798
70000523193.624100
70000893026.014069
70000238497.226532
70000434786.914993
70000556091.274399
70000138625.800995
70000366123.365448
70000717977.765442
70000388391.295364
70000256330.277054
70000720133.385025
70000801988.073502
70000677865.826355
70000787198.465775
70000173513.340591
70000838598.562164
70000994363.497711
70000456656.155731
70000926483.377136
70000823111.394531
70000272460.126709
70000597219.962479
70000944410.515472
70000146286.318008
70000188295.544617
70000347907.498795
70000613791.366638
70000768588.620972
70000396883.564194
70000906397.960907
1.000000
70000794259.641602
70000860043.258224
70000854007.407120
70000832406.941849
1.000000
70000675505.428223
70000760597.092834
70000256981.234726
70000609144.598007
70000262863.982849
70000138157.239105
70000879569.978745
70000082921.719788
70000048408.273560
70000431892.499390
70000239848.653671
70000739545.055542
70000995171.235306
70000477700.835175
70000121826.668808
70000677349.598999
70000034592.286774
70000055541.325394
70000678901.970825
70000047549.486969
70000283448.113876
1.000000
70000219802.339569
70000389008.376495
70000814353.874985
70000708948.541122
70000911156.336578
70000134587.035172
70000957767.206451
70000928361.258942
70000219031.992828
1.000000
70000960049.196487
70000121611.744049
70000717961.984360
70000726673.278122
70000967430.035690
70000181131.450394
70000423857.555359
70000197734.000275
70000357715.102280
70000712105.742905
70000611539.058350
70000777179.768265
70000027458.111481
70000027309.718033
70000879101.166183
70000203842.749619
70000541283.904480
70000327790.040527
70000000737.440811
70000272324.033997
1.000000
70000654879.618149
70000467179.313263
70000522138.290497
70000847860.262100
70000263732.686890
70000953906.684357
70000279288.227875
70000550560.413864
70000943165.443329
70000605011.663025
70000066206.350433
70000411565.148880
70000699407.780945
70000843655.427078
70000362769.320053
70000606280.071960
70000146614.843811
70000303190.747482
70000708088.795517
1.000000
70000640778.316864
70000464965.397964
70000762527.304749
70000076083.368942
70000963141.301834
70000549066.735382
70000481407.312607
70000606024.799042
70000477409.100510
70000587900.866196
70000979923.242020
70000458737.873734
70000336817.821030
70000391469.120468
70000663683.744461
70000961481.879227
70000889718.357605
70000131003.202789
70000062377.989349
70000421435.620636
70000179341.491898
70000370821.020813
70000725436.656494
70000443495.699051
70000577158.568466
70000175850.321198
70000566128.831421
1.000000
70000585356.682251
1.000000
70000226580.915634
70000639103.825546
70000235218.799255
70000864689.934158
70000717986.907959
70000454016.701172
70000322001.022552
70000526829.818253
70000413974.810379
70000225421.919785
70000715135.909073
70000895509.031189
70000851927.968750
70000888501.713242
1.000000
70000622098.485687
70000093149.930069
70000209079.845673
70000212208.395142
70000626647.365997
70000039141.804123
70000894975.447845
70000242994.543457
70000158801.888565
70000836244.086960
1.000000
70000445841.895493
1.000000
70000513814.375793
70000488097.583008
70000775883.008179
70000004874.551605
1.000000
70000308571.045731
70000089279.896561
70000109205.019638
70000087506.212708
70000645717.557251
70000910059.258316
70000435177.983994
70000990983.222656
70000513113.203796
70000835915.913406
70000810205.894440
70000844014.926712
70000206303.608475
70000109384.296768
70000613436.928467
70000139718.651718
70000136139.631485
70000970858.481949
70000054501.488571
70000997420.645004
70000367883.218994
70000950075.813141
70000833689.431671
70000988399.349487
70000243662.051498
70000404464.838257
70000870944.343994
70000101541.810959
70000226758.807983
70000762879.653610
70000900183.258118
70000835253.356873
70000015363.742798
70000261442.036850
70000804759.981277
70000190226.736664
70000518950.241364
1.000000
70000634287.059143
70000471944.253357
70000057434.179626
1.000000
70000217589.718155
70000829821.342896
70000559457.295837
70000536588.159195
70000279475.693192
70000308315.491074
70000202764.875885
70000597695.092941
70000933744.976273
70000846550.969879
70000264698.788910
70000840684.007324
70000241031.024429
70000279088.067719
70000315450.425583
70000471494.008102
70000917574.137161
70000578635.699921
70000538172.247986
70000831118.297577
70000124126.780426
70000127493.985306
70000847183.010788
70000335559.514236
70000252272.517441
70000141493.391861
70000447503.748062
70000774724.446793
70000780170.040405
70000951878.838379
70000715187.706848
70000940008.050430
70000907004.099991
70000998303.877396
70000293306.960190
70000724256.816101
70000305719.262756
70000840063.985626
70000798059.278091
70000461097.279907
1.000000
70000311084.793869
70000104236.991989
70000602144.320999
70000021938.390427
70000845129.939529
70000511585.868713
70000452588.984863
70000181578.157623
70000221084.555801
70000765421.158142
70000491648.482590
70000433859.192215
70000953089.498169
70000593471.742355
70000208983.809525
70000087834.217636
70000702729.796768
70000098679.778961
70000916076.531357
70000638524.126801
70000710141.941452
70000227529.489731
70000873964.859390
70000791888.610947
70000834808.397476
70000370825.767303
70000097008.840485
70000057173.948425
70000453021.241364
70000264611.994720
70000041576.796509
70000578529.760086
70000804055.681900
70000978248.797516
70000054251.927704
70000363008.555313
70000200868.846283
70000823658.030594
70000770251.245316
70000937866.697769
70000245012.662430
70000568712.323517
70000874198.365692
70000363331.375336
70000873984.169342
70000283071.985672
0.33
 0 0 0 0 0 0 0 0 0 0 0 0 0
