1 401
70000703118.230896
1.000000
70000941586.538422
70000707650.111618
70000227805.787567
70000795358.653946
70000476414.383728
70000943523.961151
70000592858.861572
70000231934.414978
70000733410.795013
70000463398.257721
70000642430.381180
70000068921.223801
70000296385.382172
70000843807.881607
70000699128.146561
70000705554.182297
70000317098.894028
70000688613.409378
70000849585.869247
70000564830.532776
70000913410.261124
70000293981.504898
70000955926.536423
70000633314.113754
70000514936.165146
70000158915.811768
70000827727.701782
70000562599.911636
70000305532.474808
70000597182.065643
70000393555.864044
70000092414.986389
70000943731.793625
70000833772.260559
70000189606.036469
70000746756.148926
70000585239.733902
70000555229.498169
70000898524.185760
70000349663.817108
70000509542.625778
70000020635.449738
70000480908.773026
70000795277.054474
70000707358.196442
70000780544.707047
1.000000
70000178930.915863
1.000000
70000904696.633759
70000412093.036423
70000175733.464371
70000640106.018555
70000861563.729645
70000427801.519897
70000961352.614960
70000985427.548309
70000717020.257645
70000167746.140533
70000012574.507889
70000447926.925919
70000891010.868652
70000243044.683502
70000200997.509338
70000848772.764709
70000028721.814728
70000934048.405960
70000066456.075409
70000271603.184555
70000787903.493088
70000806651.297089
70000040944.817657
1.000000
70000871085.136032
70000253201.595459
70000477861.153198
70000976886.906967
70000997542.458786
70000510525.490723
70000601509.761139
70000434710.860580
70000157650.983337
70000815713.985550
70000129676.825714
70000705425.876083
70000936293.595200
70000387465.781555
70000136238.489777
70000902497.282257
70000184874.792740
70000193585.323227
70000067962.570007
70000644110.992905
70000642470.049210
70000091437.520706
70000093796.873764
70000687379.558701
70000371323.398636
70000826059.129272
70000902234.274017
70000124567.336136
70000414957.982788
70000151887.046432
70000168063.883011
70000913504.201950
70000225231.106857
70000675558.485062
70000423191.080368
70000848985.394852
1.000000
70000720006.546204
70000296987.927551
70000282407.639816
70000057228.044769
1.000000
70000906322.314987
70000126304.384628
70000823817.779968
70000479230.873947
70000203267.933746
70000993451.200577
70000719987.488815
70000734302.236938
70000466934.460068
70000460270.882828
70000849003.544189
70000099163.528244
70000211218.648315
70000334740.896332
70000881112.837952
70000211637.196503
70000153335.084503
70000249398.196579
70000953522.417679
70000407361.935806
70000726251.188843
70000298481.833359
70000324871.751602
70000282965.769653
70000064008.716583
70000227684.275833
70000819606.145004
70000130297.975998
70000286301.777893
70000129640.953857
70000230297.319977
70000519072.993179
70000402471.420731
70000068402.253159
70000388633.330078
70000101770.474792
70000815608.577240
70000625829.060989
70000816207.515411
70000121385.389526
70000405404.507217
70000272401.229630
70000380038.816650
70000013101.009399
70000867941.208405
70000639144.449219
70000938155.620117
70000402700.799057
70000611478.420135
70000272080.516724
70000866584.019562
70000138284.011063
70000081173.232574
70000165158.891083
1.000000
70000254331.690903
70000069063.431992
70000191453.325485
70000711084.078964
70000726006.046524
70000137646.797791
70000107030.967178
70000622004.223770
70000197737.170074
70000206623.495850
70000597745.032974
70000753161.910568
70000896240.795151
70000100463.683655
70000338510.997757
70000514135.677917
70000890377.667206
70000051454.710388
70000481639.124710
70000490193.643021
70000851419.759140
70000440942.776367
70000948284.280884
70000187853.074234
70000409712.567642
70000742639.584152
70000449186.243988
70000977381.380127
70000611920.937851
70000000062.170502
70000123284.675247
70000353199.409348
70000363979.782990
70000419614.795776
1.000000
70000574423.680161
70000090950.879135
70000243264.086380
70000997659.613342
70000245594.896973
70000967543.568314
70000166282.225616
70000683660.555923
70000258517.837708
70000279406.307526
70000690185.141510
70000939298.464462
70000628574.108185
70000751645.876892
70000826314.842529
70000645089.566757
70000826996.816345
70000508532.275726
70000430955.484940
70000844733.302948
70000552388.727020
70000905346.493881
70000360315.299820
1.000000
70000124460.658646
1.000000
70000255130.188721
70000228606.757584
70000295147.786102
70000447248.417114
70000251556.887405
70000244913.487839
70000458782.748947
1.000000
1.000000
70000345007.031967
70000213978.228882
70000903685.892624
70000825582.993744
1.000000
70000560329.706680
70000060857.212067
70000535691.215714
70000220112.981659
70000820404.401566
70000615371.748306
1.000000
1.000000
70000282905.733200
70000675930.500244
70000161483.223236
70000512874.382477
70000732085.411362
70000269022.299728
1.000000
70000500883.209610
70000837742.252609
70000932050.230392
70000533134.894165
70000645775.412170
70000911943.814896
70000536785.721619
70000913580.158203
70000057555.753082
70000279937.872726
70000166884.434555
70000867778.728821
70000193087.817474
70000197434.311707
70000081293.347260
70000169021.973053
70000167283.981430
70000471197.515701
70000892776.400543
70000956392.798203
70000042874.524872
70000858842.639923
70000186084.122910
70000661890.706833
70000849727.368927
70000536103.613037
70000632266.768051
70000239460.697784
1.000000
70000168015.883896
70000363184.956635
70000667981.174789
70000264512.149918
70000055099.657089
70000312239.674072
70000157541.017044
70000995423.714890
70000110292.453094
70000089156.779587
70000144281.937500
70000069854.127380
70000546912.004120
70000445217.475754
70000462355.774338
70000603988.568008
70000842658.576080
70000015247.260696
70000103603.435608
70000727519.027786
70000817639.662735
70000499192.466522
70000898880.423126
70000206911.205505
70000834492.357529
70000654426.221436
70000665435.542877
70000804631.943481
1.000000
70000155795.669189
70000989128.599274
70000839962.441757
70000453194.572342
70000626531.162460
70000833620.427567
70000780926.505066
70000170363.435547
70000531333.948654
70000876431.374481
70000597001.689240
70000591382.251312
70000379063.012558
70000216617.405991
70000182636.555588
70000806294.757507
70000881265.727646
70000573900.858017
70000037097.404968
70000161520.237900
70000831347.944580
70000969465.271576
70000357839.822830
70000236566.871002
70000474036.856934
70000289040.568985
70000271999.217941
70000602489.235275
70000241134.978119
70000123818.599030
70000296325.451691
70000956942.001770
70000406453.585419
70000585391.930450
70000585310.474106
70000486238.026108
70000438269.979996
70000104353.307343
70000747799.565201
70000786549.957993
70000071164.644714
70000664943.565659
70000783545.055664
70000609793.896255
70000761322.816147
70000737449.172531
70000592500.484848
70000232722.883575
70000577415.317612
70000918976.285080
70000890163.291412
70000770988.912048
70000249672.438934
70000607537.602005
1.000000
70000627695.595779
70000825257.919205
70000275765.470245
70000590951.691895
70000645661.685257
70000511418.808456
70000257317.038467
70000075706.766312
70000420136.572968
70000465535.717682
70000244900.207138
70000240742.209808
70000089872.412964
70000717558.427094
70000911542.709671
1.000000
70000680276.547897
70000393696.941650
70000346551.855652
70000902951.739395
70000645202.580719
70000383548.501831
70000450775.338303
1.000000
70000138505.642960
0.33
 0 0 0 0 0 0 0 0 0 0 0 0 0
