1 401
70000579792.676682
70000347939.389145
70000588196.564987
70000644164.133057
70000966287.485123
70000479906.260498
70000685735.438065
70000584161.983551
70000461575.131958
70000553147.550354
70000144487.784821
70000494307.429291
70000024853.406143
70000875684.828003
70000264512.248444
70000406669.502975
70000081525.906311
70000862260.515259
70000538921.257919
70000069969.012924
70000200102.013794
70000229416.448303
70000525310.567551
70000620480.284409
70000066415.706314
70000659601.621765
70000817667.937088
70000035903.443085
70000887512.069885
70000217843.271973
70000066454.469711
70000130316.426987
70000373788.767776
70000552662.353073
70000980518.401718
70000816776.441147
70000849567.341064
70000275167.304642
70000298823.357895
70000959508.362732
70000119624.391190
70000860546.959061
70000700685.658127
70000603707.631821
70000493085.230072
70000124983.410706
70000929985.094254
1.000000
1.000000
70000028645.599792
70000600525.105026
70000225734.099121
70000667178.988892
70000971129.640381
70000716078.946564
70000422162.072083
70000523887.698273
1.000000
70000981026.938705
70000729015.691544
70000904677.011154
70000272409.902878
70000142082.919144
1.000000
70000393737.885956
70000684774.156616
70000854795.361649
70000528916.401031
70000744834.635025
70000824700.919724
70000985794.760071
70000301922.264130
70000137705.017761
70000925134.945801
70000384410.844193
1.000000
70000549131.876434
70000367497.591797
70000515944.860855
1.000000
70000584016.310638
70000218360.494156
70000107856.911926
70000699060.410690
70000507906.088913
1.000000
70000852883.989029
70000528169.779526
70000898230.064987
70000176742.162613
70000715892.890976
1.000000
1.000000
70000147749.232956
70000655747.217758
70000747785.760941
70000886410.962570
70000837016.282806
70000561864.919937
70000865717.879974
70000812956.399826
70000238533.682510
70000761144.178757
70000674011.064301
70000617473.783600
70000222694.710175
70000389498.290192
70000286743.047195
70000182613.452698
70000886367.286224
70000736657.733047
70000976332.556931
70000193766.717316
70000867208.178375
70000778648.494736
70000040550.348953
70000843551.216614
70000680408.342163
70000223161.955444
70000697257.847717
1.000000
1.000000
70000754324.611618
70000314730.640289
70000063329.512436
70000193530.261642
70000506488.672989
70000396637.983978
70000812651.551910
70000157348.885834
1.000000
70000699403.342102
70000721334.941528
70000578235.044205
70000223407.031662
70000687726.277588
70000252114.077805
1.000000
70000238229.794968
70000371403.373306
70000223749.187027
70000868604.133209
70000009334.598267
70000395774.501205
70000035369.332153
70000057531.116974
70000254023.677826
70000835053.998535
70000310771.773819
70000194768.311050
70000925238.853928
70000584048.985809
70000502993.734741
70000293865.749084
70000828521.396515
70000607920.135651
70000269226.685318
70000694178.643524
70000703411.546478
70000191255.257156
70000272135.341232
70000104970.910721
70000501975.972046
70000315195.833618
1.000000
70000380593.722641
1.000000
70000008365.555664
70000285130.533859
70000587033.699249
70000169097.293655
70000886137.944412
70000843858.530914
70000242926.702438
70000139008.344147
70000345026.780869
70000086428.261719
70000317898.036377
70000747226.517319
70000112602.048477
70000690477.483261
70000106704.817169
70000542441.462173
1.000000
70000140514.769821
1.000000
70000903577.832718
70000543004.023193
70000407308.150711
1.000000
70000100410.302521
70000703249.676620
70000749352.303726
70000401134.123734
70000945159.248856
70000321720.036804
70000258106.794067
70000875582.472824
70000677970.396164
70000805225.631058
70000330060.786301
70000629815.961273
70000720302.911102
70000418807.572647
70000088697.636307
1.000000
70000990203.831955
70000583578.236725
70000469665.346710
70000782842.842361
70000233435.846756
70000991409.718109
70000288874.347458
70000572774.929230
70000927901.131241
70000992140.357208
70000498188.607773
70000497524.025894
70000809107.436325
70000576057.561722
70000168189.560013
70000615776.571259
70000896995.248260
70000766324.387939
70000635471.945709
70000230297.762558
70000628195.711929
70000649756.135101
70000818568.875076
70000879320.654694
70000101091.330139
70000413101.063339
70000253331.710495
70000955247.195023
70000868521.543167
70000040401.386353
70000441583.338684
70000887093.014191
1.000000
70000025479.585785
70000211994.324829
70000187951.718948
70000848871.412216
70000135256.708176
70000569776.923508
70000238301.386078
70000477630.789505
70000684304.579926
70000525119.645569
70000714796.397568
70000250318.335983
70000582649.023117
70000811740.783829
70000493367.830200
70000292256.403748
70000807556.893417
70000628373.901077
70000301829.510162
70000846630.326096
70000574691.271896
1.000000
70000452789.965347
70000633273.197098
70000207984.906296
70000186527.157364
70000664220.715561
70000661649.170181
70000249374.417908
70000839682.614929
70000369196.958954
70000266485.655930
70000172016.808914
70000842450.549042
70000019921.804794
70000683193.450531
70000573535.655258
70000938662.310089
70000040760.045914
70000847373.042465
70000238143.030762
70000868128.009247
70000030578.190567
70000400559.993134
70000978300.660355
70000749597.632797
70000049317.245132
70000928021.970123
70000408190.931335
70000599491.490540
70000586353.639938
70000222539.445496
70000882011.219437
70000492626.212799
70000295145.612991
70000560973.642593
70000300025.630737
70000081968.670517
70000497567.922272
70000268783.322891
70000457182.475677
70000893243.899292
70000105235.756104
70000064196.069794
70000452046.200592
70000142215.613937
70000241645.639771
70000238235.194107
1.000000
1.000000
70000004695.229004
70000943114.979782
70000037530.234589
70000430083.372467
70000705947.484650
70000713095.490204
70000008441.233276
70000366468.148483
70000326422.229919
70000144788.037384
1.000000
70000858148.619171
70000048915.372894
70000492038.729019
70000769501.526443
70000179024.935349
70000177467.978165
70000781610.822174
70000705414.362427
70000193547.309433
70000448888.789246
70000701622.391647
70000678707.402390
70000295288.946182
70000490831.256165
70000114054.954956
70000239845.327637
70000444973.035843
70000588716.468872
70000021312.897552
70000145367.803589
70000249313.524902
70000349107.269150
70000559608.646317
70000823703.707458
70000787965.115097
70000208255.942169
70000050517.523010
70000332453.950882
70000466707.153610
1.000000
70000988023.899796
70000450015.190247
70000465536.443283
70000087443.774124
70000704084.210510
70000296421.672592
70000992967.439194
70000747063.039093
1.000000
70000656076.897110
70000261507.788589
70000051309.070663
70000484321.945923
70000830932.766663
70000914192.411713
70000071094.285370
70000772836.867416
70000186878.314911
70000998695.882050
70000160156.647430
70000336609.688232
70000623945.990234
70000096135.773331
70000275366.265991
70000893742.514404
70000978592.426941
70000950712.174759
70000183730.114929
70000541589.248169
70000215526.399353
70000813294.285248
70000784660.776367
70000440784.621536
70000252221.695648
70000870589.208176
70000448062.683151
70000261135.793854
70000214499.141113
1.000000
70000452919.438843
70000346620.203476
70000928321.448654
70000053606.333542
70000168125.744156
70000423173.242416
70000053990.203568
70000836584.055023
70000979233.149399
70000038190.535980
70000628998.054474
0.33
 0 0 0 0 0 0 0 0 0 0 0 0 0
