1 401
70000441979.358612
70000806449.910385
70000025044.871124
70000628946.783386
70000034309.842407
70000636461.519684
70000824502.979172
70000861019.071701
70000093787.204834
1.000000
70000687607.608780
70000400838.922806
70000229076.454971
70000740543.883621
70000911002.067032
70000572420.361984
70000874385.353394
70000496648.166107
70000645457.374847
70000635454.611664
70000548840.998444
70000996417.901306
70000437535.152481
70000531173.670746
70000849186.688690
70000184368.070770
70000377180.915848
70000810172.719742
70000557223.454376
70000835900.247131
70000026831.139313
70000405494.802002
70000957530.680664
70000859548.746185
70000228913.242798
70000750977.889496
70000684227.927826
70000360189.062378
70000578389.454346
70000298701.256561
70000880445.864471
70000460175.008743
70000344855.726913
70000599660.220413
70000735919.992950
70000517700.813538
70000777899.364807
70000509980.053558
70000105842.301529
70000974173.600876
70000272246.648102
1.000000
1.000000
70000270453.782516
70000206805.044861
70000807344.997665
70000652165.686890
70000018542.546036
70000751722.896988
70000337655.126114
70000889531.538452
70000717862.797363
1.000000
70000040976.027084
70000079766.268158
70000330137.014236
70000493603.092087
1.000000
70000993889.490112
1.000000
70000316260.591705
70000808211.732010
70000618781.175583
70000933853.512039
70000240649.949997
70000969462.622757
70000636273.468948
70000670672.178802
70000950750.839569
70000755272.011139
70000942905.916870
70000030923.567490
70000913002.891739
70000022409.984604
70000024078.618591
70000453554.388046
70000621109.150787
70000528874.664169
70000212126.179855
70000742536.222336
70000203791.331543
70000701123.404282
70000830198.026276
70000860251.576538
70000994409.979462
70000295284.960190
70000451704.466644
70000381122.565216
70000762287.760574
70000414818.468582
70000694120.017563
70000409428.503220
70000636090.448425
70000201974.065536
70000067397.806137
70000918777.629684
70000087230.255554
70000059212.103226
70000203121.634750
70000418124.472214
70000872086.503204
70000562310.567444
70000661078.518936
70000488314.626282
70000809260.769440
70000105511.665665
70000471379.879517
1.000000
70000878945.475571
70000435940.049332
70000539054.557007
70000647490.559570
70000898165.673767
70000462514.716568
70000250255.873230
70000178691.124863
70000967195.453201
70000493338.172028
70000548062.114792
1.000000
70000736420.627686
70000252387.745956
70000441153.774246
70000635463.665802
70000662900.102798
70000796151.804581
70000605036.389404
70000438139.158325
70000619283.370956
70000132712.668594
70000193669.836060
70000478068.592880
70000624034.339340
70000277379.898529
70000093534.181061
70000594563.649155
70000777182.420731
70000513260.755524
70000200518.718842
70000547860.347916
70000401031.479630
70000050008.762878
70000298179.840149
70000860711.003723
70000886428.865158
70000126409.018311
70000580182.094788
70000899499.642258
70000887898.149796
70000757164.364136
70000400306.663666
70000439908.444000
70000467108.381409
70000535625.955017
70000962672.866974
70000221706.379120
70000769546.736801
70000677334.163223
70000423590.753662
70000108971.061462
70000158863.010956
70000273432.825592
70000249622.282455
70000759702.449875
70000349586.443497
70000464610.302109
70000170874.739899
70000933200.494064
70000819150.216537
70000974525.395691
70000595902.759399
70000795389.419434
1.000000
70000415525.918518
70000787008.460434
70000752684.801514
70000967850.228470
70000312097.758820
70000648578.728699
70000958942.900452
70000848685.271515
70000215235.889786
70000123891.661423
70000258657.493729
1.000000
70000833337.987350
70000949346.809326
70000536239.127472
70000623813.513657
70000345148.462784
70000059422.302017
70000160405.019028
70000234067.063705
70000050891.147736
70000178821.701477
70000228835.839111
70000138022.176056
70000658367.259964
70000956224.856033
70000452339.266998
70000137943.993851
70000331277.214554
70000282972.125854
1.000000
70000435025.543900
70000200464.799850
70000803884.239700
70000877534.686005
70000172267.686035
70000956918.136444
1.000000
70000950936.361786
70000113804.984238
70000664978.949249
70000757700.332077
70000202332.333008
70000788475.557800
70000485107.483597
70000533556.951157
70000187404.733536
70000352780.583389
70000582415.685440
1.000000
70000081269.572693
70000233241.576935
70000267856.571457
70000679095.651627
70000143958.574936
70000305804.461288
70000481872.736526
70000755705.602783
70000393148.418365
70000313644.549347
70000649946.243668
70000044041.047256
70000449310.593277
70000634273.313568
1.000000
70000240721.934830
70000498899.375793
70000633715.186829
70000645451.249939
70000952384.002060
70000631570.603043
70000901390.726898
70000843739.395737
1.000000
70000030100.774811
70000195630.047867
70000631719.326630
70000479308.345398
70000252395.929260
70000795014.817688
70000151842.983368
70000654448.034622
70000844753.756943
70000046018.405075
70000132437.431503
70000741323.246155
70000029850.784424
70000926270.253174
70000893339.642258
70000423366.509857
70000209927.424606
70000846294.921982
70000887556.303802
70000836078.905685
70000228850.750137
70000839596.333389
70000524275.758499
70000241621.408737
70000936324.279633
1.000000
70000534519.279938
70000348556.786835
70000369128.812836
1.000000
70000506392.535004
70000681837.582825
70000790912.166458
1.000000
70000266461.561203
70000387381.459122
70000740929.491104
70000132659.733963
70000452836.931854
70000835336.970749
70000637932.055054
70000201302.827408
70000507109.748428
70000239004.166550
70000252980.645386
70000803835.348373
70000799827.560455
70000445082.550369
70000405736.004333
70000910157.424576
70000495008.257645
70000288018.372498
1.000000
70000864545.360779
70000412706.765945
70000463695.970245
70000265125.087387
70000275398.540939
70000340719.722931
70000316940.535553
70000783049.376282
70000084817.800476
70000037332.966507
70000932538.658127
70000503567.590927
70000994842.108795
70000068686.324097
70000636349.028473
70000475826.606796
70000377919.696030
70000500583.204193
70000071530.937653
70000316758.082794
70000335000.630798
70000431782.112778
70000231985.054855
70000035594.498032
70000449045.033051
70000072881.129593
70000670344.906540
70000062735.251236
70000425203.666107
70000352416.475983
70000511529.624451
70000376774.667221
70000322022.733948
70000839987.556168
70000599859.925674
70000442233.271698
70000971176.554276
70000000128.416977
70000682860.249039
70000171003.051270
70000318876.579025
70000476445.716080
70000399812.262146
70000712600.227509
70000529542.683655
70000629991.925888
70000859080.027756
70000914899.530212
1.000000
70000752074.109756
70000899090.020752
70000772401.802689
70000170061.801910
70000609485.307068
70000903186.485062
70000790506.504135
70000241560.247894
70000027318.402130
70000474526.870529
1.000000
70000855844.608948
70000181650.803635
70000429326.997437
70000857131.920395
70000784041.004837
70000626703.440903
70000692732.563232
70000465196.783737
70000268908.262146
70000922668.474030
70000975933.870911
70000038724.342834
70000925806.412918
70000751575.598694
1.000000
70000777161.418167
70000636255.770477
70000646052.604767
70000357816.007629
70000331293.905472
70000481017.746017
70000507269.789749
70000419657.943802
70000730287.781906
70000695938.516891
70000217504.585312
70000124344.891953
70000569723.734131
70000585873.762970
70000897465.675140
0.33
 0 0 0 0 0 0 0 0 0 0 0 0 0
