1 401
70000052085.733307
70000788176.424606
70000993806.714691
70000538114.912247
70000980108.078384
70000147086.034698
70000337790.132645
1.000000
70000198387.186005
70000982004.319412
70000705359.711014
70000331180.193970
1.000000
70000069156.943253
70000878744.410019
70000398758.039215
70000760041.148895
70000170761.090363
70000149116.269699
70000433976.455597
70000514747.107758
1.000000
70000385378.334167
70000078183.731583
70000111338.085999
70000273127.557144
70000857616.325546
70000076894.941666
70000134243.191849
70000576938.767349
70000089964.501526
70000037624.407959
70000095317.911087
70000152338.032608
70000831439.297455
70000002568.524033
70000452533.577347
70000911155.755005
70000281800.574127
70000308530.396912
70000904051.515396
70000400310.181992
70000834008.360870
70000229459.224228
70000219070.417892
70000220198.621552
70000884829.528046
70000584254.716202
70000009455.292786
70000316719.686371
70000056553.931229
70000949543.720169
70000199527.173096
70000401799.458405
70000999225.392883
70000617896.155243
70000935922.418503
70000076265.193451
70000296742.919174
70000587215.449203
70000394295.907135
1.000000
70000887212.901550
70000228105.508789
70000282299.666321
70000768690.116287
70000624416.904999
70000195621.356720
70000505209.838608
70000659213.145462
70000736777.174103
70000661418.089142
70000045857.018692
70000257567.106201
70000166324.930649
70000442987.567688
70000251322.532471
70000470240.810120
70000173012.543198
70000671521.672684
70000654964.649475
1.000000
70000759871.017456
70000246462.274231
70000778512.198624
70000476383.420670
70000415494.416290
70000536828.621277
70000795553.708740
70000265341.783081
70000884424.266800
70000094204.684540
1.000000
70000751395.701126
70000618187.826431
70000763938.875107
70000987386.792404
70000637246.897095
70000526143.219833
70000697718.686981
70000463021.718399
70000676788.579590
70000193339.859970
70000513980.888184
70000047677.358536
70000735927.348831
70000349922.364731
70000681790.170837
70000544661.723816
70000039144.486984
70000239317.895477
70000167033.166336
70000869587.647247
1.000000
70000444110.081177
70000060016.597198
70000863353.136642
70000538244.055374
70000026024.964127
70000546199.090530
70000539541.627609
1.000000
70000918889.174515
70000050859.072906
70000781936.123917
70000031898.002045
70000927410.586899
70000572534.861862
70000820434.638367
70000654781.950272
70000968945.216583
70000226658.581009
70000247837.322632
70000312457.246887
70000331187.749695
70000358436.375504
70000566538.203354
70000697456.080215
70000684941.854797
1.000000
70000399632.056549
70000921721.392960
70000105776.155823
70000862660.098633
70000209619.762772
70000459094.365524
70000678881.704910
70000143140.890991
70000503177.478180
70000269303.335907
70000094151.762619
70000597717.340149
70000371467.441803
70000311276.374329
70000920163.305405
70000889247.114044
70000387962.087067
70000152404.817322
70000492918.479507
1.000000
70000860666.117691
70000369464.097321
70000512949.672165
70000940213.247635
70000814019.342026
70000864411.329620
70000936541.054825
70000961460.523788
70000284947.203705
70000887817.498367
70000389858.431732
70000313627.795334
1.000000
70000862011.165222
70000583518.620590
70000236113.593964
70000990179.114853
70000808619.542374
70000572734.840088
70000612199.505554
70000230504.439697
70000200007.077545
70000807166.864059
70000224214.297562
70000461426.145889
70000979811.393646
70000126176.073227
1.000000
70000448110.045670
70000392839.884796
70000440566.842422
70000104325.528030
70000605058.365204
70000043464.791824
70000242050.583359
70000738443.843124
70000031923.577866
70000038269.834045
70000769464.111542
70000811444.208618
70000172640.907913
70000415665.194321
70000824717.885040
70000719792.398087
70000002485.193497
70000760578.258759
70000765524.473282
70000117918.892883
70000163015.613831
70000797020.509415
70000680184.686234
70000772175.691452
70000949329.527100
70000516470.585754
70000981841.432404
70000676243.311935
70000870141.698059
70000253212.940002
70000097796.906021
70000104325.619003
70000229497.220749
1.000000
70000646051.928772
70000446967.578262
70000968991.633102
70000769854.650024
70000307586.168045
70000488808.194351
70000974903.281631
70000288288.571472
70000989070.420792
70000381025.381470
1.000000
70000855853.911377
70000174459.683594
70000029273.956619
70000807619.757248
70000179932.029663
70000699566.887482
70000520234.897354
70000508320.902847
70000960000.114975
70000792100.564499
70000967877.189819
70000568724.996323
70000240391.684952
70000300690.093964
70000255021.094025
70000305386.484909
70000970648.634857
70000648542.771225
70000314787.111130
70000528570.648560
70000258769.685852
70000081654.777817
70000980882.140961
70000441285.138519
70000451092.548157
70000354689.723923
70000222649.267578
70000712673.288208
70000786876.988144
70000713855.430145
70000343910.942276
70000865382.453079
70000950966.319305
70000280565.800903
70000211815.922226
70000860032.722443
70000895719.375000
70000533506.589432
1.000000
70000139330.623215
70000431189.520935
70000586222.891846
1.000000
70000537625.203110
70000140662.816498
70000118969.662949
70000167445.919418
70000724797.969147
70000309178.997482
70000055417.689362
70000680544.248169
70000001937.509338
70000730654.062073
70000998767.513611
70000207711.313828
70000220776.977234
70000015966.858704
70000667778.897827
70000515202.688309
70000608353.126297
70000493529.928543
70000938595.560699
70000740518.015503
70000365774.534988
70000401856.436432
1.000000
1.000000
70000800095.984558
70000113141.910767
70000395663.581055
1.000000
70000659946.837860
70000994186.742218
70000210251.358673
70000552503.894241
70000532015.326996
70000692629.006470
70000237530.974457
70000456750.624557
70000940658.389603
70000300491.804138
70000054923.406693
70000653490.765625
70000448457.590164
70000719349.327148
70000994084.207809
70000092886.466965
70000523101.953720
70000152001.064331
70000293452.150482
70000756054.424057
70000795486.159912
70000362337.511734
70000205046.428421
1.000000
70000708823.390060
70000824073.181396
70000229745.949448
70000095807.596542
70000108237.012878
70000934083.485016
70000152409.772385
70000954973.121017
70000569158.484161
70000887197.997360
70000761174.392441
70000378934.616714
70000845630.049850
70000714701.411026
70000305828.156189
70000231515.534836
70000118534.666290
70000496266.188843
70000487720.678787
70000357316.979248
70000214210.059494
70000969408.080246
70000904784.430908
70000530780.286041
70000766987.937134
70000492421.384781
70000202041.671005
70000273465.967026
70000485299.023880
70000849507.592972
70000740058.438339
70000074127.865387
70000824472.207336
70000015268.486313
70000120519.451965
70000799418.893784
70000201969.996811
70000473961.369461
1.000000
70000784034.008331
70000375786.472870
70000770504.710770
70000058415.560516
70000810261.172592
70000587638.879288
70000428262.252274
70000163359.084991
70000580796.115860
70000841223.898117
70000984025.025482
70000389564.910461
70000903101.292465
70000807067.398727
70000077989.032883
70000957660.560791
70000157299.206589
70000735490.964081
70000514231.178131
70000760474.925995
70000482400.419922
70000610863.390594
70000227106.421753
70000776057.475235
70000927186.081253
70000020377.400558
70000317940.563995
70000204057.013657
70000884410.462112
70000803265.695923
70000966261.068863
70000470024.718781
70000775485.447388
0.33
 0 0 0 0 0 0 0 0 0 0 0 0 0
