1 401
70000745557.288345
70000296123.152512
70000246595.721375
70000738026.229446
70000178554.635574
70000724682.702377
1.000000
70000335331.574158
70000162244.807877
70000713220.588776
70000448448.253479
70000144053.905167
70000752709.861099
70000523948.300476
70000381072.286545
70000501754.256744
70000115820.640289
70000405803.755188
70000268891.973953
70000974287.874786
70000087902.481003
70000867078.058365
70000622772.567093
70000296292.904510
70000108034.965073
70000547628.840195
70000211853.534622
70000656474.259354
70000018769.113464
70000682368.418579
70000608648.814011
70000429385.450851
70000402368.378601
70000077055.752472
70000060025.871216
70000328930.227798
70000140634.498901
70000078297.934311
70000393581.161789
70000380795.338272
70000158230.744171
70000386277.887238
70000328307.782303
70000603710.617416
70000997707.362549
70000882559.655884
70000641675.235779
70000919851.257217
70000307011.463348
70000546725.007980
70000108888.139252
70000049391.510330
70000924702.183090
70000192754.295898
70000444659.610931
70000815903.264877
70000708682.130234
70000265737.783737
70000288427.507492
70000627792.449646
1.000000
70000241868.788544
70000016805.648117
70000267149.154022
70000179485.211365
70000976156.350052
70000748983.095474
70000290471.582169
70000693989.081451
70000505755.993423
70000681510.265137
70000870602.012634
70000484457.319794
70000338958.000504
1.000000
70000866654.512924
70000842941.373322
70000323487.880600
70000908078.799744
70000758132.824203
70000490564.785416
70000484322.632965
70000868082.421005
70000548890.017685
70000938502.538086
70000022988.093246
70000051418.690445
70000610073.179504
70000977362.456985
70000298323.251160
70000381325.162262
70000841811.318283
70000617740.858383
70000479947.856888
70000068852.219543
70000426319.559723
70000224182.758713
70000423376.265472
1.000000
70000625043.020279
1.000000
70000373490.751373
1.000000
70000997363.089066
70000351776.644104
70000402100.203522
70000990618.305817
70000350732.508286
70000337004.622833
1.000000
70000008987.924423
70000755736.202652
70000011704.500275
70000963990.943344
70000656115.669785
70000552345.451843
70000030248.895859
70000980644.452606
70000893260.430145
70000746058.713287
70000660168.580154
70000737633.434479
70000376483.293411
70000249915.331512
70000895663.338379
70000534771.182663
70000380347.500488
70000989065.957977
70000973612.982941
70000393394.348877
70000436329.100220
70000985995.932098
70000654470.864456
70000335616.259933
70000423755.806778
1.000000
1.000000
70000137269.417709
70000637047.816696
70000786097.434662
70000766878.068573
70000788894.999146
70000833421.889862
70000221878.344055
70000955549.361435
70000389819.991379
70000338349.686417
70000357980.396866
1.000000
70000159023.811142
70000932548.577805
70000881056.656616
70000767408.298843
70000128848.692932
70000974858.275192
70000636062.778564
70000077154.984894
70000347316.799271
70000038690.834183
70000148994.906647
70000973099.611511
70000924227.106873
1.000000
70000143790.297745
70000819816.972809
70000088979.899414
70000399592.503632
70000192301.141632
70000127469.952728
70000481837.376495
70000262637.044998
70000639217.434937
70000250513.951004
70000212515.969421
70000347884.734344
70000125259.395004
70000033625.396133
70000854002.454895
70000824125.230362
70000799878.223557
1.000000
70000836763.431137
70000961997.797165
70000953527.296387
70000411862.271454
70000491496.456543
70000517326.563950
70000219314.361877
70000107991.185242
70000427401.958817
1.000000
70000119428.826630
70000856631.049652
70000669272.185699
70000747760.951508
70000744197.078278
70000301355.007401
70000587369.968430
70000877532.729507
70000696816.939056
70000184392.873260
1.000000
1.000000
70000468670.422974
70000791994.905991
70000688616.979950
70000228753.673004
70000072238.372955
70000586859.340057
70000800914.327911
70000734200.274094
70000138043.023361
70000857738.702133
70000584036.006577
70000616723.791275
70000659428.213486
70000248824.142838
70000492743.037003
70000192690.927368
70000590092.024933
70000941837.877502
70000339361.387421
1.000000
70000149032.018387
70000862907.115326
70000594716.391159
1.000000
70000322584.654602
70000594237.871902
70000639764.085098
70000888532.872299
70000094512.025909
70000911781.754242
70000883289.530258
70000802964.612732
70000642434.634521
1.000000
70000757008.483749
70000417811.522614
70000644747.095734
70000548429.959091
70000656300.205856
70000085378.668213
70000105461.686417
1.000000
70000312503.590271
70000861156.952652
70000945340.446091
1.000000
70000135619.863815
70000041791.246292
70000120743.959732
1.000000
70000858826.418045
70000216292.636871
70000880921.229858
70000534472.734695
70000578480.183716
70000678003.721039
1.000000
70000526558.186234
70000982078.061600
70000755134.778046
70000635322.168213
70000529745.435364
70000399779.379974
70000342758.137329
70000608756.395050
70000652681.085571
70000378874.064667
70000414150.620575
70000226178.832855
70000215878.692383
70000542203.918304
70000469602.395737
70000348509.694839
70000171794.427917
70000518420.561569
70000986767.451080
70000845867.892609
70000281214.998520
70000901696.863144
70000884599.635269
70000975607.895782
1.000000
70000528643.148911
70000136623.376114
70000841985.558228
70000190221.672806
70000394778.296997
70000782693.960541
70000537919.422821
70000490871.818787
70000472573.246735
1.000000
1.000000
70000236826.229950
70000160014.094421
70000630672.828094
70000048770.877747
70000061237.416718
70000324820.620163
70000659182.670349
70000909315.814087
1.000000
70000135194.608597
1.000000
70000667284.336716
70000653761.987885
70000995564.774277
70000682846.108307
70000359133.895905
70000427805.295792
70000630797.884399
70000482734.957245
70000184967.549698
70000762255.842056
70000284863.689148
70000834086.023361
70000180738.817734
70000685849.440826
70000314467.939056
70000180868.289978
70000138193.316147
70000337312.061356
70000052436.726303
70000488790.328522
70000814180.257538
70000602657.171341
70000059840.589996
70000137032.039078
70000041019.469498
70000329353.681961
70000107790.509964
70000037015.262497
70000319618.147034
70000010968.262192
70000138939.284851
70000435673.412094
70000036839.413635
70000002679.241653
70000947082.730850
70000246858.653366
70000268880.560745
70000266176.959122
70000918587.172821
70000560863.491714
70000030005.200439
70000229384.325806
70000051732.541840
70000051846.845459
70000604989.234192
70000048556.278473
70000548517.124390
70000572877.720001
70000326434.409409
70000049874.710663
70000593788.954788
70000006012.653458
70000354144.620468
70000528023.779831
70000298304.904663
70000136932.610321
70000604478.863602
70000209170.127457
70000446203.401459
70000608072.344147
70000016317.235031
70000746747.922195
70000352650.232468
70000253881.776566
70000774440.640137
70000142649.159622
70000650634.548660
70000196794.309387
70000968746.294373
70000645213.317673
70000515449.016312
70000182027.618286
70000079460.868973
70000035682.514572
1.000000
70000232306.621628
70000439936.345825
70000095126.737823
1.000000
70000251841.114227
70000302081.925064
70000368903.299377
70000430491.135147
70000518073.485046
70000881260.653580
70000801075.471710
70000920896.786636
70000056843.528656
70000950057.193283
70000329161.472565
70000912813.660217
70000602312.883408
70000420889.854309
0.33
 0 0 0 0 0 0 0 0 0 0 0 0 0
