1 401
70000459096.390488
70000918784.418427
70000354727.682449
70000246562.932938
70000805372.118774
70000126560.654358
70000827652.554657
70000892397.969513
70000898039.445496
70000304311.569061
70000678150.570892
70000905745.220291
70000767015.594376
70000313117.887344
70000858259.880753
70000453453.303879
70000675521.535843
70000101041.309967
70000812091.021790
70000710819.672379
70000463901.033737
70000399610.031158
70000749488.285629
70000851268.083176
70000928013.516754
70000047959.453812
70000610809.441330
70000988922.241791
70000619825.806686
70000924344.421326
70000701405.173676
70000236654.542145
70000548972.267715
70000386224.843811
70000813965.498871
70000964248.422073
70000950238.346558
70000528218.111786
70000786805.226273
70000894885.716492
70000980527.589752
1.000000
70000711251.751724
70000141458.643173
70000442099.407303
70000780551.844757
70000562939.646622
70000638616.728287
70000592796.103149
70000292741.910477
1.000000
70000914376.795120
70000669505.242264
70000379355.160385
70000494154.558151
70000740009.230225
70000736248.617142
70000112796.717361
70000947839.882202
70000606071.484100
70000002274.696426
1.000000
70000387588.746704
70000252621.501572
1.000000
70000624168.863205
70000872995.128189
70000487927.603500
70000642102.248825
70000248346.328720
70000554297.758026
70000348462.216034
70000422553.451065
70000142347.761520
70000676570.675049
1.000000
70000094695.874084
1.000000
1.000000
70000191768.790359
70000879476.288559
70000315155.408020
1.000000
70000129049.884903
70000835276.726746
70000807631.579193
70000505371.775497
70000025419.549057
70000980062.940079
70000344166.240906
70000122328.498810
70000258985.702423
70000354050.685623
70000143454.442795
70000553200.302307
70000987352.550797
70000383219.894318
70000087004.692001
70000865873.387054
70000248242.161575
70000386388.883133
70000376399.895004
70000797835.750229
70000490424.847992
70000781069.690674
70000063318.249649
1.000000
1.000000
70000437189.723801
70000445068.421616
70000962805.554642
70000741949.161545
70000983902.640625
70000274838.385834
70000997165.363663
70000610623.123016
70000797446.242447
70000895412.926910
70000421352.979523
70000995735.980530
70000887198.667480
70000405220.426025
70000200562.596375
70000089965.527145
70000371561.382050
70000310666.227478
70000640081.199936
70000918717.646866
1.000000
70000480263.185486
70000883010.103790
70000330782.016434
70000808974.342789
70000086869.383759
70000762331.385483
70000784717.316360
70000457142.267014
70000682397.054382
70000720896.911346
70000525648.231598
70000441216.300613
70000728962.940262
70000907934.397507
70000571456.530792
70000743375.423767
70000313533.683365
70000417264.566376
70000904784.743729
70000456666.055984
70000825920.145599
70000471499.928680
70000106779.124985
70000783492.114548
70000874206.173843
70000565774.426361
70000651891.253540
70000395837.703247
70000183216.649582
1.000000
70000056369.107529
70000108824.253906
70000911357.634827
70000241983.507141
1.000000
70000950439.672165
70000137220.032776
70000059254.320892
70000082751.166992
1.000000
70000770656.605545
70000994370.476654
1.000000
70000098701.585098
70000976841.902527
70000247691.256256
70000843469.522644
70000070175.364059
70000779613.211914
70000922780.151550
70000984963.554688
70000446092.415863
70000202816.507187
70000118727.236053
70000403205.264664
70000849014.847092
70000347020.058334
70000635645.669052
70000084929.334030
70000647591.185791
70000131516.523804
70000694821.804321
70000248424.809448
70000161794.309128
70000447180.444687
70000581141.241623
70000680508.933243
70000157184.842026
70000608203.832794
70000969365.243927
70000944880.477844
70000923359.377533
70000492993.564178
70000162030.877777
70000735953.033066
70000688378.198700
70000083751.247253
70000102149.491943
70000748330.697754
70000649303.052765
70000131224.264130
1.000000
70000780842.310257
70000872590.629730
70000672341.678146
1.000000
70000452572.201477
70000934036.566986
70000242146.044113
70000157254.682755
70000724062.892227
70000271216.362305
70000184573.727982
70000215671.258148
70000809357.914322
70000439779.445816
70000115334.867203
70000584986.502228
70000175338.125717
70000135302.074005
70000528343.740433
70000600791.093079
70000160618.772964
70000484089.179901
70000935693.065826
70000434261.018005
70000218768.533081
70000875997.599518
70000772956.600571
70000332241.979919
70000618377.406082
70000285144.761276
70000327803.159286
1.000000
70000687586.160278
70000604321.422012
70000005359.600327
70000730264.775299
70000145408.862091
70000444674.857025
70000746688.502701
70000908609.400650
70000879236.884460
70000904636.230911
70000469429.012863
70000481211.376205
70000887343.905563
70000531146.586212
70000123582.648941
70000007241.593933
70000184910.309998
70000219209.248505
70000832587.316269
70000861370.824448
1.000000
70000479438.010117
70000168281.448334
70000211268.695404
70000557623.670853
70000600759.712799
70000717918.245819
70000885372.903717
70000865207.039764
70000018177.240402
70000190380.291473
70000844945.799698
70000899667.283005
70000376432.443390
70000464204.390854
70000182548.951340
70000569499.725815
70000208741.240479
70000797597.698456
70000521438.481873
70000853968.036224
70000085768.031616
70000941494.591797
70000253164.183441
70000059005.183868
70000979469.522675
70000289974.883057
70000274127.481781
70000791869.127945
70000454219.110962
70000704709.259232
70000466325.144653
70000440642.778168
70000960162.676865
70000258549.921082
70000688271.691864
70000919812.611511
70000541976.685135
70000686802.274277
70000978611.610764
70000076091.649902
70000949165.164993
70000456359.107864
70000531497.490479
70000849102.873444
70000913168.974274
70000625297.999786
70000676064.189209
70000143210.164612
70000397027.294342
70000138318.257446
70000126911.022888
70000437754.902023
70000551869.951050
70000502778.443253
70000785059.232101
70000594710.821503
70000021495.991730
70000576974.558273
70000648468.457489
70000186915.286957
70000660227.827667
70000597323.346268
70000698582.462509
70000807983.427429
70000835490.651077
70000248809.151886
70000576100.613174
70000375635.881027
70000105768.459076
1.000000
70000917158.156342
70000914471.517670
70000195483.057007
70000553721.396393
1.000000
70000216504.485077
70000037090.019516
70000755090.691025
70000432115.267349
70000841033.148773
1.000000
70000516287.616196
70000320663.004150
70000651013.627533
70000453433.739349
70000813265.770401
70000254755.215775
70000458440.741760
70000225821.628479
70000481460.540665
70000141294.033615
70000525888.539749
70000300224.251160
70000260670.558044
70000563377.795105
70000376952.860580
70000582086.164352
70000312781.645355
70000625966.603195
70000347590.241928
70000852193.921295
70000645904.708237
70000912941.876541
70000693425.555191
70000994014.107132
70000973284.219543
70000689237.305847
70000061264.217850
70000015513.800644
70000025682.244965
70000273972.840698
70000316961.168793
70000797816.165909
70000695350.515137
1.000000
70000898699.237305
70000644541.187866
70000924703.309982
70000786754.319244
70000620596.304382
70000188365.779831
70000403516.238312
70000161995.083328
70000361644.582336
70000559073.144592
1.000000
70000864322.500122
70000592890.758240
70000911411.278259
70000528309.589676
70000972759.725754
70000952472.699295
70000550902.207169
70000898656.042892
70000612804.191605
70000561174.857346
0.33
 0 0 0 0 0 0 0 0 0 0 0 0 0
