1 401
70000058714.396072
70000928871.215530
70000437260.206955
70000289654.265961
1.000000
70000205270.085953
70000748677.353775
70000336332.815796
70000373744.811554
70000763814.453323
70000010596.079987
70000133286.562134
70000169759.393356
70000501098.627426
70000106841.599152
70000950288.841797
70000865653.919312
70000481364.449112
70000569249.859619
70000139278.135941
70000495111.898422
70000573983.423737
70000964127.508438
70000033510.124710
70000217833.683029
70000629134.467667
70000845546.326111
70000522775.220612
70000744746.417297
70000301924.072876
70000922344.478317
70000125320.791519
70000222170.576614
70000481999.212234
70000304750.828415
70000470586.365799
70000307112.688431
70000900074.345520
70000653054.632675
70000632753.296707
70000564639.182144
70000960495.170013
70000524320.118332
70000695802.251648
70000933061.097061
70000828394.493607
70000476226.057556
70000477290.248657
70000508359.050613
1.000000
70000425160.266266
70000639857.212021
70000394406.091827
70000235834.882187
70000484258.422577
1.000000
70000588776.187958
70000883013.803970
70000797961.319183
70000485198.915497
70000404156.941895
70000157875.626434
70000493969.756058
70000151477.064743
70000756594.788406
70000768612.282135
70000134663.224258
70000678851.966431
70000630089.256165
70000081636.128662
1.000000
70000396980.011749
70000336453.744370
70000405834.901489
70000576451.904633
70000662440.260330
70000021345.311111
70000038437.858612
70000803070.001083
70000849985.063675
70000256423.169540
70000500008.747086
70000972237.127747
70000278662.608521
70000848305.101898
70000485882.281036
1.000000
70000397428.248657
70000456106.111542
70000675723.650101
70000621554.410461
70000140253.790314
70000763187.538620
70000225070.079697
70000314059.249710
70000669762.844315
70000656131.972046
70000306216.424347
70000583907.862930
70000317785.801529
70000606379.120331
70000389543.692062
70000558227.812042
70000200463.050095
1.000000
70000362091.345047
70000972158.068924
70000713071.613480
70000501134.901810
70000283903.848206
70000050310.930466
70000070237.355392
70000919787.276688
70000391624.904663
70000333753.554718
70000221456.945557
70000505420.028687
70000558407.711136
70000004836.861923
70000553722.429932
70000149090.812943
70000097646.496063
70000436913.528336
70000532543.761429
70000612633.691284
70000316232.614273
70000820364.742447
70000147881.544434
70000886599.150284
70000066555.546051
70000223125.576340
70000371808.443100
70000766584.873245
70000804344.013687
70000612495.965286
70000957586.291153
70000059533.894806
70000227822.266663
70000000144.034714
70000798220.941666
70000967204.056488
70000747638.898544
70000765978.598038
70000000220.136093
1.000000
70000970031.527512
70000645780.125046
70000500956.243286
70000149266.216675
70000948705.402649
70000229242.573196
70000512374.197449
70000797290.122070
70000437167.802429
70000732409.349518
70000705960.968124
70000465221.174026
1.000000
70000414811.509003
70000601089.465515
1.000000
70000397827.874115
70000167811.833511
70000401265.671494
70000592295.044250
70000671788.578232
70000811978.521957
70000217231.823944
70000144002.521423
70000482115.262726
70000514517.718307
70000434795.818436
70000348501.773529
70000682984.368530
70000937321.409836
70000826696.129807
70000015661.920670
70000027470.575317
70000291493.304245
1.000000
70000481158.533859
70000225129.108521
70000528706.251984
1.000000
70000055778.470062
70000153147.461334
70000343931.703384
1.000000
70000093605.070480
70000644864.505157
70000950650.982269
70000197588.712402
70000067672.455612
70000391011.740036
70000274045.577881
70000832340.420944
70000284101.158661
70000848539.495483
70000603601.523773
70000629365.664810
70000661965.272400
70000614687.941238
1.000000
70000805386.380753
70000542214.781021
70000982286.345215
70000229006.577362
70000045261.213730
70000877874.309250
70000900627.514740
70000414029.546890
1.000000
70000252752.052277
70000847762.366028
70000512108.069016
70000059675.185532
70000818624.789169
70000516640.175537
1.000000
70000842107.502274
70000880058.006592
70000130523.149994
70000711511.776932
70000527553.938431
70000564209.331726
70000203466.586746
70000984685.739563
70000093595.098236
70000419273.523590
70000426418.700241
70000929053.759262
1.000000
70000220901.564926
70000352918.187195
70000017287.407837
70000573322.557068
70000480920.274994
1.000000
70000115425.955612
70000438834.844940
70000506940.381973
70000606582.201050
70000726726.295792
70000818888.294250
70000640551.267105
70000003522.840134
70000627149.050644
70000409338.410278
70000525141.024033
70000039353.598373
70000482841.105392
70000287212.365784
70000212709.673950
70000966669.887054
70000665594.829544
70000871719.778580
70000261764.572006
70000873093.234695
70000963994.377625
70000550669.501099
70000458001.424286
70000210830.793808
70000933754.411896
70000683119.129639
70000527443.975952
70000622105.507294
70000102014.155487
70000953199.809311
70000370259.425339
70000084005.604568
70000058795.284164
70000987652.993256
70000381912.633530
70000601718.526932
70000125636.283722
70000687711.043625
70000083309.521133
70000221778.189224
70000759655.451263
70000593753.219833
70000813082.584244
70000641524.038895
70000107854.144730
70000900612.028549
70000213504.768478
70000842987.521744
70000293209.481186
70000091782.469559
70000909649.539551
70000134844.591476
70000326024.333099
70000650791.899979
70000990674.945129
70000473839.867981
70000223339.373306
70000283224.494385
70000964915.156830
70000838665.051346
70000039504.118362
70000627284.083817
70000848138.372208
70000972414.213806
70000377032.816406
70000209135.168518
70000985069.568405
70000791003.613602
1.000000
70000967349.019104
1.000000
70000138665.327942
70000332347.342834
70000610059.386002
70000433413.487137
70000658134.231247
70000180359.743744
70000749264.496201
70000269815.120071
70000740295.911240
70000187899.036072
70000838933.478638
70000273787.195419
70000252553.092087
70000305810.643784
70000981048.439499
70000662514.844345
70000991936.143845
70000043792.405731
70000797266.366196
70000934841.770966
70000177346.952560
70000867868.002014
70000150562.892807
70000737649.311569
70000063760.367447
70000618466.732590
1.000000
70000261685.165939
70000666210.865509
70000959397.015167
70000897558.651047
70000774684.572662
70000184659.838409
70000107224.119873
70000761855.493576
70000366996.292908
70000989370.524292
70000295297.115952
70000533576.743240
70000000213.436295
70000520736.185532
70000897888.046280
70000510436.988495
70000633862.600861
70000922483.008987
1.000000
70000394632.574844
70000431928.888397
70000794511.897903
70000424583.480270
70000994322.792709
70000421501.423325
70000407767.387817
70000845424.456680
70000411734.490891
70000479998.180359
70000370811.513351
70000041448.897247
70000637721.875381
70000889378.893570
70000829366.454803
1.000000
70000620183.656235
70000848803.301361
70000188462.947861
70000743217.253311
70000787021.413544
1.000000
70000871108.282135
70000645767.651779
70000942383.129684
70000275533.432663
70000727600.370346
70000077259.661850
70000242748.939621
70000988731.754639
70000003132.544983
1.000000
70000448053.839783
70000829469.670441
70000109073.194977
1.000000
70000955614.461853
70000703858.198914
70000436074.584625
70000445486.812561
70000354244.988693
70000353026.632202
70000866935.740891
70000052112.625275
70000288494.267029
0.33
 0 0 0 0 0 0 0 0 0 0 0 0 0
