1 401
70000245506.177429
70000542108.486740
70000447469.573502
70000480228.364716
70000615765.658218
70000845528.582550
70000893541.299271
70000984328.012939
70000709857.426392
70000478416.404892
70000108582.780258
70000126417.994614
1.000000
70000705384.669861
70000110883.932602
70000717137.876419
70000904984.792465
70000280634.341248
70000927948.823456
70000416506.877823
70000409938.120667
70000426298.068542
70000128958.214874
70000866721.673294
70000592550.241333
70000146548.899353
70000519785.630051
70000540191.925659
70000216467.378143
70000110433.792252
70000764199.169662
70000583149.378647
70000061203.570465
70000127281.887039
70000050296.077927
70000640796.692947
70000237200.193375
70000145461.818604
70000234881.205048
70000798884.816162
70000443321.699814
70000518112.877930
70000254812.181931
70000674494.577591
70000659015.929550
70000658119.796494
70000874773.504608
70000320406.220718
70000110404.998947
70000588609.681763
70000897156.994156
70000249598.734009
70000348445.621780
70000500122.077591
70000008259.256454
70000556156.704178
70000964737.878204
70000692204.071976
70000932337.182480
70000526825.193558
70000333676.640808
70000144269.725113
70000294049.592636
70000267566.368240
70000687462.718002
70000090009.352585
70000743962.163849
70000871117.646332
70000201345.443405
70000025019.162155
70000381588.720520
70000562085.601318
70000056405.122116
70000265496.714798
70000351095.830368
1.000000
70000497754.195358
70000102992.886398
70000804135.526932
70000442618.833252
70000059110.882401
1.000000
70000933890.094604
70000303179.888184
70000560381.040634
70000978681.523483
70000305893.664642
70000653804.673050
70000487483.660324
70000453114.824921
70000488871.873886
70000939389.268402
1.000000
70000317096.471832
70000774369.261154
1.000000
70000565332.283188
70000059733.298920
70000135901.874222
70000339626.747223
70000915939.052994
70000143015.953873
70000106245.659332
70000753033.236710
70000926569.624313
70000192188.930786
70000241925.418549
70000654251.246124
70000838466.522156
70000045842.765991
70000602967.225388
70000779031.064331
70000588947.854019
70000614944.564682
70000575515.275970
70000690692.450775
70000133305.306412
70000222588.267578
70000292158.095963
70000331152.383469
70000632077.881149
70000917907.897644
70000840645.467697
70000654574.772125
70000916461.860947
70000699504.683731
70000741053.095978
70000758130.137497
70000446277.718903
70000376081.245712
70000934723.356842
70000258281.838242
70000331743.647598
70000016655.317459
70000479732.585953
70000259899.704453
70000018003.137772
1.000000
70000163405.076401
70000961510.209229
70000223852.308868
70000636890.967834
70000285237.177505
70000288618.271774
70000482822.438736
70000950493.669647
70000126961.555206
1.000000
70000715023.029282
70000612384.407822
70000514951.798630
70000402286.267273
70000465460.215439
70000773597.172058
70000014955.590866
70000264092.327759
70000954053.788025
70000741551.216797
1.000000
70000796131.602127
70000144796.882904
70000701323.658203
70000947814.946503
70000631559.634125
70000630850.499496
70000164064.398911
70000536968.540329
70000642694.086914
70000427663.602005
70000094428.901138
70000154279.795578
70000055504.606140
70000504863.767807
70000533202.980087
70000215421.461960
70000748227.292221
70000596210.826752
70000537444.440338
70000921765.954819
70000626602.021088
70000646629.006134
70000305654.805054
70000440623.399231
70000096458.166534
70000843276.667923
70000577376.153534
70000269608.015747
70000504492.536911
70000801089.818924
70000697851.430634
70000706983.375977
70000064386.693420
70000236762.256348
70000496191.051590
70000400080.915527
70000535551.484894
70000536759.274857
70000691671.309647
70000726880.425095
70000596196.236176
70000982437.466721
70000018539.449631
70000180302.961960
70000848654.495728
70000603292.556046
70000037956.958588
70000948057.341736
70000988521.557831
70000622559.050629
70000600366.535782
70000756158.215271
70000722532.586227
70000854438.556320
70000466951.893295
70000137879.919968
70000538356.242493
70000441416.398727
70000316619.098053
70000020477.023407
70000430497.270813
70000824950.937531
70000118132.211349
70000861035.925934
70000689984.068832
70000974110.312851
70000111314.681625
70000632223.755173
70000014869.245865
70000023186.727615
70000928433.011551
1.000000
70000721257.024094
70000852590.615936
70000249423.965179
70000599343.101807
70000742283.326553
70000591736.791351
70000308503.375031
70000881428.692902
1.000000
70000102486.576782
70000147892.761108
70000634597.705917
70000549967.177338
70000230578.540482
70000671751.440826
70000661964.447266
70000378823.017929
70000162490.671280
70000093370.372955
70000634949.929596
70000193946.952164
70000960425.598526
70000610604.830093
70000776724.834061
1.000000
70000244400.308838
70000173841.347885
70000249777.930237
70000112068.523239
70000660115.668915
70000102680.044601
70000022495.635056
70000637549.230942
70000163209.561447
70000159637.371948
70000003950.803299
70000171551.077316
70000937655.250320
70000925409.574570
70000422937.767960
1.000000
70000065069.069290
70000001593.615189
70000750578.739822
70000512823.181808
70000513486.579941
70000237308.962112
70000735404.948349
70000741128.795074
70000700511.367859
70000134798.522263
70000158956.362335
70000809905.605438
70000109085.088654
70000058191.705780
70000110752.237915
70000399238.303818
70000225975.502808
1.000000
70000084756.223541
70000977121.982697
70000989936.315063
70000231696.270737
70000015164.799316
70000006526.774048
70000241476.140808
70000924589.850952
70000233322.675049
70000516157.110794
70000993652.510483
70000844113.987274
70000173798.900665
70000268656.276794
70000075504.839310
70000838777.309464
70000271737.087296
70000527157.858597
70000471819.778442
70000538440.257782
70000317878.617279
70000310968.969803
70000937995.694839
70000015732.086929
1.000000
70000540230.313339
70000361026.289673
70000457841.877457
70000442807.615814
70000270400.216263
70000077231.031372
70000799821.868347
70000255508.326157
70000021694.150436
1.000000
70000777449.872665
70000395062.758194
70000278077.704498
70000290372.702667
70000059123.656738
70000765349.358490
70000745894.764709
70000729851.420837
70000766190.291733
1.000000
70000676967.903046
70000094299.386566
70000041212.464935
70000001919.472809
70000041040.333405
70000245198.392685
70000202230.242035
70000672089.935242
70000114634.749756
70000224417.458282
70000789273.860825
70000164398.493240
70000526393.558563
70000288772.679352
70000134038.309006
70000008402.831192
70000328485.325089
70000937864.587906
70000495432.874313
70000642793.860657
70000128723.168762
70000595134.200302
70000403442.559799
70000802924.580338
70000559290.170639
1.000000
70000142604.816071
70000261349.001404
70000400302.289841
70000466346.925125
70000045295.511368
70000629490.107513
70000063245.233734
1.000000
70000556779.926346
70000485204.080215
70000873948.530090
70000455385.371292
70000487591.830246
70000930567.587570
70000805890.287369
70000478937.992386
70000965092.640762
1.000000
70000283965.830978
70000435936.739639
70000528469.583527
70000822855.171448
70000693236.418549
70000428822.419296
1.000000
70000036907.597275
70000773858.303497
70000566536.975815
70000016964.613754
70000460337.912460
70000580794.106384
70000448910.488907
70000685659.432159
70000707807.794846
70000810957.912552
70000570461.270844
70000502344.451141
70000147172.322083
70000826364.254288
0.33
 0 0 0 0 0 0 0 0 0 0 0 0 0
