1 401
70000968600.522583
70000771439.537460
70000684027.564438
70000074294.151306
70000916037.376846
70000937087.239288
70000947303.423645
70000132671.788956
70000821482.162003
70000084796.749802
70000443727.775757
70000219373.633560
70000480501.999496
70000992275.971191
70000898133.517761
70000281944.227219
70000146770.683929
70000361974.354355
70000413945.335190
70000489730.524933
70000319381.063187
70000826543.196167
70000220158.180939
70000079234.797287
70000752447.746887
70000056840.184219
70000778235.967926
70000624879.390945
70000455304.750717
70000091562.657104
70000489175.744522
70000429331.984955
1.000000
70000952867.428635
70000774791.734818
70000488933.793106
70000279259.677490
70000760039.157700
70000276053.199814
70000701779.380920
70000627901.065933
70000186119.093872
70000087209.087173
70000869880.538239
70000467182.017899
70000134866.685074
70000985727.688782
70000066297.929581
70000664961.859695
70000882633.367035
70000481738.668457
1.000000
1.000000
70000252085.267456
70000968888.208435
70000041907.402527
70000252656.345139
70000127160.261978
70000386529.881271
70000037191.285385
70000630358.789078
70000174285.255341
70000686986.398254
1.000000
70000527795.451202
70000567188.476120
70000084540.413437
70000245842.302307
70000957012.983261
70000774482.576981
70000282898.631592
70000952936.371414
70000425232.567520
70000302245.438492
70000200447.596344
70000631598.502167
70000396443.112091
70000503260.120773
70000698989.691788
70000526265.112640
70000288061.483047
70000221251.349915
70000468149.655396
70000568153.888947
1.000000
70000718072.156158
70000210778.950714
70000054558.304718
70000517483.485016
70000178125.961105
70000301126.664978
70000535088.109085
70000464018.805435
70000384367.373688
70000768659.244324
70000348835.755539
70000725262.022369
70000802266.091476
70000580897.931046
70000445605.447372
70000542783.295670
1.000000
70000806783.777695
70000949925.361877
70000680850.098526
70000049610.600723
1.000000
70000568887.726715
70000937936.829071
70000576962.638824
70000306469.875946
70000177430.401779
70000851105.696503
1.000000
70000282424.200867
70000829636.908813
70000981195.014221
70000549940.232193
70000700652.173340
70000793701.398087
70000717961.883057
70000849651.491913
70000635406.925034
70000035021.875198
70000437390.569077
70000921298.952255
70000463197.798737
70000031281.519745
70000668118.688919
70000062662.138107
70000648934.182739
70000309618.436127
70000258849.113174
70000255524.496826
70000328037.434525
70000494485.972733
70000728883.180130
70000642761.434296
70000720340.820587
1.000000
1.000000
70000836654.500626
70000960078.782425
70000294780.767563
70000397522.658600
70000905326.320435
70000096560.357269
70000698752.689987
70000372683.560730
70000952001.828430
70000686731.184692
70000780276.672028
70000704454.498901
70000512563.192871
70000965184.341492
70000057117.971436
70000816725.578476
70000351609.207123
70000227191.947937
70000051255.317184
70000637877.065536
70000687143.608139
70000571104.690872
70000353524.683289
1.000000
70000980773.708542
70000667383.821747
70000087157.831879
70000868283.899750
70000555963.349533
1.000000
70000023628.307281
70000189103.357224
70000190047.497162
70000676375.273804
70000133548.997299
70000532824.249619
70000778534.249817
70000735794.391403
70000252155.424316
70000012766.163559
70000320596.315933
70000663000.045303
70000271828.538177
70000624339.089691
70000263727.821976
70000237346.618057
70000973276.013901
70000002732.398361
70000016917.488785
1.000000
70000071583.635742
70000982529.277985
70000543617.210342
70000426749.426605
70000126541.835297
70000430326.704834
70000791376.486435
70000788464.366440
70000907777.234406
70000645752.757034
70000756991.698563
70000080449.050751
70000972181.902649
70000789483.544312
70000629418.810013
70000640062.358139
70000573277.021591
70000616895.319992
70000479361.413895
1.000000
70000791762.125641
70000984186.675705
70000235778.244720
70000049134.868423
70000743829.024475
70000198585.065262
70000330317.300964
70000797634.379318
70000098758.920959
70000832596.197571
70000302950.665070
70000960742.460617
1.000000
70000094439.534744
70000956567.979370
1.000000
70000612910.090439
70000459132.582779
70000456330.448059
70000150305.350220
70000700555.740387
70000409349.704529
70000477337.522186
1.000000
70000564941.137161
70000178966.446960
70000540389.764099
70000575866.988678
70000966128.912277
70000789899.290253
70000616487.222961
70000990017.018402
70000904451.565125
70000325379.514359
70000554728.358017
70000851809.780380
70000302046.434280
70000785038.775421
70000962689.741806
70000662402.066360
70000356503.857437
70000261310.713058
70000432427.657013
70000049597.237427
70000213285.821075
70000252491.786758
1.000000
1.000000
70000549895.434906
70000453029.640076
70000432175.873245
70000296188.316345
70000280583.262772
70000341734.578049
70000787262.630035
70000139791.263443
70000699304.179642
70000637302.526077
70000908190.362061
70000032820.720993
70000153960.387436
70000110856.837723
70000388505.601624
70000819038.966919
70000655375.981674
70000504313.598389
70000979859.566727
70000385034.951675
70000414085.188416
70000679088.218140
70000173783.122452
70000715637.251831
70000680088.509094
70000715163.529480
70000560130.576630
70000739528.033554
70000290316.636261
70000445646.516052
70000469093.646530
1.000000
70000842469.460602
70000119345.093872
70000407568.815048
70000890356.041504
70000300182.743073
70000388568.587769
70000766868.956924
70000542931.140152
70000987403.343567
70000818591.203018
70000407357.699875
70000416629.048996
70000321746.808929
70000475750.434692
70000102872.631653
1.000000
70000086867.735626
70000311852.801376
70000812825.293839
70000018581.568069
70000897264.609833
70000416347.131241
70000991230.704697
70000709066.606506
70000088066.928268
70000610673.415024
70000676306.044434
70000534146.110123
70000023821.180496
70000338693.381714
70000403117.956299
70000104975.095612
70000081940.338150
1.000000
70000922629.564835
70000624234.073792
70000043425.613586
70000031925.949112
70000058445.256210
70000588223.277832
70000201750.811203
70000895359.214447
70000024310.738785
70000261178.528229
70000459195.624756
70000793964.472244
70000863583.628448
70000084856.101944
70000091313.405762
1.000000
70000857202.146149
70000013962.154190
70000768465.422256
70000438220.617569
70000008180.285080
70000211216.187164
70000575852.312073
70000563897.351349
70000984568.648788
70000635005.240356
70000043543.025528
70000917220.952713
70000489721.512192
70000098551.173553
70000273506.362106
70000077205.752396
70000878455.700821
70000370596.601578
70000667706.772141
70000097078.041595
70000325799.465164
70000090439.748489
70000424602.938522
70000280670.768967
70000565354.720261
70000014536.521866
70000847956.803177
70000290714.904724
70000149862.337158
70000733741.768784
70000559917.619247
70000100227.792191
70000946612.324295
70000027893.079300
70000286378.919785
70000511213.490067
70000636108.618668
70000248871.792847
70000752311.587296
1.000000
70000313818.330078
70000782668.813629
70000408337.636841
70000065895.639511
70000537673.136978
70000031100.638977
70000930439.757324
70000316862.034042
70000608374.877563
70000886805.653427
70000015951.680878
70000037474.361404
70000449253.105011
70000626000.388489
70000692721.280090
70000089435.859787
70000906179.811188
70000766959.236832
70000082389.903625
0.33
 0 0 0 0 0 0 0 0 0 0 0 0 0
