1 401
70000336797.357834
70000267165.627075
1.000000
70000678793.177246
70000564750.376541
70000198917.821991
70000831077.798553
70000910053.022949
70000971540.498627
70000210704.532928
70000423657.263794
70000796922.409012
70000406291.583176
70000946384.950073
70000359254.923370
70000160765.026947
70000907423.068085
70000981999.348434
70000952734.180389
70000679333.553070
70000447287.582901
70000680305.143402
70000173699.633942
70000862724.228867
1.000000
70000655237.430511
70000033832.977188
70000752382.186874
70000744449.258377
70000515024.162918
70000969221.724045
70000594163.031418
70000328737.849701
70000878338.309357
70000400267.517685
70000961318.176117
70000464466.990326
70000946674.536041
70000896897.383514
70000049555.878754
70000187575.758682
70000857534.720688
70000342935.467392
70000093373.433517
70000389363.888733
70000749960.908340
70000617836.711273
70000785630.142029
70000264885.936050
1.000000
70000452568.593506
70000710638.182068
70000954308.602020
70000297965.913895
70000007952.796143
70000618207.013077
70000305794.966522
70000718791.037872
70000088397.465881
70000984678.996780
70000993520.842728
70000087312.639694
70000610551.540710
70000656733.010880
70000788592.850006
70000103357.446243
70000590368.772171
70000583040.477005
70000171149.115051
70000495898.434235
70000258814.403229
70000488268.408249
70000192531.645340
70000707550.926407
70000435113.712067
70000839888.536926
70000844164.510422
70000144064.685623
70000235729.664749
70000478969.122177
70000281427.889908
70000441814.757996
70000255320.525330
70000998490.976379
70000460792.345963
70000286153.992813
70000337928.961304
70000028919.566864
70000413752.743820
70000066948.103714
70000878124.961746
70000112535.512711
70000575620.901093
70000242294.094681
70000207994.242111
70000773877.913422
70000077731.076233
70000385510.253250
1.000000
70000620321.985291
1.000000
70000292261.169525
70000399401.746185
1.000000
70000818416.004929
70000429456.537933
70000452855.985489
70000688617.880814
70000405972.077499
70000244842.188080
70000103795.935287
70000651105.294754
70000571682.438416
70000353438.092896
1.000000
70000911652.878372
70000144755.636642
70000563631.294678
1.000000
70000197339.773010
70000749250.161346
70000780974.424606
70000775891.153397
70000349697.853607
70000848782.974579
70000799831.793015
70000041165.211426
70000424718.716797
70000018239.498337
70000645371.878525
70000582729.683380
70000893217.026230
70000207898.799377
70000164864.659348
70000502419.497833
70000484613.338577
70000355382.010544
70000449779.508652
70000657579.953186
70000096967.555557
70000763446.910919
70000473574.151474
70000739664.808853
70000501844.193680
70000973746.469009
70000187846.373840
70000260759.617401
70000825962.670868
70000157848.213882
70000532474.462860
70000178153.774689
70000976764.399506
70000959925.038422
70000881481.857880
70000619245.030807
70000479758.485657
70000471769.705078
70000585422.561081
70000529446.318680
70000821683.718918
1.000000
70000556509.182434
70000020880.636063
70000799019.083740
70000195477.443222
70000714243.426254
70000494749.100723
70000538308.586411
70000058982.448578
70000308073.177414
70000398176.320862
1.000000
70000144175.648712
70000646361.298553
70000635223.286682
70000938637.485825
70000115843.751801
70000922103.485245
70000680647.813278
70000767453.873657
70000363908.479034
70000514564.228012
70000892846.291702
70000287648.913773
70000490382.918335
70000106248.338898
70000548814.988983
70000277198.060730
70000551505.797836
70000818704.852036
70000086276.649200
70000581594.632675
70000246831.188660
70000017416.361664
70000804067.758438
70000665702.907867
70000632300.504654
70000572307.170792
1.000000
70000931787.188461
70000396824.633789
70000184526.592758
70000871779.686417
70000567916.703903
70000428503.541550
70000050258.355850
70000476913.772583
70000024756.704529
1.000000
70000537803.919632
70000733712.470657
70000164247.990372
70000332747.934204
70000359978.299683
70000837418.998520
70000613109.725800
70000412471.972214
70000963534.335495
70000974245.356079
70000179232.724426
70000658676.430206
70000063223.695831
70000413652.099030
70000932981.867844
70000278365.705338
70000445254.102768
70000840677.326187
70000351294.846512
70000598578.230759
70000603544.699738
70000325403.657501
70000182259.497177
70000167621.946152
70000956999.584625
70000037683.932266
70000265894.785629
70000979769.527725
70000365909.180450
70000625873.329849
70000554055.701660
70000576151.483047
70000593602.015045
70000937060.175995
70000364874.887283
70000297840.546310
70000539861.106522
70000951427.137634
70000858148.199203
70000678283.284363
70000868515.082565
70000891916.421982
70000034094.578171
70000091704.073502
1.000000
70000924004.438400
70000699924.667999
70000392815.742706
70000190428.154724
70000849381.282852
70000838934.798523
70000689906.160400
70000360947.205994
70000154874.983368
70000234908.734879
70000067295.009476
70000340644.150467
70000929087.453995
70000990239.396866
70000170766.600754
70000485501.051987
70000361342.315536
70000910980.675095
70000731986.303818
70000785512.547165
70000255095.599319
70000100074.395065
1.000000
70000003773.564102
1.000000
70000617980.063385
70000839613.483047
70000009906.135147
70000588018.904648
70000606665.499161
70000698711.581055
70000665465.013382
70000883309.742416
70000196199.348663
70000284781.303375
70000742669.542770
70000902455.428360
70000403530.468536
70000070345.107346
70000022886.527893
70000772541.616608
70000493807.643723
70000748762.228607
70000882034.477524
70000374107.706711
70000588767.955582
70000817663.899017
70000173985.082626
70000613942.385361
70000152564.060623
70000171253.588364
70000301224.490692
70000901771.768982
70000627333.096695
70000005295.331924
70000000593.946518
70000188141.196533
70000967870.718719
70000057003.078583
70000913226.587112
70000677421.999451
70000775964.309448
70000321708.021362
1.000000
70000291543.786163
70000634502.180267
70000983160.296631
70000974409.182220
70000876288.143433
70000209828.568375
1.000000
70000692528.519226
1.000000
70000548640.673874
70000574866.493637
70000460734.335205
70000414592.208221
70000621184.637772
70000540788.313889
70000397376.546570
70000024455.856079
70000065564.010117
70000791313.355911
70000666001.854126
1.000000
70000724942.118149
70000783371.840988
1.000000
70000016681.573807
70000710076.636230
70000783242.723770
70000720789.389435
70000187292.842194
70000688917.926636
70000001837.421204
70000709354.288620
70000015653.873016
70000561198.826721
70000123182.974319
70000861002.708862
70000910259.862747
70000626066.102921
70000254520.904266
70000751909.522476
70000916527.779999
70000794595.487823
70000258844.263290
70000820884.512772
70000466106.475418
70000884397.882507
70000615786.767044
70000039960.030182
70000466534.246552
70000295778.977325
70000418836.506287
70000122893.965088
70000212505.917908
70000646233.640137
70000190679.733475
70000048368.747513
1.000000
70000861423.672821
70000853022.953506
70000060215.862442
1.000000
70000091827.046951
70000515727.592957
70000700986.649048
70000781743.239136
70000066982.890121
70000589778.810745
70000317160.732758
70000289091.135391
70000323126.732422
70000080225.935883
70000319768.994400
70000543842.801178
70000957068.391052
70000009143.631454
70000665899.083481
70000883806.799286
70000617527.536026
70000795878.672272
70000906115.109451
70000822549.843567
70000025717.700684
0.33
 0 0 0 0 0 0 0 0 0 0 0 0 0
