1 401
70000584790.670959
70000232670.870926
70000028775.655426
70000849494.693466
70000935882.422607
70000376410.537476
70000539927.371948
70000241595.096710
70000398746.433716
70000357787.751511
70000038656.079437
70000549953.894135
70000414077.189362
70000739694.626205
70000952024.263443
70000614007.114487
70000796807.472900
70000813154.874374
70000208531.574570
1.000000
70000797577.557480
70000537928.094131
70000845951.339981
70000885512.663452
70000789582.962265
70000891267.030563
70000939138.973999
70000760281.465744
70000301911.622375
70000857079.892181
70000726073.235046
70000109875.076218
70000080102.588043
70000738002.349915
70000186878.834625
70000955831.999649
70000675744.393829
70000179231.829391
70000719303.204300
70000136323.321259
70000905860.948227
70000940743.808075
70000599586.278488
70000265186.321442
70000721438.519745
70000946649.796310
70000450652.572266
70000063343.378662
70000548132.387039
70000026696.136551
70000524599.742416
70000350287.038986
70000794878.615524
1.000000
70000856327.752304
70000823175.272156
70000141506.398712
70000559071.271255
70000610032.358093
70000715525.868011
70000851109.799576
70000181287.758286
70000850055.258728
70000178494.375488
70000608114.756805
70000869414.167160
70000571432.574692
70000034548.606949
70000766921.960129
70000824558.791489
70000372345.230103
70000777298.672134
70000458878.349731
70000184669.544296
70000904209.262344
70000707342.756943
70000851570.329727
70000962582.444443
70000010519.432434
70000394626.906952
70000341819.161560
70000392258.541214
70000114215.254883
70000940678.549637
70000142746.587143
70000231100.548950
70000868059.618256
70000642757.131821
70000300645.361237
70000328924.157104
70000036249.675262
70000269642.613266
70000419252.106812
70000711551.024170
70000213147.886475
70000964018.436234
70000249786.393143
70000838782.497009
70000094990.132507
1.000000
70000098317.805466
70000710528.138336
70000222074.390274
70000247718.995148
70000360920.159821
70000413012.169037
70000627483.488007
70000822504.691299
70000174719.518433
70000492651.301163
70000802697.295715
70000214597.107971
70000832563.630234
70000777400.288254
70000799230.482727
70000721568.129623
70000761049.105408
70000215264.514069
1.000000
70000842609.748444
70000760901.823914
70000752060.688553
70000175815.570190
70000054590.723145
70000895115.301941
70000116621.753586
70000056392.359802
70000884991.584686
70000438524.782257
70000068954.445999
70000808903.042023
70000748659.454254
70000067570.113358
70000968699.604202
70000739423.333221
70000646132.103653
70000557195.324020
1.000000
70000466054.114273
70000285002.812866
70000977920.164871
70000089717.029510
70000605999.203384
70000886690.370071
70000807307.295990
70000260673.469162
70000193998.402527
70000428904.768387
70000009489.165833
70000067007.235260
70000572427.254211
70000065310.216644
70000959986.384552
70000159141.817215
70000771867.078262
70000013747.306824
70000549914.793716
70000125000.171982
70000434897.734467
70000861477.785339
70000349818.768616
70000123254.387390
70000659087.628326
70000440262.439804
70000157481.963089
70000214078.936691
70000186338.449265
70000420026.980072
70000221401.748077
70000028047.176941
70000391128.188660
70000235674.494553
70000201213.459839
70000200822.925797
70000090995.492722
70000903848.944534
70000187401.819138
70000398769.388641
70000741620.119415
70000829534.063522
70000197733.186188
70000781774.194901
70000763580.909454
70000429194.842026
70000797884.120361
70000046761.454636
70000487403.892883
70000494519.792496
1.000000
70000895946.549789
70000201546.770813
70000102418.147644
70000913836.060318
70000622568.823990
70000990250.817337
70000155727.360550
70000880447.333084
70000422694.803955
1.000000
70000251197.523331
70000808075.163788
70000815154.886826
70000926966.983856
1.000000
70000210671.727737
70000180482.755615
70000509486.117004
70000340363.421356
70000626514.750443
70000801479.657700
70000430948.116379
70000208119.070282
70000965531.798828
1.000000
70000481855.428894
1.000000
70000807616.390167
70000484944.606033
70000597934.515152
70000075706.157776
70000544031.064301
70000533762.563950
70000201088.380264
70000357570.944748
70000153771.699921
70000337096.100052
70000524886.183228
70000378753.346924
70000416464.413544
70000504876.800308
70000323584.820282
70000790690.354324
70000810782.103836
70000580871.318893
70000331807.116501
70000029829.350266
70000352226.830536
70000752430.921524
70000435045.268600
70000351393.013626
70000949290.574142
70000067875.553543
70000108477.268066
70000642304.748276
70000690680.350342
70000683955.724228
70000759630.563416
70000377072.336472
70000583165.965591
70000406034.868240
70000841630.147720
70000888540.048187
70000044115.731247
70000581415.416229
70000311960.134644
70000023959.091064
70000244182.105423
70000501359.573547
70000079844.858353
70000582699.003235
70000222357.704803
70000598997.671021
70000101175.369720
70000348187.804550
70000298347.112091
70000344648.992538
70000955356.420990
70000757873.320312
70000999580.680511
70000938430.745697
70000820660.989563
70000872275.394958
70000434752.676392
70000902125.319443
70000026333.684906
70000517476.286346
70000073602.848923
70000365618.993454
70000209901.838501
70000862163.941452
1.000000
70000446621.265228
70000655202.278824
70000115907.570679
70000247849.406097
70000963088.879349
70000096174.933624
70000031729.843948
70000856472.140121
70000897810.384048
70000039542.386246
70000557232.141815
70000948668.869263
1.000000
70000545400.789413
70000982895.778824
70000498235.093018
70000017160.127396
70000257435.617584
70000112267.150543
70000389659.608887
70000320428.657867
70000091186.420532
70000591982.704025
70000783853.325104
70000238357.653854
70000054017.864944
70000998156.806656
70000948811.791550
70000607254.030640
70000895792.377747
70000637696.431030
70000005293.224106
70000171121.141678
70000116316.848984
70000271321.004089
70000391108.801086
70000203712.682083
70000033104.299789
70000039482.359360
70000715307.285767
70000008017.567886
70000022228.308380
70000824802.224548
70000679922.200699
70000871018.442429
70000942120.171890
1.000000
70000406889.147339
70000842131.951279
70000285677.721634
1.000000
70000604982.885590
70000112238.511124
70000526030.772522
70000477887.507828
1.000000
70000518396.964645
70000900925.036926
70000778122.238480
70000193360.904160
70000555844.429276
70000694518.439407
70000409880.677689
1.000000
70000486916.820038
70000720764.403366
70000505942.565887
70000120484.817627
70000120891.820557
70000715268.354202
70000939456.614777
70000792930.571518
70000446332.725815
70000182987.443497
70000818040.272156
70000807901.595673
70000418235.666351
70000542840.063461
70000481627.183441
70000886822.026978
70000620098.360443
70000823370.272720
1.000000
70000008867.248566
70000567471.672470
70000094639.467392
70000427207.654144
70000770820.915970
70000030728.676880
70000185664.356644
70000058039.344040
1.000000
70000368487.051208
70000733779.494446
70000899592.263260
70000718273.559387
70000043169.139923
70000120343.131378
70000908378.547943
1.000000
70000169059.522217
70000424761.751938
1.000000
70000791955.711456
70000602656.343292
70000072239.635559
70000178640.821060
70000168338.309677
70000721289.156052
70000119955.822571
70000089709.019196
70000801136.533279
70000514983.957870
1.000000
70000607556.288239
70000185823.287933
70000065105.610840
70000446019.801208
70000933732.127335
0.33
 0 0 0 0 0 0 0 0 0 0 0 0 0
