1 401
70000835286.406296
70000414138.838699
70000528650.223083
70000486535.612854
70000862786.983505
70000438416.239914
70000472839.534302
70000626283.667664
70000024875.383255
70000706233.000198
70000076549.816055
70000015440.822922
70000921703.623672
70000432823.036667
70000254130.814941
70000900415.966202
70000654377.263824
70000515643.856369
70000172538.121277
1.000000
70000870345.872955
70000886756.631958
1.000000
70000765163.826279
70000198617.979919
70000117030.576126
70000159799.757477
70000270690.939148
70000578986.585419
70000965516.195068
70000469022.830063
70000498483.082291
70000955358.682083
70000988186.280838
70000731084.182999
70000831567.633759
70000944897.444839
70000740888.664856
70000074845.712433
70000630379.074310
70000265153.415054
70000853210.364639
1.000000
70000173250.367645
70000238739.510849
70000622845.681305
70000227791.909180
70000648957.231537
70000536737.123291
70000722792.301712
70000854365.959549
70000463246.737350
70000721842.172958
70000253728.573273
70000767108.730942
70000172646.746033
1.000000
70000413720.028458
1.000000
1.000000
70000801948.400223
70000149121.814362
70000223343.977509
70000537155.614838
70000647386.784943
70000196747.641357
70000156882.539474
70000436144.011139
70000830238.426666
70000985737.304153
70000955072.643799
70000012028.244385
70000530660.145447
70000798713.440216
70000019850.672119
70000182932.592941
70000725079.976089
70000606652.328140
70000789089.025970
70000731427.262070
70000180931.056305
70000807223.159744
1.000000
1.000000
70000296594.486481
70000624303.483276
70000857169.171402
70000537358.251541
70000289697.513931
70000486086.313370
70000387845.073318
70000710610.488831
1.000000
70000311021.170670
70000484037.157272
70000351090.228317
1.000000
70000956386.621170
70000485660.847672
70000136706.941925
70000039005.924881
70000055473.690598
70000520852.972290
70000644118.596756
70000341639.298706
1.000000
70000883598.415787
70000770878.842178
70000879175.782684
70000351497.958038
70000420752.089371
70000667679.147949
70000609443.544540
70000091143.779663
70000317760.958206
70000175971.707794
70000270958.980621
70000698140.332642
70000430432.347168
70000879866.625702
1.000000
70000235057.950455
70000358185.476669
1.000000
70000160434.454575
70000656132.949020
70000902193.620575
70000194858.236252
70000117665.333450
70000416063.226303
70000343996.821732
70000361670.562271
70000998304.374237
70000915668.579208
1.000000
70000972590.430054
70000415150.041931
70000291050.139893
70000073019.372009
70000702302.596954
70000946176.895493
70000750858.807175
70000387652.214249
70000621530.118607
70000669051.234680
70000582581.672974
70000518751.443192
70000806136.558945
70000562939.292862
70000508415.159134
70000767334.338608
70000940941.551895
70000956952.546036
70000655596.931595
70000734571.985016
70000649084.728424
70000175843.224670
70000056632.537735
70000593957.093750
70000757116.023132
70000655513.888733
70000498197.511261
70000160580.053543
70000280111.732239
70000785941.568909
70000241434.231033
70000402442.477203
70000491282.543304
70000445895.658218
70000097074.395416
70000047095.280426
1.000000
70000651027.229156
70000548562.824539
70000740548.509506
70000840991.723526
70000459188.383377
70000589639.812057
70000997127.455643
70000404758.705811
70000719162.355698
70000038943.203735
70000033669.646622
70000557604.727341
70000305413.216690
70000874879.941544
70000892070.325729
70000631596.051834
70000337931.372070
70000256673.840118
1.000000
70000090175.740295
70000554698.064011
70000714476.923660
1.000000
70000144775.174179
70000061580.697937
70000613106.959198
70000106092.247467
70000310584.418335
70000768170.869095
70000878601.385895
70000618488.801575
70000040595.696579
70000297961.764496
70000955638.542664
70000961679.681961
70000638439.162308
70000032562.248672
70000356751.946701
70000453285.486450
70000577888.222809
70000915865.810181
70000500294.123215
70000447910.361862
70000179859.202911
70000356355.280792
70000758652.311493
70000989517.369659
70000388044.584137
70000212496.039551
70000874353.290939
70000879302.922058
70000565868.008713
70000558413.586609
70000951528.817337
70000050740.371597
70000338345.221741
70000143075.241821
70000219627.210358
70000153554.937561
70000206400.928833
70000022028.088120
70000221192.882462
70000348991.298187
70000951967.836807
70000219532.255066
70000511017.250595
70000209294.334122
70000473143.280869
70000170443.844635
70000858645.014069
70000493970.587051
70000945073.841370
70000106275.958481
70000389050.197296
70000011095.091385
70000111322.730957
1.000000
70000599976.216248
70000159437.973297
70000228694.041275
70000801999.149689
70000924024.306458
70000541184.223572
70000925641.755402
70000570859.545074
70000553205.156296
70000151457.846115
70000402896.126831
70000815014.182983
70000518451.575500
70000346549.740250
1.000000
70000339314.069199
70000982739.919266
70000107442.563705
70000464856.290375
70000799195.874557
70000464933.556213
70000616298.881638
70000089596.955643
70000040398.949951
70000822146.072586
70000251272.692871
70000497722.703094
70000595934.019089
70000045176.311615
1.000000
70000041515.906509
70000052770.418747
70000818122.742722
70000392618.098984
70000202248.032440
70000664349.746155
70000097314.018265
1.000000
70000869034.718048
70000843560.286926
70000413831.828613
70000837813.251175
70000270763.416122
70000572718.588058
70000661757.747650
70000767341.392380
70000062857.464050
1.000000
70000191167.825241
70000965810.602844
70000434686.359940
70000940884.801193
70000794081.829498
70000882558.001694
70000467018.772598
70000679259.842209
70000890282.869797
70000370970.526794
70000166908.525925
70000137276.370636
70000306106.340668
70000592348.995941
1.000000
70000267723.376312
70000754161.771194
70000504857.343521
70000410253.241882
70000758292.693344
70000544698.818481
70000356258.492828
70000690890.545593
1.000000
70000170143.020752
70000818866.468689
70000502220.097641
70000379260.982849
70000947154.110107
70000192787.991028
70000421339.747070
70000329122.641907
70000322263.133713
70000000582.714157
1.000000
70000455055.850800
70000191416.654099
70000192705.333481
70000167703.508011
70000180811.099716
70000316856.774307
70000893820.007370
70000213526.719559
1.000000
70000916556.257187
70000787836.348373
70000768530.801376
70000115980.956268
70000311474.594910
70000383163.544083
70000111311.314392
1.000000
70000798575.677155
70000515916.794495
70000551046.819199
70000963876.121292
70000189969.916351
70000202039.112106
70000201150.733780
70000658859.086151
70000151546.431641
70000895184.090271
70000758650.364502
70000020272.214279
70000047140.094925
70000336569.654480
70000897524.627960
70000629266.697983
70000169258.179214
70000092292.518005
70000449862.780609
70000610890.232376
70000176799.171341
70000154207.232742
70000653870.557327
70000703657.652740
70000053293.377075
70000883740.695099
70000670370.309799
1.000000
70000429805.340820
70000647665.955505
70000775741.116714
70000616253.039520
70000307295.486313
70000745848.653458
70000431034.416611
70000238824.969833
70000165640.532043
1.000000
70000488187.572937
70000460339.780380
70000022415.035995
70000685537.783691
70000739911.479782
70000929286.435623
70000833397.361206
70000813737.130737
70000893279.804321
70000231272.224396
70000844832.972961
70000114557.483322
70000610535.941315
0.33
 0 0 0 0 0 0 0 0 0 0 0 0 0
