1 401
70000577344.888382
70000177584.214111
70000231698.546753
70000349535.916992
70000497710.835526
70000967694.192810
70000963097.902496
70000347459.350983
70000674473.527206
70000147747.082291
70000172527.072617
1.000000
70000516214.336411
70000698836.073013
70000722151.131592
70000780955.294189
70000624366.622757
70000932329.781601
70000830860.449249
1.000000
70000471612.799850
70000340765.739746
70000829918.685562
70000979394.165726
70000335544.405396
70000729630.277145
70000391075.426163
70000579769.051971
70000442499.871964
70000744420.294525
70000954593.327286
70000702322.779251
70000819080.882278
70000937720.081772
1.000000
70000528381.245316
70000797362.580582
70000500340.717361
70000559808.694931
70000098601.845428
70000407056.822266
70000758937.038788
70000400675.836319
70000442936.873795
70000257408.898331
1.000000
70000303450.709900
70000981362.978241
70000620671.747910
70000972480.691071
70000458085.398697
70000239163.577072
70000075781.751633
70000561292.862610
70000084087.459915
70000173501.915329
70000690305.902237
70000859169.904297
70000880106.689117
70000205270.143021
70000748029.518509
70000228619.237305
70000098566.924805
70000313840.251312
70000117192.704239
70000435539.405716
70000375211.913910
70000969081.308914
70000284335.833801
1.000000
70000602158.534714
70000356006.529175
70000510866.001846
70000523775.398544
1.000000
70000933086.028168
70000781271.144928
70000973441.786758
70000856962.814362
70000883153.736694
70000832749.599976
70000459635.583023
70000164692.240723
70000870800.498688
70000938323.297363
70000105747.685318
70000210889.052734
70000528628.887115
70000013233.501190
70000406478.152267
70000570448.032547
70000309429.317032
70000699914.097534
70000979914.633820
1.000000
70000129484.093063
70000097106.120651
70000171146.173401
70000099937.418289
70000606185.580093
70000876465.204742
70000661172.857132
70000029415.310562
70000318425.090500
70000684497.155762
70000425394.109039
70000817083.705017
70000334479.897217
70000386068.630432
70000520420.984024
70000370379.516342
70000857939.017731
70000553392.417267
70000663904.488770
70000188597.735733
70000574106.355103
70000190060.521225
70000577063.722031
70000986194.753616
70000507021.371353
70000469961.845322
70000714636.855850
70000049096.622894
1.000000
70000014502.036850
70000779720.313278
70000877238.926941
70000039571.444977
70000038208.544083
70000042990.510605
70000228227.783630
70000311807.922668
70000162659.232758
1.000000
70000577584.797256
70000824684.415573
70000160046.217957
70000699833.178604
70000223372.196564
70000600123.582382
70000692213.988876
70000654865.593124
70000890811.934662
70000838110.966537
70000037105.521667
1.000000
70000896738.432632
70000095246.639557
70000368274.988190
70000624217.954422
70000942605.620392
1.000000
70000561157.853958
70000952995.913849
1.000000
70000153975.209915
70000255823.549500
70000748218.171021
70000869482.219055
70000518594.342346
70000382789.489273
70000029033.818954
70000873121.647354
70000699767.427643
70000816434.207413
70000600923.367447
70000923401.739059
1.000000
70000443177.389343
70000152980.575607
70000351930.151321
70000833735.039276
70000817433.175186
70000016195.230820
70000024101.632660
70000098544.172516
70000597767.267273
1.000000
70000724933.759399
70000633238.776260
70000989508.174805
70000776113.463943
70000751227.865417
70000350282.300583
70000045662.903076
70000803912.421356
70000953582.550415
70000695063.299072
70000394483.634583
70000857401.533295
70000972543.357819
70000782652.113205
70000887777.475098
70000276262.812057
70000566243.588226
70000226544.430008
70000591041.070511
70000439947.177002
70000431123.261353
70000027596.260971
70000650141.677414
70000944527.883057
70000864150.671600
70000917884.549561
1.000000
70000108168.365601
70000091830.923798
70000747115.286575
70000259831.608261
70000764385.037247
70000230759.135605
70000719189.494431
70000842414.589355
70000276275.858627
70000388153.614532
70000884778.169174
70000820291.665543
70000697493.347977
70000087090.539780
70000378237.712479
70000099108.220947
70000515716.310623
70000817244.775269
70000958365.275742
70000451037.887909
70000586257.778549
70000886693.328903
70000551649.587433
70000152103.442902
70000701007.943069
1.000000
70000050476.809082
70000417212.548065
70000267182.685196
70000255407.925720
1.000000
70000403173.281143
70000804098.500702
70000767283.428680
70000257238.179932
70000460279.969528
70000517840.159454
70000879304.213669
70000692631.247025
70000375190.248245
70000137977.125916
70000595150.674683
70000230375.327133
70000145298.024551
70000837270.909225
70000590306.014191
70000593242.583740
70000055716.422058
70000576609.895676
70000426584.733536
70000315215.491318
70000031416.231750
70000822782.022278
70000413589.594971
70000751072.545868
70000926135.664886
70000381145.172501
70000557357.044006
70000481767.473969
70000066711.342957
70000323021.674072
70000621921.644547
70000779372.239319
70000748508.479782
70000677354.823196
70000000873.806259
70000509713.392212
70000718919.443787
1.000000
70000599095.373886
70000060826.136017
70000420287.049606
70000337251.492126
70000043952.959488
70000659856.121277
70000148251.098419
1.000000
70000342884.374603
70000780027.776474
1.000000
70000708871.318954
70000144136.474548
70000675131.766235
70000356548.365082
70000822776.637192
70000463790.043228
70000661115.090912
70000671738.660339
70000677629.756470
70000969106.332367
70000630970.252319
70000229336.668350
70000191406.536346
70000141579.149948
70000128189.545837
70000250954.907516
70000527338.209442
70000385013.140671
70000585440.609146
70000155340.646103
70000150697.246613
70000740732.849640
70000910055.034195
70000814488.139648
70000367308.161057
70000070553.942566
70000160205.662552
70000327455.555573
70000188679.170868
70000059192.227203
70000143767.058334
70000925640.558792
70000941685.666565
70000696056.745499
70000282317.420441
70000337518.379776
70000616478.497238
70000587105.465454
70000256351.320282
70000001395.992706
70000741969.635483
70000936376.316238
70000215121.791794
70000290282.535263
70000241862.383682
70000341608.622314
70000712123.507156
70000096486.530182
70000378149.530457
70000310379.807281
70000530305.296829
70000539727.926056
1.000000
70000019564.110687
70000636320.860641
1.000000
70000207431.922714
70000284704.691391
1.000000
70000130989.404877
70000766559.476822
70000922648.249466
1.000000
70000643804.549011
70000140924.369400
1.000000
1.000000
70000159430.999695
70000637380.142609
70000954920.919800
70000624100.846802
70000329054.414169
70000890491.461807
70000960911.364151
70000531139.060318
70000382136.122604
70000236428.818375
70000115420.789825
70000716178.297318
70000323527.052612
70000201441.378052
70000481648.309784
70000468162.574066
70000879016.385269
70000265083.023132
70000914910.769958
70000767477.122131
70000487525.117294
70000308353.357330
70000356272.286041
70000548399.140686
70000011771.948730
70000638192.123474
70000961109.099106
70000123784.501602
70000779105.987396
70000258556.064728
70000362587.836517
70000692220.362717
70000046982.246170
70000799920.792938
70000101326.631958
70000648240.851639
70000216703.259918
70000777944.763397
70000481526.520386
70000035785.000916
70000013182.896118
70000488634.684128
70000822662.592300
70000198092.502914
70000205725.585953
1.000000
70000187756.058044
70000046055.313873
0.33
 0 0 0 0 0 0 0 0 0 0 0 0 0
