1 401
70000602960.480606
70000369539.676620
70000314645.653503
70000809004.906143
70000115797.040237
70000451511.830093
70000748606.429245
70000302690.673950
70000780233.037415
70000704205.556137
70000104278.899567
70000719340.279938
70000105049.627884
70000452273.126831
70000116774.070251
70000126374.575317
70000995880.956085
70000196046.621719
70000587617.690552
70000721631.771759
70000481411.216431
70000095660.130157
70000645594.626907
70000234267.369385
70000812371.655197
70000082417.852844
70000008105.058731
70000616597.317902
70000501794.682877
70000065720.527390
70000649950.182877
70000394865.379364
70000564833.541138
70000055602.830811
1.000000
1.000000
70000016937.282394
70000505784.673660
70000960863.723129
70000324719.750565
70000431955.544907
70000639451.531387
70000945231.808029
70000589663.256790
70000010250.697693
70000729563.995239
70000546556.526794
70000105020.220764
70000184376.954681
70000680062.540283
70000052937.235916
70000464937.147888
70000768850.467560
70000182392.918060
70000967209.423309
70000681411.847015
70000983749.693253
70000155361.856049
1.000000
70000684220.311279
70000738051.152512
70000971585.524612
70000321155.138565
70000478590.613113
70000557116.461472
70000538720.443695
70000040879.994476
70000530498.847748
70000024582.067719
70000559066.682587
70000116731.605530
70000500024.628708
70000017537.968842
70000828220.858444
70000191206.350296
70000061918.431686
1.000000
70000498247.739304
70000610781.265961
70000057065.939255
70000783450.957748
70000862742.492264
70000115762.180588
70000735855.688919
70000556392.124924
70000783002.730118
70000969586.675369
70000396038.789841
70000239289.120117
70000996341.620651
70000534087.269760
70000925456.982483
70000232490.839081
70000781154.192657
70000704087.542831
70000742561.299637
70000043159.130768
70000041056.758499
70000251503.859802
70000494291.513123
70000542371.754608
70000498628.752304
70000500247.829376
70000858171.639618
70000310967.946854
1.000000
70000875061.068314
70000577149.269379
70000607281.593704
70000265914.411728
70000045603.436157
70000021413.473511
1.000000
70000150719.275650
70000021782.089081
70000255906.484985
70000772877.735367
70000803443.971207
70000587441.926285
70000829766.925827
70000633433.606827
70000705267.123978
70000814203.160721
70000815228.047058
70000828724.839279
70000194443.409683
70000215027.746170
70000587395.655746
70000305387.032501
70000014521.056396
70000567318.031845
70000642668.943039
70000514231.840393
70000190675.137070
70000977373.047058
70000359736.379013
70000303909.257111
70000694147.100967
70000613444.818924
70000856099.659607
70000296830.907440
70000806190.127731
70000449571.355072
70000403285.863312
70000360455.844391
70000867258.709320
70000608970.978378
70000179825.958664
70000745397.923981
70000047184.458710
70000176349.744873
70000094217.723831
1.000000
70000995152.349319
70000156750.833374
70000850828.102951
70000806979.370880
70000501659.466751
70000601620.370377
70000391524.894089
70000660626.972763
70000439374.784073
70000913592.220734
70000534475.060684
70000816040.983749
70000485863.181503
70000303150.619095
70000400639.813782
1.000000
70000789274.806763
1.000000
70000887818.219147
70000135020.358994
70000768107.517334
70000651704.011246
70000452028.838898
70000249495.063553
70000937687.471848
70000276363.439240
70000548809.881226
70000389792.009796
70000822860.773361
70000172118.503860
70000413741.584671
70000855992.869614
70000250533.861572
70000523068.099274
70000290701.471893
70000029385.097839
70000512694.212357
70000963160.199234
70000511084.286392
70000888511.798889
70000800358.777161
70000743881.217163
1.000000
70000920391.569397
70000491593.944275
70000371917.993042
70000122081.749435
70000461577.221344
70000256982.411484
70000312245.645050
70000792327.675110
70000396774.662003
70000236531.257889
70000432724.771942
70000951876.539948
70000090271.041000
70000284927.774048
70000643861.643204
70000187954.306198
70000417347.417587
70000042033.893051
70000798249.745209
70000305702.584579
70000494271.680618
1.000000
70000328221.342529
70000915913.718109
70000642847.374512
70000619732.064880
70000154212.031433
70000955663.132507
70000770212.779678
70000305589.998337
70000324330.007111
70000148583.801025
70000396532.786224
70000458975.550690
70000447192.009842
70000361529.295059
70000670552.035706
70000071348.958832
70000471772.466995
70000297865.380630
70000769257.654480
70000462577.014297
1.000000
1.000000
70000983292.839310
70000417975.048721
70000862352.309753
70000171874.858780
70000671389.943344
70000211760.883408
70000297020.233688
70000440297.058533
70000659751.943390
70000390256.418091
70000406550.387222
70000813868.231689
70000608219.296875
70000574232.628128
70000513313.676788
70000732016.928970
1.000000
70000434562.806992
70000569951.209885
1.000000
70000864974.335159
70000970707.279724
70000797040.784393
70000242249.730545
1.000000
70000618002.905807
70000348108.507782
70000252012.706863
70000009779.437347
70000470786.963898
70000944868.151581
70000499080.522949
70000946151.486313
70000962047.681412
70000074641.810898
70000865092.791382
70000469344.477341
70000763959.466644
70000635542.562469
70000728062.062424
70000572383.076126
70000004552.133743
70000633221.243683
70000560976.471039
70000228657.217209
70000333223.638184
70000154601.447479
70000057960.663757
70000575001.875854
70000314234.336014
70000716285.199158
1.000000
1.000000
70000195181.256531
70000944064.202606
70000332507.177383
70000234621.321838
70000107533.183960
70000551620.191559
70000148071.724640
70000652487.574371
70000600692.017426
70000984430.484253
70000885100.408859
1.000000
70000782251.242096
70000883221.676575
70000553122.669571
70000589743.060150
70000393494.521820
70000677871.918457
70000331216.069794
70000067191.173676
70000923749.023285
70000472430.225754
70000783970.516052
70000901783.610321
70000822018.329102
70000063130.095322
70000673659.768524
70000398831.098083
70000624485.144577
70000248724.881393
70000360666.292603
70000468646.852737
70000206683.958069
70000057504.262558
70000328194.062241
70000193077.816345
70000547060.189957
70000417130.364334
70000900901.938599
70000549221.033737
70000016761.335526
70000212697.482773
70000470513.513000
70000835021.940964
70000741888.771408
1.000000
70000601137.073364
70000607741.599243
70000240824.324951
70000983195.688980
70000188736.294586
70000435922.699921
70000874397.197403
70000086076.276443
70000454280.786224
70000957354.403702
70000409157.417480
70000759439.801804
70000888903.158676
70000503500.521805
70000084453.945175
70000373259.129028
70000443336.731827
70000415030.452225
70000034585.349136
70000942669.647964
70000999615.238663
70000467668.713104
70000478933.654831
70000016736.343506
1.000000
70000508289.444748
70000573411.028717
70000518637.229584
70000958430.974670
70000973567.979446
70000044214.733673
70000500787.323044
70000369147.517822
70000870951.615372
70000239023.239929
70000765922.750885
70000113397.170639
70000856060.688934
70000610048.260727
70000340544.588196
70000390330.668015
70000010851.659592
70000110166.047913
70000418139.995468
1.000000
70000581046.536057
70000898296.979187
70000810599.042908
70000779238.044739
70000160533.097153
70000371383.600861
70000882560.165100
70000831132.274338
70000076972.396927
1.000000
70000619164.788391
70000010892.332596
70000017336.710327
70000221319.655121
70000253990.521744
70000269838.034485
0.33
 0 0 0 0 0 0 0 0 0 0 0 0 0
