1 401
70000108556.498810
70000179631.229721
70000436132.689606
70000887220.098816
70000629691.636841
70000065760.532181
70000375897.798569
70000810993.846176
70000510692.297058
1.000000
70000045077.744934
70000202485.534149
70000460808.571884
70000082773.901367
70000243736.528030
1.000000
70000897726.727936
70000415878.502426
70000799806.512192
70000206194.143539
70000818444.505875
70000509677.029205
1.000000
70000443543.963501
70000251036.997910
70000626966.915070
70000684429.752090
70000669196.004028
70000472549.119339
70000574569.925873
70000363188.838806
70000637734.598846
70000966278.165878
70000038914.978989
70000015267.526154
70000242312.241714
70000583390.612244
70000281432.755692
70000058573.022110
70000612235.065277
70000691566.021637
70000137896.921936
70000461940.171082
70000433142.336792
70000903264.833221
70000126151.452591
70000956270.666824
70000849419.519791
70000774564.176926
70000592578.945602
70000414653.036911
70000363875.897675
70000070258.575790
1.000000
70000787921.308258
70000771531.567780
70000812663.657501
70000621691.454315
1.000000
70000598748.805557
70000575326.367188
70000497838.291229
70000290599.300262
70000524198.254242
70000641076.296646
70000274698.030182
70000382980.164841
70000651241.577255
70000165858.792725
70000517354.119019
70000395067.832336
70000459557.783096
70000291817.664536
70000682790.619308
70000013408.994904
70000797427.417694
70000375016.162048
70000706147.406662
70000826494.601425
70000807504.794174
70000992120.848709
70000667263.982239
70000198182.948303
70000323103.866791
70000104498.139465
70000749796.998993
1.000000
70000677306.512741
70000768374.148773
70000195524.008255
70000872548.951111
70000091511.617111
70000918026.983582
70000295950.577209
70000053395.771774
70000825425.400757
70000940855.173584
70000362407.341751
70000099669.883423
70000952669.642624
70000455230.347916
70000900840.343185
1.000000
70000572445.402283
70000908375.543396
70000962256.895355
70000058070.348267
70000112888.895416
70000612935.162094
70000257603.721542
70000607115.825073
70000429671.859772
70000475051.118546
70000645761.852371
70000320306.249344
70000816606.336136
70000094721.399872
70000824093.773651
1.000000
70000613510.629105
70000038076.918427
70000486949.174606
70000584436.597168
70000523004.146378
70000309869.506134
70000757220.325638
70000921908.635422
70000651715.214249
70000331597.962234
70000542320.443680
70000446830.069305
70000061534.114532
70000644453.397324
70000539235.704391
70000377757.896774
70000470157.851868
1.000000
70000479339.180847
70000131247.903580
70000267857.400299
70000327279.688751
70000848593.477142
70000942111.157028
1.000000
70000826394.470551
70000778985.323074
70000603425.010010
70000840601.310730
70000848447.148209
1.000000
70000614188.922379
70000144990.748810
70000002469.268921
70000597761.076462
70000516588.997604
70000509888.320892
70000412777.038345
70000171391.466492
70000966567.807571
70000601195.834747
70000929278.257309
70000792281.559235
70000093353.827469
70000777809.744720
70000220122.758728
70000688201.620285
70000646027.112015
70000929925.596588
70000110756.883514
70000219714.997314
70000374641.477066
70000910673.398041
70000890222.480453
70000329309.734024
70000365431.139053
70000947792.961685
70000119529.722000
70000007070.503723
70000227243.932816
70000030551.989883
70000054869.963928
1.000000
70000586307.651581
70000132684.065460
70000431463.078491
70000283047.478729
70000299916.914185
70000673787.562424
70000893896.055954
70000371971.088104
70000246259.738998
70000402770.779510
70000951861.561050
70000254884.247498
70000424761.324051
70000990714.116974
70000868425.207077
70000669742.416779
70000662809.162079
70000916113.193909
70000546862.853409
70000845434.488602
70000430684.566589
70000739044.525452
70000402324.295227
70000743599.669006
70000824703.953720
70000810856.181046
70000017172.978195
70000449007.037567
70000295839.261475
70000331477.641373
1.000000
70000131846.858643
70000935725.740387
70000832145.898666
70000105029.954605
70000171622.272003
70000045117.001129
70000874128.902786
70000112627.472351
70000524467.476303
70000641873.892380
70000957058.295303
70000799597.810699
70000984875.700729
70000366530.633957
70000821884.585571
70000396798.209366
70000307256.134674
70000935924.084641
70000084310.561310
70000775929.423218
1.000000
70000186723.022614
70000703111.304993
70000220078.137939
70000825591.291077
70000993229.906586
70000928702.950653
70000649985.344009
70000025306.334351
1.000000
70000227223.243530
70000694814.604019
70000658872.144867
70000078340.987946
70000113141.427475
70000501455.475830
70000079680.493530
70000659782.275696
70000262521.013336
70000909263.165344
70000289224.520752
70000015670.026550
70000680993.441299
70000496683.990433
70000201955.625397
70000819861.915771
70000569230.700653
70000660932.635132
70000857934.782684
70000609204.422638
70000361017.139221
70000624699.899292
70000855674.173660
70000286808.676483
70000518288.238541
70000235189.290787
70000007982.035706
70000475781.471893
70000606697.775223
70000679549.406464
70000398244.422333
70000605004.586014
70000579418.293716
70000365603.248932
70000043140.448883
70000743164.751114
70000783835.180832
70000404712.196960
70000950541.605408
70000923532.335373
70000424569.937576
70000276673.943268
70000522730.557266
70000120497.478912
70000476944.737457
1.000000
70000472800.706161
70000605767.623322
1.000000
70000036166.955887
70000993014.749527
70000812878.172943
70000007905.467178
70000676777.208008
1.000000
70000351077.565842
70000598979.585373
70000606521.838333
70000032089.884308
70000617867.534836
70000511793.605103
70000923875.434769
70000463388.208542
70000365650.221634
70000014289.891464
70000160291.974976
70000998334.146805
1.000000
70000564920.343430
70000342514.586334
70000664325.906647
70000995825.624527
1.000000
70000537916.097565
70000572601.271149
70000088816.882095
70000127221.697098
70000982827.551605
70000582980.842896
70000744910.158905
70000950559.141724
70000855102.237579
70000593278.436981
70000268914.913910
70000675294.390472
70000397208.124649
70000538599.380646
70000195906.473297
70000937549.740555
70000447084.872543
70000522896.765427
70000515501.799622
70000852864.668152
70000121291.683136
70000561887.359070
70000422484.907822
70000290776.375626
70000612472.130310
70000915647.163452
70000702503.267654
70000101936.224792
70000982650.117767
1.000000
70000510408.123199
70000970620.333023
70000132670.215820
70000796470.365067
70000751723.290863
70000266071.149475
70000156671.217163
1.000000
70000512485.549911
70000055559.252106
70000768574.291046
70000678100.223114
70000300850.666718
70000966805.950760
70000435584.073273
70000623211.904465
70000770466.928238
70000217574.246552
70000488639.166595
70000706981.022141
1.000000
70000185769.769272
70000325820.281372
70000193146.615402
70000936168.763229
70000755776.391861
1.000000
70000926405.551804
70000859337.930786
70000859451.186432
70000080347.475723
70000144101.293930
70000470721.909424
1.000000
70000690638.504318
70000398733.255386
70000369141.698578
70000427015.682419
70000969868.438461
70000599525.882156
70000438635.506592
70000726159.589081
70000360324.112778
70000210791.465714
70000892939.538269
70000371702.261368
70000179859.475952
70000149824.320023
70000208071.544693
1.000000
70000483817.278473
1.000000
70000690404.025467
1.000000
0.33
 0 0 0 0 0 0 0 0 0 0 0 0 0
