1 401
1.000000
70000040496.479630
70000328889.798538
70000948733.869995
70000751041.751541
70000308202.023361
70000431344.041626
70000520008.161957
1.000000
1.000000
1.000000
70000698149.340393
70000413676.274948
1.000000
70000045423.172455
70000367369.012634
70000710960.659821
70000325195.998550
70000756993.871964
70000760857.628723
70000026664.129303
70000962352.162735
70000336069.667038
70000267181.086044
70000366470.675018
70000972194.609283
70000668544.209213
70000144077.123779
70000585309.685532
70000215124.038254
70000310773.630844
70000637891.126175
70000060884.092972
70000990113.850403
1.000000
70000580158.045898
70000947878.896042
70000478043.232407
70000246228.408630
70000298427.641769
70000224843.544327
70000158232.633621
70000432622.756424
70000720066.193100
70000922220.294189
70000530142.445587
70000900333.932571
1.000000
1.000000
70000317262.694717
70000981831.165314
70000750154.006912
70000916684.906296
70000186165.131973
70000109842.527222
70000962163.144470
70000949251.675766
70000681130.744949
70000392815.513092
70000934150.345016
70000282283.704666
70000156066.121460
70000268961.533264
70000192652.257095
70000273891.777710
70000270983.581177
70000226942.930756
70000677458.018311
1.000000
1.000000
70000101180.116714
70000276834.254135
70000681561.017349
70000848860.281708
70000369468.300980
70000812388.352234
70000307070.225143
70000843770.297867
70000396730.772415
70000736394.331512
1.000000
70000235133.610123
70000460757.668945
70000374769.304642
70000099312.301254
70000448848.623718
70000872796.753540
70000050730.635925
70000235078.091034
70000463610.143143
1.000000
70000122601.602112
70000668212.909088
70000281939.619644
70000692711.274216
70000611144.828506
1.000000
70000582605.536682
70000514382.110748
70000265175.327301
70000117616.835693
70000529456.126633
70000990474.614182
70000937240.749756
70000665333.014999
70000944537.195435
70000532617.658325
70000850058.500916
70000172240.827820
70000823330.134216
70000730891.782394
70000726291.044556
70000556086.278976
70000551506.864136
70000035241.523911
70000605743.999268
70000293957.075928
70000412215.759430
70000802944.760925
70000188368.760757
70000553131.156479
70000401784.115479
70000380295.068298
70000477695.123550
1.000000
70000592381.365891
70000113974.318329
70000245628.047684
70000429793.409790
70000102137.878143
1.000000
70000137466.303177
70000032662.366760
70000707081.305206
70000593998.958954
70000273768.021088
70000538560.535034
70000376034.326706
70000744701.980530
70000437697.219193
70000709329.219162
70000013089.452911
70000202864.999619
70000432503.265808
70000256590.384018
70000128084.244217
70000755211.058853
70000715289.237122
70000527593.197266
70000985630.662262
70000251280.227417
70000476216.129929
70000185336.021500
70000017228.563858
70000742323.300461
70000568530.049057
1.000000
70000619548.585861
70000401157.627625
70000631682.422363
70000276638.993317
70000365731.525085
70000432801.966034
70000390983.496201
70000576201.683945
70000722708.025833
70000507012.174271
70000585586.565445
70000221837.714600
70000266560.859161
70000765237.501556
70000269426.222122
70000942286.632965
70000215660.409302
70000515493.120529
70000944870.312332
70000449623.076538
70000159906.115585
70000382867.315094
70000601622.624008
70000284119.288101
70000447900.721024
70000985576.269547
70000868741.719299
1.000000
70000526523.110092
70000564115.187912
70000172751.201202
70000250179.567841
70000414742.498749
70000153647.091705
70000768136.942398
70000892376.100906
70000993847.556091
70000763367.491653
70000009921.610840
70000037298.156540
70000173742.048096
70000801071.016312
70000387428.091751
70000195274.358200
1.000000
70000570894.709381
70000543375.041443
70000544838.025955
70000458727.532944
70000147737.702499
70000876624.997925
70000115014.907120
70000720787.415451
70000629919.701782
70000259491.601746
70000679697.913925
70000457618.082855
70000722834.033066
70000820857.608688
70000940544.298569
70000547511.110321
70000489314.751572
70000713956.157150
70000492374.898773
70000958715.462326
70000973026.723206
70000633703.750580
70000216122.397797
70000649066.689941
70000544451.768951
70000733107.603943
70000986686.648422
70000835622.245651
70000879623.033997
70000451725.686340
70000123881.764755
70000944690.622772
70000797211.892731
70000629594.675720
70000766931.548477
70000808512.244202
1.000000
70000558316.698105
70000636334.318024
1.000000
70000122505.812378
70000985273.421173
70000139092.421890
70000801981.987549
70000655201.849731
70000527575.669785
70000918936.797348
70000409568.252213
1.000000
1.000000
70000392075.552628
70000180171.534744
70000767297.146652
70000799806.232468
70000272951.939041
70000221513.821823
70000816375.086853
70000673976.977036
70000423482.732819
70000915908.695862
70000999198.859818
70000099327.173080
70000594079.918091
70000004306.376205
70000230870.856689
70000562680.662338
70000835250.063568
70000009322.844070
70000859555.899719
70000593339.814011
70000827601.693329
70000255772.597458
70000604067.305603
70000714364.247574
70000137204.984772
70000997010.399460
70000810758.466339
70000024885.677246
70000598299.566223
70000394295.548691
70000259994.366165
70000142965.658310
70000251568.418686
1.000000
70000910751.975403
70000722046.872192
70000330779.254410
70000458092.076447
70000390101.389557
1.000000
70000573811.154709
70000369893.327225
70000588912.917999
70000382637.587875
70000379879.830246
70000493964.537827
70000058643.570755
1.000000
1.000000
70000726995.148331
70000862583.357025
70000288317.770096
70000123398.733948
70000843158.580963
70000818905.864792
70000763544.445023
70000885418.263062
70000166028.202927
70000263540.304581
70000886686.880920
70000364955.870422
70000856155.845428
70000200604.857391
70000499875.344604
70000794505.738510
70000086612.089645
70000200899.482437
70000756588.755508
70000779589.263702
70000174402.201416
70000769587.466995
70000027837.552139
70000469494.289185
70000097198.027466
70000714913.028183
70000568666.685654
70000557239.031525
70000364981.244553
70000040457.835205
70000832545.394257
70000743710.204407
70000483089.709656
70000766927.546844
70000491402.992081
70000113235.436996
70000967430.279282
70000701536.943634
70000014347.605316
70000951436.124878
70000191840.555649
70000298721.986145
70000822267.941589
70000534956.716156
70000460671.323532
70000564329.527267
70000979240.574112
70000710501.396759
70000317375.802048
70000883829.201233
70000144762.895813
70000004832.194016
70000386713.912430
70000944266.492355
70000001825.691483
70000463362.763657
70000950942.104385
70000854369.226517
70000958877.741867
70000175005.927277
70000581793.286301
70000450206.303986
70000316509.260010
70000451213.660507
70000462705.047653
70000201072.001450
70000433829.952576
70000093070.739670
70000360169.449753
70000120877.278244
70000792624.635696
70000663817.749680
70000875362.727951
70000161223.387695
70000067265.743744
70000077424.311615
70000229657.006592
70000927853.790695
70000400979.413315
1.000000
70000522492.060013
70000772223.843475
70000556811.453568
70000758328.059662
70000970085.788528
70000463719.054398
70000399032.204697
70000451176.061615
70000210740.167358
70000112517.561935
70000937071.450577
70000249308.348785
70000843065.987930
70000800031.248840
70000737887.217346
70000882014.435608
70000461151.555084
70000247825.555206
70000748146.268784
0.33
 0 0 0 0 0 0 0 0 0 0 0 0 0
