1 401
70000480039.282318
70000376439.533096
70000051217.511978
70000693621.304291
70000884231.786316
70000968569.620911
70000265547.402237
70000325955.521347
70000093187.813217
70000740402.397034
70000537294.324402
70000877868.909042
70000394279.064316
70000066707.431534
70000519462.295547
70000362279.770294
70000749922.561340
70000260942.644424
70000951009.473877
70000982195.645233
70000800420.220932
70000501034.750458
70000172265.010574
70000773242.395645
70000683429.928482
70000748767.784409
70000541761.622162
70000051800.996567
70000481683.620346
70000623173.895523
70000469409.458588
70000092479.147141
70000838005.868149
70000657890.232483
70000964491.230530
70000977668.006287
70000286408.126083
70000503110.496643
70000004317.257278
70000439316.304535
70000419375.055740
70000636351.151733
70000446049.266693
70000987907.458435
70000360480.668640
70000724887.535553
70000101004.101486
1.000000
70000145207.244888
70000388330.856308
70000341356.896103
70000681857.584595
70000766974.190430
70000152164.801941
70000675397.604797
1.000000
70000941571.898422
70000090370.698486
70000466577.029007
1.000000
70000585490.034882
70000040684.123734
70000584888.522858
70000194135.609085
70000687862.812775
70000122770.350021
70000156285.977066
70000594071.704468
70000956894.016464
70000917827.916000
70000787403.558411
70000628581.020370
70000697862.474182
70000906277.809174
70000498206.199234
70000820864.489929
70000358823.116287
70000155983.110458
70000541698.870041
70000661874.678619
70000685965.295898
1.000000
70000373699.524307
70000043862.355408
70000443221.484253
70000743077.289185
70000748044.108002
70000751957.326202
70000442207.270966
70000653398.676544
70000043474.868042
70000932751.012115
70000925097.567535
70000819914.898010
70000881091.826492
70000311447.516983
70000308342.889420
70000611133.661819
70000147583.768906
70000095209.802719
70000845234.289856
70000815621.578873
70000620494.710022
70000461044.996445
70000977675.145020
70000552964.044601
70000648284.474731
70000672535.902496
70000270328.031418
70000411041.920105
70000854704.025604
70000873202.901855
70000264759.009064
70000889924.337952
70000881311.947739
70000303009.164200
70000122016.892456
70000549454.619873
70000322379.357849
70000769781.678146
70000447446.840195
70000334292.357651
70000744059.735916
70000588523.891556
70000294851.390732
70000505984.973419
70000000387.233475
70000811961.990448
70000351615.523407
70000670797.863205
70000612136.583801
70000245324.888718
70000147509.008881
70000020989.760864
70000257645.179916
70000880146.470566
70000376420.443863
70000057559.882401
70000086840.182678
70000899881.390442
70000758232.930008
70000428407.642303
70000447747.057373
70000996211.887741
1.000000
70000161788.522964
70000739579.441254
70000707012.423615
70000543949.650238
70000903145.868073
70000281879.099915
70000022774.814514
70000524008.897491
70000960330.509384
70000600112.684464
70000130955.625946
70000442972.611954
70000697603.625290
70000256037.739929
70000900749.450134
70000580806.812927
70000638519.126022
70000043087.181442
70000939471.734665
70000950437.205826
70000323528.979996
70000968729.324203
70000251025.833984
70000967012.131470
70000541140.432251
70000238420.990967
70000605099.836700
70000499444.958908
70000589964.015289
70000765681.390442
70000333429.124466
70000391019.716324
70000046730.793182
70000768995.625854
1.000000
70000269893.132935
70000362155.862183
70000609744.161362
70000978785.364624
70000703686.886414
70000021233.413544
70000363056.332413
70000607650.614456
70000202869.408691
70000886147.030624
70000513454.432480
70000978955.778259
70000910423.411560
70000184526.688126
70000416589.364639
1.000000
70000435290.038361
70000066505.180618
70000583285.701385
70000023757.920410
70000607270.309708
70000104101.011490
70000563802.114365
70000186406.431580
70000936622.336472
70000549519.932587
70000950273.233109
1.000000
70000654748.029984
70000092956.871933
70000359009.906845
70000768840.906982
70000071495.929718
70000527902.022507
70000132279.672440
70000635580.328873
70000340992.461258
70000187478.636200
70000741623.765350
70000581518.949341
70000353658.694931
70000223925.891495
70000975714.060776
70000341078.859177
1.000000
70000142309.666000
70000710240.727570
70000581005.521469
70000552276.174393
70000527952.215256
70000081253.815048
70000486354.625504
70000587470.629333
70000050701.761475
70000069048.833771
70000809464.919861
70000058202.149979
70000874883.976562
1.000000
1.000000
1.000000
70000150827.159409
70000844512.218460
70000449225.939316
70000802114.069092
70000394012.318390
70000125849.052994
70000704740.546417
70000230483.790359
70000151383.548981
70000651226.687302
70000352376.195129
70000627997.258011
70000512791.777008
70000304213.847366
70000211852.475006
70000534268.797546
70000195562.832321
1.000000
70000339718.034714
70000088184.662018
70000097897.342789
70000090506.333542
70000405830.435959
70000394361.756195
70000069536.528641
70000834575.670929
70000347782.336548
70000898425.026260
70000373036.635132
70000762659.405319
70000786377.061874
1.000000
70000621254.928604
70000167416.965820
70000570202.774445
1.000000
1.000000
70000989445.290604
70000806892.206009
70000982131.986359
70000359358.629547
70000554280.397827
70000356157.317093
70000176618.029907
70000434066.238785
70000805461.824295
70000536272.599197
70000510877.076508
70000928314.513000
70000631528.738983
70000948404.255859
70000389320.632889
70000241585.265396
70000212877.948471
70000380411.172043
70000510020.913116
70000937817.970779
70000807814.864960
70000554875.901550
70000223591.989166
70000631882.833313
70000119160.240494
70000764805.330872
70000115241.890244
70000807947.934952
70000102243.651474
70000336784.668579
70000568653.399261
70000495425.827927
70000802862.684128
70000363417.954605
70000058059.287109
70000707691.789444
70000208780.456161
70000898947.904694
70000926102.496979
70000678967.569916
1.000000
70000700249.667206
70000897595.195450
70000547291.068497
70000663668.348511
70000590797.805130
70000003211.565918
70000036666.498932
70000619574.482742
70000097768.529190
70000535595.551788
70000035994.741547
70000748949.981003
70000018485.574615
70000541672.338776
70000392440.568710
70000281372.344513
70000675659.938797
70000309652.454605
70000012252.404984
70000293666.792236
70000466884.901520
70000349284.279144
70000852344.324921
70000652069.656647
70000546048.113525
70000355014.411774
1.000000
70000976370.484039
70000533271.474319
70000623367.558670
70000867341.763031
70000632601.329193
70000768352.694244
70000084108.623230
70000171694.064560
70000620501.825363
1.000000
70000064968.224670
70000119372.900970
70000524032.904968
70000526353.578308
70000945507.748718
70000868423.133972
70000352984.020370
70000609970.264771
70000570210.952072
70000562182.856201
70000502573.059631
70000344114.113785
70000227992.445877
70000061491.898499
70000452850.657700
70000381744.943924
70000935608.412750
70000657964.671371
70000371764.937393
1.000000
70000312311.770752
70000995892.734604
70000511653.164612
70000859011.993805
70000145290.093002
70000752141.173187
70000761671.041519
70000741948.895737
70000792974.140839
70000745578.153656
70000975570.600372
70000415388.923340
70000356909.730667
70000799803.383133
70000333858.939606
70000424947.727676
70000240326.261093
1.000000
70000171889.979172
70000702401.825302
70000440425.626404
1.000000
70000941884.211151
1.000000
0.33
 0 0 0 0 0 0 0 0 0 0 0 0 0
