1 401
70000374340.302917
70000114086.809402
70000750328.132050
70000698708.904800
70000848022.000336
70000689254.816162
70000255898.667862
70000644394.321335
70000388743.700592
70000902755.567978
70000174402.556152
70000606072.806305
70000058955.820877
70000126891.150085
70000439470.819672
70000827885.635620
70000696579.284470
70000312363.978928
70000901144.186707
70000765549.292221
70000207381.988403
70000956567.205887
70000546370.760529
70000225104.882080
70000659806.126694
70000350810.801392
70000695362.345200
70000841361.694565
70000369066.167694
70000345411.621140
70000625311.643799
70000177740.033554
70000229685.222305
70000044940.047913
70000684502.089233
70000287042.286636
70000374098.749069
70000163713.243271
70000232831.010406
70000261681.166550
70000362831.003220
70000681785.874619
70000275604.994461
70000328224.913330
70000510206.971130
70000365629.619965
1.000000
70000134791.165359
70000280579.097443
70000352643.009811
70000933735.608551
70000487067.218582
70000508451.028809
70000238589.641190
70000375423.175339
70000334048.880875
70000881901.190826
1.000000
70000545444.615356
70000708202.844513
70000557685.703430
70000692968.732330
1.000000
70000553724.519379
70000846138.174759
70000647151.664459
70000570207.946884
70000674759.249802
70000604963.670837
70000176315.416473
70000879139.932556
70000581489.284500
70000269529.392044
70000294165.782684
70000269103.065521
70000543960.623062
70000027611.131027
70000625037.816238
70000619726.671570
70000286273.006165
70000573615.741638
1.000000
70000134387.333038
70000985635.153091
70000673353.994080
70000577999.817383
1.000000
70000456476.957687
70000175876.148697
70000606360.865784
70000845289.081772
70000067407.067017
70000356964.375626
70000825414.316635
1.000000
70000474341.608887
70000225697.220078
70000958584.824005
70000395537.486572
70000646109.583694
70000591233.851242
70000528796.885300
70000441665.785553
70000835861.145981
70000166583.103897
70000208398.717575
70000323349.782806
70000472508.109863
70000319527.960251
70000734745.854599
70000824039.391022
70000384082.403229
70000014759.198700
70000543023.733139
70000102648.123138
70000064712.069168
70000810762.121918
70000283215.506699
70000804322.969986
70000772401.569794
70000744323.641708
70000831340.774506
70000998618.189987
70000198808.063828
70000156337.260162
70000541823.371613
70000247991.232178
70000707021.300751
70000880598.568726
70000224785.553909
70000323226.319504
70000888586.602921
70000987898.696274
70000835384.266739
70000489292.452332
70000202429.963486
70000523504.074448
70000369866.927628
70000130137.819656
70000754362.624207
70000014128.742996
70000010466.934830
70000175577.737900
70000289300.298630
70000632001.993713
70000424228.658112
70000913446.170105
70000912475.867569
1.000000
70000675571.722794
70000247710.595612
70000130805.890549
70000449422.482605
1.000000
70000628324.261139
70000417820.040527
70000437945.860703
70000393412.391281
70000268971.687698
70000420387.047073
70000615329.129852
70000687049.937683
70000902591.248154
70000906029.527176
70000779776.593887
70000743613.363449
70000410182.682999
70000829547.427231
70000936801.055008
70000066219.452911
70000988700.313202
70000345255.505234
70000404784.544540
70000368233.333237
70000300677.017105
70000954595.856781
70000374601.505432
1.000000
70000324622.065262
70000721839.389053
70000858583.282654
70000669088.452637
70000492098.330933
70000801868.773788
70000501674.889511
1.000000
70000473461.117691
70000198590.736725
70000855703.469666
1.000000
70000469278.467941
70000042758.153046
1.000000
70000297183.504974
70000580404.390121
70000806979.632309
70000431389.904175
70000165099.450409
70000699273.726807
70000651125.048187
70000150030.235519
70000748158.053009
70000797362.683365
70000545805.422379
70000027154.833099
1.000000
70000676178.347519
70000601353.103424
70000910871.127991
70000931372.365906
70000750343.083466
70000758881.094650
70000766260.512100
70000664464.941498
70000212333.723755
70000346395.348755
70000345559.978409
70000186595.641953
70000984736.002396
70000759211.200089
70000431502.238998
1.000000
1.000000
70000631848.851624
70000655789.596420
70000332071.449188
70000847745.643631
70000772273.122025
70000686763.006790
70000695828.503082
70000397135.968277
70000235541.154739
70000227928.992371
70000946042.603302
70000619372.024933
70000870079.368820
70000303247.577164
70000798025.253738
70000957508.242355
70000363498.314194
70000602979.093872
70000112075.066742
1.000000
70000418193.212601
70000374332.296799
70000870185.825394
70000487228.090622
70000929457.050293
70000976770.982971
70000981329.728394
70000060444.924469
70000694713.782333
70000621691.751907
70000695754.863342
70000213497.403000
70000928721.315247
70000391551.245911
70000809719.934921
70000747411.900528
70000877263.186646
70000877135.833817
70000828162.389587
70000823320.762619
1.000000
70000747367.939835
70000116814.235977
70000945576.485291
70000014870.163803
70000460772.315033
70000313526.172821
70000353024.142975
1.000000
70000128890.577194
70000017329.394592
70000462860.664078
70000948567.247330
70000579727.158737
70000255099.815628
70000971187.360260
70000449603.058167
70000140642.008545
1.000000
70000968476.037567
70000908677.810989
70000356542.570877
70000807563.952682
70000396920.641754
1.000000
70000453464.749039
70000131464.401596
1.000000
70000096136.822571
70000852510.016144
70000594771.776260
70000263295.074585
70000131486.201294
70000097570.851181
70000792836.322205
70000757132.173584
70000439495.550964
70000411256.152725
70000120152.723801
70000993126.350021
70000605998.115311
1.000000
70000582359.286316
70000394362.410507
70000188736.160110
70000276258.420090
70000964566.676575
70000180197.130188
70000608156.922043
70000486382.337021
70000554731.392654
70000058441.890930
70000955418.092880
70000891309.333328
70000253733.327972
70000620446.174881
70000787574.682938
70000921607.506683
70000252128.640213
70000853444.654556
70000330485.883102
70000433527.101883
1.000000
70000269282.492447
70000677526.408646
70000636865.233429
70000949304.911331
70000342457.562958
70000477771.160355
70000085709.561935
70000921246.891891
70000462797.481232
70000748154.449219
70000915178.412857
1.000000
1.000000
70000375018.853241
70000434495.299744
70000140669.984680
70000547494.217773
70000026726.401550
70000180997.550247
70000048841.302963
70000379292.676254
70000601298.363510
70000817657.607376
70000438765.688797
70000717825.559692
70000901422.826218
70000306013.475464
1.000000
70000232021.377319
70000318347.973419
70000255348.666214
70000237931.701904
70000231629.696884
70000971645.282990
70000671717.212830
70000957752.638229
70000974550.122223
70000379185.738632
70000844140.998734
1.000000
1.000000
70000229530.264511
70000116719.978165
70000591952.654694
70000842435.402527
70000567274.633820
70000750715.648407
70000531481.783524
70000686012.717026
70000749558.099075
70000554101.537811
70000990199.012039
70000063849.849106
70000334277.632339
70000162991.995010
70000456044.094620
70000911112.501541
70000509887.755173
70000162566.844513
70000554104.494797
70000160561.929413
70000448245.992645
70000573442.328857
70000529483.802582
70000247450.918411
70000324750.551865
70000391711.412674
70000439779.086639
70000850137.093307
70000051904.133835
70000461060.050507
70000686624.661133
70000824590.397141
70000066625.806763
0.33
 0 0 0 0 0 0 0 0 0 0 0 0 0
