1 401
70000954197.774765
70000570272.744522
70000606780.319275
70000715869.720795
70000386612.950500
70000200786.203995
70000341481.850632
70000760907.334824
70000263913.468445
70000560794.282074
70000765935.332581
70000150048.896729
1.000000
70000245656.509140
70000419479.545395
1.000000
70000995167.071381
70000265833.597534
70000799332.812820
70000943867.766693
70000938119.757446
70000405306.614273
70000108397.369400
1.000000
70000729760.385147
70000955232.062027
70000903146.063553
1.000000
70000740609.598663
70000805199.243820
70000940065.576813
70000518226.295441
70000631518.749252
70000076838.576965
70000640099.181992
70000303046.728455
1.000000
70000242341.301620
70000773366.906067
70000566266.209610
70000949152.303711
1.000000
70000370745.004883
70000209117.012863
70000685445.435257
1.000000
70000714230.895599
70000525785.238113
70000401137.230438
70000692214.905304
70000047513.742752
70000779695.193832
70000337723.226654
70000955390.143692
70000095134.813263
70000376686.267273
70000775546.166641
1.000000
70000564442.343048
70000034712.486969
70000626647.621231
70000850068.273605
70000783353.576874
70000666657.010757
70000179935.935577
70000809106.753723
70000217532.935455
70000482070.853012
70000957371.736572
70000748907.332794
70000878030.333099
70000683221.603455
70000778725.723495
70000913250.887451
70000352297.740387
70000815384.708206
70000674979.872238
70000819173.958710
70000223981.460480
70000708495.194260
70000968585.276443
70000299600.637222
70000942622.928955
70000395757.969070
70000171848.546616
70000130078.593689
70000771479.131439
70000697675.700317
70000094896.333435
70000073463.016495
70000787368.951981
70000605332.951599
70000853473.245987
70000430057.781479
70000535075.559509
70000392674.981491
1.000000
70000662585.128265
70000671026.924728
70000989524.891800
70000765095.495453
70000838510.140686
70000116858.664948
70000192410.236313
70000463086.432678
70000065289.785934
70000782546.868637
70000250980.945190
70000808308.234070
1.000000
70000697054.918060
70000755402.829285
70000204996.329544
70000013084.446854
70000629221.591507
70000386379.818695
70000791481.898483
70000774408.752151
70000491672.936417
1.000000
70000709107.755661
70000286608.447952
70000850680.319260
70000373828.946732
70000221767.062744
70000927628.056198
70000330197.905914
70000944484.173172
70000947801.603683
70000463431.629242
1.000000
70000800548.608948
70000751856.508835
70000439364.330582
70000626457.872177
1.000000
70000739640.544571
70000565130.242325
70000053008.525208
70000336324.997101
70000403750.406891
70000010904.438141
70000818088.365143
70000713536.791763
70000867979.382217
70000606904.524231
70000309525.728577
70000700212.733063
70000786732.529358
70000244437.445709
1.000000
70000529732.009338
70000073298.996887
70000508593.319962
70000574420.989624
70000408634.054367
70000578630.711655
70000215358.202560
70000193851.698242
70000894783.543732
70000092701.491974
70000608328.873154
70000042943.672852
70000755586.855545
70000726239.664352
70000521421.099442
70000852351.053314
70000477478.130386
70000010480.137299
70000158347.288315
70000178649.759094
70000298521.099121
70000814475.902588
70000379815.968430
70000238026.217026
70000944749.989685
70000070002.752914
70000333409.309082
70000541016.935516
70000424533.927963
70000805857.980667
70000584707.337952
70000761104.961853
70000918741.084167
70000619550.468246
70000425711.230392
70000690468.162949
70000721514.485977
70000377326.606232
70000834659.592148
70000891284.559326
70000944111.899216
1.000000
70000672888.850250
70000239394.797119
70000762846.742340
70000253254.867996
70000883089.115768
70000266432.132446
70000667722.224976
70000568137.633469
70000156186.886581
70000185377.936966
70000547985.612534
70000378418.146149
70000725155.859833
70000479710.405197
70000024440.581665
70000630825.080826
70000314409.013062
70000239678.212418
70000336240.901260
70000676635.901871
70000025719.387253
70000410487.643097
70000520139.402695
70000056321.818832
1.000000
1.000000
70000435966.548508
70000860499.338455
70000841902.921921
70000729104.456619
70000447280.192368
70000127425.119995
70000214415.696457
70000708175.915756
70000682683.413361
70000327894.368881
70000029560.262482
70000831400.032486
70000009354.921082
70000022371.416290
70000568290.904358
70000237129.408829
1.000000
70000566818.288544
70000844546.808395
70000246871.885529
70000248336.621811
70000414642.920776
1.000000
70000515332.402054
70000570442.048203
70000334220.517197
70000350899.859482
70000292008.030716
70000063929.979996
70000236380.050705
70000504251.306534
70000895575.358047
70000860531.066544
70000730911.745239
1.000000
70000230686.716599
70000905243.446884
70000149280.171036
70000440941.707748
70000046367.577927
70000485669.645584
70000658642.265396
70000278446.242798
70000635288.804794
70000915815.398529
70000973187.439926
70000025443.374084
70000090384.091263
70000156654.923584
70000684380.929596
70000982802.648499
70000923375.169357
70000014941.478149
70000408657.868042
70000431820.111526
70000358035.196823
70000379967.583435
1.000000
70000335186.522095
70000151777.657745
70000207931.784958
70000260725.976425
70000024686.185257
70000749925.579529
70000629269.041870
70000079421.323761
70000250918.472443
70000132796.385712
70000080655.949417
70000235431.746109
70000824294.657883
70000172114.296860
70000046297.776993
70000819044.819580
70000419311.846130
70000416409.712662
70000515838.096222
70000271082.372009
70000439511.372330
70000294989.748718
70000978033.873856
70000308025.029114
70000476662.393051
70000811991.332367
70000655205.050598
70000949703.483902
70000135629.052155
70000894547.973877
70000566569.159592
70000403852.968124
70000288279.447433
70000399881.212524
70000390165.545715
70000811067.633667
70000748951.784866
70000293335.602142
70000920674.018631
70000926826.889557
70000300888.846909
70000763894.070618
70000444787.271423
70000606561.343094
70000861236.610748
70000728542.745010
70000436205.054871
70000271728.310349
70000124314.962280
70000062306.858337
70000203581.867386
70000133987.434372
70000579289.882782
70000702197.088898
70000015276.975586
70000990099.758591
70000377735.899094
70000543133.144943
70000988600.523331
70000806250.991684
70000680093.216034
70000466927.084045
70000301044.052994
70000207789.780396
70000063569.577866
70000092528.786636
70000620544.027466
70000926851.570267
70000047063.207901
70000165631.960632
70000777033.400131
70000155547.276001
70000137662.048523
70000381225.287659
70000944570.599915
70000274270.760941
70000871894.493332
70000141354.268158
70000991250.486267
70000551162.709229
70000402073.573578
70000050392.930328
70000417591.330948
70000240055.242203
70000897582.804565
70000249068.474518
70000246772.666611
70000414620.566879
70000469888.134735
70000835540.208221
1.000000
1.000000
70000669816.482971
70000808017.427841
70000182215.126785
70000933862.014084
70000560337.104538
70000474323.143311
70000747439.930908
70000421633.140015
70000963029.671112
1.000000
70000742724.337280
70000085856.355011
70000109931.277710
70000213742.272537
70000438476.228043
70000670415.538300
70000590965.258377
70000251645.290375
70000225140.247086
70000513831.163574
70000300707.350433
70000689264.070251
70000050964.416962
70000134364.941467
70000952296.837555
70000290894.660736
70000673089.772202
70000549310.845688
70000302929.034866
70000599502.654099
70000841998.075836
0.33
 0 0 0 0 0 0 0 0 0 0 0 0 0
