1 401
70000282290.175079
70000934283.186539
70000090100.200699
70000346647.197144
70000392847.045944
70000990466.745651
70000526857.807938
70000621506.908173
70000863211.219254
70000279270.763580
70000442567.394608
70000587097.048233
70000768978.352310
70000523507.560944
1.000000
70000228813.383820
70000685555.411316
70000939488.104813
70000104672.657639
70000849277.712921
70000243382.517670
70000599372.877441
70000851933.354858
70000060020.836121
70000678160.010681
70000117599.132019
70000386236.015503
70000634572.843079
70000536678.517502
1.000000
1.000000
70000771288.343887
70000163984.440536
70000378153.169601
70000460196.803055
70000665681.500992
70000593625.981598
70000292489.527939
70000105960.486771
70000499904.856735
70000942126.029373
70000516348.623520
70000409582.379303
1.000000
1.000000
70000878647.544693
70000096874.966873
70000262838.524094
1.000000
70000811132.853592
70000760909.290298
70000585819.757828
1.000000
70000874789.082275
70000028194.351990
70000409708.030243
70000715373.257416
70000437206.589890
70000338355.165787
70000164119.836517
70000641823.082596
1.000000
70000415375.280670
70000774395.500137
1.000000
70000259211.639343
70000108739.303116
70000021920.442062
70000046258.300720
70000903485.624542
70000016028.435074
70000745472.019897
70000322002.851318
70000319121.903824
70000273698.245377
70000872069.584000
70000081370.853333
70000695356.324081
70000356117.236084
70000046290.623505
70000877131.762970
70000383165.939301
70000826904.038849
70000055298.173492
70000493700.383926
70000840009.378845
70000905308.586502
70000660134.233566
70000980892.896103
70000545984.841370
70000084087.305145
70000123573.132904
70000158605.372208
70000556132.464890
70000863364.974014
70000429591.978485
70000698889.278809
70000868893.107117
70000910678.429214
70000617148.292404
1.000000
1.000000
70000359619.832535
70000265919.890823
70000696518.822906
70000723748.123489
70000392307.019897
70000956044.439835
70000128037.017807
70000023789.335281
70000465389.843811
70000099121.443192
70000671561.386108
70000988818.544083
70000228358.837494
70000280931.489578
70000995523.546555
70000536866.378540
70000173287.285233
70000845843.948563
70000259820.329865
70000023271.792358
70000462082.541412
70000899093.778015
70000215779.878387
70000970648.052307
70000152224.805267
70000639602.124298
70000990356.013504
70000740866.907150
70000264245.085831
70000205189.622803
70000069922.751373
70000275460.262421
1.000000
70000010712.275116
70000554627.715668
70000027257.896332
70000523028.898209
70000180758.026199
70000686179.061478
70000756614.237717
70000867766.284409
70000266640.402725
70000673458.672134
70000875869.209854
70000963420.147186
70000867301.343536
70000733392.644623
70000131614.453491
70000648558.395782
70000503920.973175
70000927167.461288
70000750850.930511
70000337123.910629
70000164216.960175
70000747894.646759
1.000000
1.000000
70000370982.254700
1.000000
70000890937.304184
70000708759.127319
70000256012.781952
70000736115.485641
1.000000
70000735157.219193
70000428145.437927
70000827171.328613
70000455864.902802
70000683107.699203
70000574932.310211
70000955489.728455
70000896087.110748
70000700748.382889
70000298482.768738
70000622747.749924
70000062367.307617
70000985322.475266
70000252243.004211
70000707343.219803
70000304539.466431
70000187325.874298
70000838922.264786
1.000000
70000791751.399277
70000230902.111191
70000923955.853394
70000418523.724854
70000901778.735352
70000519509.525360
70000986347.737961
70000900370.585297
70000773946.644287
70000167561.781479
70000325754.797699
70000858538.066116
70000881167.382477
70000169391.154495
70000421574.634232
70000378114.664215
70000717485.983688
70000502717.239655
70000391058.369781
70000667830.645752
70000723613.264374
70000170489.117722
70000065863.282303
1.000000
70000493489.937057
70000661601.613770
70000377075.466660
70000768815.834320
70000935726.141647
70000913096.988953
70000403197.042465
70000996938.886078
70000942511.181290
70000726756.296371
70000788223.028946
70000978367.443893
70000710108.719208
70000355020.186630
70000061293.756531
70000222649.324036
70000487223.238998
70000783893.381088
70000865875.201645
70000820424.655121
70000485233.189499
70000075975.259964
70000415252.296921
70000903215.838852
70000387532.215057
70000769802.764450
70000300872.565430
70000805788.638474
70000519511.963196
70000554147.678406
70000011888.504547
70000736101.359848
70000690631.876328
70000128205.467133
70000260085.339554
1.000000
70000704581.268631
70000682887.316376
70000773655.604630
70000051269.937943
70000929927.443893
70000840487.821533
70000411250.388840
70000328949.629745
70000475859.819839
70000692281.973770
70000893407.528427
70000288801.641266
70000847730.993698
70000721023.477554
70000938195.037491
70000375014.866074
70000092770.083084
70000365449.783066
70000429845.419418
70000126311.159515
70000087225.926849
70000034639.389740
70000443314.603958
70000286302.297318
70000517073.401031
1.000000
70000999951.004776
70000304277.037659
70000187891.449219
70000976466.630402
70000981192.522354
70000177016.509949
70000426150.855194
70000658618.896820
70000129572.123566
70000506511.050156
70000104220.132843
70000563238.531799
70000188862.970154
70000240137.009598
1.000000
70000021090.763657
70000935120.062241
70000457387.822189
70000479392.009369
70000585662.846832
70000540389.237549
70000102703.230713
70000344521.732605
70000970382.570938
70000092191.584381
70000859937.857681
70000081817.748520
70000156846.853592
70000784752.845673
70000399000.220871
70000001593.147491
70000124298.729736
70000756410.823959
70000976931.712555
70000746430.366730
70000367518.939957
70000671063.507187
70000588576.186325
70000112798.514053
70000261843.250565
70000129889.216003
70000965882.684998
70000714859.929520
70000666281.505249
70000208967.375488
70000607377.416275
70000991941.597961
70000618378.849380
70000764073.973434
70000465726.054886
70000479685.119598
70000916170.068085
70000331199.822235
1.000000
70000772393.392349
70000214721.790207
70000348104.606628
70000972832.678970
70000147610.598343
70000774535.009094
70000679871.872345
70000491065.286606
70000166311.255844
70000360044.217026
70000755617.257721
70000135512.790970
70000342054.585114
70000790994.405777
70000597040.033813
70000716183.908005
70000177385.215637
70000125559.573898
1.000000
70000095300.092056
70000958349.443268
1.000000
70000570948.348816
70000174489.519211
70000118618.908020
70000352419.722672
70000006046.595078
70000099252.944870
70000609899.362595
70000110920.369919
70000295134.908096
70000055699.239655
70000271477.418854
70000338987.131287
70000696466.007980
70000300797.502213
70000430770.328674
70000497607.443970
70000174358.566376
70000707872.081329
70000570233.791718
70000555478.793854
70000917347.055771
70000447361.132141
70000145106.758789
70000419317.060638
70000926959.793137
70000451492.983719
70000088313.387451
70000363192.943558
70000818075.313507
70000986887.011948
70000134507.070709
70000053328.465561
70000168405.058182
70000195804.937927
70000694098.326462
70000351030.563797
70000062761.342133
70000001472.677246
1.000000
70000527551.079422
70000764958.012924
70000416100.429764
70000496567.500885
70000917693.351074
70000357526.263168
70000356767.699341
70000865522.100143
70000040392.898224
70000346158.916245
70000218783.923248
70000326136.369553
70000217040.395157
70000700229.169678
0.33
 0 0 0 0 0 0 0 0 0 0 0 0 0
