1 401
70000410865.973434
1.000000
70000302214.341400
70000620188.234100
1.000000
1.000000
70000310343.298615
70000815321.533997
1.000000
70000028684.723389
70000143459.504700
70000096789.358841
70000920715.922668
70000051003.507034
70000671438.630188
70000565670.366821
70000758231.331223
70000078409.903580
70000675270.564972
70000601518.755569
1.000000
70000055930.736633
1.000000
70000836454.777863
70000596366.751602
70000227660.865128
70000688902.676758
70000637247.421509
70000482257.710464
70000350347.005951
1.000000
70000132113.165146
70000844565.809097
1.000000
70000273241.118668
1.000000
70000694703.403183
70000190527.196625
70000031266.650330
70000026922.647446
70000022243.671402
70000066722.035843
70000060662.143143
70000196838.015717
70000433967.064377
70000895419.282639
70000679191.067657
70000715688.180466
70000007432.553406
70000195091.229675
70000686462.957077
70000685306.280365
70000658599.118668
70000742567.711716
70000994896.724762
70000321691.802933
70000684451.368500
70000168684.106674
70000646777.947510
70000242134.206589
70000262055.756287
70000382281.832199
70000114631.462646
70000736438.522491
70000181705.712082
70000130842.861252
70000555022.168823
70000400757.163849
70000164604.267136
70000135131.633072
70000440615.565292
70000551015.153183
70000429037.594818
70000864900.644165
70000247682.635483
70000933225.596603
70000068670.072678
70000007341.308182
70000915862.157715
70000664880.883362
70000519730.445816
70000884946.603043
70000159252.814804
70000463473.890152
70000813138.449280
70000024777.403519
70000665404.485245
70000240319.515350
70000608803.038315
70000396163.067154
1.000000
70000162989.143494
70000042596.179855
70000125282.612808
70000624541.945816
70000305664.475922
70000392303.304108
70000951804.645447
70000202884.041550
70000837718.785873
70000332282.165970
70000981031.311401
70000711488.955826
70000701989.200623
70000530369.559448
70000987977.538330
70000685550.328186
70000242901.867142
70000336712.137680
70000483282.294922
70000443775.349960
70000393935.816711
70000126619.214951
70000194976.573532
70000892244.343597
70000187447.683487
70000254689.200424
70000926901.070786
70000506000.380371
70000393599.894547
70000168028.078079
70000841934.676208
70000830056.953110
70000854274.886002
70000916467.422287
70000995439.311096
70000195847.771545
70000409357.015488
70000302372.581558
70000518882.756577
70000816469.670990
70000321366.361206
70000365613.322540
70000190223.023712
70000442331.848175
70000663821.867416
70000350608.526627
70000112665.336517
70000374374.397263
70000954387.551880
70000460364.318604
70000793486.664734
70000421150.038345
1.000000
70000350748.072647
70000031921.039505
70000294606.801788
70000194204.348526
70000638440.058228
70000796152.020432
70000238791.166626
70000701049.177811
70000642144.330978
70000878500.168640
1.000000
70000423136.563156
70000540508.321075
70000428547.345734
1.000000
70000783018.095306
70000565657.303467
70000840760.090393
70000420549.639862
70000979361.127625
70000261647.269821
70000915634.403824
70000816658.831436
70000906743.776520
70000426044.274200
70000090419.661362
70000298235.810165
1.000000
70000059077.544861
70000839592.886536
70000090477.611511
70000092870.564621
70000860489.758286
70000105066.287933
70000600778.269318
70000281340.944656
70000268777.001572
70000386515.941254
70000292714.909439
70000204071.594131
70000573811.581879
70000256886.594559
70000664244.756744
70000797519.963974
70000161292.565674
70000213163.490356
70000924857.599380
70000636219.789749
70000802598.621109
70000392189.222794
70000337631.219421
1.000000
70000070690.438614
70000150738.424973
70000263128.020111
70000702614.056793
70000571407.637329
70000782784.972687
70000116419.505753
70000222970.826889
70000499548.856750
70000370676.169815
70000445503.437180
70000117065.881805
70000249802.673447
70000200980.335495
70000425477.724869
1.000000
70000123042.771790
70000291876.516464
70000805038.805267
70000524589.561462
70000891199.480591
70000860878.717911
70000894276.951950
70000688706.332779
70000903806.940445
70000610979.825577
70000691878.756256
70000421448.625061
70000867982.132095
70000908791.152344
70000845286.705658
70000893193.521179
70000565287.299210
70000015436.153549
70000515486.951965
1.000000
70000298395.108292
70000474296.828812
70000855985.028366
70000573622.794083
70000953411.693176
70000474621.502579
70000807250.557236
70000148355.190109
70000496241.093231
70000026186.631699
70000398105.932648
70000673275.653763
70000706110.289749
70000982428.418777
70000922146.494568
70000774293.812881
70000495937.078812
70000527790.558212
70000632143.639603
70000501766.421906
70000058362.297775
70000810680.650787
1.000000
70000472770.829468
70000318439.099762
70000610111.018570
70000281760.924225
1.000000
70000746286.587769
70000896296.512619
1.000000
70000990631.100021
70000023033.794601
70000392409.661438
70000246100.066193
70000026308.612595
70000462901.191635
70000146109.732788
70000696161.588043
70000642999.413849
70000816928.125122
70000286390.586136
70000640095.049088
70000989251.854385
70000306971.099670
70000767456.512039
70000051801.528397
70000961358.809586
70000673047.397110
70000636736.208405
70000461038.732391
70000546466.535217
70000930879.403748
70000937598.669510
70000438980.183258
70000323928.295715
70000027097.551254
70000320113.520081
70000055375.898727
70000416388.304230
70000087109.062775
70000445556.002762
70000888129.930069
70000248054.300644
70000359481.803009
70000499173.362061
70000037631.151779
70000379034.041321
1.000000
70000393794.134903
70000565048.992416
70000439851.027786
70000922998.121017
70000058044.189682
70000395062.079819
70000757883.803970
1.000000
70000072147.201279
70000545409.708923
70000642672.379532
70000776023.941101
70000912717.523026
70000416907.717697
70000098631.312775
1.000000
70000109081.242798
70000283790.165298
70000195207.703979
70000985462.275726
70000867795.009338
70000125445.292343
70000822560.364792
70000058999.811707
70000347453.415634
70000044434.648300
70000176045.973145
70000163730.564713
70000090908.873367
70000966619.735840
1.000000
70000881747.782669
70000495258.066360
70000637643.984711
70000870247.902863
70000644607.615616
70000579306.175201
70000330454.373093
70000687594.109390
70000760986.756668
1.000000
70000459436.411896
70000595637.549469
70000235096.776352
1.000000
70000760971.661392
70000214735.931061
70000743790.920593
70000959304.752533
70000318041.912079
70000923377.466629
70000664188.722702
70000244348.771988
70000031028.602295
70000725764.715393
70000339269.579483
70000262017.854233
70000845446.535233
1.000000
70000886580.540375
70000345042.152710
70000016895.137085
70000910600.628159
70000560896.902359
70000797078.518692
70000874012.040787
70000741751.472244
70000352268.235062
70000374149.842102
70000808574.538849
70000245627.124329
70000231957.165756
70000409446.996048
70000704644.176224
70000096077.429337
70000134568.058395
70000105630.619232
70000983244.937454
70000148046.763031
70000882423.953842
70000880857.594360
70000239605.629150
70000723489.607285
70000963779.261978
70000052592.404648
1.000000
70000257973.608688
70000818316.861633
70000962994.405609
1.000000
70000579134.042801
70000922227.175735
70000876945.358490
70000561874.496521
70000391700.276550
70000342601.878616
70000741506.011780
1.000000
70000186057.507965
0.33
 0 0 0 0 0 0 0 0 0 0 0 0 0
