1 401
70000616161.532623
70000920305.783844
70000676600.903412
70000285153.792145
70000586240.467514
1.000000
70000420532.274582
70000635327.532562
1.000000
70000389088.236954
70000737132.272339
70000180495.746613
70000061478.506256
1.000000
70000273777.558395
1.000000
70000796977.060654
70000519646.044571
70000149170.042603
70000254142.175964
70000843985.951736
70000991750.427139
70000707411.591629
1.000000
70000572280.796860
70000327032.488007
70000538285.755966
70000023784.619720
70000054372.253571
70000082097.590149
70000567049.340195
70000764442.995834
70000124938.104797
70000917328.218964
70000854515.998642
70000462620.356995
70000999895.106339
70000458131.375137
1.000000
70000521537.477112
70000852540.969315
70000231956.568848
70000013204.659088
70000654801.538666
70000850682.092194
70000844476.144974
70000119083.788513
70000916235.259399
70000683540.122925
70000349172.950684
70000451814.806885
70000754169.094589
70000102252.867645
1.000000
70000632747.022232
70000457461.719910
70000093929.761475
70000893140.127182
70000471211.080704
70000017534.379593
70000024126.038376
70000709665.524399
70000925082.379379
1.000000
70000903763.018173
70000297884.792404
70000144018.877853
70000549294.375458
1.000000
70000015582.949707
70000988511.924057
70000790479.831039
70000634839.958374
70000405435.220673
70000679878.721832
70000805976.560120
70000708063.036621
70000140222.339691
70000803774.949524
70000997479.006256
70000033288.064484
70000822623.828232
70000080178.931732
70000302804.564346
70000064143.512009
70000235495.255264
70000067246.735565
70000971767.281372
70000436237.172363
70000943632.567200
70000672344.881989
70000902553.326309
70000163562.589676
70000365270.274139
70000902433.288483
70000926544.109726
70000531020.592545
70000606261.699936
70000566606.381241
70000576018.994263
70000030351.467667
70000950053.173813
70000306146.370178
70000154566.294159
70000557876.443665
70000047874.975357
1.000000
70000056912.988693
70000577135.386063
70000052850.104141
70000459493.578430
70000655184.186783
70000498309.223495
70000844225.480728
70000980554.371353
70000566121.223633
70000974116.727310
70000429394.519058
70000583688.278091
70000511775.281097
70000800547.728134
70000068937.853012
70000320466.502121
70000135838.010635
70000811587.468369
70000258211.542740
70000496437.036026
70000078592.215027
70000331112.200348
70000845616.218567
70000508670.707535
70000755782.941025
70000430405.708496
70000548523.599960
70000701362.708725
70000663074.503937
70000765320.353592
70000293763.386322
70000378553.655029
70000953896.756653
70000052658.893082
70000985999.519058
70000969662.497345
70000518296.901413
70000631849.760864
70000421228.758575
70000729173.056488
70000738314.586807
70000349499.679596
70000627452.021179
70000405554.493073
70000942567.333694
70000483300.928604
70000041317.135162
70000745664.281326
70000997723.522598
70000230684.749359
70000778569.142380
70000665055.354218
70000494391.681122
1.000000
70000563247.629654
70000101321.845688
70000787569.999191
70000170311.714813
70000167882.761749
70000615020.897552
70000468845.164505
70000470318.556732
70000511596.009018
70000677521.463791
1.000000
70000450705.353806
70000607385.357864
70000559348.044449
70000439262.562790
1.000000
70000664091.850266
70000134525.412430
70000003952.985260
1.000000
70000480917.337677
70000121235.647705
70000008986.941803
70000652471.655502
70000921787.364883
70000012215.891266
70000254877.203369
70000850024.654984
70000782469.680710
70000650886.721161
1.000000
70000483529.583725
70000822586.667999
70000956130.807556
70000594581.475403
70000523809.496872
70000723271.365463
70000930160.921509
70000319257.377457
70000454092.913101
70000012448.512894
70000493602.472916
70000074049.077225
70000399663.849533
70000419262.019409
70000083857.746475
70000566798.113297
70000321313.784134
70000687019.752075
70000076929.079117
70000392450.695038
1.000000
70000211477.497208
70000562367.461456
70000176802.653259
70000590991.292236
70000542318.392929
70000006806.904846
70000646834.030746
70000643171.545654
70000548882.735748
70000932946.609268
70000706462.849045
1.000000
70000566270.760025
70000278794.346207
70000247467.728271
1.000000
1.000000
70000255940.536545
70000954358.790283
1.000000
70000602481.769623
70000995628.163895
70000449538.850220
70000395045.979813
70000710200.503616
70000249025.705322
70000876996.810074
70000616423.900635
70000692137.545914
70000309591.072098
70000056075.826462
70000419710.162323
70000404241.491318
70000699255.447327
70000440053.405121
70000020171.233734
70000093621.162430
70000926043.892029
70000688830.068817
70000617906.538727
70000750750.014801
70000706755.768524
70000214830.256012
70000682497.687332
70000499505.152130
70000649047.537277
70000557285.523956
70000877347.799179
70000603594.232468
70000202652.495819
70000764101.969742
70000065697.297424
70000954061.899628
70000921725.703384
70000122977.833374
70000626689.089584
70000567611.292236
70000068200.162704
70000965811.668991
70000330342.674438
70000140083.344437
70000650083.622986
70000524750.884399
70000933398.022995
70000963760.765686
70000148433.752060
70000950669.840256
70000198172.971832
70000172639.877731
70000085440.557709
70000115330.355515
70000073508.753677
70000308307.138260
70000846859.765427
70000158495.313583
70000791901.624512
70000660294.091141
70000206845.862534
70000665544.433777
70000638175.908859
70000693070.035217
70000466993.319748
70000546083.286789
70000435640.225235
1.000000
70000491696.956436
70000888719.317810
70000100092.825653
70000510451.441254
70000048796.712509
70000063920.118271
70000261119.179993
70000065086.890228
70000673795.707245
70000154638.640396
70000333013.658157
70000913378.638138
70000393034.428741
70000733462.897736
70000505617.667770
70000350636.549438
70000756804.838806
70000136915.058044
70000640442.571701
70000924447.948669
70000318398.568130
70000219988.935547
70000817769.743683
1.000000
70000580716.538574
70000922357.774597
70000392693.619141
70000238350.175369
70000872021.372437
70000462969.174561
70000890355.659225
70000289241.716736
70000341632.258362
70000489796.110733
70000842294.300873
70000603007.910004
70000018149.111908
70000374108.627777
70000459065.448242
1.000000
70000366861.243896
70000065640.188446
70000497986.619095
70000770211.914230
1.000000
70000112998.394012
70000507594.538818
70000910401.160690
70000559875.359024
70000574975.009323
70000869662.871017
70000753671.883347
1.000000
70000490091.732529
70000893941.380875
70000674930.400375
70000269198.207504
70000894338.587418
70000283253.001144
70000650309.637955
70000854299.080078
70000560926.216461
70000265322.840668
70000279476.297943
70000359023.746109
70000440066.657532
70000424295.483444
70000826612.854324
70000061256.767471
70000094588.022095
70000159743.704941
70000933796.232483
70000222427.696152
70000749754.088699
70000132075.771530
70000358910.491852
70000178264.904877
70000223756.546509
70000297911.897873
70000295653.923874
1.000000
70000881306.121902
70000782086.533997
70000313982.105087
70000908902.076920
1.000000
70000891884.868042
70000765105.096634
1.000000
70000102849.979691
70000521154.680527
70000427735.773605
70000140939.849060
70000703355.666412
70000888170.961914
70000926879.296509
70000180091.912445
70000556961.968262
70000842572.164200
70000528557.080414
70000015550.925812
70000381404.747849
0.33
 0 0 0 0 0 0 0 0 0 0 0 0 0
