1 401
70000015099.842224
70000351816.201950
1.000000
70000778158.360855
70000832757.158112
70000885361.941345
70000029555.594788
70000350418.890045
70000203062.120300
70000982914.135315
70000092701.642654
70000633514.693878
70000952084.137375
70000080880.513351
70000628660.072952
70000574781.773758
70000686333.658234
70000811587.542252
70000852311.947311
1.000000
70000630749.156052
70000066581.070419
1.000000
70000805359.095673
70000132006.234879
70000291063.107803
70000113918.824875
70000843156.693436
70000862366.652969
70000218839.591019
70000308962.006836
70000616657.237991
70000667255.216949
70000722570.895721
70000806523.701813
1.000000
70000176741.720474
70000219357.132202
70000451091.090149
70000995028.938400
1.000000
70000395385.985718
70000747766.934830
70000073893.946579
70000765629.959198
70000228089.318542
70000823483.298660
70000374055.502747
70000223050.439423
70000610540.079758
70000138866.264633
70000436092.598572
70000958639.884995
70000675435.757156
70000820281.900467
70000679722.757172
70000374862.349045
70000987602.149277
70000411198.352600
70000497758.009628
1.000000
70000417081.946777
70000316525.816116
70000600155.248093
70000168856.585464
1.000000
70000232237.280624
70000584991.648270
70000110390.939575
70000747952.312531
70000561213.893951
70000481749.086838
70000861401.730835
70000544300.068085
70000753721.229630
70000328870.253265
70000187434.936050
70000154056.409592
70000913027.795364
70000257393.509613
70000134713.936783
70000299866.406464
70000097580.179901
70000403050.552582
70000862781.329773
70000004836.393311
70000860187.949356
70000746859.008087
70000731577.552292
70000050179.833008
70000305453.287613
70000306047.658203
70000043056.241547
70000454970.582199
70000583641.675980
70000470045.336899
1.000000
70000427161.694824
70000726210.104279
70000552060.431503
70000914150.441223
70000758818.250031
70000689789.469070
70000706208.959869
70000373087.130753
70000195916.447845
70000188946.846024
70000448715.673630
70000851872.324265
70000574107.941132
70000517719.259140
70000486179.199081
70000575944.143631
70000534877.883362
70000919296.734222
70000858162.354904
70000833055.045776
70000245161.954712
70000474574.565475
70000501365.379501
1.000000
70000430246.369675
70000922657.289764
70000891753.339539
70000980991.706863
70000393712.893616
70000558710.672379
70000372504.588531
70000095831.345261
70000924555.858124
70000197129.311905
70000442160.304428
70000076071.822433
70000289818.212326
70000732343.660614
70000286523.941864
70000286200.251175
70000856237.771454
70000232774.801010
70000325699.392776
70000167902.945679
70000910961.553406
70000216108.509537
70000642534.978867
70000323891.694489
70000254938.535141
70000024562.866516
70000587103.378998
70000667811.282150
70000989706.520355
70000342286.016479
70000806049.369629
70000231613.025757
70000453628.164337
1.000000
70000761159.395294
70000317495.968338
70000953795.550690
70000950399.704636
70000257646.603378
70000671347.051590
70000734832.513947
70000076956.317719
70000881734.418793
70000944303.264359
70000248290.770386
70000896796.453751
70000425735.709442
70000285377.679718
70000041755.064651
70000581019.963104
70000170668.869568
70000419241.936386
1.000000
70000889588.345825
70000870486.319351
70000237894.462997
70000047873.993576
70000479522.661148
70000221638.630463
70000922697.754562
70000349457.289536
70000522685.027924
1.000000
70000367956.462265
70000599545.716400
1.000000
70000670353.812897
70000917455.582748
70000107756.133835
70000071199.452927
70000958459.350922
70000612357.787003
70000755092.245834
70000642640.117233
70000548993.382431
1.000000
70000449173.513428
70000020758.049500
70000682282.438812
70000822280.176697
70000814421.852783
70000386213.705429
70000677802.483307
70000628318.700455
70000165945.020401
70000239488.544449
70000362692.632355
70000881258.997604
70000033004.692642
70000944304.429901
70000225162.593750
70000464816.070343
70000949646.640930
70000048079.557953
70000210123.186646
70000373348.932816
70000546275.851212
70000026885.921844
70000344371.504440
70000711214.346542
70000748325.459824
70000318792.449005
70000986523.748260
70000829218.678284
70000570395.668121
70000985792.190140
1.000000
70000130455.179260
1.000000
70000750607.348984
70000417975.642761
70000820131.275406
70000329584.135437
70000243881.846344
70000187959.348145
70000856855.122284
70000607101.206879
70000464310.834579
70000259204.772797
70000278143.991455
70000878312.100159
70000137207.517197
70000668053.579758
70000661627.013489
70000316562.282120
70000696312.576904
70000505590.873199
70000534784.830032
70000567999.030807
70000675259.965042
1.000000
70000401289.551773
1.000000
70000310061.632874
70000565370.268875
70000146227.504883
70000007786.332596
70000155886.422470
70000025291.497055
70000622524.196198
70000999764.223190
1.000000
70000016069.284058
70000081088.450577
70000500308.093430
1.000000
70000363808.968414
70000130322.293182
70000374102.152649
70000139768.554581
70000942258.811050
70000279723.479523
70000454578.340576
70000161718.263321
70000187967.849335
70000146016.272141
70000656702.348618
70000179148.414246
70000835840.047791
70000068391.825638
70000632395.930527
70000404038.999893
70000424179.488464
70000835365.440216
70000956875.564407
70000613246.120773
70000192647.017120
70000108786.774246
70000764346.617676
70000297632.471710
70000562636.961487
70000763080.271759
70000837889.169998
70000702666.527573
70000475425.133667
70000259983.978455
70000795064.647079
70000128648.449341
70000861514.445633
1.000000
70000723705.657501
70000979871.592377
1.000000
70000455982.527802
70000090175.648239
70000935283.557495
70000419378.572006
70000357190.483688
1.000000
70000260956.057465
70000193467.966446
1.000000
70000024887.795700
70000359172.988770
70000848970.497086
70000177955.233856
70000843085.791351
70000519259.353287
70000043373.287399
70000007371.896729
70000481105.252457
70000183537.843521
70000389274.901459
70000630645.185211
70000934851.466354
70000106277.629395
70000246087.901779
70000056250.174072
70000544932.554321
70000785121.022263
70000257366.337296
70000937037.459549
70000446193.481781
70000711712.653381
1.000000
70000393681.873703
70000835893.406021
70000191854.667633
70000395864.318237
70000179882.516129
70000937250.502472
70000521291.455292
70000559294.227188
70000323318.175537
70000382283.827087
70000953247.520264
70000206781.623169
70000328391.259644
1.000000
70000813922.237564
70000891427.729874
70000068955.761261
70000934721.107742
70000042934.513123
70000780016.589203
70000522271.878662
70000621696.984482
70000575183.262482
70000322519.675858
70000177994.512253
70000969674.724121
70000132853.737030
70000716956.656891
70000441225.948868
70000022606.282776
70000297392.275558
70000018224.045822
70000655859.337387
70000428259.048019
70000679410.933472
70000144575.447372
70000057469.071350
70000395900.254410
70000063535.527435
70000977028.055893
70000670760.233383
70000685859.018723
70000918108.912979
70000183884.363464
70000146888.597137
70000088318.910187
70000305564.835464
70000375600.136353
70000407673.191193
70000696374.013489
70000164743.876022
70000907068.981506
70000313958.657608
70000340255.750656
70000717408.470825
70000407163.289291
70000723095.475952
70000160151.787415
70000879959.039352
70000172677.499496
70000655459.958359
70000463280.865128
70000365007.311401
70000897883.742218
0.33
 0 0 0 0 0 0 0 0 0 0 0 0 0
