1 401
70000093282.852814
70000549573.078690
70000050930.602371
70000343266.141891
70000279965.471802
70000782181.289139
70000936144.822342
70000777977.492950
70000666583.357574
70000141647.613144
70000466319.499084
70000021122.935898
70000856838.860870
70000547986.728912
70000172860.351944
1.000000
70000029853.321426
70000626137.823578
70000966639.963684
70000602334.934982
70000877995.159164
70000114187.862106
70000554594.238358
70000863603.793091
70000558938.890182
70000665349.281921
1.000000
70000353281.965866
70000938097.717697
70000976581.898926
70000013048.638077
70000285438.651031
70000748230.094711
70000865870.602448
70000800637.673096
70000540883.127762
70000012435.747696
70000583691.282120
70000574328.949158
70000540427.646957
70000304466.163132
70000841102.150848
70000162840.164246
70000955031.282059
70000030111.528091
70000309273.774338
70000192861.672623
70000371480.713043
70000596329.069290
70000264644.272949
70000408154.195038
70000407260.520523
1.000000
70000030778.406006
70000277706.277725
70000825925.310730
70000065096.133453
70000870812.305054
70000747846.043732
70000480589.600143
70000609106.114594
70000610759.013382
70000987553.465256
70000922297.996292
70000365000.479233
70000772039.752640
70000695321.912750
70000950730.728073
70000284453.947372
70000585567.684998
70000158433.465546
70000722607.922180
70000328560.788345
70000211826.124374
70000466422.495682
70000987409.384506
70000954823.802582
70000465131.363266
70000646239.354950
70000810098.863174
70000014140.346817
70000375954.833511
70000760556.325943
70000017886.974380
70000444722.783325
70000797691.819275
70000638888.381271
1.000000
70000093478.944611
70000258716.207443
70000737073.044159
70000902565.058746
70000784316.055603
70000821684.731934
70000482991.045242
70000592517.840012
1.000000
70000430857.707565
70000269831.215958
70000669286.517624
70000627224.313034
70000357444.937729
70000550955.777832
70000186409.632080
70000959417.570908
70000450020.674713
70000057959.043777
70000513942.300430
70000279043.115662
70000042627.258041
1.000000
70000638639.933334
70000873021.390701
70000428223.972412
1.000000
1.000000
70000020325.884140
70000398181.169571
70000731963.640518
70000308068.780167
70000120662.562180
70000421815.022461
70000341972.953308
70000564762.532562
70000920715.463226
70000929423.606659
70000992080.441986
70000392971.179825
70000680196.034927
70000636692.709930
70000895424.152771
70000270246.338013
70000807180.942245
70000084601.061646
70000619022.025574
70000089369.486740
70000541333.761459
70000441486.719788
70000997715.206436
70000024834.667511
70000331144.152191
70000755334.653870
70000570022.163376
70000516988.364319
70000403268.725037
70000073230.008926
70000380493.830902
70000997018.606644
70000292895.462250
70000466097.619217
70000123414.033371
70000650667.955856
70000022762.137726
70000286014.850540
70000941282.416885
1.000000
70000033629.992111
70000964936.853821
70000463675.176849
70000846377.595612
70000263987.175659
70000525914.070618
70000375041.981491
70000467577.255035
70000951954.552994
70000869531.868301
70000175411.262253
70000349133.399139
1.000000
70000041806.647949
70000333020.474411
70000031017.808975
70000536235.905457
70000589627.822403
1.000000
70000563453.777679
70000381967.523392
1.000000
70000082903.854462
70000960923.082367
70000627586.391098
70000688598.697250
70000428631.584320
70000808761.324158
70000793716.617874
70000864503.262054
70000055741.729019
70000116328.236710
70000929505.009552
70000297565.278503
70000171476.611465
70000138749.009857
70000627122.031799
70000397606.279007
70000967448.462830
70000089636.829849
70000815869.101868
70000433001.522903
70000956636.028290
70000598403.222275
70000390687.740356
70000604053.417618
70000792458.771027
70000437254.018219
70000081931.399979
70000948180.205688
1.000000
70000938539.722794
70000378112.598404
70000406959.479935
70000115643.578232
70000337319.604095
70000855908.049805
70000570896.420731
70000792228.220612
70000231380.511902
70000712868.437027
70000038938.476700
70000432041.288055
1.000000
70000557313.967743
70000259922.841705
70000134608.830856
70000826488.219742
70000821235.628006
70000955112.353333
70000234129.039047
70000777435.871521
70000526869.454483
70000134482.161911
70000285354.649384
70000774301.510513
70000204398.578461
70000003206.370010
70000819909.054031
70000840206.688019
70000351776.231140
70000755319.110794
70000052766.796082
70000888521.239059
70000769720.890747
70000556636.151367
70000596988.811493
70000017757.394730
70000948368.895035
70000746662.361984
70000375526.186203
70000269627.330231
70000281181.918579
70000797315.208984
70000401552.106750
70000189205.932953
70000049015.709183
70000619413.397690
70000621207.261490
70000043097.192871
70000095058.474716
70000094909.749161
70000571734.265305
70000131439.145493
70000436925.639542
70000378822.047943
70000854429.752335
70000034745.817520
1.000000
70000102125.341568
70000121126.023895
70000498151.903778
70000283687.208130
70000017521.234329
70000162580.768600
70000270976.930328
70000048382.195206
70000246949.481171
1.000000
70000667240.113144
1.000000
70000274268.410141
70000591773.712646
70000091603.636887
70000373607.155609
70000939343.476807
1.000000
70000110072.099274
70000265122.738037
70000239713.910065
70000451870.881882
1.000000
70000802796.061203
70000095672.308395
70000568893.969711
70000514393.976105
70000156807.025696
70000849932.826691
70000154862.941132
70000158259.805893
70000397417.928085
70000711916.420471
70000573454.227524
70000599699.707245
70000606951.892288
70000076024.603241
70000619926.647461
70000274282.769272
70000490722.373245
70000304968.905930
70000446740.650436
70000170255.329910
70000412803.396362
70000697340.969482
70000777852.661087
70000768952.066910
70000290306.377258
70000534757.250244
70000220974.291046
70000219322.604294
70000135525.105835
1.000000
70000400987.360123
70000272035.769394
70000995877.249115
70000895630.630661
70000202221.058289
70000097734.077240
70000748898.381668
70000688887.670074
70000675606.630066
70000999382.439270
70000414707.327118
70000040642.740494
70000202655.408997
70000840684.880478
70000033797.722458
70000179848.419952
70000310072.901306
70000724452.666153
70000655350.288055
70000727340.311249
70000697901.283051
70000340117.111618
70000701651.875946
1.000000
70000699092.423935
70000732594.503952
70000051362.272232
70000223472.067764
70000063194.943726
70000932411.086121
70000971755.122299
70000824328.020798
70000556793.158813
70000166456.149063
70000524053.258621
70000624418.580353
70000125589.428970
70000560333.288849
70000236723.212372
70000983957.804108
70000646417.917648
70000549348.451813
70000580202.659912
70000509710.269623
70000566213.364975
70000397131.646332
70000086719.396744
70000440827.194702
70000124871.632416
70000162188.314758
70000163332.781219
70000712302.328156
1.000000
70000884539.690781
1.000000
70000167205.365540
70000233189.421722
70000601093.014679
70000816988.042755
70000904363.063080
70000518486.516373
70000415758.724274
70000550998.025772
70000797159.637787
70000474490.739807
70000335104.533966
70000661145.912720
70000169410.010025
70000693786.650864
70000289691.990799
70000697515.470245
70000531014.787674
70000948933.512115
70000276901.197052
70000970382.701324
70000107542.548035
70000406258.311752
70000327123.990936
70000804533.557449
70000380510.585403
1.000000
70000898965.967285
0.33
 0 0 0 0 0 0 0 0 0 0 0 0 0
