1 401
70000946724.744934
70000153688.083084
70000714401.441666
70000591185.376862
70000767461.313736
70000823092.058685
70000741449.908173
70000995085.907974
70000916583.537170
70000407808.376480
70000362525.393890
70000727105.495605
70000967384.060623
70000670354.613510
70000461392.909714
70000039898.834518
70000611305.012436
70000070091.897293
1.000000
70000244581.025238
70000313968.983231
70000668115.857086
70000957256.434509
70000337080.622910
70000961943.022995
70000189276.014145
70000539030.305756
70000809254.642059
70000740262.427704
70000877295.945557
70000053850.874039
70000885677.976685
70000190774.867355
70000042126.677582
70000911322.707657
70000816602.106644
70000849994.148880
70000192116.809067
70000595620.887924
70000260284.372772
70000204260.644333
70000336585.911819
70000388356.667679
70000667317.101227
70000312830.372406
70000349150.768448
70000512635.775833
70000250265.752213
70000240854.432892
70000548688.754318
70000553723.307419
70000291176.134430
70000085450.613174
70000918020.987015
70000520239.174515
70000727080.294464
70000403355.510498
70000052776.227264
70000852775.100494
70000321371.375488
70000931173.630280
70000657082.527435
70000071461.864059
1.000000
70000135620.184875
70000309215.576645
70000888632.616043
70000124224.367584
70000205047.256104
70000480775.314133
70000814547.848083
70000864074.159683
70000798757.950897
70000767745.561935
70000091659.512070
1.000000
70000621935.169983
70000912333.329208
70000399070.219604
70000407470.762543
70000392670.896622
70000544278.117905
70000391705.129333
70000757793.670975
70000701242.623215
70000184323.303329
70000653731.559952
70000102135.648712
70000750817.243652
70000155130.992615
70000788365.149200
70000831129.871689
70000121858.719116
70000245311.314926
1.000000
70000313356.161453
70000542604.179443
70000514354.988098
70000890358.652100
1.000000
70000127064.165482
70000935529.819641
70000037797.628113
70000945453.129364
70000017379.608719
70000724706.804016
70000451525.123505
70000760625.700806
70000328684.018463
70000983542.594757
1.000000
1.000000
70000150352.665558
70000298665.941483
70000725661.519974
70000761836.448608
70000512294.031586
70000592219.266190
70000391564.318024
1.000000
70000407456.844391
70000023337.240738
70000173675.683884
70000495906.019257
1.000000
70000771298.000977
70000520933.350922
70000296439.452118
70000231502.673660
70000175658.472763
70000454541.109818
1.000000
70000661649.308975
70000620074.226685
70000760679.059296
70000210426.094681
70000874579.309341
70000452967.581268
70000453085.644516
70000427853.870499
70000336252.990463
1.000000
70000087767.312668
70000201426.083771
70000235561.314514
70000098177.717667
70000944024.158752
70000173605.397568
70000658427.817993
70000160477.686951
1.000000
70000334093.306946
70000664608.538513
70000030742.996292
70000308299.806061
70000245170.732956
70000367312.455017
1.000000
70000889152.117966
70000549933.163269
70000295243.984650
70000430470.444305
70000472998.453308
70000776341.097214
70000434861.611328
70000687733.885223
70000479696.290802
70000500889.304596
1.000000
70000063183.853394
70000580350.050369
70000637398.044281
70000627003.018341
70000181361.461319
70000746746.990829
70000251706.521667
70000934586.280777
70000683524.233582
70000366424.587418
70000018773.043396
70000193939.023590
70000504788.067825
70000178984.575119
70000065607.965408
70000396487.647781
70000400522.615982
70000819700.721420
70000653411.778671
70000558982.864151
70000585767.341507
70000487335.499908
70000926919.067001
70000307753.267838
70000512517.748276
70000788145.507980
70000898882.722214
70000152336.495544
70000676041.709702
70000612932.610764
1.000000
70000539591.077316
1.000000
70000421638.848953
70000381813.800934
70000040667.791443
70000393668.178772
70000171004.903122
70000094072.199585
70000361645.653687
70000238362.177856
70000936742.206406
70000106530.394730
70000818734.152100
70000312991.758942
70000150490.013977
70000361768.770691
70000058455.360733
1.000000
70000079551.082382
70000561739.971710
70000362942.947006
70000623877.662613
70000307775.314011
70000064306.906052
70000610067.357529
70000771760.732513
70000569596.322678
70000135074.277786
70000459078.032318
70000868478.497681
70000248814.914230
70000331058.575851
70000121893.905670
70000006745.277344
70000604507.361984
70000493736.506088
1.000000
70000983080.361008
70000087232.913284
70000833816.491943
70000843120.872849
70000035087.616684
70000679782.653152
70000204031.278122
70000319990.475235
70000354510.697952
70000294035.146347
70000719980.191620
1.000000
70000422080.470932
70000336736.328369
70000476339.409454
70000819016.704544
70000755267.547195
70000061172.717468
70000015040.715057
70000771548.227859
70000824593.163177
70000283042.359238
70000709971.347702
70000409507.751007
70000506447.864899
70000649942.877472
1.000000
70000272707.994370
70000482900.003357
1.000000
1.000000
70000911744.836746
70000764608.339661
70000866992.446625
70000330015.704361
70000540790.904404
70000900925.176468
70000830567.396484
70000994818.869843
70000150791.646637
70000670554.207596
70000080141.718155
70000760623.086227
70000459345.096848
70000749341.775497
70000216646.805267
70000444621.210281
70000782913.647385
1.000000
70000418346.254196
70000902931.387268
70000036461.348328
70000237138.631439
70000901647.362961
70000641523.234589
70000168399.257370
70000371262.917191
70000745687.420334
70000202400.909241
70000925978.716995
70000031738.902679
70000175629.517487
70000442983.506104
70000867440.621765
70000410305.143387
70000873815.605301
70000913824.188858
70000422326.296661
70000382836.449509
70000033006.913773
70000639368.413025
70000384535.587021
1.000000
70000070165.695557
70000041123.855026
70000575579.216339
70000283609.201492
70000096022.599945
70000302513.177429
70000230851.497040
70000102637.062073
70000007092.288818
70000232791.954239
70000855585.188354
70000396566.020264
70000646538.024841
70000958522.286804
70000513226.231094
70000886107.585220
70000928341.642227
70000786850.806091
70000683080.562073
70000026988.304672
70000089453.370651
70000682965.851852
70000246975.466614
70000327781.698380
70000571564.309235
70000408769.173615
70000125960.507034
70000656421.321014
70000441848.861008
70000484830.789948
70000050293.114349
70000839157.667267
70000379008.356186
70000966502.038147
70000003471.957184
70000054149.706924
70000310305.785400
70000088348.434677
70000204872.209305
70000657360.302048
70000253019.422028
70000663797.570389
70000192296.478973
70000302583.116592
70000611495.803162
70000214827.970367
70000938242.922516
70000191964.696228
70000410141.349197
70000120099.442673
70000674479.427917
70000770272.239075
70000315632.686035
70000083873.675812
70000900246.190338
70000343605.732239
70000153240.917480
70000426221.437149
70000038195.061386
70000833417.488235
70000888997.001709
70000902129.807129
70000893991.520477
70000538750.570770
70000195682.294479
70000590835.159607
70000634933.885742
70000372348.925156
70000996086.335190
70000629048.257263
70000623565.488678
70000953210.049530
70000722698.321259
70000478383.419708
70000321343.867813
70000549347.021637
70000058080.135483
70000443634.009262
70000027685.715347
70000986413.267197
70000337578.711395
70000664635.296494
1.000000
70000748607.729248
70000033404.311951
70000885189.515961
70000830799.287430
70000813732.969330
70000627661.116745
70000692436.274857
0.33
 0 0 0 0 0 0 0 0 0 0 0 0 0
