1 401
70000273959.483017
70000814965.918243
70000328707.099243
70000816368.015366
70000946194.586594
70000053869.854279
70000881462.188736
70000663558.306946
70000638966.333969
1.000000
70000187866.124191
70000419667.035065
70000288846.120743
70000579458.917694
70000337017.934601
70000008642.721237
1.000000
70000647048.549942
70000579442.486557
70000374779.310944
70000666795.619080
70000287635.722321
1.000000
70000351100.046051
70000997143.111603
70000200756.065094
70000362850.480301
70000567005.082230
70000225457.186768
70000434536.285156
70000965305.901306
70000910872.212326
70000800748.597458
70000664059.268997
70000845070.155289
70000023959.267105
70000319011.881607
70000290443.055511
70000206664.523071
70000300775.120407
70000913126.787689
70000220019.675522
70000789622.357346
70000281438.402054
70000829870.380661
70000612337.398758
70000097856.225540
70000211551.651337
70000521795.258636
70000354004.500427
70000662059.140900
70000425033.886108
70000143048.839294
1.000000
70000827024.047974
1.000000
70000107583.372147
1.000000
70000630554.500519
70000855997.045166
70000830888.963638
70000315749.294891
70000017371.135727
70000697722.575195
70000957040.735672
70000470157.586380
70000408980.014908
70000471348.971115
70000111991.654739
70000960440.937561
70000035958.001831
70000763734.988495
70000450001.786728
70000978731.810318
70000258192.541016
70000438601.683975
70000454757.903061
70000325883.177017
70000579067.458481
70000507194.158752
70000756599.586975
70000292052.112152
70000450902.912720
70000195322.961197
70000366550.263550
70000474694.970596
1.000000
70000490649.880783
70000599919.053177
70000871615.095596
70000801331.148193
70000148667.750565
70000922791.182968
70000958073.038742
70000396234.476654
70000754003.876389
70000623427.091858
70000170778.448242
70000967445.044800
70000053659.406860
70000242538.328247
70000973204.626129
70000092928.281219
70000271710.285721
70000515283.340439
70000473778.512283
70000020394.354431
70000624876.305252
70000884791.566956
70000414324.395065
70000249420.841064
70000084196.566513
70000448373.497849
70000718872.020477
70000097292.074295
70000778997.530838
70000345142.100967
70000791529.124741
70000398474.885681
70000108506.953156
70000668457.335861
70000716909.029480
70000527118.240906
70000157774.576538
70000210072.384277
70000236342.877289
70000225751.542770
70000443981.162643
70000334539.744751
70000618549.102386
70000507018.708282
70000854976.361481
70000808160.886307
70000626042.133850
70000243488.186050
70000495280.178116
70000462052.444534
70000629201.859161
70000462213.163254
70000406244.066940
70000994705.573547
70000646637.793060
70000950045.545181
70000301224.668259
70000956461.634781
70000811326.492050
70000046817.006500
70000221181.795029
70000912933.238892
70000797413.140747
70000858809.311829
70000155346.592560
70000170319.335510
70000415872.248077
70000210628.576599
70000140716.103134
70000271264.940308
70000504365.031281
70000768280.026581
70000943808.303909
70000639631.796143
70000340682.223785
70000821165.851501
70000872288.601791
70000550460.554932
70000661471.463989
70000598241.277069
70000681834.781082
70000260171.384476
70000579993.527817
70000885585.840561
70000744488.015869
70000922245.797668
70000439202.114319
70000986424.845413
70000064760.454025
70000917693.738541
70000460287.981079
70000909045.605118
1.000000
70000020859.591446
70000767143.898407
70000958882.243607
70000163547.533295
70000942475.705887
70000264361.131363
70000887118.366547
70000473225.810043
70000023173.296524
70000435272.267120
70000401446.121735
70000610192.091888
70000886297.827316
70000197711.559525
70000766145.370926
70000643734.044357
70000960190.727173
70000523543.826782
70000044619.538467
70000893538.777954
70000506792.639206
70000916867.623840
70000640133.111328
70000408733.746231
70000791344.755569
70000521008.795242
70000063000.149429
70000604573.410156
70000305105.583466
70000535523.595367
70000745421.912781
70000846038.044556
70000830198.888947
70000733347.810211
70000310432.563217
70000964213.814682
70000982853.823502
70000818911.814713
70000752320.790176
1.000000
70000173693.026169
70000889291.237717
70000595297.289536
70000243148.535751
70000894756.999863
70000401435.961227
70000211996.956467
70000645111.521332
1.000000
1.000000
70000918173.104965
1.000000
70000232344.593445
70000891540.071930
70000667603.165222
70000597322.517349
70000444641.709091
70000675574.554245
70000161868.612564
70000688167.903091
70000727540.169876
70000554840.222595
70000265883.621399
70000730932.302872
70000499607.358658
70000705610.248230
70000094905.662323
70000971532.089706
70000767564.508759
70000225941.020233
70000100406.907562
70000407338.883667
70000105351.849854
70000176931.680069
70000751130.679016
70000381766.392975
70000721014.599075
70000373285.487503
70000601885.689102
70000035814.506104
70000329480.555130
70000499194.316071
70000412031.705734
70000458821.067642
70000698923.281845
70000661187.498169
70000066810.274658
70000044116.362289
70000584872.675278
70000065475.482239
70000844901.888168
70000247562.823547
70000354041.776520
70000831653.490112
70000700995.186600
70000851194.326508
70000850342.467377
70000646484.939377
70000673698.350952
70000576821.926331
70000795102.829620
70000664392.860779
70000712985.727997
70000425622.263184
70000531847.578278
70000796837.278122
70000331348.650818
1.000000
70000707352.941299
70000784213.081528
70000289363.069992
1.000000
70000430280.898895
70000487058.422882
70000692151.544968
70000794111.415649
70000585549.174911
70000754363.097641
70000425050.036362
70000057253.131699
1.000000
70000783425.756088
70000641175.821350
70000413059.289032
70000836402.185410
70000766455.462585
70000386685.103775
70000613302.441605
70000956607.949081
1.000000
70000348954.133102
70000418980.767761
70000830210.123978
1.000000
70000161750.976486
70000835973.009903
70000850956.383804
70000653642.930511
1.000000
70000444579.374161
70000485807.172546
70000513704.913818
70000354743.276489
70000647964.830093
70000003390.076660
70000267537.538971
70000136748.510056
70000347847.833130
70000851122.923630
70000406682.231461
70000729547.116745
70000728620.950516
70000211004.058716
70000483853.841492
70000806117.741730
70000047366.110764
70000374289.271439
70000299418.677063
70000965734.907913
70000559325.075623
70000233692.361908
70000823629.460724
70000752317.891464
70000057019.346390
70000293013.014618
70000622571.750549
70000853755.031906
70000776981.985153
70000165497.892624
70000783417.981750
1.000000
70000061552.217865
1.000000
1.000000
70000281521.019745
1.000000
70000172696.289398
70000224380.650482
70000206212.532791
70000154160.535568
70000832572.709808
1.000000
70000999359.356918
70000087473.408005
70000050035.324844
70000483413.283356
70000555760.616287
70000049578.117035
70000523546.335938
1.000000
70000572879.789734
70000726924.435455
70000454964.856949
70000682216.272247
70000847212.244431
70000031713.082779
70000014155.704453
70000875570.546097
70000796016.099518
70000938204.600372
70000624796.070145
70000226438.364090
70000718312.903976
70000079538.697769
70000846019.483643
70000967788.764786
70000132831.253601
70000879429.753555
70000197265.899094
70000793371.910751
70000113991.772156
70000854096.022598
70000292588.297119
70000683013.397079
70000562729.367142
70000595433.671448
70000370450.450806
70000188238.103806
70000562074.247452
70000715916.588882
0.33
 0 0 0 0 0 0 0 0 0 0 0 0 0
