1 401
70000014168.389191
70000990732.933487
70000132941.806046
70000151174.804184
70000518867.100021
70000369950.656235
70000662688.409485
70000043420.483490
70000111751.414627
70000253718.679977
70000840597.637650
70000496805.175613
70000862606.629028
70000636755.217453
70000585827.674835
70000268678.961716
70000825239.318207
70000725599.408493
70000023087.098099
70000838890.358932
70000082464.135834
70000687939.821213
70000126768.345978
70000754884.230911
70000933368.232727
70000562941.993988
70000967067.687790
70000084486.047791
70000247505.422974
70000582520.086319
70000709671.918793
70000489635.439011
70000747257.726212
70000183329.263290
70000261687.042007
70000370246.473083
70000388057.518646
70000487048.177017
1.000000
70000252169.115448
1.000000
70000479786.617981
70000232095.973709
70000488954.482544
70000544098.253784
70000570115.017365
70000885336.490982
70000088003.466782
70000411861.906967
70000062171.795135
70000803607.844086
70000461263.378189
70000038574.949966
70000361820.419479
70000123997.234070
70000805334.900391
70000019659.023697
70000073701.150101
70000106293.878265
70000665216.512054
70000103555.462479
70000631855.712402
70000275943.672867
1.000000
1.000000
70000451980.409622
70000956197.494827
70000076753.345535
70000308403.054489
70000906630.702362
70000398103.906342
70000994147.036240
70000570288.721329
70000311496.467712
70000830689.565796
70000432125.311646
70000905794.189514
70000156935.467529
70000863294.203293
70000140841.819336
70000208944.410599
70000061284.189957
70000016711.702591
1.000000
70000993602.487869
70000822228.608170
70000682671.045425
70000601533.842331
1.000000
70000428387.654404
70000865594.623474
70000569392.334610
70000409318.731567
70000064219.020859
70000204074.923782
70000032013.217255
70000062000.927155
70000225508.947952
70000387279.946976
70000650272.836151
70000674602.521622
70000399795.247665
70000341233.288849
70000639253.046143
70000152115.539902
70000976925.836777
70000145132.015472
70000684283.275940
70000900537.016891
70000439965.148361
70000137416.594330
70000226121.198807
70000682617.376404
70000630031.211014
70000987394.312424
70000959917.361282
70000186929.814163
70000767131.748734
70000517118.887344
70000644634.082123
1.000000
70000410963.911591
1.000000
70000427787.251480
70000408148.631012
70000498226.272720
70000082530.707474
70000867243.412933
70000102880.308838
70000830274.467148
70000190373.469528
70000749315.726822
70000230171.669830
70000857486.813004
1.000000
70000391585.390823
70000945425.333618
70000290383.875961
70000673667.245773
70000789824.927155
70000797028.835602
70000020345.653763
70000267599.009109
70000189850.052429
70000562758.949951
70000068777.930466
70000530739.593811
70000042262.914108
70000366369.493454
70000365151.028793
70000019675.962189
70000393457.381790
70000454077.734680
70000169085.548065
70000819768.542603
1.000000
1.000000
70000206684.171844
1.000000
70000183573.356979
70000800861.992218
70000017115.090561
70000380682.800369
70000843628.674347
70000371258.237534
70000167083.076553
70000720171.054810
70000652237.892120
70000862919.419083
70000355498.527924
70000448403.895187
70000722024.310654
70000739084.101379
70000157417.788483
70000612432.668610
70000638978.532440
70000754914.204727
70000943101.949493
70000435349.537369
70000549490.634766
70000364165.035110
70000237918.725708
70000399834.867279
70000733334.989105
70000255374.072784
70000671537.807480
70000812194.839478
70000865288.882828
70000855823.923431
70000357266.846970
70000078550.710297
70000458818.546844
70000305607.093597
70000046992.818344
70000411567.786972
70000728987.553116
70000335160.372375
70000707700.139069
70000276686.956543
70000666768.799255
70000207946.772125
1.000000
70000279886.473297
70000415887.336349
70000032220.824539
70000446168.447037
70000590912.628021
70000602005.830597
70000968443.745575
70000962035.054398
70000907001.383865
70000622973.713043
70000276414.503418
1.000000
1.000000
70000648096.592880
70000870147.849945
70000514242.163849
70000009188.584045
70000555827.705887
70000111936.581589
70000460499.447876
70000657535.409256
70000200954.194809
70000678097.870468
70000207067.582077
70000869358.530487
70000988598.022430
70000044631.847809
70000303180.683090
70000302720.937851
70000599601.514816
70000388508.076187
70000723786.755905
70000551089.036697
70000347826.692383
70000152546.869598
70000020641.052719
70000686445.579422
70000784993.346054
70000016931.464890
70000927383.071625
70000841356.743591
70000756669.796326
70000263009.753281
70000033336.694107
1.000000
70000288495.188431
70000742880.338364
70000807823.142731
70000256825.017197
70000909820.543213
1.000000
70000854352.798889
70000697067.346146
70000764232.502731
70000653771.520966
70000864814.837875
70000598466.561996
70000646246.746689
70000564567.263931
70000946896.239792
70000887141.974121
70000543909.107651
70000636069.344177
70000297259.372772
70000801990.126709
1.000000
70000462202.538818
70000664064.661606
70000313178.849457
70000467469.124176
70000432666.111481
70000259223.953781
70000005930.494812
70000865501.747421
70000338824.154480
70000676418.006485
70000486998.861923
70000352100.546326
70000493277.984818
70000867891.962723
70000143678.842667
70000653430.649170
1.000000
70000964497.131348
70000534852.592194
70000364713.541046
70000133489.691315
70000111136.860413
70000242014.298721
70000927837.818298
70000077370.194260
70000286622.343689
70000002357.187469
70000213030.637756
70000593969.125809
70000583295.228714
70000154344.033676
70000452963.596008
70000759143.953964
70000208022.004608
70000467173.923645
70000792357.983505
70000187508.288910
1.000000
70000881385.340729
70000758604.001190
70000055376.739182
70000700766.127136
70000642262.520615
70000410747.936981
70000501543.503662
70000033513.611176
70000756319.315430
70000314432.715744
70000739300.050217
70000839208.714188
70000850005.535126
70000470378.127029
70000921768.125168
70000260187.007858
70000858370.550201
70000101699.131607
70000511080.164490
70000551763.767334
70000303274.872986
1.000000
70000920946.475510
70000645474.555099
70000012940.422501
70000778286.958832
70000863436.755371
70000371857.985901
1.000000
70000982791.449509
70000379737.036316
70000959895.374374
70000172808.085785
70000428568.781815
1.000000
70000909882.617477
70000134567.749039
70000291317.816299
70000325380.925507
70000732721.182465
70000839616.585083
70000697759.668381
70000389981.843414
70000412354.676895
70000090476.620163
70000035073.226944
70000786245.522552
70000200588.137527
70000490614.927322
1.000000
70000854178.527557
70000908534.495163
70000664211.259750
70000802291.782364
70000218448.036972
70000669830.487869
70000419225.579330
70000662069.166763
70000693444.887955
70000180591.324768
70000656897.621857
70000449296.822556
70000186148.302979
70000193396.831909
70000213290.347351
70000550882.973236
70000213608.805511
70000903989.036346
70000532105.941223
70000269287.411072
70000931780.774765
70000264946.616867
70000849503.772675
70000449395.583130
70000541513.196350
70000059206.172287
70000507267.335648
70000943910.054596
70000622715.344025
1.000000
70000160111.457825
70000648734.360962
70000153411.566559
70000163503.256683
70000402930.970352
70000924371.352158
70000502684.710159
70000282887.235092
70000232449.459991
70000271772.885239
70000071488.044189
70000123040.398941
70000447205.835693
70000039539.005203
0.33
 0 0 0 0 0 0 0 0 0 0 0 0 0
