1 401
70000083694.060867
1.000000
70000943048.846588
70000777959.250366
70000782767.849396
70000335337.317917
70000709646.847122
70000642385.594147
1.000000
70000783748.292709
70000899835.344559
70000012113.837524
70000259297.867279
70000418139.973969
70000571349.535873
70000660565.526428
70000652534.222366
70000937969.910294
70000867540.135559
70000883489.789032
70000347816.908371
70000634838.097427
70000149682.462112
1.000000
1.000000
70000777780.299149
70000317207.560196
1.000000
70000749345.595612
70000341817.434082
70000012880.387985
70000584215.894974
70000535003.549652
70000591765.367004
70000247108.914597
70000533465.613449
70000673867.423492
70000765681.431320
70000387630.390671
70000297824.499451
70000933956.447159
70000019203.754425
70000967630.843582
70000259953.411789
70000695442.310577
70000783705.134613
70000194695.219955
70000999782.088303
70000752589.498795
70000214023.634186
70000393806.707932
70000019190.656830
70000522456.535217
70000641260.630371
70000768659.486343
70000244426.076019
70000703326.232193
70000050574.621658
70000972336.892502
70000061092.385635
70000682907.765686
70000570866.142303
70000969054.481384
70000667695.938705
70000236705.957474
70000176942.833267
70000995640.701157
70000461176.443375
70000535934.079239
70000823971.580292
70000223841.862411
1.000000
70000441165.669846
1.000000
70000095938.101608
70000104700.181091
70000719632.947174
70000492427.942307
70000026789.112076
1.000000
70000651790.012390
70000714144.889374
70000052580.142151
70000875985.715378
70000332008.182373
70000377222.025238
70000579289.364151
70000820020.817719
70000039220.024902
70000685474.685745
70000696456.823334
70000899970.659317
70000120153.102875
70000849484.362030
70000486206.872070
70000405323.809189
70000472777.007416
70000513034.706146
70000004923.777679
70000751193.491913
70000292049.317368
70000947972.974091
70000653334.754669
70000078906.776306
70000024582.590515
70000002639.838745
70000051576.102280
70000907355.433182
70000312721.994263
70000035506.405655
70000344216.477524
70000027852.170578
70000108968.065689
70000477874.369751
70000968115.389008
70000073810.820206
70000872684.746521
70000386923.924500
70000901484.574768
70000394412.041367
70000804587.264450
70000742301.207199
70000285071.434738
70000675520.876709
70000674575.591370
70000998250.286148
70000170729.118073
70000151327.085739
70000056944.874786
70000628252.226364
70000346360.998779
70000100023.965485
70000280494.742310
70000004790.753174
70000499815.512085
70000976485.337616
70000109774.829498
70000471814.445511
70000572012.781769
70000866189.819031
70000987804.115463
70000530764.352310
70000880809.366241
70000231638.300583
70000182564.252747
1.000000
70000686157.692245
70000049165.634171
70000598229.535629
70000302302.300034
70000017314.029968
70000963903.127472
70000597710.819427
70000632213.088943
70000648102.703461
70000861555.797485
70000417844.711884
70000278737.549576
70000617893.681458
70000305906.220184
70000891711.045197
70000479377.361923
70000492726.211365
70000704850.383133
70000382664.391159
70000830275.764526
70000494720.519119
70000602541.278229
70000868586.513641
70000884890.900848
70000920760.814957
70000492036.815491
70000937031.289169
70000933009.837509
70000239109.565445
70000568166.958130
70000123709.812683
70000784035.774933
70000790995.397171
70000869769.682861
1.000000
70000377406.849060
70000539603.203857
70000116683.103134
70000949741.544922
70000627905.171036
70000862961.709549
70000256117.828583
70000464291.270767
70000301706.243439
70000570050.003983
70000665482.350906
70000545471.829330
70000941555.104599
70000308554.230133
70000098948.207413
70000976167.772995
70000208922.380905
70000081755.839523
1.000000
70000811153.575623
1.000000
70000903730.092010
70000636071.138062
70000307964.497681
70000087669.624176
70000400330.962799
70000745136.270004
70000982666.357193
70000667403.295349
70000624619.306854
70000032954.944244
1.000000
70000064966.743988
70000259788.522034
70000456755.408981
70000799403.527252
70000004364.375458
70000939115.840897
70000434072.809662
70000352284.946960
70000344692.298325
70000995017.043930
70000829193.997131
1.000000
70000716346.855606
70000927762.179153
1.000000
70000374527.155869
70000144584.424347
70000528399.473267
70000997212.500092
70000057963.802277
70000903528.713959
70000298397.349655
70000754720.482727
70000031987.218369
70000180029.087158
70000877656.995682
70000331788.010788
70000285134.019669
70000837454.729660
70000123483.676086
70000853481.983246
70000052881.139435
70000905952.536758
70000569747.186234
70000804153.262680
1.000000
70000396346.191376
70000948722.517715
70000105587.522980
70000511898.316727
70000863401.308060
70000087258.525574
70000087139.261780
70000965337.949417
70000497795.440842
1.000000
70000113843.071121
70000800670.997528
70000908657.033630
70000399321.342743
1.000000
1.000000
70000397855.672012
70000143393.576324
70000528759.037064
70000525797.983704
70000550992.668289
70000425512.666245
70000117851.684250
70000901256.320938
1.000000
70000659460.451202
70000061670.915787
70000437565.953720
70000399608.692200
70000257280.219635
70000568916.473816
70000585822.849594
70000899646.520416
70000811833.188644
70000539194.405792
70000705971.706650
70000407197.165512
70000711821.931702
70000551494.383026
70000437368.747955
70000788356.738571
70000893970.289642
70000387104.483200
70000833989.132294
70000130373.745010
70000731409.134323
70000734088.890961
70000651143.814896
70000281648.465561
70000442374.953827
70000235678.806259
70000694388.825516
70000334386.561401
70000363421.569107
70000081322.238358
70000964738.533005
70000217645.998779
70000978139.143112
70000691512.059143
70000262971.106018
70000098113.694199
70000565248.464722
70000832975.499924
70000526901.529541
70000913573.617706
70000682867.372635
70000902278.769287
70000901163.641998
70000358226.851456
70000534661.390976
70000910622.946487
70000447144.230148
1.000000
70000122517.950104
70000467822.230591
70000034435.657608
70000079374.747818
70000364726.118881
70000176377.523453
70000773549.942825
70000514028.065643
70000615594.119522
70000276196.289673
70000982348.344757
70000288873.135727
70000830739.157211
70000423088.010849
70000746202.437195
1.000000
70000593714.864380
70000898530.252518
70000326636.236557
70000446734.085449
70000377688.197006
70000545960.886215
70000120866.716766
70000830800.033707
70000324678.131165
70000578576.856216
70000044612.567032
70000518322.419708
70000365103.497330
70000368282.110855
70000818701.750946
1.000000
70000709257.654037
70000559518.170410
70000989733.143677
70000026473.114685
70000419753.556747
70000298024.627213
70000958800.137329
70000717523.147797
70000644672.305420
70000344501.557831
70000197011.753342
70000028693.208923
70000624800.776260
70000190036.126053
70000277518.610916
70000364879.994415
70000052831.185394
70000787261.261688
70000617933.746826
70000590671.799393
70000469040.370850
70000869985.098602
70000307168.004517
70000473021.983734
1.000000
70000333674.630051
70000206596.515503
70000872915.438538
70000351682.170944
70000881602.743515
70000675525.163834
70000944139.348480
70000437961.668045
1.000000
70000556736.738754
70000978945.579834
70000571746.492081
70000834993.110535
70000302812.548752
70000777003.794998
70000257920.956131
70000007849.934967
70000233665.162048
70000829447.284058
70000979606.987762
70000253708.223419
0.33
 0 0 0 0 0 0 0 0 0 0 0 0 0
