1 401
70000270873.266785
70000361109.107468
70000927376.153687
70000419922.573288
70000126087.614227
70000188042.948044
70000955902.487244
70000205566.801132
70000121339.177124
70000091760.738998
70000566893.050751
70000349082.059860
70000472515.587616
70000000345.538971
70000164373.443878
70000965350.160599
70000577970.530365
1.000000
1.000000
70000699278.357773
70000217998.749451
70000167802.735565
70000413988.485336
70000547189.833939
70000599714.733032
70000192077.821136
70000012446.100662
70000482815.290176
70000276004.841049
70000070221.308105
70000618585.198807
70000677957.020660
70000361953.248764
70000006458.536392
70000113279.620041
70000725597.491806
70000596182.810928
70000080371.201767
1.000000
70000082390.170975
70000508595.505051
70000661273.693817
70000006667.446518
70000501763.713577
70000584299.065567
70000785387.216522
1.000000
70000010106.898148
70000308810.089767
70000381659.308929
70000885723.235397
70000924347.732101
70000612217.978317
70000184801.401611
70000224915.995911
70000751923.209732
70000500498.118607
70000863314.635056
70000060292.443680
70000152606.616806
70000662568.448318
1.000000
70000027389.726532
70000023110.680206
70000005274.002548
70000329815.465317
70000632130.689102
70000328808.679932
70000431075.429535
70000918506.358002
70000806949.852112
70000033842.248108
70000220362.846542
70000610149.159714
70000495452.941635
70000460220.381119
70000058175.613525
70000241431.966751
70000229032.353043
70000374993.565567
70000476223.145325
70000095465.106461
1.000000
70000551871.841156
70000095942.247513
70000985964.627930
70000487507.213089
70000955339.024185
70000989505.735855
70000427403.768799
70000193904.129639
70000711542.792145
70000378950.727768
70000310997.787399
70000543773.671265
1.000000
70000286007.474548
70000106455.865417
70000244621.503403
70000178001.407104
70000306278.089813
70000631177.092880
70000589331.209244
70000013998.717865
70000691080.835083
70000548336.231171
70000497867.115097
70000541395.386261
70000528411.093094
70000866694.902145
70000552486.556671
70000233006.916763
70000341911.161942
70000790510.859619
70000789602.398483
70000291541.021957
70000441261.009033
1.000000
70000958019.766434
70000999280.857498
1.000000
70000873393.040482
70000331273.414047
70000990161.958939
70000082000.885437
70000168359.773056
70000475587.802277
70000848499.926987
70000629214.755249
70000429984.796707
70000032155.315231
70000011662.198441
70000072839.449081
70000191422.428085
70000440950.493423
70000451490.712875
70000270448.335434
70000910873.480484
70000359274.227585
70000885234.227814
1.000000
70000700497.508972
70000855941.011627
70000571904.088654
70000977198.608139
70000856088.681030
70000199792.773560
70000790226.033844
70000663787.587509
70000725994.302856
70000541504.074707
70000737468.836563
70000523541.848328
70000818839.884430
70000986492.139008
70000913882.839798
70000196147.089233
70000579473.559387
70000683740.136780
70000214587.486542
70000580182.965881
70000232865.172287
70000662265.127274
70000026571.364029
70000440472.014664
70000565053.572037
70000109112.300735
1.000000
70000964551.981415
70000061089.070343
70000235128.964569
70000680761.874237
70000931698.466019
70000598781.337708
70000582475.336731
70000692482.834000
70000059438.835007
70000666087.371094
70000905912.122879
70000396952.803802
70000830099.487442
70000749440.325485
70000015772.779541
70000097605.631256
70000513170.473923
70000595404.558624
70000165821.412949
70000080948.792587
1.000000
70000422701.824066
70000050051.237885
70000034909.660522
70000736657.874924
70000114501.453293
70000202212.178757
70000635738.957642
70000457108.957550
70000696477.531891
70000273201.857895
70000616829.984894
70000121239.231079
70000255249.587891
70000175022.754333
70000185203.118103
70000159292.858032
70000840065.665466
70000382743.398773
70000514724.469681
70000786765.225632
70000998487.484879
70000743092.235123
70000889988.271286
70000913350.675949
70000395588.173050
70000878802.862854
70000356891.619171
70000813779.573425
70000547575.660385
70000635332.476822
70000921697.332748
1.000000
70000304647.590164
70000492277.566360
70000680332.965668
70000435878.279266
70000402677.388031
70000639170.779510
70000481087.989822
70000587064.246399
70000877511.322311
70000899489.899719
1.000000
70000501794.257248
70000220109.338150
1.000000
70000117135.766556
70000481510.274673
70000121531.149689
70000377872.293320
70000418884.016220
70000980324.974823
70000373306.246033
70000692457.849136
70000168602.132462
1.000000
70000330769.665466
70000105230.357040
70000492404.446075
70000877779.226593
70000072593.609360
70000874928.768997
70000510305.719345
70000890449.748505
70000611498.544205
70000006370.212936
70000625773.065491
70000856264.166504
70000816108.830627
70000343129.950668
70000534860.925537
70000818876.157150
70000844644.096436
1.000000
70000392762.442139
70000245064.355255
1.000000
70000357297.761597
70000381613.860748
70000321342.198456
70000162087.230881
70000740475.251205
70000555348.929230
70000938425.418488
70000931762.777069
70000511867.919632
70000707753.126923
70000124855.604263
70000844040.899628
70000869903.035904
70000052749.260818
70000858167.079987
70000289437.421005
70000347843.699936
70000160428.243622
70000306993.027954
70000264271.454498
70000456822.550812
70000784072.051636
70000819939.100571
70000715746.863068
70000829507.033264
70000145331.574493
70000037313.372421
70000873934.510010
70000609589.701401
70000421563.059799
70000656576.517319
70000005301.546249
70000271865.650787
70000806557.054626
70000007317.996902
70000374297.163162
70000154696.074097
70000153607.008789
1.000000
70000895134.857117
70000613198.334717
70000567923.007950
70000806456.357025
70000057343.003113
70000209506.015366
70000386857.157074
70000680146.529175
70000204117.850433
70000287187.335052
70000426684.345200
70000042571.758163
1.000000
70000416979.279404
70000441875.578033
70000317938.213089
70000180166.194077
70000751210.953583
70000115652.056641
70000588476.920914
70000868911.701508
70000860523.040359
70000282453.464172
70000210375.825790
70000450787.917572
70000690663.383514
70000475260.928253
70000029493.720703
70000522065.925339
70000757289.726791
70000931413.569702
70000436962.523590
70000808616.853439
70000154862.145737
1.000000
70000172148.240234
70000629947.717407
70000706980.321777
70000619221.368362
1.000000
70000236432.524155
70000161064.551422
70000554458.057144
70000657833.025986
70000015380.388565
70000985694.322464
70000034659.907059
1.000000
70000464021.133621
70000859348.108841
1.000000
70000954750.864563
70000603366.039993
70000055243.634445
70000678329.492203
70000496736.170410
70000774503.848389
70000157575.847504
70000438742.574509
70000115964.770844
70000894566.823059
70000595282.663437
1.000000
70000375110.438965
70000292296.791748
70000162557.952499
1.000000
70000491570.002182
70000554367.376694
1.000000
70000838490.443512
1.000000
70000763374.647430
70000059991.258057
70000345675.432327
70000388081.379242
70000769403.076767
70000710115.100204
70000251327.252792
70000856162.079712
70000657972.123810
70000349343.772781
70000651806.304398
70000451729.429672
70000205182.908661
70000179176.243729
70000023723.331985
70000491988.391571
70000536001.217758
70000728305.557571
70000402207.727371
70000181202.655106
70000878605.830826
70000189809.342499
70000415955.540665
0.33
 0 0 0 0 0 0 0 0 0 0 0 0 0
