1 401
70000996744.617477
70000535197.107056
70000965686.508514
70000711255.645203
70000213806.971695
70000507335.156082
70000147409.369720
70000409405.292358
70000926951.813263
70000879658.441910
1.000000
70000179152.220673
70000837852.023453
70000738664.507904
70000995356.159149
70000030303.740982
70000538784.966278
70000526846.355988
70000566461.879807
70000256034.243576
70000759347.569733
70000257371.226547
70000047160.079391
70000805717.904053
70000752485.113937
70000250644.563232
70000457188.601440
70000063292.851425
70000977819.166229
70000879852.492279
70000493038.156876
70000616377.044144
70000261290.035767
70000855026.343979
70000603466.496353
70000098949.054688
70000857842.152313
70000142989.285080
70000719974.791321
70000677220.858307
70000387685.518631
70000797417.876694
70000766628.960373
70000946296.750443
70000905549.964890
70000135350.869965
70000177014.185898
70000063005.184113
70000654216.917648
70000485039.476669
70000697623.034424
70000972185.800034
70000946901.190857
70000492681.704681
70000472629.065750
70000180405.112701
70000852642.463165
70000255183.787033
70000994960.469650
70000161781.685028
70000925780.155746
70000396281.838043
70000378587.092148
70000393655.012238
70000116285.933960
70000533295.569473
70000760404.790283
70000265365.003098
70000331439.341934
70000861449.124435
70000414115.988342
70000560675.453491
70000290452.841293
70000916415.258102
70000106560.974991
70000010302.632782
70000445073.971176
70000204768.089447
70000811418.979660
70000944329.739227
70000901136.371964
70000989211.246109
70000226976.293945
70000301996.890594
70000762394.373550
70000823639.376541
70000448963.153763
70000104321.124908
70000988642.745377
70000574430.812088
70000439796.450806
70000088931.246155
70000943780.414459
70000210783.795441
70000330640.040268
70000134858.762070
70000019413.278763
70000807174.245743
70000988448.431290
70000532910.799576
70000959307.191727
70000274608.088806
70000756768.676834
70000346572.192825
70000934776.929932
70000558431.773727
70000612886.847168
70000052094.676620
70000394259.799133
70000668314.070572
70000990356.668121
70000382965.267609
70000753146.858810
70000680354.338547
70000508449.718063
70000773792.605865
70000037249.744522
1.000000
70000980842.278793
70000586553.018204
70000500564.283203
70000563866.018524
70000608253.476013
70000061456.104080
70000907313.391785
70000882661.596054
70000129458.494415
70000850045.685989
70000626212.679474
70000866611.385757
70000290176.963806
70000428178.219315
70000813548.242538
70000494927.817978
1.000000
70000844567.547592
70000987685.757126
70000173966.532074
1.000000
70000986352.570297
70000398622.253296
70000968103.191757
70000027712.750931
70000389083.987946
70000990762.976151
1.000000
70000151796.023972
70000224549.477646
70000995329.778137
70000972772.398636
70000196353.949829
70000303705.241165
70000436909.192596
70000126041.445389
70000485622.127319
70000897885.397110
70000018076.378922
70000759448.183853
70000264456.734497
70000301301.727753
70000562113.797745
70000816600.297623
70000470623.924683
70000853617.085907
70000573409.683380
70000920223.810074
70000165301.075592
70000242179.804398
70000330839.630173
70000024088.033707
70000003309.163147
70000744539.412781
70000777941.580368
70000018916.786942
70000422531.177063
70000740466.358582
70000346800.695679
1.000000
70000446336.157883
70000441917.606644
70000890739.672226
70000483343.256882
70000154650.771912
1.000000
70000247645.091095
70000826151.895798
70000704037.847412
70000211829.292709
1.000000
70000550071.888306
70000935422.290482
70000894343.108643
1.000000
70000348887.320831
70000668916.513351
70000742481.501022
70000049685.893356
70000774507.630829
70000796886.294083
70000999992.673752
70000856476.651062
70000101906.547058
70000566271.332748
70000410360.108231
70000983429.320312
70000288017.398224
70000218457.725052
1.000000
70000409277.544189
70000839684.147003
70000977911.755951
1.000000
70000490514.124420
70000609615.061707
70000778677.517288
70000416593.627594
70000294414.132233
70000499088.053879
70000279017.289902
70000315575.592896
70000756371.730606
70000080111.652725
70000198844.060257
1.000000
70000996039.753433
70000241584.201477
70000928421.243591
70000308951.867523
70000360173.397552
70000513907.484222
70000805253.647858
70000469275.675690
70000055443.752472
70000398346.332306
70000032840.812332
70000002837.916641
70000405616.852814
70000565066.091507
70000735863.322342
70000026902.781601
70000345847.110641
70000447151.746017
70000341671.933014
70000714196.565430
70000778797.653564
70000090880.443069
70000704510.527786
70000989501.823166
70000559663.130051
70000007642.954697
70000549168.816940
70000748159.114029
70000659631.332184
70000248253.426346
70000469175.856689
70000282558.295731
70000181227.502884
70000745274.103973
70000846526.042938
70000227492.901321
1.000000
70000519990.088730
70000388868.956497
70000299440.439362
70000673140.869537
1.000000
70000726073.117920
70000709253.959152
70000455562.748154
70000495363.610245
70000676966.953003
70000032211.178406
70000413824.392792
1.000000
70000278174.451370
1.000000
70000871711.580231
70000382241.732117
70000491841.801910
70000936681.928482
70000104528.559067
70000996392.921249
70000051216.388397
70000886836.199081
70000689779.181732
70000614915.583023
70000608719.551208
70000816433.317230
70000291209.111008
70000434996.859512
70000464485.187088
70000062132.355896
70000832320.221390
70000448082.104706
70000244076.045441
70000403934.318024
70000114222.257477
70000860092.440018
70000173613.908676
70000905447.661240
70000518862.438034
70000336743.614700
70000528011.851990
70000091628.623154
70000406700.089264
70000395431.342392
70000442899.965530
70000672945.908035
70000394489.325363
70000512914.281769
70000691006.576401
70000311125.626984
70000921034.534286
70000389831.636215
70000193287.222595
70000367709.192947
70000110499.313934
70000374128.529099
70000704458.390396
70000520302.864685
70000673213.170395
70000297910.310883
1.000000
70000635869.158997
70000423207.502579
70000197122.322784
70000601068.046829
70000565605.951401
70000636988.006668
70000975749.851028
70000760192.196396
70000619797.358841
70000817781.381302
70000913263.900635
70000292388.330780
70000867695.671432
70000057098.314514
70000793678.417786
70000944050.555511
70000378548.760895
70000559210.427780
70000572977.686981
70000815028.440277
1.000000
70000898111.740601
70000191926.265915
70000411230.525436
70000104344.115143
70000908648.656036
70000906920.508286
70000385339.096436
70000105811.405609
70000048671.563812
70000570460.337448
70000700778.258224
70000666792.207108
70000770987.065704
70000203279.587402
70000373283.171478
70000564540.458939
70000459199.317871
70000380426.653732
70000148125.240128
70000551682.187332
1.000000
70000111124.621323
70000220464.802582
70000731164.827423
70000484379.106812
70000410320.343903
70000385672.783524
70000497019.128738
70000950569.858780
1.000000
70000876853.042053
1.000000
70000741415.717560
70000626140.062698
70000670750.993515
70000691792.747223
70000661117.124634
70000990760.423431
70000861445.233627
70000038986.727142
70000916492.505219
70000461713.050690
70000201050.074829
70000599535.748749
70000195756.308960
1.000000
70000780926.655258
70000483738.197617
70000285264.290665
70000783326.621155
70000026686.007401
70000448320.952728
1.000000
70000497568.346405
70000695349.039017
70000902449.219772
0.33
 0 0 0 0 0 0 0 0 0 0 0 0 0
