1 401
70000592599.062073
70000131845.798203
70000979599.588852
70000529699.214890
1.000000
70000738131.681717
70000347895.427505
70000827514.573593
70000592489.351364
70000131091.706818
70000166779.993576
70000516571.767410
1.000000
70000393930.622879
70000997986.177551
70000271184.263062
1.000000
70000748268.090439
70000384686.946045
70000249883.545120
70000642811.801331
70000960338.464844
70000246839.676987
70000856557.100281
70000440485.552902
70000279045.353134
70000540514.801682
70000641115.872147
70000751608.784134
70000060175.602875
70000201812.750549
70000701468.815445
70000917759.326431
70000259240.493240
70000385857.444168
70000499762.744797
70000716213.580063
70000053942.072617
70000912512.230057
70000078150.003540
70000015396.638184
70000473328.251129
70000346965.395798
70000741217.678635
70000516959.745743
70000073706.780960
1.000000
70000799030.479279
70000464578.985352
70000532014.801727
70000086359.540024
70000700455.742950
70000637911.927628
70000774180.924942
70000875151.109558
70000759705.372650
70000394989.946793
70000001117.306107
70000895247.994675
70000407295.024216
70000591715.195770
70000285008.171646
70000188375.483871
70000287210.991272
70000269366.187256
70000220146.632416
70000157101.732346
70000906107.501755
70000381606.298050
70000627709.502502
70000161243.183426
70000366702.288086
70000051065.421631
70000864080.941055
70000004726.114655
70000789646.705841
70000858554.497177
70000747003.104950
70000819927.469177
70000994179.918274
70000227170.072327
70000877422.567276
70000033421.866699
70000359741.037704
70000967316.469162
70000232959.448257
70000027409.888199
70000531236.210602
1.000000
70000618107.768402
70000599103.856186
70000050312.542542
70000703609.529785
70000884683.851349
70000289398.872681
70000113994.149200
70000380927.691101
70000285760.441528
70000432025.293823
70000725954.279083
70000110663.106689
70000005017.014694
70000218084.199661
70000395779.096802
70000770907.945068
70000412938.160965
70000592348.809555
70000938768.423996
70000935653.017502
70000842917.993774
70000684134.514786
70000015143.943115
70000637206.325150
70000734412.935532
1.000000
70000027053.883667
70000988016.517593
70000184332.214081
70000713308.253113
1.000000
1.000000
70000859607.841202
70000390217.328293
70000046838.330765
70000657797.103485
70000048403.581985
70000228997.431335
70000912757.189392
70000973255.203537
70000727378.054779
70000035927.142639
70000475804.904236
70000533331.474701
70000300736.753479
70000016650.864182
70000595310.061188
70000338489.197205
70000499347.367249
70000551009.412109
70000732839.292191
70000326218.722015
70000981794.385254
1.000000
70000177589.178619
70000573049.527817
70000900348.463791
70000386135.493881
70000769730.255096
70000997971.626114
70000586945.565445
70000392746.402374
70000081791.128876
70000488505.358261
1.000000
70000967015.233749
70000894506.605179
70000576588.899063
70000917603.654327
70000769706.066513
70000495762.358994
70000887186.836105
70000855052.305847
70000390587.587753
70000791510.475128
70000459106.437317
70000759179.502228
70000084196.151443
70000323977.525070
70000532904.247742
70000454037.759338
70000364933.419540
70000370361.164276
70000873591.673492
70000675186.861786
70000914358.856369
70000062091.778351
1.000000
70000180243.800354
70000340196.331146
70000827025.078064
70000898834.121887
70000410985.787292
70000827574.351929
70000987976.820923
70000629565.089966
70000709873.922867
70000839971.987518
70000910081.670395
70000609606.374161
70000184363.833481
70000878380.730881
70000456387.201889
70000660693.064255
1.000000
70000172244.583893
70000048697.335724
70000432574.994156
70000113402.852509
70000603868.691513
1.000000
70000428398.475342
70000803620.952408
70000744871.035217
70000455960.795105
70000869729.404922
70000831474.883163
70000051876.109711
70000235353.240677
70000473513.549423
70000460490.818619
70000136889.301987
70000411562.753067
70000083635.626465
70000300993.650391
70000466009.695328
70000826693.595764
70000179257.758408
70000183836.305527
70000179972.506607
70000619409.063995
70000202547.071793
70000855445.983734
70000279776.656784
70000347295.078583
70000535266.080338
70000147136.424652
70000475311.482422
70000101531.297073
70000350786.068756
70000953003.649689
70000119902.680054
70000971034.391571
70000653221.724777
70000442131.090118
70000243458.106583
70000570893.257278
70000184270.210510
70000685393.186172
70000395698.117706
70000750976.253281
70000372632.867233
70000481215.440796
70000158554.270859
70000051827.193924
70000263519.025833
70000912913.694458
70000068537.486206
70000623846.596649
70000567590.262009
70000326239.666107
1.000000
70000716305.089554
70000828272.306427
70000917626.189133
70000333170.718231
70000238306.355240
70000377767.222717
70000511024.874451
70000905922.224380
70000320513.051437
70000656057.425415
70000894673.914978
70000010844.672394
70000585140.074600
70000251546.168182
70000319997.595520
70000632174.859558
70000325647.712540
70000995218.198959
70000306335.122086
70000155903.004333
70000587050.931686
70000461614.596695
70000712757.070648
70000747680.724213
70000714842.758957
70000243756.405853
70000659967.402664
70000990265.439209
70000146143.840866
70000106065.989105
70000647292.731537
70000440174.701447
70000790611.850677
70000205427.474091
70000558107.533508
70000568866.201385
70000325552.278976
70000104693.016159
70000569847.117310
70000271262.946838
70000340407.846298
70000780068.451675
70000097891.723358
70000291599.499832
70000511668.761871
70000067486.259796
70000048403.306839
70000552108.263855
70000506083.470856
70000077926.424835
70000514561.689484
1.000000
70000378703.012802
70000965911.246826
70000887333.222061
70000001707.888641
70000772634.528244
70000215597.112000
70000958300.594391
70000941593.962296
70000760493.026428
70000677505.019409
70000658859.907516
70000940144.884766
70000971373.299881
70000508590.139893
70000451114.998367
70000137231.183792
70000500214.646271
70000055744.559097
70000391855.278870
70000170754.381241
70000488587.082825
70000364027.122223
1.000000
70000886766.816315
70000254193.397812
70000672085.076233
70000688854.042877
70000302417.146500
70000078332.921783
70000044703.367203
70000662912.883636
70000923175.113739
70000247720.832443
70000347876.100525
70000910878.574387
70000236281.031555
70000781919.021118
70000500089.707901
70000915649.206482
70000697481.884415
70000731955.962448
70000615602.369553
70000712723.714127
70000274202.270004
70000543994.565765
70000021539.180313
70000608993.799622
70000860803.133987
70000392966.933395
70000783081.034317
1.000000
70000334189.405014
70000079036.544144
1.000000
70000472997.620193
1.000000
70000599374.439774
70000540442.481171
70000329976.357162
70000280349.261307
70000634049.319778
70000052087.831940
70000052228.598541
70000080417.671326
70000648547.321411
70000139286.214813
70000757631.913193
70000367070.459503
70000791690.911652
70000828106.323441
70000062260.584030
70000146064.420059
70000841088.526230
70000258888.767548
70000150639.362183
70000106033.149185
70000048186.275589
1.000000
70000614523.378754
70000055551.033646
70000703890.586090
70000174651.584320
70000145291.874786
70000842826.740417
70000745915.847992
70000988002.232605
70000748370.471497
70000148143.515350
70000804899.491776
70000743537.317520
70000528255.382233
70000964902.981613
70000201622.735199
70000848057.351242
70000610627.055771
1.000000
70000053350.851685
0.33
 0 0 0 0 0 0 0 0 0 0 0 0 0
