1 401
70000052976.441483
70000425762.245468
70000490841.179123
70000549269.655838
1.000000
70000257122.719788
70000642701.816055
70000774763.836258
70000344353.905594
70000680952.016434
70000068697.850220
70000839021.620636
70000950791.353043
70000712145.820938
70000486893.571411
70000519676.322540
70000159374.339066
70000539283.666611
70000029554.075592
70000587941.275711
70000565464.146835
70000364142.503769
70000637991.629349
70000636888.632446
1.000000
70000824749.491226
70000937083.267105
70000756759.606201
70000294514.162018
1.000000
70000002522.238998
70000968397.340073
70000673794.186783
70000437498.490265
70000625498.038406
70000735239.681763
70000220032.802750
70000854277.426132
70000499341.740250
70000409623.590088
70000937033.609558
70000381915.660294
70000077029.379715
70000617369.274994
70000072039.259781
70000306403.970016
70000691105.570801
70000847658.998489
70000492437.707565
70000574099.147339
70000721419.912766
70000112539.180069
1.000000
70000692004.116501
70000695501.717148
70000197200.733643
70000240464.739273
1.000000
70000492125.140137
70000067000.304138
70000548808.185394
70000993737.995560
70000087602.793808
70000142153.540298
70000398320.450760
70000731199.837341
70000633436.582733
70000710143.705582
70000837243.896561
70000010672.446426
70000907611.448822
70000285468.864166
70000467233.161072
70000550794.840912
70000425280.497803
70000473894.023575
70000067255.114975
70000150252.508286
70000058050.196014
1.000000
70000306724.481415
70000817890.396866
70000663919.724823
1.000000
70000789733.653610
70000757571.063568
70000035168.045013
70000993571.130600
70000224710.463562
70000355644.358475
70000048503.517105
70000161175.506256
70000470239.246124
70000789446.187668
70000787367.766953
70000523011.988251
70000228018.551529
70000243374.948074
70000817592.756927
70000000153.325546
70000560704.514420
70000851309.336914
70000396255.261612
70000071737.688629
70000767002.628983
1.000000
70000058326.719315
70000887886.914139
70000774132.825470
70000541924.744614
70000163007.016953
70000944951.176361
70000488647.340057
70000574874.655014
70000611980.030045
70000492983.892166
70000157089.787949
70000247202.235260
70000327284.673584
70000422320.556213
70000154691.608948
70000485318.306503
70000734116.916138
70000743759.177109
70000523388.013397
70000184565.401810
70000984419.170395
70000881002.343536
70000443501.731522
70000854029.272079
70000448015.023819
70000840290.920303
70000995266.987564
70000862034.127197
70000025811.315781
70000795813.920288
70000578381.279388
70000892154.500519
1.000000
70000150764.762939
70000015991.213943
70000759134.040619
70000900059.618042
70000001396.977951
70000284821.421631
70000682769.145889
70000391447.443451
70000575188.037033
70000465318.828873
70000079369.927780
70000557751.819672
70000090917.925171
70000323802.651001
70000278004.690994
70000188558.136276
1.000000
70000316521.580460
70000075557.862411
70000524403.755386
70000264565.586884
70000514421.891129
70000180338.089645
70000152385.298218
70000377660.782959
70000932147.086761
1.000000
70000592975.674988
70000014097.115433
70000102383.409363
70000274120.878250
70000384147.034973
70000282917.187485
70000434597.357544
1.000000
70000332586.396729
70000678138.033798
70000654538.990341
1.000000
70000587244.482254
1.000000
70000868598.293564
70000856454.669907
70000876265.735245
70000876521.483917
70000519263.998672
70000601641.688461
70000045392.959518
70000574047.749329
70000706533.385315
70000393083.178101
70000506197.580109
70000724627.720886
70000286997.293015
70000528858.379791
70000085376.098419
70000678076.684647
1.000000
70000009344.477554
70000272142.025253
70000738015.487106
70000029616.288635
70000795338.941528
70000241068.143097
1.000000
70000275692.897873
70000276267.574310
70000671725.929001
70000792777.816101
70000359133.817764
70000888000.057632
1.000000
70000839791.952057
70000172170.848495
70000283585.632507
1.000000
70000842506.962891
70000196799.354187
70000324744.141525
70000231130.503708
1.000000
70000147138.686615
70000812813.942230
70000300316.098343
70000465585.103882
70000200375.565750
70000966280.846970
70000519877.015869
70000876650.972992
70000619792.235306
70000453448.896530
70000457366.105789
70000611764.345871
70000495743.643127
70000066653.786850
70000727632.388245
70000408366.126938
70000473388.777130
70000545755.745895
70000701983.034760
70000041549.008133
70000277898.150909
70000240272.841446
70000041558.512527
70000402240.125656
70000112280.074493
70000866627.114410
70000929375.271027
70000343589.193878
70000125247.925339
70000037955.544266
1.000000
70000537036.858353
70000866354.867859
70000507468.917068
70000160862.473969
70000056628.104462
70000810282.864105
70000961017.804535
70000603966.339523
70000172510.434021
70000186873.029160
70000461283.161880
70000857766.381882
70000889567.816223
70000106755.197296
70000509341.285965
70000379350.961426
70000911432.107651
70000944407.015198
70000743835.366989
70000997330.979462
70000598852.935486
1.000000
70000907025.564270
70000127918.519577
70000476118.740341
70000529945.922180
70000067934.097290
70000029141.418365
70000061591.965988
70000056682.647949
70000086293.447220
70000258076.373932
70000710280.583099
70000124773.508774
70000605604.202591
70000702982.406326
70000883837.757980
70000430424.870132
70000110775.817795
70000262610.226608
70000691232.065979
70000856100.756760
70000301881.967087
70000206969.885330
70000774440.224426
1.000000
70000025788.377365
70000673753.442078
70000532073.567368
70000721307.611389
70000662398.271820
70000289311.496399
70000797234.203568
70000701422.983170
70000984041.204910
70000277934.562027
1.000000
70000166445.916245
70000113881.319504
70000158531.431763
70000118532.837250
70000219874.804428
70000464977.872025
70000123169.226990
70000451750.825470
70000325895.826462
70000321112.618927
70000424380.630722
70000611964.955948
70000343422.563705
70000111200.805862
70000009854.341141
70000311170.235031
70000970368.961594
70000128308.833786
70000622986.874939
70000884547.375870
70000335144.780457
70000104560.729126
70000804521.445526
70000384864.296600
70000913111.243652
70000683775.367264
70000092287.345703
1.000000
70000962258.934464
70000110456.551407
70000438484.464569
70000854297.675613
70000306523.850983
70000230578.830215
70000592138.816666
70000102402.174026
70000194294.533051
70000420840.843536
70000345818.091522
70000433312.880249
70000958325.465363
70000571688.277466
70000783040.210419
70000977161.065994
70000313907.367203
70000244328.546921
70000067118.544998
70000039605.939499
70000012067.511963
70000160778.648315
70000848714.156021
70000570884.715912
70000014411.070999
70000477101.453461
70000015497.422928
70000381303.018509
70000564130.272354
70000203842.210876
70000871788.684494
70000655153.958038
70000165491.131714
70000469580.450363
70000501715.326813
70000680784.538559
70000966214.406509
70000645784.926987
70000901900.229584
70000922677.710693
70000742383.720490
70000898380.584946
70000449783.412918
70000500167.220367
70000887741.389694
70000195156.781006
70000646580.119278
70000640536.527679
1.000000
70000446255.005432
70000559687.176575
70000072559.536255
70000672517.005630
70000480719.621567
70000013705.019608
70000847321.012451
70000683384.410126
70000868183.003220
70000034636.821716
70000976934.652008
70000068015.375244
70000587420.426178
70000820588.671860
70000325010.762512
0.33
 0 0 0 0 0 0 0 0 0 0 0 0 0
