1 401
70000587626.329269
70000303162.503464
70000782498.887802
70000905686.399979
70000687146.494308
70000803399.949341
70000745388.846237
70000638801.635483
70000077409.858704
70000336706.628342
70000372021.768494
70000334795.180847
70000391061.883347
70000542907.662933
70000704467.826599
70000007772.790070
70000471348.163101
70000031731.852386
70000623421.665009
70000860530.711716
70000445922.917068
70000829033.155807
70000990453.875809
70000259067.667831
70000468674.976715
70000933849.988541
70000886155.668884
70000999136.942734
70000066695.802963
70000189791.996002
1.000000
70000062153.634659
70000527016.608002
1.000000
70000269227.611053
70000994121.754898
70000040827.025726
70000962127.218506
70000222704.376907
70000277922.477982
70000652358.580307
70000951551.013306
70000460871.555023
70000383738.869827
70000125223.491730
70000534351.838913
70000489915.566757
70000867258.751999
70000690930.048523
70000285765.577835
70000910168.413361
70000668268.689651
70000116415.812683
70000618779.582581
70000269576.506241
70000200913.337326
70000207509.038544
70000336271.038712
70000137764.332901
70000801765.770294
70000238986.141769
70000346878.793777
70000259711.241806
70000278737.880310
70000588166.473450
70000002433.767990
70000734392.477921
70000965639.759079
1.000000
70000130513.248596
70000019879.263901
70000795029.009506
70000851632.588440
70000349036.260559
70000869983.593948
70000387457.817184
70000141351.676041
70000901767.014282
70000457764.733337
70000147703.704666
1.000000
70000673565.019272
70000809148.121246
1.000000
70000817452.068756
70000214262.228607
70000126937.117081
70000409278.900330
70000064725.455170
70000849532.027985
70000661635.748062
1.000000
70000649269.855835
70000701393.057419
70000457084.140182
70000003310.931412
70000867143.661545
70000450910.424103
70000867639.554733
70000016407.439575
70000555206.693405
70000378230.596313
70000547543.485321
70000162231.436905
70000243666.292282
70000255347.843460
70000105483.720108
70000018828.643478
70000683913.814407
70000968991.863052
70000940690.620895
70000850793.685974
70000878716.936005
70000781224.131943
70000263942.345337
70000476164.235886
70000538909.688141
70000544531.959915
70000706003.058853
70000887767.984787
70000212198.613205
70000397731.280411
70000140885.248917
70000937864.183228
70000368820.857056
70000020889.373672
70000635496.329117
70000004672.615631
70000916190.892929
70000305415.280365
70000100143.624344
70000270019.909393
70000011495.573547
70000750540.120789
70000603199.203186
70000518584.262177
70000412017.730408
70000070821.549545
70000128931.737778
70000104503.896667
70000532560.973755
70000549716.456894
70000613906.914963
70000210473.720047
70000554260.643951
1.000000
70000364921.392914
70000024381.063385
70000023052.958725
70000068874.169464
70000881275.087692
1.000000
1.000000
70000803721.858963
70000723307.522705
70000651602.416840
70000899908.524445
70000176279.909546
70000134408.921387
70000101856.982605
70000976252.098038
70000016181.836899
70000181194.316208
70000338913.693665
70000854305.734833
70000452885.622375
70000366411.113846
70000048760.542679
70000727908.018082
70000565772.691605
1.000000
70000133776.061462
70000990996.883667
70000325558.635544
70000939042.158005
70000846638.613312
70000089334.701157
70000114045.745773
1.000000
70000584433.797958
70000625604.429810
70000780344.395279
70000556220.939056
70000684763.620239
70000659280.318512
70000482315.988571
70000568492.758179
1.000000
70000320224.524948
70000407348.068558
70000069359.674240
70000185154.451309
70000952636.814667
70000170025.661133
70000585897.584564
70000939975.923798
70000818630.886414
70000516888.244080
70000296198.222839
70000741060.151611
70000540861.212311
70000405932.207779
70000200243.392151
70000050634.128250
70000223935.123184
70000452901.944458
70000351207.783676
70000142943.740067
70000260890.821259
70000883102.982666
70000997781.105637
70000789600.480118
70000383588.441376
70000696400.070312
70000823649.927444
70000809866.954880
70000743782.263138
70000405827.388504
70000198737.145386
70000454859.698792
70000085247.365204
70000682307.983093
1.000000
70000140737.403229
70000127468.340714
70000301034.526962
70000101627.497742
70000805771.415390
1.000000
70000718711.726456
70000913602.083405
70000708364.105698
70000712458.561920
70000124669.043991
70000785211.795670
70000496662.509094
70000488557.420441
70000587266.372391
70000659889.091019
70000750508.755875
70000257976.512100
70000182845.096771
70000012139.804642
70000814164.587982
70000869650.237625
70000709699.333633
70000149838.299744
70000129317.039169
70000167865.913315
70000605031.784271
70000483595.858322
70000097921.562759
70000200031.340332
70000612330.333557
70000199579.717697
70000456780.373962
70000232274.591873
70000280282.389755
70000751150.518936
1.000000
1.000000
70000519124.833939
70000590622.970566
70000117170.051422
1.000000
70000473170.753036
70000233777.519577
70000036878.961319
70000905060.835526
70000728937.320877
70000673111.296570
70000019714.801483
70000622151.098755
70000417849.150955
70000183322.435425
70000652242.784866
70000758012.359543
70000780367.206589
70000284164.608292
70000029613.858292
1.000000
70000033684.327728
70000221578.412521
70000643268.214752
70000334734.330704
70000531166.263611
70000835515.086182
70000075827.757965
70000361712.772247
70000218118.695786
70000893100.877930
70000548771.888992
70000182614.537201
70000605727.822983
70000564788.384277
70000273182.497925
1.000000
70000231330.256531
70000192028.055435
70000868280.829559
70000532199.919876
70000830585.729248
70000611356.185928
70000196557.428085
70000959458.026123
70000009984.055603
70000825234.131653
70000457544.895401
70000649690.014725
70000620703.781784
70000199568.363068
70000704013.423050
1.000000
70000484434.612289
70000693956.373474
70000636237.389923
70000112171.467407
70000523131.773560
70000765904.137207
70000799137.054611
70000770155.361893
70000819909.749924
70000833119.315567
70000394241.139771
70000031274.219879
70000362549.445374
70000770955.406387
1.000000
70000436855.295990
70000712454.823929
70000921105.894821
70000933355.169434
70000079993.533112
70000088511.584412
70000975154.216629
70000035833.088959
70000055119.809235
70000061020.305466
70000828630.495819
1.000000
70000496145.959702
70000167017.544159
70000046135.295746
70000045174.357895
70000395483.042831
70000423861.826645
70000083381.815338
70000847487.041580
70000717343.924301
70000732684.008331
70000712787.538879
70000627392.101578
70000465903.754150
70000849744.319778
70000313079.019974
70000651018.838150
70000550846.067429
70000890333.507538
70000338254.118210
70000614299.745224
70000902459.742142
70000957550.183380
70000869779.934616
70000667943.591537
70000545607.224243
1.000000
70000936335.940109
70000977476.511795
70000334885.081467
70000348808.110916
70000294408.370834
70000055229.643555
70000141280.963165
70000012691.758301
70000638310.642303
70000607755.341721
70000499936.999802
70000437063.650757
70000946236.277710
70000505119.109467
70000041003.111359
70000790732.651581
70000979721.420227
70000912718.218887
70000616256.674896
1.000000
70000652283.329178
70000066657.704575
70000856990.713959
70000630055.557465
1.000000
70000508382.214615
70000881509.883179
70000648768.305954
70000101261.116287
70000897246.267746
70000854623.322891
70000570116.610199
70000811240.100983
1.000000
0.33
 0 0 0 0 0 0 0 0 0 0 0 0 0
