1 401
70000623645.976929
70000219667.494354
70000495853.638321
70000463505.206390
70000840417.607040
70000730117.894196
70000421487.102142
70000510893.860748
70000787363.114792
70000979088.338715
70000648453.676224
70000965868.450409
70000579255.793869
70000428340.151123
70000000541.868729
70000296306.017319
70000328315.796707
70000983853.826904
70000557055.033356
70000493655.554642
70000521576.078354
70000281038.312897
70000160792.013733
70000024661.436020
70000313907.542038
70000706948.990417
70000458648.928970
70000952477.050079
70000190068.682526
70000508330.498962
70000233653.670364
70000956469.404068
70000488725.344482
70000497283.903732
70000506561.005478
70000279165.532318
70000014486.143448
70000342094.661942
70000259840.563568
70000574464.748032
70000703194.089493
70000057729.411270
70000367642.110092
70000107038.735046
70000247009.342834
70000260380.590546
1.000000
70000269948.169830
70000759429.600342
70000234551.781998
70000772421.166962
70000181453.163773
70000950862.063416
70000013244.571686
1.000000
70000917295.450165
70000486783.491852
70000720066.063156
1.000000
70000434721.094162
70000693156.791870
70000754100.570190
70000824354.815247
70000928247.710541
70000257092.033951
70000664720.894760
70000497954.284943
70000222218.715240
70000954761.461502
70000931553.790054
70000636718.187225
70000780432.556335
70000307348.277145
70000640015.614014
70000721785.823212
70000152618.942734
70000965905.100998
1.000000
70000639718.012039
70000513934.138962
70000070551.546646
70000321745.862534
1.000000
70000486952.059662
70000845077.508514
70000703189.711761
70000912173.906326
70000118709.349747
70000638531.427048
70000765523.259933
70000151064.351242
70000317540.720871
70000627968.855789
70000063762.445251
70000311079.522217
70000943835.032257
1.000000
70000658859.359375
70000378924.040115
70000183938.176071
70000354341.351990
70000632388.508926
1.000000
70000820252.798859
70000616399.431000
70000349112.369354
70000145446.867523
70000636597.849960
70000993516.950836
70000063259.061218
70000637178.215897
70000730328.513107
70000790817.908585
70000383733.126694
70000202336.256378
70000436119.026123
70000653446.931564
70000786857.924957
70000019662.337128
70000319927.376144
70000313938.012131
70000702868.437637
70000181012.115891
70000844516.947205
70000485749.765701
70000295572.824738
70000181280.599686
70000993048.795517
70000868887.687881
70000094144.613708
70000688790.459045
1.000000
70000898825.021729
70000368446.568512
70000147953.310242
70000656153.566711
70000093121.123901
70000546604.672836
70000193500.577133
70000667793.994202
70000452965.564880
1.000000
70000814799.169312
70000211002.729218
70000677048.421722
1.000000
70000457074.484528
70000349329.022461
70000201431.786102
70000453020.081299
70000374312.828644
70000045387.165878
70000195694.007629
1.000000
70000861099.004166
70000875638.893021
70000761389.134659
70000987940.119217
70000240171.246689
70000437939.326462
70000377255.638367
70000550410.996567
70000786446.289749
70000462887.584473
70000882919.187286
70000579414.678329
70000868541.846420
70000741456.386765
70000476943.564209
70000927744.653717
70000810644.569397
70000880559.819778
70000632125.582626
1.000000
70000782777.150208
70000504545.407715
70000619135.317703
70000635199.353531
70000962433.571136
70000463867.230087
70000025154.253738
70000458105.854279
1.000000
70000712058.917114
70000834033.376663
70000728386.398880
70000974232.693024
70000595975.282196
70000882181.048843
70000370076.490173
70000919071.530121
70000168477.109100
70000417455.292572
70000072602.572525
70000988261.976700
70000932092.859695
70000404465.798950
70000845751.943878
70000665565.276398
1.000000
70000806808.755615
70000514984.372238
70000877268.534393
70000407649.533752
70000768294.002594
70000108872.254318
70000487818.020615
70000788454.594009
70000027303.253738
70000576524.047363
70000995710.195862
70000683999.749039
70000265997.093811
70000825181.981766
70000408193.626083
70000187431.643204
70000667759.527786
70000634999.858978
70000079621.074646
70000334266.185684
70000426423.041687
70000174194.627731
70000820697.764801
70000321115.505051
70000254565.509460
70000833304.847092
70000158988.188858
70000506924.855133
70000314241.597885
70000969166.304489
70000322972.988403
1.000000
1.000000
70000427458.432129
70000619638.637772
70000332433.572708
1.000000
70000423405.602600
70000919360.888290
70000369349.440033
70000165815.499939
70000809249.778976
70000973670.705673
70000614481.933289
70000019047.924347
1.000000
70000082698.862198
70000312289.292007
70000772920.075790
70000923551.224060
70000032576.046280
1.000000
70000323125.830551
70000711579.450104
70000533734.535126
70000399447.666000
70000141625.705338
1.000000
70000427596.596115
70000709562.312561
70000672468.674606
70000480973.121094
70000297098.387268
70000616440.380447
70000592817.940933
70000765283.040894
70000060700.913376
70000905500.930069
70000295692.822815
70000538574.447403
70000044257.040710
70000509304.092758
70000747264.241531
70000994846.916443
70000525489.936508
70000519394.251907
70000384463.013809
70000076205.166992
70000930046.276733
70000647544.481369
70000430732.529541
1.000000
70000896456.518478
70000370910.421555
70000076981.965454
1.000000
1.000000
70000157075.578049
70000474205.674850
70000017243.718246
70000299011.908066
70000841170.833130
70000785203.291428
70000609444.434143
70000493111.805283
70000264938.567642
70000610594.063141
70000633019.838089
70000120949.227127
70000340835.540298
70000095924.283432
70000637539.641937
70000348328.191727
70000718055.703613
70000727576.561279
70000532337.403275
70000470086.029922
70000285982.065659
70000509609.081802
70000776198.543915
70000376019.045105
70000174590.290878
1.000000
70000576827.612198
70000250233.819931
70000064852.966263
70000184219.037872
70000230485.802673
70000558339.255829
70000713423.315063
70000177910.830933
70000426399.994827
70000525171.434067
70000658090.777924
70000943591.577087
70000386709.888443
70000513375.314346
70000499759.767395
1.000000
70000607315.736313
70000583516.216187
70000244040.471466
70000143689.929382
70000475620.363174
70000947999.071304
70000556415.805130
70000371799.205933
1.000000
70000970175.016937
70000807517.799088
70000597532.284683
70000371729.942505
70000051350.818634
70000768694.545517
70000076719.818039
70000771602.379440
70000821736.285034
70000503173.019333
70000771546.792221
70000420119.151428
70000986371.587387
70000274188.417740
70000849411.271271
70000170232.916061
70000134169.399139
70000008639.616928
70000703248.641083
70000436224.905670
70000366672.939316
70000213003.690582
70000498341.859802
70000908366.426956
70000689448.254440
70000633932.996521
70000127724.606644
70000264930.541306
70000276562.240677
70000040384.191864
70000888713.323181
70000489589.763260
70000060077.153870
70000512115.152283
70000399613.975723
70000404790.390823
1.000000
70000535839.213440
70000210165.147614
70000843229.009186
70000435200.478622
70000935987.278305
70000574083.052841
70000889630.857025
70000626326.129852
70000358839.614777
70000477050.539749
70000691538.471283
70000157737.840363
70000120049.910995
70000754736.781525
1.000000
70000250028.517487
70000854082.751465
70000754331.148544
70000476918.276672
70000457723.123901
70000907751.818787
70000448598.969101
70000940756.844528
70000676681.090729
70000393314.255249
0.33
 0 0 0 0 0 0 0 0 0 0 0 0 0
