1 401
70000103365.098282
70000939394.459885
70000862471.735382
70000587177.793167
70000859688.615570
1.000000
70000815952.233017
70000864688.155777
70000672392.632233
70000258431.952698
70000963280.798737
1.000000
70000051572.339691
1.000000
1.000000
70000658696.851135
70000651020.220047
70000277461.275665
70000641386.295670
70000493188.837387
70000168645.804535
70000043424.871613
70000485075.693848
70000188778.239944
70000270415.849442
70000227482.074219
70000625474.114105
70000025691.938873
70000176751.295181
70000647909.583450
70000167827.768173
70000991889.583359
70000133590.565674
1.000000
70000148698.966858
70000929368.925491
70000872115.239136
70000842173.498962
70000034332.722397
70000342287.225220
70000614439.348648
70000274065.505432
70000678868.434280
70000436688.722931
1.000000
70000126711.882629
70000577931.250610
70000377793.957336
70000487931.215637
70000843495.514267
70000503453.775055
70000720754.483307
70000032935.659531
70000824750.449249
70000485910.627823
70000519492.953949
70000232693.373093
70000720227.184814
70000838401.094177
70000591482.735092
70000365368.828201
70000594965.595856
70000802027.186996
70000489146.356064
70000425630.499115
70000892156.059631
70000137499.367599
70000272774.178909
70000473161.577087
70000717921.425308
70000274767.615982
70000426650.036240
70000440765.035507
70000973209.656265
70000431129.961502
70000966140.793533
70000963050.342896
70000207731.027267
70000188512.871277
70000222910.277191
70000676407.855804
70000664284.756668
70000248736.045334
70000485670.554153
70000538734.382935
70000846663.859787
70000819616.136307
70000955810.538651
70000050846.532288
70000232828.494736
70000103811.755325
70000178421.980240
70000275743.199371
70000798572.290207
70000499838.838226
70000082044.744751
70000292800.883972
70000438600.014572
70000176673.500443
70000784274.406219
70000171482.441040
70000394630.097717
70000141306.853317
70000061730.356354
70000348063.800385
70000860279.338943
70000116545.217270
70000012629.030899
70000182126.132645
70000603242.607178
1.000000
70000563275.937271
70000668727.536758
70000996848.752518
70000711625.726883
70000907869.013779
70000252374.897095
70000637095.220657
70000199799.581055
70000289484.796234
70000376118.765167
70000246914.029587
70000832180.005371
70000368839.285919
70000126114.228073
70000609355.898834
70000070625.693222
70000962879.826416
70000440797.196030
70000565562.550278
70000527631.394287
70000965055.413971
70000312723.042374
1.000000
70000497835.689713
70000056893.807938
70000123106.041016
70000164735.622025
70000565594.231155
70000815180.298218
70000716067.665451
70000449918.384430
70000428623.740509
70000343141.655869
70000357472.775848
70000553543.475616
70000607151.501007
70000335277.912521
70000095270.194763
70000813007.274796
70000415871.856445
70000919253.656219
70000651760.950333
70000176916.850922
70000708143.807724
70000664118.356064
70000343414.991013
70000055049.671646
70000868427.934143
70000001240.600449
70000683850.742538
70000047671.070816
70000020666.498856
70000865764.674774
70000611639.443848
70000442623.482376
70000463319.853195
70000599134.105453
70000142657.076126
70000054788.582047
70000594893.802948
70000313185.897812
70000450537.873489
70000412014.751556
70000436262.431274
70000053410.016159
70000089819.758072
70000983662.720154
70000024862.477158
70000059667.587997
70000709359.016495
70000716946.547546
70000119021.415375
70000980866.603241
70000575221.405106
70000750384.827484
70000009968.109344
70000901965.405411
70000215599.498566
70000093713.823669
70000944556.556412
70000241642.203369
70000456666.573715
70000126574.848541
70000337409.253967
70000568094.209457
1.000000
70000020233.798172
1.000000
70000095444.157181
70000897184.856308
70000310360.080612
1.000000
1.000000
1.000000
70000634837.181000
70000643965.905426
70000313050.814575
70000086232.624741
70000790212.791595
70000950484.477936
70000197544.565811
1.000000
70000731577.300537
70000974201.236908
70000494502.653458
70000909224.049973
70000728475.713654
70000648365.534195
70000836565.586105
70000270615.830734
70000035639.528976
70000958360.539047
70000714410.065201
70000953570.719986
70000251195.949631
70000790135.404694
70000510123.187378
70000812487.674057
70000896263.361511
70000901468.231979
1.000000
70000593718.029907
70000605417.385849
70000286388.014038
70000315622.686081
70000540597.123627
70000535063.583252
70000684627.130081
70000547120.298416
70000397228.438599
70000159207.619278
70000745668.089249
70000034019.288696
70000145063.296783
70000123233.871948
70000112246.378693
70000446144.916336
70000657269.613174
70000259956.233826
70000700188.913376
70000473384.404984
70000025915.709030
70000085133.884888
70000405202.536819
70000025069.356033
70000007002.143890
70000045417.923233
1.000000
1.000000
70000400704.333054
70000722513.191864
70000176569.482254
1.000000
70000745461.578934
70000426846.237762
70000077684.790665
70000725916.534637
70000532455.244141
70000104790.112030
70000558219.112076
70000090911.885666
70000144791.084503
70000464816.548264
70000201595.912384
70000909835.143356
70000871196.547134
70000376125.329315
70000801433.380753
70000053528.308716
70000140837.360840
70000596852.836182
70000498823.722580
70000762313.433411
1.000000
70000353368.153168
70000099173.834274
70000309238.499512
70000867242.467773
70000710169.408691
70000205580.273712
70000344565.818573
70000950924.818985
70000773694.287094
70000184670.530441
70000306081.062927
70000439712.109268
70000804486.724060
70000965108.546066
70000417091.915390
70000527552.631226
70000398491.302719
70000576295.152451
70000298684.045425
1.000000
70000493159.382339
70000068743.129944
70000647125.755005
70000042899.072815
1.000000
70000084732.172714
70000795568.632385
70000528891.691650
70000025203.740265
70000060846.086044
70000272027.316757
70000507150.298431
70000552802.601669
70000850963.767227
70000561846.473785
70000639490.628357
70000043742.954193
70000394024.652542
70000366209.925964
70000166119.542496
1.000000
70000089584.070282
70000183130.026566
70000413714.264877
70000673087.546448
70000001760.741013
70000625465.993820
70000952531.612396
70000100506.064987
1.000000
70000903939.144882
70000459912.627441
70000583309.872772
70000258529.941589
70000135831.651199
70000411151.644760
1.000000
70000078414.384033
70000857515.204605
70000565883.200150
70000083836.923004
70000077813.230438
70000392823.567062
70000615173.704285
70000368537.081680
70000972038.282043
70000845835.592453
70000510292.359253
70000181160.856903
70000108828.027023
70000510741.496826
70000521927.283539
70000299638.260834
1.000000
70000978472.718781
70000141182.673340
70000481010.034241
70000307491.261856
70000685508.575851
70000118262.511597
70000839980.837372
70000115297.137772
1.000000
70000285066.080750
70000789586.370712
70000826705.747955
70000325514.771469
70000747429.255295
70000044114.584778
70000394364.229401
70000937484.033783
70000954399.934982
70000807024.289474
70000602513.310562
70000154165.740143
70000217880.093811
70000836386.106476
70000772457.932190
70000415454.426605
70000644751.566208
70000919947.374420
1.000000
1.000000
70000474736.092514
70000568624.636658
70000882528.588287
70000367771.086731
70000555422.824570
70000557592.723663
70000569893.539307
1.000000
70000395027.216782
70000512025.834854
70000371686.665970
70000225845.862427
0.33
 0 0 0 0 0 0 0 0 0 0 0 0 0
