1 401
70000827563.031372
70000525957.048416
70000234466.001068
70000426327.649918
70000855934.370499
70000860113.314133
70000997898.496445
70000809082.312668
70000126345.325302
70000974958.449921
70000165483.978806
70000154375.618301
70000052399.490295
70000826902.454712
70000802821.336014
70000508723.501953
70000311252.443939
70000249212.930725
70000238562.438370
1.000000
70000247142.533890
70000636141.594589
70000355526.389069
70000090454.061081
70000604137.712250
1.000000
70000133677.784576
70000325513.914551
70000585868.660431
1.000000
70000498792.325943
70000977772.965561
70000147135.528412
70000810871.106110
70000433943.814850
70000003737.219589
70000832960.215546
70000553391.370438
70000687325.167999
70000515542.251312
70000630178.452606
70000006358.899323
70000890448.160950
70000295712.406540
70000385498.233841
70000315943.066132
70000319230.726562
70000703542.775864
70000560209.593811
70000251673.754059
70000239136.848953
70000846530.591232
70000546461.130630
70000508525.353531
70000435567.311661
70000891370.417053
70000788300.211761
70000220698.423599
70000232264.577759
70000249726.958755
70000409911.042404
70000139767.587341
70000983744.270233
70000819791.146301
70000293697.061432
70000229895.859833
70000280317.368927
70000363224.885986
70000169933.779099
70000084446.893555
70000662914.266739
70000354161.719223
70000665388.577408
70000102580.329788
70000080849.770859
70000198977.659958
70000346356.806107
70000667789.861984
1.000000
70000562005.433243
70000651337.001358
70000069756.144897
70000309363.515625
70000790789.301163
70000409118.955063
70000033966.619614
70000117652.889038
70000031113.780014
70000917799.647583
70000083346.090134
70000475408.800827
70000990055.051132
70000074414.360794
70000573035.244247
70000141503.520981
70000171139.438187
70000042850.252472
70000813821.710083
70000320914.791183
70000563621.112137
70000255337.233749
70000053756.658859
70000435671.089249
70000782996.947784
70000096836.302963
70000209906.360748
70000371635.420563
70000918288.428253
70000812292.479568
70000902196.791931
70000585000.592163
70000732434.313202
70000889310.119904
70000209526.231796
70000367322.065842
70000781673.526093
70000317301.122528
70000673092.001770
70000050636.202042
70000898768.320877
70000161484.918396
70000215600.552628
70000094217.022232
70000832567.466400
70000942250.639038
70000236359.762558
70000466616.087723
70000774214.748367
70000539809.726028
70000765209.151749
70000016634.535339
70000404868.632523
70000631999.676758
70000314631.008240
70000405874.826340
70000827360.905396
70000684619.953125
70000159352.335419
70000493622.737564
70000667836.476868
70000584752.150284
70000952315.771851
70000389757.939575
70000973228.134628
70000658709.048523
70000984137.616806
70000470723.926651
70000282444.351761
70000852095.254745
70000042731.838898
70000635113.749725
70000889300.550827
70000467276.120865
70000768355.774643
70000471758.580338
70000679585.183319
70000277529.150101
70000512723.337036
70000255498.072571
70000943113.532898
70000614609.325165
70000688361.088898
70000192491.541962
70000796741.609756
70000731242.698013
70000118371.266403
70000217621.153442
70000195260.375854
70000571866.052399
70000281701.162674
70000741404.582886
70000908152.595932
70000125059.984924
70000895697.509079
70000818889.376892
70000103216.347763
70000802449.839935
70000609150.212051
70000429932.771286
70000343466.539200
70000694032.447647
70000684300.878540
70000690816.774231
70000917481.895416
70000250197.707092
70000352198.949173
1.000000
1.000000
70000063772.732773
70000864631.724640
70000166512.935028
70000079935.950943
70000541098.362656
70000764899.413223
70000453320.143524
1.000000
70000899443.536163
70000436636.668991
70000324256.695206
70000166502.958099
70000685106.852036
70000596404.753296
70000814631.458176
70000990323.654694
70000460363.657349
70000299919.754257
70000261940.506729
70000401309.431366
1.000000
70000597214.403152
70000069012.080246
70000081169.124725
70000131964.054657
70000358450.152695
70000374532.154358
70000615579.781570
70000427182.722748
70000868574.768433
70000232836.691864
1.000000
70000258239.552643
1.000000
70000758320.734421
70000890430.624313
70000223539.806091
70000622759.887589
70000994429.379303
70000652957.664948
70000744723.275391
70000842654.017181
70000362792.183807
70000197408.330887
70000955279.662430
70000412099.315109
70000668788.991074
70000647977.900192
70000571252.913071
70000308132.880142
70000948429.614639
70000493813.041168
70000822739.243484
70000644693.307510
70000885302.290771
70000348629.627716
70000545286.763016
70000303342.532074
70000659934.934235
70000513051.033066
70000457735.566528
70000011340.918961
70000802081.376236
70000214950.299210
70000411037.403702
70000830657.937271
70000578807.767197
70000013680.483780
70000343968.412430
70000991514.230667
1.000000
70000269929.806305
70000761145.221390
70000002183.694916
70000456575.391876
70000116646.690063
70000540340.665314
70000982530.596558
70000844004.227600
70000001203.252274
70000779571.266739
70000514158.258957
70000258807.054840
70000992711.056915
70000442916.791260
70000033866.599670
70000270844.784424
70000601721.592773
70000645098.714661
70000621876.953369
70000448060.468216
70000877379.991821
70000351125.688370
70000873974.181763
70000236070.464386
70000199746.371841
70000143649.815491
70000226951.325638
70000807887.221710
70000297728.384232
70000651659.003494
70000557470.727463
70000768414.525665
1.000000
1.000000
70000002424.447800
70000285570.622192
70000725835.430496
70000819531.380630
1.000000
70000664536.568375
70000467720.451050
70000546340.812271
70000742905.448685
70000967165.909348
70000167192.130142
70000491938.866547
70000103856.745743
70000460358.555557
70000032070.567520
70000618457.232498
70000881997.069168
70000180725.031662
1.000000
1.000000
70000991439.305984
70000814138.358810
70000633953.670609
70000856008.425491
70000674084.675873
70000508673.509933
70000032866.517670
70000879737.929825
70000165367.899460
70000201376.327515
70000474951.435883
70000656222.478851
70000494117.146637
70000676515.795029
70000608696.938293
70000082587.815323
70000219805.743118
70000043164.360291
70000664287.809738
70000565116.074814
70000069290.367706
70000236766.462402
70000597009.363556
1.000000
1.000000
70000926432.304550
70000669165.270416
70000983808.137482
1.000000
70000007231.562912
70000235381.491486
70000541807.173737
70000390511.576096
70000201279.203247
70000408462.574127
70000667696.161865
1.000000
70000478091.576920
70000074278.553421
70000541704.231293
70000332773.461090
70000211563.366211
70000793269.039108
70000802277.341156
70000676578.009247
70000691330.934067
70000591824.969086
70000928137.612381
70000662310.174942
70000484495.926575
70000044936.436203
70000942549.784988
70000158066.837738
70000403282.002502
70000759064.735992
70000939657.683472
70000525816.890564
70000381337.938171
70000748678.735046
70000415811.780151
70000749375.952164
70000289078.474380
70000980681.932739
70000277377.785614
70000087638.275497
70000229769.876160
70000077380.338974
70000108896.050369
70000063619.514114
70000400315.501678
70000111819.257950
70000646548.470154
70000002446.728760
70000001887.103638
70000618278.148529
70000150819.003830
70000419226.142273
70000903304.270706
70000825668.842941
70000166040.094254
70000479605.095917
70000372967.123184
70000550534.660690
70000798613.688995
70000557437.554169
70000337712.969788
70000042323.299103
0.33
 0 0 0 0 0 0 0 0 0 0 0 0 0
