1 401
70000377321.674042
70000571623.566895
70000911655.143723
70000049777.998627
70000604174.445908
70000245629.153473
70000004589.936737
70000867650.766617
70000353018.760773
70000975902.315994
70000953264.752609
70000548128.735596
70000849004.224167
70000799210.431213
70000044764.824997
70000508945.729050
70000816366.355133
70000373123.281616
70000572622.106934
70000758226.916626
70000205087.282959
70000308385.128601
70000980794.035156
70000554393.503708
70000815663.243652
70000617043.433578
70000593806.888840
70000055468.893936
70000151056.438858
70000195194.790237
70000699609.763443
70000867392.752869
70000480737.817276
70000723883.930664
1.000000
70000599256.220932
70000197341.710358
70000202398.432755
70000505153.553116
70000315177.977966
70000101435.262833
70000268100.932266
70000153739.115875
70000413708.682510
70000180793.376144
70000985675.257294
70000548176.180969
70000593817.981003
70000417352.353653
70000255135.665543
70000400006.229187
70000316288.882248
70000823761.790192
70000716087.146774
70000658927.207291
70000486173.393982
70000272011.467133
1.000000
70000328513.950897
70000768003.706558
70000722973.607330
70000977253.314346
70000567789.113068
70000677502.361954
70000279745.632370
70000825960.074417
70000043378.921295
70000368837.983093
70000746721.461304
1.000000
70000769644.032089
70000462787.172928
70000042860.324371
70000734776.291473
70000094605.731262
70000012629.409378
70000888965.364594
70000040746.660767
70000714454.312149
70000721118.671188
70000456482.343369
70000720287.224808
70000333351.598755
70000707790.171539
70000990597.380463
70000034102.324890
70000902429.823730
70000488001.862457
70000504286.876633
70000239754.158890
70000063490.247849
70000024196.462265
70000814812.199173
70000656718.007416
70000681796.887039
1.000000
70000707462.875458
70000784625.426926
70000370943.820221
70000539717.141174
70000816300.521057
70000477058.399628
70000782867.336609
70000046885.071320
70000444353.819290
70000404736.127548
70000846253.762543
70000928620.709579
70000918747.462051
70000363834.912567
70000901400.522858
70000014478.462204
70000146944.860977
70000009960.705841
70000247266.953552
70000268141.384018
70000775977.142685
1.000000
70000730208.518387
70000688768.545334
70000573934.339493
70000151329.035004
70000432359.148575
70000851335.677582
70000587715.166412
70000990158.906891
70000376505.966553
70000262756.316193
70000261979.019821
70000672860.980377
70000393325.727005
70000682034.553131
70000782421.532394
70000270232.139114
70000537372.105957
70000571845.952927
70000749186.007751
70000365022.223846
70000132876.074753
70000245080.773026
70000973918.364258
70000358315.230682
70000114399.194687
70000810851.166595
70000277841.647079
70000927459.965286
70000803030.145050
70000680595.600662
70000550893.931030
70000159979.414444
70000332232.011139
70000043624.752197
70000928742.969391
70000936071.592789
70000068140.445908
70000008259.000046
70000762107.081146
70000298710.485519
70000656292.237503
70000372433.970032
1.000000
70000064883.323181
70000339734.983521
70000167321.703491
70000232821.101913
70000862778.426468
1.000000
70000113777.465424
1.000000
70000790718.215942
70000824144.919678
70000296582.572281
70000341261.963852
70000146718.031662
70000819592.587585
70000107798.977371
70000885710.458252
70000543704.016296
70000781346.700775
70000232296.968307
70000084793.783203
70000837691.037994
70000798025.653397
70000641395.838821
70000733700.954376
70000666984.856827
70000039065.252960
70000668612.004868
70000623231.427826
70000030587.251038
70000498206.587387
70000478607.587570
70000611938.208176
70000003854.280151
70000621060.753021
70000085996.562531
70000682751.577133
70000425406.382736
70000128121.100479
70000017529.514343
70000458361.398758
70000803370.803894
70000183948.201355
70000374559.953445
70000438261.526871
70000319746.951736
70000499337.224030
1.000000
70000275024.483795
70000635998.301910
70000766657.655548
1.000000
70000097358.047897
70000638789.495636
70000745525.270645
70000129978.924362
70000602409.764206
70000368861.964401
70000447752.437683
70000055002.162918
70000096798.927002
70000388322.481262
70000169359.483521
70000079191.358307
70000079313.810104
70000955135.604156
70000031652.702454
70000414413.529465
1.000000
70000111521.405884
70000272784.149765
70000352344.180618
70000717004.367264
70000203187.563919
70000953219.259583
70000400984.653946
70000546706.989792
70000298543.942780
70000149260.643677
70000829224.657196
70000021037.167938
70000959266.099091
1.000000
70000213907.075958
70000215288.270142
70000971789.795639
70000974285.073776
70000350967.721939
1.000000
70000818375.842285
70000774001.091568
70000606572.679352
70000702777.292404
70000993296.221375
70000791645.176361
70000882741.402359
70000997767.782379
70000205780.534256
1.000000
70000823098.365295
70000782771.300858
1.000000
70000541999.763977
70000297227.810013
70000898255.227020
70000222671.054016
70000315447.364029
70000803271.874359
70000130476.878387
70000772424.546692
70000571389.045761
1.000000
70000299166.273254
70000891527.371094
70000142856.537338
70000070585.120819
70000709190.644775
70000099168.587372
70000147426.791153
70000553342.925232
70000518720.598160
70000328506.236969
70000578628.028381
70000873694.546494
1.000000
70000600579.199387
70000291899.442947
1.000000
70000748357.776260
70000968448.880310
70000382171.606186
70000333518.515381
70000774288.252319
70000550079.804932
70000881554.876419
70000033022.278473
70000535672.049362
70000055797.808350
70000748091.750122
70000128921.920258
70000046211.040970
70000120568.423920
70000365871.164032
1.000000
70000517898.747070
70000226969.965118
70000781866.136612
70000023511.807190
70000650867.893341
70000504906.317673
70000467446.017776
70000607786.677933
70000023664.391479
70000011761.383743
70000737066.187027
70000009587.188690
70000628698.684555
70000386526.371155
70000380582.126617
70000159947.391251
70000388559.280777
70000198826.588242
70000879694.021759
70000090529.252045
70000880952.649658
70000448912.687744
70000493810.109497
70000955092.510345
70000129358.755020
70000595327.194946
70000854511.420929
70000811029.622177
70000987823.122406
70000330577.315323
70000593772.046768
70000942896.122284
70000730394.821335
70000549698.077774
70000749514.905777
70000088609.131470
70000851670.612717
1.000000
1.000000
70000391630.559601
70000329337.252792
70000266731.056519
70000350297.777924
70000024305.768600
70000182001.140457
70000145785.245285
70000379209.600311
1.000000
70000939305.021820
70000653452.931641
70000682550.968948
70000383433.064285
70000888604.499985
70000059662.104660
70000446142.213120
70000917157.023148
70000807767.453751
70000893141.401154
70000150506.230896
70000582250.013489
70000263617.734146
70000496435.534470
70000316313.429611
70000054746.229935
70000902191.435349
70000516305.730759
70000357448.543564
70000729502.779510
70000503519.569717
70000517798.599182
70000965930.659195
70000479980.275681
70000163355.019226
70000544721.753662
70000639892.413696
1.000000
70000708074.183640
70000523522.486893
1.000000
70000017431.750275
70000643857.803177
70000548290.331879
70000433869.199783
70000493245.370361
70000981538.738617
70000635268.457855
70000195621.920990
70000232318.576813
70000752744.171402
70000613470.723312
70000209515.322327
70000871626.132355
70000610564.300919
70000552423.248352
70000471430.780106
1.000000
0.33
 0 0 0 0 0 0 0 0 0 0 0 0 0
