1 401
70000448101.866150
1.000000
70000299911.859406
70000837575.212173
70000773985.718094
70000223083.137756
70000930580.875183
70000983540.237244
70000666563.046799
70000584305.984665
70000045485.439316
70000509521.640289
70000463856.574310
1.000000
70000238649.367035
70000270005.505600
70000710678.372025
70000182396.677841
70000333685.916153
70000956074.949219
70000962594.097763
70000143013.835159
70000284726.191315
70000539337.845154
70000805267.105576
70000742315.387329
70000676603.365631
70000547930.865784
70000304964.632355
70000040450.160278
70000581098.720917
70000491545.406281
70000704718.269958
70000540226.334839
70000820339.454041
70000509483.811737
1.000000
70000660688.781906
70000440663.060410
70000821668.344543
70000296009.082367
70000502038.914139
70000439909.929779
70000095856.376617
70000335516.933914
70000635798.908096
70000633376.915634
70000527449.638275
70000156375.953827
70000220595.456253
70000738003.876984
70000102131.692169
70000126186.450729
70000651301.752319
70000390355.215500
70000293496.928040
70000753745.930511
70000675412.202911
70000496421.756531
70000729740.790405
70000173682.327972
70000037063.289825
70000528317.534592
70000200455.633270
70000994564.077438
70000304496.111862
70000098920.506241
70000398369.643402
70000139467.734085
70000513251.825180
70000894518.558807
70000168458.023422
70000199352.936462
70000351195.017014
70000659291.080078
70000191284.961578
70000554625.800491
70000577085.063110
70000333632.597153
70000360244.789230
70000755018.705551
70000105781.488007
70000419564.425766
70000041092.538818
70000328302.624863
70000242493.354965
70000718066.429703
70000204241.680481
1.000000
70000566971.115463
70000436483.597519
70000417472.852112
70000887920.702759
70000099435.265717
70000628438.605591
70000256870.867706
70000623430.839218
70000732731.963257
70000418555.000626
70000399775.754181
70000180502.691299
70000043397.124207
70000512231.687576
70000538137.904144
70000242899.332901
70000130814.220459
70000613558.459808
70000931135.628845
70000701585.207626
70000503842.708038
70000214304.255997
70000508139.637573
70000313954.749985
70000504575.708206
70000508572.243759
70000734279.818100
70000563661.893707
70000448188.515076
70000496009.040588
70000564784.636856
70000943487.239044
70000704545.485153
1.000000
70000758896.566238
70000101662.376297
70000455249.210953
70000769040.270050
70000285726.884521
70000695141.681351
70000109426.731216
70000164484.634293
1.000000
70000069359.923294
70000791858.181778
70000529269.757858
70000201950.514465
70000919368.658630
70000116954.642975
70000292362.404724
1.000000
70000339998.061386
70000244248.585114
70000779327.666855
70000582620.739807
70000163284.652893
70000719984.971878
70000535629.834549
70000585493.995575
70000498053.502991
70000162220.298141
70000831519.554855
70000951282.395493
70000987993.535675
70000925046.821930
70000700138.689346
70000054919.878128
70000461970.297089
70000870509.521591
70000608209.972275
70000188074.724213
70000675605.171509
70000446599.340698
70000714119.168961
1.000000
70000475378.539215
70000653890.307129
70000545992.557602
70000920829.939590
70000636351.341858
70000881361.382782
70000486800.730240
70000591652.783203
70000601980.754028
1.000000
70000728666.672150
70000706449.984497
70000604342.326248
70000223236.328110
70000539093.559860
70000293826.536209
70000857332.435272
70000255911.300644
70000496343.956375
70000110786.501877
70000700693.300079
70000735902.110840
70000778468.566498
70000177880.841797
70000860839.763550
70000844815.043793
1.000000
70000913815.819626
70000222410.828293
70000528040.913681
1.000000
70000561116.858566
70000903074.278015
70000426803.710175
70000216859.591507
70000880739.204742
70000078062.012039
70000996982.360428
70000379956.405350
70000306656.169739
70000903771.558258
70000938328.670959
70000982756.847794
70000648424.768951
70000439526.333893
70000511736.884460
70000826640.535294
70000680396.217545
70000791349.410370
70000597608.763748
1.000000
70000762890.282562
70000464175.579834
70000365485.211136
70000149472.296921
70000627585.597717
70000068533.780151
70000685728.751892
70000252359.662384
70000365379.335861
1.000000
70000184667.247238
70000412680.227615
70000375547.339844
70000302450.603516
70000294264.797195
70000322388.869370
70000078210.205490
70000308622.439590
70000973604.991226
1.000000
70000602740.450439
70000868671.684082
70000228419.287994
1.000000
70000115031.326248
70000324386.410202
70000911050.498199
70000614933.502502
70000526498.744507
70000806632.763092
70000244816.969559
70000465605.186859
1.000000
70000392612.721756
70000923822.650620
70000099027.169571
70000401049.494308
70000336243.570999
70000865879.578400
70000103168.659485
70000883655.514374
70000544136.804245
70000245580.184036
70000130112.995285
70000862287.780624
70000777794.500504
70000238517.853958
70000823761.582504
70000144992.416672
70000557949.470901
70000918233.837784
70000443342.017380
70000317252.879517
70000343524.892242
70000916952.315018
70000727139.981628
70000085679.470993
70000269919.819778
1.000000
70000314984.173294
70000831410.831558
70000414700.337296
70000778481.439056
70000613971.510956
70000501468.292725
70000835018.938049
70000618223.823746
1.000000
70000180881.239334
70000158712.471725
70000752916.339478
70000862533.542542
70000027278.104874
70000954692.958923
70000658308.740677
70000618817.346375
70000232943.884598
70000302862.655975
70000715815.501328
70000590510.729218
70000947280.067551
70000557348.454788
70000911297.220734
70000860009.725082
70000648911.396210
70000853579.427536
70000317281.126862
70000232911.840073
70000492085.440536
70000421943.342499
70000192650.188263
1.000000
70000985293.268967
70000102303.087662
70000452859.190933
70000594604.484467
70000481071.307922
70000051559.020920
70000249306.585571
70000127082.406769
70000517482.245941
70000558128.433197
70000134103.260056
70000187628.956604
70000696317.454224
1.000000
70000074353.024887
70000651919.429108
70000370983.017242
70000496683.974442
70000996634.185501
70000416396.068329
70000762315.567673
70000831343.171600
70000044575.634674
70000519384.519791
1.000000
70000207078.044617
70000030394.844223
70000384009.934845
70000676095.453949
70000252002.990494
70000654517.954025
70000430641.919907
70000571426.881287
70000871552.442154
70000770903.410385
70000726530.874191
70000021022.338211
70000397121.375031
70000502702.514313
70000825987.537994
70000716969.798264
70000256086.288788
70000431098.394348
70000940701.923431
70000950941.405930
70000482889.203430
70000395647.916489
70000677959.682587
70000967583.774918
70000477412.636429
70000638378.393219
70000070246.709366
70000617230.297348
70000037846.289062
70000383223.262466
1.000000
70000198166.985779
70000931418.322067
70000165930.833603
70000525050.570755
70000760127.537399
70000002555.235580
70000289578.883392
70000610086.536865
70000965277.674515
70000405276.983795
70000531122.116806
70000586515.205032
70000687526.410767
70000542967.164825
70000085467.328278
70000546875.658844
70000972902.223679
1.000000
70000455119.897141
70000221266.122971
70000194246.355545
70000805114.854660
70000553220.220047
70000091889.994476
70000797533.727020
70000632492.395004
70000115083.548264
70000483035.161057
70000450717.402267
70000331470.434875
70000972484.424423
70000351704.913925
70000150572.755783
70000353756.240189
70000334537.529099
70000303763.128754
70000751210.095810
0.33
 0 0 0 0 0 0 0 0 0 0 0 0 0
