1 401
70000780257.380966
70000599015.957016
70000624867.067932
70000643564.205261
70000829350.484314
70000121877.322311
70000351545.720673
70000601155.237228
70000346233.713394
70000345400.337738
70000223045.783661
70000680564.594681
1.000000
70000784931.316452
70000863851.704529
1.000000
70000764970.584290
70000205908.538147
70000543010.924408
70000429117.049210
70000830138.097839
70000558422.940353
70000443554.113098
70000621435.064377
70000493398.476105
1.000000
70000224463.268280
70000722380.882263
70000350736.853226
70000133455.973404
70000880817.534103
70000968952.871094
70000723554.531204
70000696155.940384
70000330169.455688
70000337037.667099
70000903191.249680
70000583117.893524
1.000000
70000042509.709335
70000600661.632446
70000653153.246597
70000822096.891205
70000758288.158234
70000590516.399246
70000875573.664398
1.000000
70000915360.864212
70000725795.142761
70000024745.828384
70000371576.363220
70000527585.068329
70000524351.798676
70000438948.218948
70000977876.621887
70000019209.011658
70000025994.642685
70000544316.944901
70000749532.979492
70000067638.999207
70000132099.522797
70000429998.224258
70000258117.304092
70000463729.604568
70000135372.910141
70000282011.468506
70000970568.578384
70000855403.238770
70000652496.555222
70000241723.093277
70000149723.205795
70000678913.082077
70000199744.830353
70000071076.675415
70000232405.771393
70000197481.883957
70000789109.596344
70000003954.229156
70000401860.929688
70000921671.841675
70000105526.067734
70000652759.964462
70000613302.616180
70000325050.496262
70000082547.525650
1.000000
1.000000
70000856899.517914
70000469010.128479
70000274664.051178
70000216299.261276
70000458804.183273
70000626867.839844
1.000000
70000709153.315567
70000355238.908295
1.000000
1.000000
70000362461.413452
70000160788.889450
70000126037.793793
70000036082.589981
70000188896.896500
70000759843.210785
70000448823.842422
70000278377.929169
70000164860.052658
70000284860.715393
70000800761.417435
70000157159.736481
70000099408.592896
70000456762.615906
70000373420.805908
70000094006.179993
70000689331.052933
70000711792.090134
70000852232.335587
70000322643.268234
70000361667.906296
70000226905.290558
70000550059.748337
1.000000
70000612479.184265
70000326973.525787
70000584471.109085
70000496319.498642
70000311249.357437
70000029783.791687
70000907305.710754
70000436413.467392
70000276420.007050
70000828442.491318
70000887748.097504
70000022500.988724
1.000000
1.000000
70000959872.819351
70000388615.053116
70000710084.267487
70000392653.140503
70000453198.305878
70000878188.697235
70000551743.263428
70000673203.560135
70000478473.148865
70000735187.759262
70000227735.895569
70000138488.312805
70000030383.755966
70000166558.851761
70000087215.048340
70000340499.776337
70000385582.921051
70000370465.403305
70000115595.115463
70000689539.154480
70000000379.117493
70000940098.313110
70000282284.690247
70000470008.498077
70000048311.300369
1.000000
70000260420.816360
70000673674.957443
70000635875.547501
70000861452.668625
70000752342.809143
70000982242.037292
70000474594.849930
70000915111.626785
70000667408.061050
70000383581.552917
70000035863.969971
70000183359.445343
70000561464.519119
70000465168.860443
70000778768.156372
70000335364.253403
70000140703.093460
70000481693.471298
70000054277.484558
70000624514.876511
70000888630.375259
70000912017.487198
70000567494.077835
70000737644.638824
70000717218.479126
70000182025.791504
70000531226.315491
70000895222.935471
70000229988.431274
70000894611.669357
70000160598.502029
70000357716.130936
70000644818.937500
70000336541.455048
70000457821.186188
70000441158.330612
70000765989.938812
70000202022.635071
70000084122.565628
70000004914.071899
70000787367.652985
70000976080.458939
70000366627.831100
70000913889.988205
70000557057.520966
70000882625.312958
70000783654.801575
70000247048.601303
70000588349.802048
70000358050.980255
70000946622.087433
70000251430.677795
70000147586.993942
70000182170.867538
70000587248.811569
70000798254.010498
70000819322.035492
70000806220.428070
70000256674.710114
70000344040.093689
70000334220.590698
70000483034.109009
70000385879.916107
70000536129.819199
70000636715.335251
70000238260.334335
70000727817.628967
70000485666.412613
70000911095.337601
70000222139.739822
70000836532.431290
70000123861.390991
70000426879.081360
70000635991.780197
70000871474.436127
70000911982.886246
70000537368.630768
70000982538.347565
70000556482.518158
70000294257.809784
70000332580.113815
70000162384.234421
70000344860.148544
70000863565.979721
70000955214.524445
70000396679.961777
70000114356.068741
70000094001.475723
70000123087.299438
70000123640.072021
70000528862.614456
70000871363.616425
70000250674.617157
1.000000
70000918648.240997
70000482176.810471
70000617504.801010
70000024058.362717
70000245174.286758
70000553897.220596
70000233911.690796
70000554833.169586
70000135160.405121
70000654669.673935
1.000000
70000114221.085007
70000247889.634628
70000449731.731491
70000861528.224777
1.000000
70000791011.845352
70000081720.151993
70000988011.647079
70000986378.782394
70000485178.018417
70000983806.440002
70000913366.755615
70000634036.681839
70000079402.422241
70000796189.289612
70000444824.701050
70000518576.122482
70000384719.959488
70000693487.376358
70000125813.668365
70000358782.501968
70000385276.125137
70000931385.741943
70000765149.924866
70000781480.918518
70000855047.742355
70000833557.739166
70000553854.789764
70000517050.199463
70000157065.108841
70000316239.212967
70000408423.660446
70000131845.937241
70000384620.158844
70000546629.455551
70000110198.368286
70000313370.094864
70000733133.068817
70000358840.176163
70000895752.978012
70000491456.697891
70000653462.351288
1.000000
70000719886.373734
70000885539.651993
70000846787.351593
70000700854.277725
70000246157.004395
70000374244.775940
70000812832.138565
70000997435.700241
1.000000
70000356414.685287
1.000000
70000621580.093674
70000248141.161575
70000476369.315460
70000560938.798126
70000344967.486008
70000759950.364944
70000091577.109451
70000768472.109375
70000471753.622620
70000482912.770081
70000060193.333359
1.000000
70000124708.924225
70000312742.805130
70000023710.342194
70000242556.762878
70000162316.563843
70000387326.926575
1.000000
70000431642.864059
70000232368.155975
70000885923.105560
70000549303.721298
70000687578.760025
70000860868.336365
70000609568.971069
70000162839.552475
70000146121.558258
70000794883.258270
70000265164.894058
70000867747.780350
70000627204.648956
70000408694.707504
70000464007.131775
70000399440.948380
70000888500.642960
70000945694.473892
70000609792.577118
70000719931.621353
70000682803.213165
70000920699.153824
70000067736.952301
70000185064.741135
70000510860.078369
70000622068.271881
70000436645.822632
70000900319.813049
70000690741.996506
70000917963.865326
70000103694.122192
70000310020.876968
70000677592.989487
70000063969.361191
70000483325.353378
70000448712.229813
70000606595.347687
70000626502.432907
70000358743.519150
70000826257.523804
1.000000
70000402514.731277
70000820429.041733
70000669944.269638
70000634755.315659
70000575850.840805
70000338365.468475
70000217171.197601
70000518381.900177
70000030923.948105
70000395752.489960
70000253194.476410
70000147998.133942
70000260754.056747
70000239330.431717
70000937593.627274
70000095852.033463
70000234906.163406
70000719276.080032
70000711871.276840
0.33
 0 0 0 0 0 0 0 0 0 0 0 0 0
