1 401
70000387246.826004
70000356193.266739
70000542700.258301
70000529996.877014
70000566409.131363
70000043825.813568
70000320858.697113
70000620159.428467
70000349559.551682
70000402466.199066
70000340852.183380
70000262726.781464
70000115196.568283
70000180774.348999
70000195191.755920
70000156610.857147
70000177125.789062
70000385711.514465
70000319478.438843
70000307775.882767
70000502160.421326
70000565925.802170
70000015092.198669
70000636798.899582
70000927067.602783
70000660326.970398
70000106336.717529
70000268088.433395
70000783903.548996
70000948900.144135
70000507886.846161
70000256120.065384
70000840925.681213
70000286230.924332
70000970878.700500
1.000000
70000157365.474640
1.000000
70000709276.073517
70000907058.715408
70000256390.867218
70000517940.052399
70000082283.854874
70000712958.258331
70000428183.384399
70000430041.070236
70000077174.788147
70000177946.508240
70000411218.350143
70000756564.687531
70000566721.447632
70000597127.040939
70000676330.103165
70000557038.501266
70000185365.800415
70000392987.092056
70000696944.168655
70000981979.811371
1.000000
70000010881.091248
70000474128.037888
70000199667.710251
70000992354.745239
70000261339.166946
1.000000
70000326770.015335
70000838340.343796
70000548384.454056
70000995487.427307
70000679077.604813
70000897161.102249
70000067303.671127
70000630084.087799
70000670488.933762
70000461161.973053
70000349299.254456
70000688099.047760
70000630034.405914
70000284023.754639
70000574250.425446
70000401304.068146
70000529128.750214
70000594362.550705
70000429486.358322
70000901892.859726
70000767199.020569
1.000000
70000974630.617493
70000769207.030975
70000723122.600388
70000869347.623245
70000118151.777374
70000071522.983643
70000878565.640015
70000761799.406738
70000570203.808182
70000159754.461990
70000163204.121078
70000493783.218246
70000755240.531662
70000935516.449249
70000154150.210754
70000967061.876648
1.000000
70000871487.618790
70000619070.537338
1.000000
70000460560.427200
70000492998.982376
70000544525.854172
70000019884.021622
70000186885.730072
70000733076.716507
70000668505.624207
70000046568.576080
70000652594.436508
70000673530.606171
70000720049.910324
70000334787.953033
70000189039.825668
70000055909.160217
70000282453.583008
70000837233.552841
70000839089.903397
70000135949.332947
70000044123.287750
70000248567.656662
70000957638.199646
70000716716.041870
1.000000
70000047868.737305
70000609838.345032
70000081702.385422
70000219210.588028
70000688272.715179
70000524283.568039
70000446799.567383
70000503395.563431
70000306858.458954
70000522803.825745
70000502055.195236
70000465156.481812
70000205299.913727
70000275525.646255
70000144863.350037
70000540110.746964
70000857608.945007
70000504101.965271
70000675329.460052
70000549101.467499
70000799612.915878
70000606054.568100
1.000000
70000872281.518127
70000527391.690048
1.000000
70000163410.537903
70000424655.841797
70000260173.446350
70000873933.330276
70000639090.396454
70000006378.677185
70000579395.373718
70000109253.958298
70000348778.033951
70000884833.991745
70000746659.791412
70000079313.239578
70000742442.326065
70000395510.781708
70000998052.300400
70000434542.992798
70000083891.803940
1.000000
70000473633.207123
70000744064.162308
70000588283.122803
70000138256.980804
70000235776.339935
70000094131.334610
70000421685.184891
70000528285.650528
70000530319.716110
70000892257.840881
70000117486.732040
70000967716.939850
70000314725.647278
70000704141.863632
70000351064.743652
70000714716.469589
70000957211.501495
70000140924.150925
1.000000
70000291467.002533
70000000215.346741
70000983794.526535
70000522885.951035
70000980332.048340
70000927801.717255
70000888872.621872
70000363509.061584
70000633046.623535
70000366130.085403
70000237887.776688
70000545927.169571
70000933184.208725
70000933137.365723
70000509974.932297
70000056830.148956
70000594917.929733
70000993743.589157
70000702994.003723
70000112653.137848
70000209508.927612
70000953840.334976
70000033591.209869
70000753290.660004
70000126367.649551
1.000000
70000957928.697632
70000988066.365509
70000377215.432022
70000632204.810059
70000918927.739349
70000185648.462082
70000351222.134628
70000599560.972885
1.000000
70000964216.518402
70000252851.168015
70000172069.073593
70000577759.708481
70000253813.158646
70000495974.517227
70000880511.439865
70000796224.549316
70000050418.893234
70000512552.259628
70000577064.253662
70000137540.967743
70000679191.302094
70000371211.520569
70000195893.618835
70000433036.531830
1.000000
70000051290.827896
70000207490.867874
70000725596.125946
70000325133.678207
70000964697.738983
70000692161.930511
70000881246.190399
70000682866.795578
70000451681.340149
70000910610.729355
70000495054.538330
70000925061.579697
70000318290.883453
70000151189.195541
70000233344.464386
70000111477.239273
70000770234.217285
70000739927.429337
70000861733.337189
70000531989.292969
70000507011.129929
70000284094.263916
70000817212.217682
70000630554.291580
70000979342.116089
70000739136.216995
70000016429.085846
70000934508.395737
70000879832.952606
70000352247.785614
70000109096.038300
70000247945.646683
70000627509.763657
70000931791.112000
70000186300.710449
70000977752.988861
70000950250.470642
70000024661.353394
70000585532.344879
70000186836.307327
70000467059.473602
70000384046.775391
70000089144.816055
70000982713.671234
70000600980.214798
70000278967.773560
70000128516.137070
70000072768.716156
70000557101.975952
70000389089.284622
70000695966.104446
70000522477.381485
70000095253.769241
70000357554.935028
70000821560.403793
70000426997.298050
70000666025.227478
70000342318.567047
70000513466.882660
70000288756.021469
70000885651.263000
70000279384.431732
70000692095.920319
70000920242.377396
70000750984.186646
70000834224.597672
70000311090.408234
70000910822.872803
70000297117.163269
70000946929.756302
70000229403.762817
70000435309.397324
70000230245.697784
70000948878.138870
70000162713.515884
70000557397.615097
70000746057.628571
70000655307.890518
70000037501.076355
70000432730.294891
70000751193.219330
70000863777.845428
70000572028.895157
1.000000
70000150086.457077
70000861856.059799
70000634593.484756
70000197585.294449
70000124909.571060
70000632421.135086
70000019576.947021
70000249011.375305
1.000000
70000093273.463043
70000149289.421463
70000021178.828934
70000786109.645416
70000704438.707901
70000754697.069656
70000090943.563965
70000827599.777023
1.000000
70000045890.124939
70000148006.692734
70000514574.298904
70000245594.211746
70000374951.834305
70000120693.670700
70000170884.093536
70000559239.811935
70000502401.572418
70000688159.407059
70000646108.813095
70000099417.827560
70000389185.516174
1.000000
70000410192.075607
70000065321.820755
70000513172.929245
70000345800.306961
70000511876.163300
70000826468.340073
70000402821.067596
70000521624.264587
70000029692.471466
70000306803.704193
1.000000
70000393912.349380
70000748929.859863
70000297391.583542
70000208776.708694
70000720676.889618
70000632163.087891
70000232836.664948
70000694248.639160
70000359885.508148
70000170961.403732
70000710371.535919
70000093214.225510
70000376805.236725
70000662104.836258
70000445489.881332
70000720740.287201
1.000000
70000959953.856186
70000376611.545074
1.000000
70000462826.278198
70000958582.478134
70000714937.742798
1.000000
70000409249.836884
70000121259.723328
70000168376.625687
70000833419.315506
0.33
 0 0 0 0 0 0 0 0 0 0 0 0 0
