1 401
70000588310.280151
70000091919.866516
70000593026.304565
1.000000
70000263322.057602
70000799565.876282
70000304827.588165
70000783513.881851
70000626035.803574
70000564565.051468
70000094431.843918
70000062887.319260
70000963186.015381
70000459467.172958
70000940037.884964
70000730438.505051
70000724122.326004
70000871212.714157
70000795896.219421
70000362167.286102
70000760171.912369
70000822244.785599
70000349173.042297
70000936566.214645
70000017203.337753
70000621399.178757
70000315055.461838
1.000000
70000419496.002716
70000265815.838104
70000527035.522476
70000430500.600449
70000815438.985962
70000041609.580353
70000220920.398483
70000287555.930984
70000240610.092392
70000824809.116135
70000777630.753799
1.000000
70000882206.747787
70000165186.657364
70000741932.900879
70000650474.701767
70000004329.113403
70000277108.220871
70000922027.981903
70000443844.380295
70000049245.154312
70000203012.817902
70000667543.553970
70000241322.497849
70000441491.485855
70000325618.420807
70000206457.296402
70000328288.440338
70000046067.919617
70000157187.198181
70000352961.356522
70000315743.847076
70000278020.744537
70000319085.794525
70000718781.704163
70000525540.753403
1.000000
70000461353.198288
70000928510.300018
70000779343.049988
70000776443.413589
70000884853.192245
70000002622.912689
70000262762.252075
70000674570.820007
70000574793.831512
70000705788.652496
1.000000
70000929908.755569
70000987277.693878
1.000000
70000274255.049683
70000368414.624741
70000927263.516983
70000436364.068497
70000839873.843170
70000669744.728455
70000924345.030472
70000894461.452271
1.000000
70000530416.872192
70000754262.252136
70000738366.969971
70000092682.531342
1.000000
70000668843.926147
70000677574.296616
70000652280.389954
70000709077.310822
1.000000
70000778254.799698
70000536019.122177
70000674811.727859
70000481095.383179
70000903150.984146
70000930537.006104
70000532247.541885
70000468963.184784
70000824136.323486
70000285228.194168
70000984254.068008
70000203861.048691
70000402105.561905
70000784293.620712
70000705650.914108
70000384142.327286
1.000000
70000228029.658249
70000087404.541321
70000559046.503296
70000027319.988571
70000185798.969666
70000242799.698517
70000886506.511246
70000997291.740494
70000322642.244202
70000989921.658783
70000387501.214233
70000156682.628891
1.000000
70000076132.933685
70000028642.974640
70000073819.224808
70000159496.254059
70000796976.469330
70000007250.155472
70000049670.445496
70000185152.114319
70000942218.463760
70000346810.724869
70000653571.578720
70000823173.500183
70000371663.697220
70000735481.913589
70000908536.152512
70000909442.676819
70000430164.617050
1.000000
70000750076.014740
70000805547.940735
1.000000
70000469114.843231
70000501964.846298
70000377251.501373
70000679524.288223
70000710527.301437
70000975244.637619
70000088943.343796
70000502127.254684
70000317407.953171
70000660129.088547
70000848510.624344
1.000000
70000679727.547165
70000507879.419617
70000540322.107559
70000360291.541092
70000496074.427521
70000697854.280884
70000913201.986176
70000782134.341248
70000525674.968201
70000849302.283554
70000706220.222488
70000056466.796936
70000083596.754593
70000715138.298370
70000574407.769562
70000627862.589691
70000841791.772629
70000393023.221146
70000932828.206833
70000186394.898422
70000082152.539978
70000506845.151199
70000462268.751450
70000622606.160187
70000429000.142670
70000760090.168350
70000212490.418182
70000294306.587051
70000526376.243973
70000354946.737137
70000125188.441147
70000283347.780548
70000927016.700119
70000518857.731506
70000893878.789124
70000764838.286469
1.000000
70000389312.965195
70000473418.750839
1.000000
70000865363.061966
70000794941.242386
70000947285.052002
70000297563.873154
70000736356.183640
70000377797.441055
70000007263.099121
70000991467.455063
70000494169.184555
70000777278.360886
70000214713.694855
70000954002.659912
70000268737.777069
70000526628.463287
70000335899.008179
70000807246.359726
70000098913.214066
70000227171.417892
70000650880.117523
70000461065.736359
70000436871.396317
70000253511.530731
70000090846.006226
70000814113.285767
70000215783.005844
1.000000
70000080881.521957
70000568580.448212
70000063662.265549
70000184636.729630
70000561834.103821
70000246587.076202
70000756444.152893
70000420029.339493
70000518405.737259
70000432508.503067
70000964845.932709
70000128668.640930
70000455357.462830
70000453537.173233
70000182160.489380
70000216567.725601
70000879542.475449
70000182212.231979
70000686163.892502
70000829985.724808
70000228143.096283
70000416934.772919
70000143746.758606
70000437303.016510
70000431417.042847
70000377762.938049
70000256406.545593
70000048977.114822
70000295011.627792
70000769693.590668
70000450596.301041
1.000000
70000058315.493362
70000236378.345840
70000001403.397583
70000402638.097488
70000049761.718643
1.000000
70000411525.814758
70000992918.579483
70000919511.001282
70000023207.251587
70000025407.065018
70000854493.371460
70000424575.809738
70000810366.510040
70000844518.687866
70000858326.568024
70000878148.417603
70000990601.465820
70000052991.655243
70000749266.974304
70000406338.320297
70000530908.574463
70000353131.852325
70000206467.394073
70000974709.472427
70000608782.830276
70000620282.448959
70000930582.815521
70000340934.109879
70000309911.817337
70000883303.350403
70000463167.804092
70000863833.262100
70000902317.957581
70000630036.055130
70000118514.123123
70000821363.686752
70000585014.649887
70000214256.510849
70000414650.335358
70000483780.107819
70000855030.588593
70000828243.645020
70000928757.206100
70000692849.735260
70000054790.481247
70000370781.404633
70000612173.124237
70000836543.564957
70000311188.512802
70000072253.425217
70000603830.324539
70000136506.674835
70000747658.216339
70000534903.574539
70000409756.651749
70000908832.861282
70000360854.659256
70000430603.462082
70000964100.213318
70000911990.817307
70000340385.648834
70000757518.429825
1.000000
70000008394.936676
70000159215.907837
70000568659.586685
1.000000
70000002560.914581
70000206685.898056
70000930004.801926
70000976815.651443
70000811973.279236
70000210895.722549
70000548557.853989
70000240910.586838
70000876058.363708
70000924673.532425
70000969462.201538
70000945590.616714
70000977707.835785
70000861992.944748
70000749161.608826
70000201567.377518
70000593307.848312
70000239673.328690
70000870015.874908
70000741564.543900
70000743673.708710
70000834748.628464
70000818551.553864
70000372745.766022
70000839631.375336
70000173368.553955
70000614020.851395
70000028634.266235
70000534168.917450
70000609652.178970
70000967235.549286
70000462724.123795
70000826556.925171
70000854155.420120
70000295351.310150
70000045427.200302
70000013303.958572
70000620714.898575
70000675099.931808
70000506082.968994
70000863842.948624
70000836602.801758
70000561875.214844
70000055540.769562
70000577349.605789
70000859431.834915
70000097309.550919
1.000000
70000025595.422546
70000345498.880341
70000373642.179321
70000078029.629364
70000546775.794052
70000397479.918549
70000027446.990723
70000959813.457581
70000215681.928131
70000287064.675537
70000563560.888672
70000426095.173294
70000654078.610779
70000220128.470261
70000097763.164139
70000259331.987045
70000494328.056458
1.000000
70000886410.499374
70000901966.281143
70000042366.830643
70000450215.829361
70000276827.376801
70000502552.044052
70000210531.347290
0.33
 0 0 0 0 0 0 0 0 0 0 0 0 0
