1 401
70000343600.407272
70000339824.698029
70000565781.332886
70000211387.326477
70000618149.449478
70000809813.928680
70000173300.888763
1.000000
1.000000
70000790006.818054
1.000000
70000364685.038086
70000608437.403503
70000178885.054108
70000745901.908981
70000890334.785004
70000135990.303162
70000196844.199432
70000273101.766525
70000350930.009598
70000260061.876907
1.000000
70000711850.675140
70000643515.640991
70000043394.673355
70000642796.539795
70000708812.611176
70000731350.673080
70000803352.840820
70000364892.816467
70000266755.011566
70000154276.320267
70000573048.353745
70000861570.517807
1.000000
70000216162.501205
1.000000
70000240484.874451
70000583095.854034
70000169390.876953
70000919866.209122
70000873258.817596
70000113308.431168
70000360893.460312
70000608255.624512
70000024130.118500
70000196602.511032
70000382306.928040
70000755451.958099
70000205584.561523
70000340309.774277
70000915002.559082
70000885814.385284
70000648753.626007
70000433107.470978
70000741735.555527
1.000000
70000475709.841782
70000618974.587524
70000174217.773987
70000709466.229904
70000696681.904099
70000691020.523621
70000228308.277222
70000489837.666382
70000674031.542206
70000217743.977570
70000265310.035553
70000607906.190887
70000007174.593903
70000697886.201904
70000126152.385849
70000248844.249313
70000664804.151627
70000537456.922424
70000489449.402435
70000256025.647675
70000074086.866135
70000512633.560043
70000982713.837860
70000981122.002762
70000825033.578094
70000060926.872879
70000458467.063980
70000309795.101318
70000698266.264847
1.000000
70000628641.489838
70000915488.683197
70000238732.882248
70000134437.360931
70000761246.658722
1.000000
70000947819.592819
70000606278.590179
70000192076.190384
70000456163.654526
70000656077.301712
70000824449.850037
70000766892.527939
1.000000
70000551988.184631
70000228414.768402
70000593433.661469
70000396988.917252
70000623482.100891
70000611816.388290
70000423387.267288
70000829541.265030
70000642187.901627
1.000000
70000881392.761566
70000988322.167114
70000003690.260406
70000159456.424316
70000314343.016037
70000426286.486526
70000529009.210022
70000141729.046951
70000758589.910080
70000871233.152359
70000657998.405792
70000629522.318832
70000357182.656570
70000021815.453918
70000214080.653030
70000520112.536987
70000867350.954880
70000327950.004288
70000279543.626831
70000933997.445740
70000608458.465057
70000869965.574036
70000226135.751816
1.000000
70000092256.024124
70000760067.997879
70000021704.490234
70000895687.914017
70000983221.976776
70000964237.976913
1.000000
70000036290.497589
70000116101.477722
70000858658.918793
70000844003.388596
70000289037.148117
70000643682.345367
70000618501.602951
70000452043.631744
70000592317.564484
70000991546.062027
70000832239.701279
70000593601.997223
70000594762.151474
70000050554.211441
70000613346.734528
70000799095.601562
70000089617.639435
70000050678.405334
1.000000
70000388454.947495
70000211977.469940
70000875116.380051
70000904281.050629
70000636357.535736
70000161690.667511
70000314125.283051
70000597113.737198
70000476680.722809
70000801466.949036
70000588765.087830
70000327822.568359
70000338029.195358
70000639524.238998
70000044694.995865
70000961101.558258
70000389415.622955
70000458898.504166
70000193244.845810
70000258468.631393
70000517863.694962
70000545345.005707
70000607235.768448
70000031396.580536
1.000000
70000337210.970184
70000948944.636444
70000954678.784180
70000814177.705933
70000158669.062302
70000015217.282211
70000328365.994965
70000765396.392059
70000884741.178818
70000008015.896194
70000446714.704514
70000385706.812332
70000472017.464172
70000971629.314896
70000776899.259369
1.000000
70000189212.666321
1.000000
70000694881.626099
70000903398.797424
70000905945.693878
70000993754.337112
70000702942.471848
70000586792.849838
70000956031.486710
70000065710.162170
70000502242.693146
70000848586.396149
70000319146.117767
70000934782.719711
70000697920.075317
70000131801.680496
70000665863.053604
70000035076.084412
70000128298.972412
70000283361.689377
70000767977.542282
70000169734.621674
70000524431.600311
1.000000
70000872186.696442
70000160223.468536
70000317777.800751
70000322185.434387
70000632383.284027
70000701527.381042
70000987405.468903
70000252147.575699
70000470366.470154
70000211255.702255
70000168758.433777
70000148832.221375
70000143072.269058
70000596887.508530
1.000000
70000877641.116409
70000646219.249115
70000911156.949966
70000184153.084305
70000914565.365295
70000273406.003464
70000635644.754578
70000627066.613373
70000003489.334152
70000452800.114410
70000106609.298645
70000421569.797318
70000312503.830521
70000712645.804260
70000177842.197662
70000512530.293457
70000552221.802063
1.000000
70000225857.421677
70000913400.204056
70000651249.621338
70000993641.568359
70000192467.091583
70000907598.420639
70000112976.234146
1.000000
70000418870.237198
1.000000
1.000000
70000321630.937347
70000360445.178986
70000377954.640533
70000656195.865601
70000512276.080475
70000473679.797119
70000251271.680130
70000812247.027008
70000169131.282822
70000050796.338379
70000753531.928253
70000565657.147873
70000813391.233810
70000063376.659836
70000335276.410583
70000844211.633942
70000973471.680817
70000463418.476242
70000553517.354065
70000047300.262115
70000327016.096359
70000048110.879227
70000207210.649353
70000971770.319183
70000407672.581757
70000596343.748550
70000630606.287811
70000422017.821289
70000348923.511093
70000406803.670807
70000421140.022629
70000148340.229172
70000047205.751816
70000391645.409470
70000176652.870102
70000701047.867523
70000153690.205109
70000030902.985733
70000247191.707077
1.000000
70000743312.587158
70000839817.218323
70000921834.855789
70000297567.974030
70000714768.549805
70000875883.892929
70000788260.140823
70000494634.823669
70000879807.081558
70000073457.534103
70000899146.855072
70000424632.654999
70000852614.315857
70000716909.320770
70000522515.607895
70000825568.787964
70000343217.917419
70000525859.909210
70000103299.264816
70000467891.712814
70000730404.838959
70000616609.817657
70000115931.594955
70000954440.273193
70000933329.968170
70000632531.961441
70000179095.648636
1.000000
70000194371.176117
70000371997.813492
70000771133.779022
70000912369.797470
70000558305.121948
70000200714.877869
70000542206.721146
1.000000
70000872718.028336
70000507700.765121
70000239179.544464
70000438699.680191
70000989993.256546
70000560143.278732
70000033149.996017
70000007136.546127
70000386714.120880
70000003286.376175
70000244139.797806
70000368952.655472
70000980008.297897
70000332435.138992
70000839152.250351
70000858102.292923
70000782983.272247
70000965076.231857
70000543339.527695
70000258950.089951
70000525585.693039
70000953418.420197
70000579645.502090
70000976538.399719
70000167341.529266
70000643052.106995
70000180255.660736
70000714784.996948
70000374503.572998
70000675458.904724
70000320221.401901
70000793196.113998
70000963238.797241
70000932316.866074
70000494226.485199
1.000000
70000060094.646194
70000750084.130569
70000772325.221771
70000352882.050446
70000347170.420654
70000688962.861801
70000618463.587265
70000096391.892441
70000701088.248581
70000302412.840179
1.000000
70000485591.308792
70000180208.185349
70000649577.392334
1.000000
70000021198.446320
70000567795.383667
70000125579.172501
0.33
 0 0 0 0 0 0 0 0 0 0 0 0 0
