1 401
70000267864.455261
70000416034.718857
70000238834.450119
70000739494.962433
70000273198.729065
70000059951.692657
70000613266.274216
70000689962.261993
70000681467.741913
70000240353.996933
70000365200.936264
70000094172.585068
70000969871.752670
70000225004.942993
70000061602.095673
70000254387.753632
70000862320.096832
70000365842.864166
70000026830.787369
70000198491.289871
70000410116.175659
1.000000
70000623473.395996
70000718417.658859
70000686224.372284
70000177586.629059
70000721840.745941
70000328493.151230
70000496104.484985
70000590020.966385
70000748964.621994
70000115473.765671
70000899258.600327
70000058333.286407
70000140806.433563
70000042765.825455
70000996084.627731
70000122241.210602
70000494127.975510
70000920759.998215
70000604539.901672
70000945925.805939
70000710246.029129
1.000000
70000354825.066711
70000986962.063553
70000315657.699615
70000013946.169296
70000812308.424606
70000735206.855591
70000660704.535919
70000403590.369522
70000476455.212112
70000038688.809631
70000874861.951248
70000723164.188812
70000601153.486725
70000863178.957901
1.000000
70000911186.235580
70000554082.388748
1.000000
70000665662.961365
70000927449.936493
70000754385.327072
70000321851.939407
70000147528.858932
70000387827.924850
70000878294.112961
70000385257.932877
70000441529.879837
70000084960.593353
1.000000
70000547155.368515
70000332816.192001
70000443063.059525
70000518362.651810
70000188805.878967
70000518727.380417
70000761590.719116
70000922914.857666
70000426606.199326
70000050881.047577
70000800246.680496
70000284804.792343
70000162040.360352
70000245539.853119
70000750122.425446
70000309614.435135
70000408301.466721
70000577561.280518
1.000000
70000422585.638046
70000605998.547272
70000327731.642715
70000218531.991089
70000348852.168915
70000306826.343094
70000038674.605835
70000696512.275574
70000881861.860260
70000207695.416458
70000263472.230042
70000775842.722763
70000851121.354630
70000432061.136581
70000206812.477539
70000216428.845306
70000577557.868423
70000089480.070023
70000211383.870499
70000866576.795731
70000388061.642975
70000728974.507263
70000002188.772858
70000354240.980362
70000765148.381104
1.000000
70000994758.946991
70000803997.770660
70000412333.131744
70000103171.490402
70000691965.666260
70000128836.466248
70000635309.483398
70000555968.324524
70000334526.207947
1.000000
70000714191.137405
1.000000
70000989129.178986
70000716962.703186
70000347529.590302
70000967614.454529
70000211621.831909
70000719758.231750
70000490356.364059
70000667910.403397
70000534931.066406
70000575621.954132
70000559589.212448
70000727994.677261
70000044127.728226
70000012617.228683
70000172427.901215
1.000000
70000698928.492935
70000515144.562317
70000222378.024231
70000495931.449265
70000970408.433380
70000066416.921356
70000976664.175278
70000778305.016266
70000322539.067474
70000779325.800522
70000785136.564224
70000525437.617386
70000691775.095078
70000716482.670166
70000373513.811981
70000965431.615707
70000436822.958984
70000190309.499557
70000521618.103302
70000788822.197647
70000367460.439453
70000221526.937286
70000517602.829559
70000725792.597488
70000785494.488358
70000712748.616653
70000223147.265411
70000005998.637222
70000201373.858749
70000834137.078918
1.000000
70000234454.888153
70000658162.505219
70000165537.735291
70000770187.692596
70000579361.392868
70000246063.859482
70000426307.329178
1.000000
1.000000
70000812331.402069
70000825919.938339
70000496077.676483
70000214935.539261
70000008960.510651
70000974395.151917
70000532182.330551
1.000000
70000207826.053940
70000300404.827301
1.000000
70000034524.876495
70000859381.873611
70000212293.420715
70000756403.366791
1.000000
70000297909.036682
70000349826.629974
70000642835.594910
70000342990.590622
70000608155.869431
70000017832.418030
70000245071.842148
70000178105.562408
70000625115.165375
70000621188.195648
70000192491.730881
70000939962.819809
70000494343.146774
70000955787.918732
70000400139.868896
70000140913.542297
70000776994.910461
70000240131.595718
70000664667.943436
70000402502.499405
70000988873.575897
70000448555.049469
70000891180.379364
70000418992.666962
70000408122.845932
70000981883.980759
1.000000
1.000000
70000964799.792999
70000076234.053482
70000377445.077347
70000313403.057404
70000023900.893326
70000906101.330978
70000919632.466782
70000368484.909454
70000905818.880920
70000292126.270233
70000771479.192154
70000684889.114227
70000101259.285004
70000594818.878784
70000693130.785202
70000667377.521194
70000558722.223373
70000709887.821640
70000390315.878448
70000365863.820358
70000865270.517273
70000505351.522919
70000134513.176651
70000131552.679108
70000823370.799881
70000733768.028992
70000718793.082413
70000960849.241165
70000999956.038864
70000897083.847321
70000375901.088028
70000377055.171036
70000544857.422501
70000688952.351990
70000210857.253998
70000799548.092621
70000960007.838303
70000688004.483795
70000991361.256439
70000650971.671585
70000586492.054382
70000666015.809845
1.000000
70000312226.977142
70000454644.921112
70000223754.380859
70000970869.920898
70000312457.311081
70000000780.338959
70000640628.352661
70000714895.486176
70000265780.134750
70000506230.444412
70000176362.716080
70000381205.690186
70000327614.451889
70000832889.167068
70000212885.433853
70000408356.616791
70000311027.443832
70000357781.866211
70000672702.273407
70000407442.386215
70000181148.839798
70000343920.850327
70000511962.799164
70000460505.540176
70000656242.814377
70000497231.716446
70000866220.796387
1.000000
70000194787.815826
70000579276.307632
70000443261.230103
70000988351.505203
70000804845.519623
70000289809.961945
70000603872.682648
70000933895.312805
70000732878.467560
70000226402.299606
70000190971.818207
1.000000
70000124434.147125
70000399200.175186
70000484585.914841
1.000000
70000746278.341934
70000904007.482086
70000875405.579086
70000979139.175476
70000168656.925812
70000513325.671997
70000806545.689728
70000521012.060394
70000364591.554657
70000257383.195129
70000314358.472702
70000860814.633087
70000464147.620697
70000518817.283478
70000023820.649719
70000259102.738358
70000537360.036469
70000796367.754578
70000441990.920074
70000711390.043274
70000805639.031509
70000301050.996368
70000625875.436523
70000182205.968597
70000048397.988800
70000808862.797318
70000351163.406418
70000846103.067184
70000413642.121078
70000282785.439529
70000538817.102783
70000148453.625488
70000286429.744324
70000253333.145981
70000163191.331329
70000405786.007156
70000816391.389847
1.000000
1.000000
70000135273.873993
70000869499.631104
70000785466.105957
70000205526.988297
1.000000
70000434336.306564
70000030623.601105
70000331816.852921
70000726694.748108
70000143988.339676
70000952748.528961
70000491163.812653
70000637707.872513
70000877512.106094
70000384823.077393
70000528900.400528
70000713382.191803
70000906134.568451
70000870930.305130
70000548830.127441
70000571813.385590
70000067939.702087
70000470182.185120
70000747674.198822
1.000000
70000293436.700043
70000166554.116653
70000659744.175430
70000058748.443970
70000248882.907745
70000001000.419052
70000966213.313919
70000246956.301208
70000897365.622421
70000256242.460648
70000556603.366745
1.000000
70000491548.474289
70000901889.211075
70000481572.155853
70000950702.065628
70000202497.429718
70000171447.379318
70000954000.542389
0.33
 0 0 0 0 0 0 0 0 0 0 0 0 0
