1 401
70000645279.625015
70000280568.584061
1.000000
70000848369.127213
70000087737.644638
70000504035.226868
70000764872.700256
70000886981.606903
70000320304.940781
70000199199.944748
70000742943.033432
70000958205.431747
70000542030.432159
70000993534.925644
70000127916.333344
70000329990.770248
70000431118.521317
70000198642.563675
70000925022.812881
70000690795.890717
70000114431.354233
70000116201.660950
70000604883.998047
70000168877.684662
70000360038.198349
70000592924.407776
70000392883.446198
70000419786.037735
70000457788.067780
70000678913.678131
70000275317.569992
70000178547.913559
70000861338.259308
70000592718.658691
70000496055.803055
70000458758.757217
70000138833.355637
70000890648.392487
70000648371.552658
70000598224.532318
70000282123.775406
70000019799.793427
70000549482.548264
1.000000
70000108071.045624
70000728887.364731
70000432636.241806
70000734690.911407
70000694956.051620
70000038700.982773
70000063454.576950
70000742374.696045
1.000000
70000377709.848267
70000889803.288193
70000684297.962692
70000043206.423187
70000372686.094055
70000656187.136795
70000628759.665848
70000689656.915131
70000657165.884735
70000401564.096085
70000756820.801056
70000263095.155777
70000689978.788177
70000208121.262390
70000071709.216827
70000964372.213760
70000012379.277710
70000932198.126114
70000206553.950073
70000242420.446121
1.000000
70000411702.989426
70000178860.523590
1.000000
70000751250.382187
70000203698.412079
70000337467.386536
70000170075.769897
70000592387.674973
70000467605.320740
70000951965.231598
70000935489.604431
70000525782.959793
70000142351.755585
1.000000
70000282453.082703
70000315900.077072
70000091438.033051
70000641536.492706
70000752674.947601
70000495512.875854
70000337435.932831
70000296867.051300
70000647167.380905
70000138305.529175
70000293564.011398
70000175371.322983
70000351554.105011
1.000000
70000137918.776550
70000804572.217896
70000012022.741806
70000844141.627808
70000842391.633484
70000453757.597763
70000146596.142258
70000172287.510239
70000553287.298431
70000891454.365753
70000183759.256531
70000655949.123993
70000631028.385239
70000018308.799942
70000637331.622437
70000413501.767944
70000860027.938141
70000456019.563950
70000326268.425583
70000822096.244522
70000437557.447571
70000445583.979782
70000231655.448532
70000146032.352768
70000679384.029266
70000283652.634781
70000581264.899017
1.000000
70000134925.870209
70000449498.545319
70000962326.868210
70000785159.911743
70000834712.276520
70000604340.985825
1.000000
70000168211.971710
70000236761.054520
70000471740.580414
70000775016.535477
70000247088.642441
70000168930.266891
70000857120.420609
1.000000
70000543528.042740
70000106297.359482
70000514502.874649
70000858820.422272
70000572946.482101
1.000000
70000473909.945297
70000145139.901520
70000648218.009399
70000488581.619614
70000031149.229950
70000938954.274033
70000107504.905029
70000794834.890030
70000419133.966614
70000267596.043213
70000823018.488525
70000337856.265564
70000735937.128479
70000449757.301468
70000599952.029907
1.000000
70000678997.140717
70000640586.935364
70000994884.775604
70000754484.414978
70000835564.019699
70000985298.042664
70000516911.206635
70000791733.531342
70000417789.254440
70000745463.532394
70000775740.727310
70000468450.189285
70000377110.630753
70000952056.098877
70000218310.342468
70000380400.033875
70000473570.903564
70000614085.594101
1.000000
70000271767.658432
70000238898.092392
70000787057.702896
70000204196.831985
70000101530.655121
70000147423.057800
70000212237.737534
70000527808.383057
70000230002.889862
70000816778.322693
70000384066.555603
70000449662.592590
70000446736.152451
70000784416.184494
70000426764.734772
70000042457.226166
70000701305.700363
1.000000
70000722130.552948
70000430795.047318
70000961681.723984
70000571429.339706
70000003878.322617
70000578771.478989
70000944274.515350
70000994656.658813
70000333222.158905
70000768773.400360
70000462195.348022
70000962440.074448
70000087757.092178
70000945623.643082
70000636053.300217
70000394734.110916
70000768346.072388
70000257823.108566
70000276633.764023
70000077048.793350
70000895253.675842
70000056801.524628
1.000000
70000333802.667572
70000613800.899948
70000192866.431458
70000016028.119598
70000587415.404160
70000248108.751953
70000811419.925293
70000095413.635193
70000511872.186981
70000755997.188232
70000091065.023285
70000988450.052460
70000114748.812607
70000938720.870300
70000335719.709259
70000398518.403870
70000837079.361084
70000474129.463928
70000808897.637466
70000879205.297104
70000709069.415970
70000376144.988983
70000217472.854034
70000536685.558029
70000107890.597153
70000173423.798431
70000445273.099808
70000915664.349213
70000397783.335846
70000664409.779449
1.000000
70000235306.140488
70000420413.384995
1.000000
70000447276.343399
70000243726.055237
70000266212.323853
70000106607.538681
70000151776.984970
70000410671.219620
70000682525.210785
70000486173.410934
70000707840.178696
70000091789.863037
70000542064.334473
70000324003.023758
70000520782.713898
70000739686.324966
1.000000
70000978784.250443
70000394943.668533
70000246897.541214
70000628409.872681
70000685487.583511
70000840127.485001
70000745891.802734
70000884617.686676
70000510705.080719
70000573342.244629
70000861140.272430
70000720245.218628
70000110121.926865
70000785518.146103
70000087454.049561
70000345967.127411
70000228451.909668
70000936694.970261
70000673218.865143
70000499039.880264
1.000000
70000508683.756699
70000888606.301666
70000107057.632858
70000044026.590759
70000667599.651947
70000332253.538803
1.000000
70000089088.770447
70000110746.291000
70000022040.549652
70000767251.551376
70000212542.791840
70000725055.986923
70000556728.905762
70000557307.472763
70000643382.287537
70000148327.505295
70000192952.213165
70000367678.354126
70000253605.750839
70000036257.499741
70000816793.071304
70000994491.991592
70000141853.597351
70000534257.378967
70000599277.382446
70000516079.567108
70000842694.502426
70000596032.101578
70000234396.895325
70000902486.507706
1.000000
70000169180.883270
70000851404.332230
70000605809.379791
70000535409.220871
70000447008.508270
70000782408.458328
70000536010.766464
70000132213.672607
70000836510.443893
70000423589.206619
70000612479.095840
70000447928.795273
70000845516.309982
70000952228.438126
70000947322.565826
70000747757.404465
70000384866.995392
70000504454.281952
70000180782.440689
70000007672.158524
70000943149.055389
70000293011.366653
70000606527.691940
70000582478.972870
70000668251.781418
70000045299.089783
70000684070.256760
70000911347.930435
70000697595.127396
70000957402.929291
70000230210.031250
70000224760.545990
70000707072.811539
70000226725.428757
70000565229.255035
70000547309.809479
70000480649.854294
70000921424.159332
70000297172.362946
70000627902.054626
70000478182.290359
70000364268.656845
70000059727.937866
70000109787.583069
70000510383.539505
70000582162.670105
70000553790.194305
70000303285.467194
70000832333.508484
70000466402.815292
70000964709.416992
70000113281.973450
70000014646.736115
70000286331.440704
70000481670.896805
70000813826.733475
70000386107.215134
70000120303.180496
70000286247.108948
70000370597.018326
70000417177.680481
70000055240.593048
70000249261.597534
70000748127.102371
70000383600.133530
70000554438.080124
70000171095.490402
70000169362.333801
70000892387.788101
70000894753.067123
70000183552.826126
0.33
 0 0 0 0 0 0 0 0 0 0 0 0 0
