1 401
70000076508.163696
70000658486.055893
70000766122.620468
70000797317.105957
70000705272.766525
70000064429.073761
70000878294.503296
70000802297.458893
70000780153.316696
1.000000
70000834374.308594
70000342049.203003
70000264180.497040
70000809905.915649
70000828688.914307
70000008701.329269
70000336495.256027
70000763274.194275
70000111028.152115
70000594019.311401
70000879144.324875
1.000000
70000059323.303223
70000671087.916702
70000755199.697845
70000558746.432632
70000653409.227692
70000451981.818069
70000469419.928970
70000796471.855621
70000845976.283051
70000305544.791580
70000586659.359390
70000462336.392426
70000841488.449478
1.000000
70000688712.974609
70000321104.151718
70000981307.071365
70000923061.279404
70000366934.846756
70000516033.039108
70000269763.873962
70000640681.511444
70000190325.416046
70000288127.826141
70000602534.191254
70000988868.755157
70000489040.126785
70000857748.390335
1.000000
70000881260.681870
1.000000
70000709331.417099
70000426747.494431
70000472310.538559
70000194616.826279
70000426407.380478
70000513734.526291
70000877690.771774
70000445269.630478
70000485264.685944
70000698126.688858
70000557888.689743
1.000000
70000937691.847305
70000223724.718689
70000367299.791946
70000324636.844620
70000470310.216415
70000828624.417084
70000769033.397644
70000243203.458038
70000595326.451233
70000631412.357452
70000160912.316269
70000892800.212357
70000413003.785889
70000059608.631866
70000282747.676910
70000185973.921188
70000264121.846710
70000154758.707748
70000554915.335403
70000209562.435013
70000336940.969589
70000205186.108383
70000838465.433884
1.000000
70000094402.609726
70000957909.639282
70000215573.718384
70000987876.015991
70000465876.442673
70000369540.560623
70000795503.470718
70000034740.803223
70000303040.504486
70000169069.291794
70000088781.096710
70000493014.141937
70000980637.618347
70000896994.544754
1.000000
70000137578.264359
70000740689.148041
70000676564.118622
70000117269.877396
70000394704.795792
70000989608.673676
1.000000
70000055670.272934
70000016945.403488
70000516967.742203
70000730366.362289
70000102176.814148
70000289970.140793
70000314946.348740
70000449893.724213
1.000000
70000331659.024902
70000794287.349670
70000513117.077499
70000215064.992233
1.000000
70000783649.866043
70000952353.357880
70000192319.327469
70000433788.582062
70000084911.966583
70000420597.266663
70000438596.875671
70000857852.958420
70000484941.280411
70000759601.278076
70000563781.417374
70000076927.764587
70000598509.138840
70000798065.959778
70000558952.779526
70000016825.848175
70000683216.928223
70000874782.057526
70000514705.325424
70000417111.143448
70000291055.480743
70000692126.207947
70000678890.199326
70000866208.171722
70000574965.608063
1.000000
70000154874.957977
70000691031.277496
70000805015.035980
70000589246.648239
70000562481.610596
1.000000
70000745622.043533
70000280706.438599
70000039054.955780
70000861904.168976
70000223180.646393
70000970932.943069
70000297039.772156
70000823157.598465
70000768117.026886
70000481179.352112
70000215700.429276
70000089623.631104
70000845255.096710
70000885021.411438
70000856735.947876
70000007533.574280
70000987220.691864
1.000000
70000528585.084808
70000840376.952744
70000265091.593475
70000412863.002197
70000005487.273743
70000563623.758957
70000418136.455658
1.000000
70000029696.781006
70000142892.040955
70000315090.474457
70000644367.039993
70000913040.390762
70000218533.814484
70000559715.837769
70000929281.117599
70000173598.389679
70000854918.005859
70000748290.001266
70000704064.963287
70000237527.094269
70000637197.823257
70000724228.933212
70000037144.173706
70000836908.045639
70000333305.017517
70000478988.671921
70000750404.432800
70000553861.409943
70000257852.623550
70000377395.287903
70000757779.212921
70000266177.014221
70000587745.851883
1.000000
70000582839.039047
70000591973.208359
70000765493.554398
70000902368.592728
70000952724.500183
70000757647.130615
1.000000
70000838374.527481
70000173888.230530
70000072730.101776
70000312368.450684
70000319761.472244
70000124836.804413
70000928123.831985
70000192008.963623
70000225863.550735
70000044720.443207
70000665386.393433
70000488558.256226
70000041977.052658
70000365263.096436
70000305191.162445
70000623492.014175
70000699270.796432
70000649881.514847
70000908132.034744
70000298094.258911
70000537059.631744
70000789192.819336
70000709822.660568
70000544849.489502
70000819443.515305
70000198741.363998
70000212518.956787
70000711668.102386
70000794469.201736
70000095654.570786
70000646187.498169
70000050665.108459
70000379673.980392
70000403395.450851
70000857133.512344
70000840186.985947
70000435212.619034
70000387600.316010
70000581306.193192
70000057494.924042
70000041580.925980
70000262332.195297
70000680706.193466
70000979713.282120
70000558629.746841
70000543672.813644
70000251237.762772
70000641101.840714
1.000000
70000843640.274765
70000311964.028915
70000042106.488922
70000935961.261276
70000925898.079834
70000302715.417435
70000017331.818253
70000723194.659378
70000219066.804138
70000847724.877686
70000945431.254517
70000340336.537201
70000757234.933670
1.000000
70000917244.088867
70000428442.914566
70000995222.894913
70000112345.410019
70000502136.271835
70000070205.147522
70000969237.908813
70000616789.572586
70000489148.108505
70000001944.754501
1.000000
70000713695.319412
70000464659.106094
70000211807.728195
70000837690.713089
70000663767.252686
70000670964.254608
70000538594.229431
70000791133.140228
1.000000
70000807506.230453
70000932170.253693
70000629088.663956
70000544395.550018
70000849160.676910
70000523974.673431
70000904855.380432
70000347409.548401
70000273389.092834
70000024232.614792
70000407428.357224
70000139868.116699
1.000000
70000038435.468094
70000330441.158127
70000112467.103958
70000057855.583908
70000539406.775665
70000347058.382874
70000840069.291794
70000721522.593918
70000526632.149597
70000354455.245102
70000186654.288986
70000662957.671875
70000531668.094696
70000835951.468933
70000890856.412018
70000449412.140793
70000311698.903976
70000428040.197784
70000741409.014130
70000709610.046249
70000508965.377655
70000361167.814484
70000512886.062592
70000172742.593552
70000618539.017609
1.000000
70000862952.799500
70000729118.872650
70000739723.506516
70000125868.086243
70000032919.472870
70000112318.429413
70000363079.753952
70000385304.226562
1.000000
70000042545.758194
70000043912.405853
70000653497.256485
70000586320.829407
70000573149.532684
70000581321.104889
70000210405.711838
70000530352.312714
1.000000
70000902641.567413
1.000000
70000931251.525909
70000386877.836716
70000132838.417923
70000415994.192612
70000823357.533051
70000545870.988754
70000674616.923386
70000773489.554169
1.000000
70000453686.840134
70000385889.958572
70000766052.432983
1.000000
70000135441.467743
70000158376.461517
1.000000
70000718650.386322
70000493750.357224
70000780087.103027
70000044468.673157
70000900777.870468
70000844698.624435
70000667416.491577
70000058032.909805
70000451568.400848
70000274464.238327
70000294502.244705
70000030106.690033
70000486346.772766
70000555498.234375
70000744742.613419
70000015440.155090
70000608080.020966
70000524539.533340
70000238927.229462
70000545848.075287
70000906363.339630
70000226391.789154
70000820588.955215
70000931466.067001
70000440765.779205
0.33
 0 0 0 0 0 0 0 0 0 0 0 0 0
