1 401
70000717106.231003
70000309262.565689
70000622185.766434
70000167980.608749
1.000000
70000119329.869843
70000374035.108688
70000572793.348389
70000847926.617035
70000872618.566330
70000342061.694839
70000262995.649384
70000192502.518646
70000416846.190109
70000618249.269135
1.000000
70000742934.876785
1.000000
70000435225.328629
70000130478.352066
70000896446.042114
70000104038.162308
70000647585.997482
70000059504.229141
70000028440.560349
1.000000
70000246174.214111
70000687224.031494
70000294973.138412
70000612502.287689
70000810823.212616
70000505744.337631
70000073604.714462
70000128978.708755
70000472189.980606
70000376683.069977
70000679040.853256
70000919756.983444
70000271411.845322
70000663077.639557
70000261244.306595
70000652585.688477
70000554072.434311
70000910693.510941
70000042743.934525
70000301086.657745
70000266499.687927
70000524328.542816
70000768664.654816
70000523581.006943
70000574518.770081
70000691646.259720
70000667873.815506
70000022945.435791
70000075561.001266
70000437519.075516
70000431256.872681
70000612248.801453
70000103219.728241
70000403141.677750
70000242872.156891
70000977167.467575
70000644901.262283
70000608466.251465
70000553851.305206
70000149117.514847
70000809044.051102
70000518822.570770
1.000000
70000506632.072861
70000281775.985519
70000185752.398682
70000333282.344040
70000582603.112457
70000389185.488724
70000593488.218704
70000665973.141159
70000430488.963364
70000891006.754028
70000341477.093704
70000402739.180710
70000222794.636169
70000716828.270859
70000900547.022705
70000014041.619919
70000642188.238495
70000796434.284424
70000907830.175293
70000443787.904297
70000447434.662979
70000951961.583847
70000359078.526215
70000426054.168182
70000908527.449585
70000994329.122375
70000086082.801575
70000384217.779831
70000048751.372009
70000165995.113831
70000806831.434082
70000940649.118607
70000756689.937653
70000301538.993210
70000294386.525925
70000447838.827194
70000829460.489166
70000879517.199966
70000610151.693207
70000085844.130737
70000681144.021332
70000456294.887512
70000790875.528824
70000132219.892059
70000409292.207108
70000021741.476059
70000545280.872971
70000672915.580231
70000939715.566360
70000494929.876770
70000124824.614487
70000875656.720566
70000910653.135498
70000029178.815170
70000691458.525055
70000856612.334946
1.000000
70000056090.725616
1.000000
70000216958.371048
70000188915.829712
70000671874.801407
1.000000
70000033102.388992
70000159014.605774
1.000000
70000681536.509537
70000253256.294678
70000463634.148071
70000754592.694870
70000756560.839249
70000368437.800186
70000330046.598740
70000267350.343613
70000529192.459549
70000069777.231079
70000677532.040771
70000123434.530273
70000073119.401367
70000010790.076859
70000356053.740753
70000636799.438904
70000480164.940277
70000315589.023972
70000115607.314819
70000094671.580627
70000068856.449844
70000828180.976105
70000289136.612213
70000681207.487076
70000199823.598083
70000111252.759674
70000770381.261093
70000142170.384308
70000373865.848724
70000394144.045792
70000433418.791595
70000322422.870926
70000266711.362152
70000754657.904251
1.000000
70000022396.690125
70000792297.588425
70000908997.849854
70000379647.427856
70000008718.735199
70000140641.161591
70000490834.641800
70000111437.823151
70000231511.515640
70000345021.863098
70000612393.828598
70000315367.287003
70000079648.212097
70000203153.588959
70000689963.144073
1.000000
70000507825.113403
70000707852.484970
70000154750.710358
70000893655.743484
70000367578.580719
70000613789.105576
70000436629.952072
70000910053.679199
70000382033.634445
70000062539.216904
70000491244.722916
70000732732.213593
70000553397.583511
70000232788.784637
70000403219.661987
70000208857.502350
70000607833.967789
70000874886.117310
70000754493.329895
70000507302.562683
70000737092.436035
70000649128.454391
70000310825.281097
70000952460.624542
70000836980.049164
70000285680.516037
70000148472.308914
70000016574.096100
70000869550.450348
70000533633.171005
1.000000
70000664519.745682
70000503150.271561
70000304288.727097
70000397018.272171
70000168342.402466
70000123448.174347
70000997206.098389
70000842889.299850
70000019731.883179
70000255651.790298
70000953219.727142
70000095110.331192
1.000000
70000727702.803436
70000159206.345032
70000683202.983719
70000853196.438553
70000438975.306412
70000566531.133362
70000176985.058151
70000078812.205399
70000855948.575378
70000584981.209869
70000369379.538071
70000706780.551392
70000638116.998047
1.000000
70000072577.207382
70000694269.226349
70000428325.661972
70000343496.390564
70000327410.514755
70000166754.293793
70000501330.279846
70000193383.472137
70000582300.494385
1.000000
70000744190.769226
70000055666.365509
70000983700.932220
70000551527.065994
70000930944.594559
1.000000
70000376859.022949
70000220440.908600
70000363511.876190
70000740467.899231
70000108637.967133
70000150450.733154
70000089858.878082
70000473163.418594
70000965936.204651
70000915460.322647
70000061398.051071
70000137913.600571
70000192950.201874
70000974535.617401
70000900338.101273
70000562056.118927
70000908406.559189
70000116130.558319
70000728955.490112
70000810188.160767
70000710614.571396
70000558188.333511
70000646399.794769
70000956918.876572
70000314248.855820
70000067971.389328
70000200740.737442
70000931520.102539
70000783792.754410
70000011878.806931
70000744215.568192
70000349544.728699
70000015168.906830
70000061911.217117
70000156173.352753
70000263962.271896
70000671107.071976
1.000000
70000213352.985291
70000026877.163589
70000657210.730133
1.000000
70000717641.991211
70000631560.695160
70000050969.520844
70000542619.991653
70000038227.875122
70000206583.206741
70000830638.886078
70000700598.422821
70000455804.185959
70000664148.110550
70000414969.044403
1.000000
70000552799.282257
1.000000
70000892113.079407
70000418233.252594
70000939328.596710
70000434684.703857
70000948596.844818
70000841520.120667
70000980998.945953
70000031392.145599
70000477384.866440
70000191735.435715
70000667166.492676
70000986742.476013
70000767829.752792
70000902885.162064
70000414949.637177
70000314757.361816
70000206755.003235
70000359592.175522
70000585321.490143
70000442276.552307
70000542375.918320
70000797436.845535
70000323934.941895
70000813240.231430
70000974792.726532
70000211051.016769
70000694650.537415
70000926277.476196
70000780864.747589
70000830569.669189
70000921482.616699
70000399179.415359
70000523971.953278
70000824373.648605
70000353892.030014
70000732333.495132
70000058783.948395
70000521263.441040
70000273412.072906
70000912245.847000
70000906497.301819
70000926481.687393
70000378385.696167
70000119093.866089
70000127825.623596
70000713500.186478
70000468518.779984
70000687634.843521
70000961620.001404
1.000000
70000885228.085037
70000675853.919632
70000406268.795547
70000780894.884811
70000134662.709839
70000731844.037781
70000753315.343979
70000891273.248032
70000887019.132324
70000427692.187958
70000503168.985107
70000405990.280777
1.000000
70000660113.135681
70000210215.344955
70000747086.812531
70000748756.675919
70000204232.215790
70000332067.440262
70000440211.492020
70000166365.461304
70000500664.119354
70000539215.443634
70000530324.707352
70000906032.877274
70000903899.752136
70000119867.517319
70000900399.891922
70000242050.060593
70000837322.619736
70000457513.243973
70000175001.030411
70000272019.050140
70000260972.496429
0.33
 0 0 0 0 0 0 0 0 0 0 0 0 0
