1 401
70000930868.706787
70000620424.616165
70000759531.560898
70000950137.039230
70000752403.431580
70000813789.833023
70000761048.092300
70000845095.633942
70000757612.245468
70000267502.079178
70000131201.344589
70000229843.501190
70000402802.267059
70000526030.434860
70000409088.600098
70000422320.939285
70000044192.856155
70000930659.409836
70000566793.498428
70000908524.173386
70000223763.497650
70000422099.753143
70000663788.358322
70000343302.706543
70000409394.860580
70000192350.682755
70000374328.164047
70000897848.308960
70000599252.633316
70000494532.202805
70000939008.760330
1.000000
70000936305.800385
70000754144.614319
70000500076.660706
70000083495.902069
70000116647.969009
70000783142.798203
70000070355.000885
1.000000
70000209730.708771
70000285733.035248
70000571652.676270
70000631696.347549
70000762304.237518
70000439327.794266
70000652143.135300
70000265671.041092
70000520461.791702
70000589801.732040
70000158213.783752
70000330809.492371
1.000000
70000778121.132736
70000538891.885223
1.000000
70000442652.962479
70000153385.538437
70000665436.134277
70000755177.213562
70000772422.063828
70000492744.981400
70000462454.109650
70000040457.704987
70000621342.149368
70000397129.910141
1.000000
70000593103.375717
70000105483.272491
70000347138.811249
70000905444.481125
1.000000
70000035767.714127
70000647641.076935
70000547683.206131
70000642266.528534
70000674551.321732
70000613502.573471
70000787391.502121
1.000000
70000289516.758484
70000076742.749329
70000608995.851791
70000694517.987747
70000168070.612228
70000866683.403137
70000279676.272614
70000166349.718903
70000115638.120911
1.000000
1.000000
70000774365.416275
70000512491.778336
70000887810.857422
1.000000
70000557636.750732
70000920028.052994
70000965213.931000
70000373320.028381
70000946763.462158
70000568000.821030
70000734826.313812
70000100829.256302
70000589778.388412
70000452897.646317
70000440917.335266
70000427306.043823
70000390169.459259
70000679348.198898
70000354732.449753
70000996038.149673
70000574744.247772
70000611726.964127
70000770507.155731
70000249626.251846
70000762780.508087
70000998469.484375
70000601249.709534
70000525838.106094
70000787554.871155
70000542642.077133
70000540908.515503
70000190823.792007
70000580890.324249
70000684514.244827
70000984680.977951
70000586321.712433
70000781838.843399
70000318123.717270
70000103768.121017
70000004316.156677
70000034843.998520
70000038552.117126
70000695606.460373
70000082228.309830
70000653021.637894
70000688852.094467
70000129869.058182
70000417260.230972
70000632385.294357
70000836859.586761
70000664738.897675
70000595393.693283
70000786127.288757
70000643255.139755
70000355031.514236
70000472409.785629
70000518540.053680
70000162080.299728
70000824995.573639
70000119011.354904
70000761298.139328
70000519122.741653
70000446015.615494
70000119464.586258
70000928169.654221
70000726117.843582
70000755156.512085
70000121230.918854
70000137201.472443
70000540522.667572
70000143683.616837
70000362691.635178
70000952000.416916
70000292385.684219
70000080954.441620
70000366788.043701
70000571094.322525
70000994221.121048
70000466871.981064
70000762350.040390
70000939982.782181
70000821220.248978
70000439467.612915
70000850261.465118
70000221619.257172
70000938700.232513
70000755814.410645
70000585494.648544
70000956199.828278
70000267840.660645
70000577210.775040
70000262554.979279
70000840853.103104
70000517731.550980
70000172031.046280
70000970386.919342
70000643268.206833
70000862598.614517
70000942246.512146
70000365508.254196
70000001510.064148
70000330535.462234
70000408935.353561
70000536943.385529
70000385980.734314
70000428402.781006
70000674615.957672
70000213714.331238
70000414514.591141
70000805878.331467
70000506848.895935
70000617943.321304
70000808293.754715
70000951340.778198
70000993502.916290
70000415500.491989
70000712754.403152
70000101530.510651
70000188777.755371
70000704064.401001
70000113086.047211
70000805849.999603
70000918711.777435
70000602108.115219
1.000000
70000890679.019241
70000040914.319916
70000720056.412659
70000347074.487885
70000723889.004028
70000249845.789673
70000969359.284027
70000651205.923630
70000895708.468063
70000920054.095657
1.000000
70000945761.297562
70000618963.688293
70000986984.079559
1.000000
70000889239.499985
70000166554.397079
70000033298.742844
70000541401.605225
70000688653.481918
70000916386.011246
70000118590.110138
70000969021.225632
70000429746.839462
70000673256.014801
70000878920.696442
70000156974.142426
70000210981.622559
70000470955.484512
70000705194.632095
70000667058.843567
70000389749.956619
70000589168.825058
70000620146.662308
70000077946.972595
1.000000
70000452658.552963
70000024223.507111
70000388416.233566
70000170671.717255
70000677420.012878
70000571467.879135
70000725977.495560
1.000000
70000301929.402069
70000719268.677643
70000806270.902176
70000257075.331329
70000169165.440720
70000490675.391632
70000914592.048340
70000220645.146164
1.000000
70000517654.138840
70000609496.402206
70000490452.874893
70000762278.253220
70000479046.796570
70000608165.688690
70000929910.254532
70000772121.372833
70000789117.053711
1.000000
70000273278.804657
70000490499.821854
70000362703.661346
1.000000
70000596498.100891
70000584769.321472
70000571251.809814
70000357315.417053
70000018828.650467
70000478186.450897
70000291026.345184
70000005610.195862
70000988693.185211
70000509721.318787
70000139093.447021
70000943649.867844
70000663886.794113
70000344574.345062
70000754473.084137
70000087906.697800
70000215696.991425
70000536709.811508
70000804470.509766
70000054323.672699
70000112224.692184
70000862012.806366
70000660514.564804
70000715789.764969
70000430757.301254
70000477797.614868
70000180769.262070
70000858819.042236
70000380789.202850
70000739054.426712
70000326558.705673
70000213943.948349
70000135321.920166
70000272826.019775
70000434397.070663
70000880418.643127
70000313729.122040
70000750478.117798
70000828417.329498
70000132407.075287
70000236583.534119
70000277206.720917
1.000000
70000695314.561768
70000957084.596115
70000533892.577896
70000268798.629440
70000082369.789383
70000744143.204300
70000591387.000504
70000056791.196884
70000327232.021667
70000977917.700287
70000348636.211395
70000362219.048355
70000667154.883316
70000785949.450211
70000977806.862534
70000373834.280197
70000265749.700409
70000077781.627197
70000953020.964890
70000616777.721085
70000238523.507706
70000874862.514008
1.000000
70000608299.644638
70000933275.078171
70000339125.299896
70000819299.308838
70000151052.681992
70000798971.813919
70000414480.185760
70000136096.420502
70000291651.877289
70000394339.323212
70000021587.923691
70000871825.246643
70000232479.960266
70000125291.552246
70000336185.205566
70000269894.059723
70000295644.687424
70000764829.980194
70000671826.412674
70000026490.895401
70000757010.573853
70000417795.946350
70000033988.234390
70000351741.258255
70000417801.942841
1.000000
70000945569.217484
70000272638.171677
70000266963.556732
70000785368.354828
70000611327.447693
70000182883.757172
70000540591.285828
70000665314.607330
70000176552.086868
70000246927.430481
70000984787.664200
70000050657.340317
70000033610.318558
70000586349.862595
70000809547.508652
70000617285.373642
70000125611.551788
70000452788.082687
70000597230.772354
70000521289.188248
70000501177.488525
70000478909.394104
70000942257.424896
70000645180.445831
70000685743.779404
0.33
 0 0 0 0 0 0 0 0 0 0 0 0 0
