1 401
70000353585.413605
70000059754.279999
70000865605.820923
70000565074.098114
70000202788.862976
70000036453.479660
70000387682.180359
70000557474.665100
70000063178.221024
70000682690.047394
70000792938.419571
70000557704.848190
70000168085.219772
70000771791.696503
70000302875.467133
70000292937.258957
70000869028.791229
70000295073.640610
70000966315.939850
70000374231.852402
70000807155.463730
70000041806.145981
70000507691.984329
70000870482.446198
70000078349.860428
70000641710.089737
70000867723.005905
70000723139.216675
70000747521.240555
70000877633.357483
70000903005.772812
70000037999.280045
70000966310.476212
70000621057.218216
70000345586.522934
70000223428.772888
70000590056.095047
1.000000
70000122797.177185
70000718344.486984
1.000000
70000304500.260437
70000804270.685150
70000939494.666641
70000534655.534164
70000018028.332169
70000478865.438278
70000735786.148819
70000828880.110916
70000776262.444351
70000777015.679932
70000681876.472549
70000069148.708221
70000317420.657715
1.000000
70000109429.012665
70000427746.046539
70000657567.827972
70000014989.049591
70000476938.555908
70000142115.708633
70000715046.027939
70000189722.778214
70000276368.316788
70000943615.096207
70000595205.540283
70000158992.063599
70000169009.496979
70000951908.566925
70000371140.642395
70000356026.787445
70000945347.311859
70000617586.119492
70000058752.959839
1.000000
70000231314.902161
70000427255.308365
70000320534.052246
70000337488.583115
70000883706.708939
70000001019.770020
70000912248.256378
1.000000
70000859118.498749
70000578812.879105
70000227929.420151
70000234986.521210
70000106061.563568
70000163806.060013
70000350269.576126
70000506787.643661
1.000000
70000448882.660660
70000777613.980560
70000720973.050903
70000436072.206772
1.000000
70000854232.263031
70000531649.079514
70000104778.691986
1.000000
70000384481.769089
70000331249.467941
70000753249.179672
70000513141.323685
70000371284.696762
70000535574.804398
70000595917.766876
70000420296.814346
1.000000
70000490638.618866
70000659443.694458
70000060574.462265
70000587645.751328
70000830912.707809
70000558232.823196
70000821504.767334
70000414076.108124
70000062396.200531
70000727397.352020
70000150105.885773
70000490275.986954
70000133565.275131
70000660458.593826
70000954067.179733
70000869258.158493
70000413295.229355
70000962816.967331
70000818166.430969
70000442919.225098
70000073462.223694
70000748360.326202
70000712990.732880
70000895165.576141
70000998660.998993
70000386069.471283
70000715648.315048
70000959980.021149
70000144868.966568
70000189691.298630
70000197231.498642
70000254966.163269
70000935564.068237
70000670044.919983
70000025538.320908
70000274514.406799
70000213309.199921
70000948702.312073
70000534430.108276
70000940246.481384
1.000000
70000711874.618820
70000463896.632660
70000061644.455536
70000279175.492569
70000945807.845871
70000163142.878586
70000600971.273392
1.000000
70000863112.981400
70000479567.900604
70000302554.265686
70000877030.848709
70000838171.225189
70000276741.905487
70000585884.401550
70000898564.718323
70000932330.630676
70000517728.033691
1.000000
70000910466.961624
1.000000
70000470433.495850
70000975541.893875
70000519475.427750
70000557318.045212
70000404941.790359
70000911866.160522
70000080883.470108
70000635741.574249
1.000000
70000440708.726227
70000919522.463608
70000263079.999588
70000444192.455933
70000288517.629028
70000484158.688416
1.000000
70000327112.820496
1.000000
70000762962.950897
70000937277.230484
70000642036.292450
70000263050.950516
1.000000
70000344080.752335
70000211574.350235
1.000000
70000679789.151596
70000773549.745407
70000208195.217209
70000875962.725769
70000913232.729340
70000121325.450058
70000417044.008850
70000389888.867950
70000214004.247452
70000289744.513702
70000082955.086685
70000388945.024551
70000192082.618774
70000381147.043793
70000710917.809891
70000441110.980576
70000932735.416870
70000608814.180222
70000420279.769455
70000641046.654709
70000990051.581085
70000554888.683350
70000180016.702194
70000364473.596817
70000158176.602631
70000982526.647858
70000285175.443573
70000211828.645218
70000386092.146362
70000445008.626251
70000566592.463882
70000957596.453186
70000701705.264465
70000897839.625641
70000317130.018433
70000195690.487625
70000963127.459656
70000258946.753860
70000032546.432022
70000971686.290436
70000307239.960892
70000774369.634109
70000828095.500137
70000018497.672089
1.000000
70000872311.889114
70000468850.516129
70000812218.958984
70000273174.185898
70000117570.363693
70000324038.772293
70000381997.514206
70000220281.349167
70000227381.101196
70000585687.053635
70000102176.782867
70000670813.977890
70000918826.253601
1.000000
70000046292.254456
70000201060.947845
70000262742.203949
70000595862.537628
70000422941.289581
70000745110.631744
70000482971.005234
70000149837.853317
70000023063.078339
70000195099.991425
70000555176.102661
70000022959.161301
70000653973.041901
70000672787.356155
70000766982.733658
70000843198.370728
70000010960.293350
70000119086.430176
70000778772.718811
70000512151.661560
70000961947.606888
70000748179.883575
70000358030.330643
1.000000
70000925946.387924
70000078460.083984
70000887594.726944
70000687598.503311
1.000000
70000042210.983276
70000626473.741196
70000784377.123245
70000660528.606796
70000778536.816162
70000820151.156067
70000874896.547974
70000682169.315109
70000481531.333755
70000230168.795624
70000963539.745407
70000263384.607224
70000965906.643417
70000972007.731506
70000092107.171082
70000529913.482620
70000088443.100739
70000174077.002182
1.000000
70000383349.639297
70000569627.383530
1.000000
70000356665.440704
70000293101.734665
70000258202.798431
70000023281.078369
70000528800.089645
70000011455.692947
70000780923.272751
70000744032.177734
70000163524.204880
70000780235.947998
70000592368.344193
70000961438.758057
70000423138.550842
70000312691.477173
70000289281.387360
70000536987.122559
70000174636.966980
70000907112.557938
70000926266.597427
1.000000
70000774420.445984
70000075549.963562
70000455129.059067
70000980348.927155
70000926942.043976
70000579713.577377
70000184570.506241
70000906652.021240
70000122026.501556
70000854554.532623
70000203017.951950
70000325010.118698
70000432231.402222
70000839161.525223
70000060341.115448
70000313976.151154
70000966681.088135
70000167678.810944
70000924291.049805
70000145750.843063
70000488918.757019
70000334648.940826
70000535460.338242
70000829337.255768
70000071217.294876
70000925576.910858
70000485738.645248
70000181784.042297
70000422855.002106
70000663851.977753
70000108470.956360
1.000000
70000593803.201752
70000091210.296234
70000616961.827850
70000828500.588028
70000097742.173386
70000979345.771759
70000682141.226196
70000274206.931747
70000913413.048721
70000556757.742889
70000330653.095306
70000126382.413284
70000323382.906921
70000092922.963547
70000040963.457474
70000123090.580963
70000699541.769470
1.000000
70000228992.465530
70000060492.048126
70000410973.539932
70000005729.680939
70000699108.847656
70000541938.520294
70000503761.080933
70000822675.908035
70000494092.869583
70000301491.147110
70000739128.449158
70000186420.255371
70000703433.011398
70000574420.222153
70000325249.276489
70000116713.653595
70000165981.844864
70000995166.632416
70000557879.858749
70000771135.863052
70000451002.091431
70000909931.531219
0.33
 0 0 0 0 0 0 0 0 0 0 0 0 0
