1 401
70000612102.443130
70000069553.066940
70000362780.378067
70000082230.847778
70000776730.294846
70000189235.831146
70000140793.346252
1.000000
70000702965.427811
70000208708.401276
70000690507.847824
70000160967.877228
70000736076.077148
70000591874.342941
70000897675.822372
70000202494.551620
1.000000
70000475082.266281
70000937088.513092
70000384710.987167
70000702029.185959
70000311308.603287
70000996123.604645
70000770005.629425
70000086704.593826
70000021165.779861
70000813215.835159
70000274435.694641
70000838342.714005
70000576607.085831
70000086580.920807
70000251107.707932
70000072096.841644
70000599033.346970
70000771534.299698
70000959534.382050
70000971783.075363
1.000000
70000713809.837708
70000398203.006989
70000870842.194077
70000632532.751190
70000153745.809525
70000476008.324738
70000838436.055222
70000944484.570847
70000518519.368454
70000318693.714905
70000299662.316437
70000204489.962387
70000197508.499496
70000865580.562134
70000800928.246796
70000115474.205017
70000112911.161972
70000025886.373062
70000670127.448639
70000839999.367691
70000466160.908524
70000924953.328110
70000343978.976151
70000764464.248077
1.000000
70000565390.474426
70000984619.992188
1.000000
70000724413.127411
70000677814.761383
70000589811.303574
70000103760.432693
70000511889.366318
70000625542.522003
70000000812.928009
70000074576.908417
70000541325.305313
70000023864.449646
70000393493.304260
70000461293.575470
70000219199.723450
70000840065.016220
70000997015.427277
70000631995.584015
70000628632.075150
70000595420.139633
70000113748.766388
70000530436.025070
70000338645.602264
70000472264.626266
70000969551.364075
1.000000
70000079673.196304
70000274948.524567
70000584297.246841
70000937924.835114
70000722124.277206
70000394745.851349
70000580135.091721
70000608448.064194
70000827337.811523
70000281634.783981
70000434129.646118
70000983989.337814
70000323506.162247
70000484078.933899
70000846885.731155
70000154543.731201
1.000000
70000810784.888474
70000039684.446808
70000594359.623535
70000060472.606506
70000075100.254333
70000143755.356796
70000314686.659286
70000358527.251816
70000712026.204681
70000179301.051926
70000208319.951050
70000903847.686829
70000421679.293167
70000487563.296280
1.000000
70000826527.865372
70000786021.113419
70000982644.770416
70000445837.639038
70000594352.365768
1.000000
70000991495.937866
70000747589.270920
70000592614.400894
70000451491.277542
70000185456.900330
70000202733.238083
70000465544.865387
70000524189.080917
1.000000
1.000000
70000735362.955200
70000636382.940918
70000000979.584076
1.000000
70000632500.470337
70000489039.948425
70000514809.932709
70000196136.588455
70000906524.319977
70000160915.774918
70000594775.681625
70000840663.793930
70000406524.522919
70000321275.110596
70000839915.529099
70000976242.370163
70000207466.999649
70000790950.571228
70000290381.716019
70000267285.908646
1.000000
70000735844.570847
70000300322.657440
70000386257.322708
70000411388.185898
70000457181.364441
70000031101.501389
70000996845.289749
70000759224.993530
1.000000
70000803606.239578
70000868818.588882
70000267407.448883
70000828982.480835
70000137946.716522
70000344224.749939
70000020475.898712
70000617309.282501
70000865976.039749
1.000000
70000375090.716690
70000603927.606461
70000316824.058899
70000938813.917618
70000017174.583023
70000103118.768021
70000522022.095322
70000354782.229630
70000532964.724915
70000186559.858276
70000869085.944321
70000358965.084183
70000911110.949722
70000224504.967682
70000450128.663895
70000914778.191055
70000282085.091339
70000683865.673065
70000615752.477249
70000870122.289337
70000480438.496506
70000034898.684540
70000286224.294052
70000710077.384842
70000628708.285919
70000938566.688629
70000119113.001663
70000115514.782074
70000487179.821106
70000573761.884384
70000036559.175201
70000980993.157745
70000812222.962601
1.000000
70000172160.050705
70000892071.294281
70000623309.601273
70000857732.405975
70000420921.377625
70000732223.913177
1.000000
70000783838.292221
70000427018.691605
70000231367.030548
70000550678.856216
70000325708.968491
70000378562.966217
70000155471.979462
70000238834.019730
70000003157.820496
70000022118.964401
70000335131.306732
70000908486.653625
70000623659.914337
70000600909.264816
70000249509.815552
70000492527.312393
70000616604.562408
70000105169.023880
70000524892.723785
70000755667.692230
70000954033.212341
70000559418.781937
70000039478.741623
70000428731.913757
70000452515.969177
70000650344.972809
1.000000
70000955778.634201
70000814903.743988
1.000000
70000075642.213303
70000018779.961044
70000462621.481110
70000785203.122818
70000351420.002579
70000813768.374832
70000488097.704346
70000350663.486359
1.000000
70000347917.726624
1.000000
70000009532.719635
70000452492.810928
70000730254.626617
70000146241.052490
70000712839.636795
70000166789.380264
70000616139.147064
70000656274.741013
70000497987.223862
70000550255.956741
70000634184.552658
70000828567.474838
70000569229.847641
70000273130.622833
70000400403.901321
70000474916.814362
70000040507.109909
70000622622.887573
70000130740.099716
70000714655.871582
70000867644.606079
70000613438.475449
70000982517.871948
1.000000
70000805074.171646
70000305747.189087
70000355956.149033
70000227937.235886
70000989408.819794
70000924810.503891
70000600956.255219
70000189814.519165
70000448537.648270
70000255873.924744
70000603445.527328
70000705969.123337
70000443231.275955
70000629990.890854
70000331649.460129
70000345864.844574
70000454475.862488
70000628680.882233
70000117813.407455
70000730157.437729
70000132596.951324
70000140864.534729
70000140092.457016
70000032419.136658
70000514109.883255
70000255633.059036
70000041182.830688
70000622193.930435
70000725535.323441
70000283293.668320
70000584452.114944
70000694743.514099
70000194274.815796
70000612595.517929
70000569730.479782
70000984530.392990
70000149224.279999
70000620135.038284
70000103897.243469
70000319228.502945
70000000428.817368
70000762837.210373
70000507270.647949
70000549629.612900
70000210611.777069
70000985836.760605
70000831507.358841
70000315020.898972
70000781925.661316
70000571793.082336
1.000000
70000305886.547394
70000562472.421387
70000143637.523758
70000069379.431396
70000523267.321243
1.000000
70000379743.001144
70000022472.977020
70000236575.239853
1.000000
70000846749.465698
70000908746.905106
70000372937.946671
70000268497.357971
70000175806.310318
70000853967.584793
70000712609.513062
70000679135.435654
70000865614.574326
70000069806.259674
70000007292.852997
70000529239.452560
70000407738.183289
70000028818.429214
70000074348.219238
70000099554.257996
70000018889.328598
70000888518.298645
70000763893.816895
70000237429.626892
70000998878.675537
70000228507.027786
70000751718.902298
70000889297.550171
70000805985.870392
70000994667.285904
70000269186.558136
70000788014.665817
70000466371.555771
70000825987.114304
70000325233.093292
70000880996.957718
70000931015.059250
70000561473.847473
70000337516.575027
70000486970.998871
70000022143.508698
70000665973.388870
70000493021.034683
70000671276.286026
70000400440.035873
70000914584.909058
70000034708.744461
70000025275.886871
70000174422.786972
70000094417.128723
70000689340.905533
70000052010.416107
70000744198.390610
70000867943.148270
70000536595.624847
70000668976.609146
70000364345.528168
70000015845.296951
70000731019.679672
0.33
 0 0 0 0 0 0 0 0 0 0 0 0 0
