1 401
70000159713.438477
70000768515.410309
70000732071.471252
70000764430.885971
70000119962.383408
70000371768.709961
70000596760.942001
70000602174.308792
70000883446.474930
70000193072.258331
70000619948.810989
70000243632.830414
70000107263.863922
70000640302.951523
70000017329.038269
70000016790.839706
70000129386.785736
70000144859.313492
70000748811.836655
70000201974.999847
70000479585.174850
70000037891.612259
70000112984.647202
70000707629.458725
70000823327.881439
70000368316.700806
70000751679.305298
70000146355.192337
70000383928.727570
70000348917.199844
1.000000
70000870952.387802
70000843523.627258
70000967371.398651
70000837016.246475
70000286831.815247
70000549475.073990
70000438059.886414
70000429060.462006
70000455787.093170
70000989710.751816
70000206693.314819
1.000000
70000920860.336487
70000051001.364517
70000025065.734726
70000552283.898651
70000894327.669327
1.000000
70000188431.364853
70000801067.553940
70000466085.281799
70000338941.319534
70000038653.149597
70000270164.409332
70000915207.321442
70000247731.138092
70000776791.325974
70000657894.854126
70000449007.167038
1.000000
70000781966.394272
70000748534.640640
70000665844.854492
70000951280.470963
70000115679.995712
70000280305.750504
70000536393.687088
70000079169.503174
70000376863.150467
70000556557.123810
70000050065.747116
70000301719.000671
70000738243.659485
70000585950.831253
70000508750.261826
70000601244.778793
70000645160.521301
70000141191.329163
70000248709.722961
70000458016.486603
70000030450.276733
70000110149.278778
70000638022.225449
70000399594.218674
70000897316.030411
70000536638.907578
70000904742.321518
70000011709.478836
70000678968.794403
70000887022.713882
70000546144.632645
70000057012.978394
1.000000
1.000000
70000869393.805679
70000192767.084579
70000770741.653076
70000221723.103333
70000275239.622589
70000059809.966553
70000148637.427063
70000131232.413956
70000023682.443497
70000007284.656784
70000098152.877121
70000280879.522568
70000302509.002808
70000230432.771637
70000477166.138504
70000078875.383453
70000851598.662582
70000460875.414230
70000521716.231293
70000587493.151535
70000898395.330582
70000295503.177963
70000753078.461578
70000656777.353760
70000273096.369293
70000522985.336044
1.000000
70000272420.969711
70000695458.181839
1.000000
70000387570.421646
70000547650.393295
70000248521.378036
70000159148.802185
70000693087.023682
70000875308.088226
70000055532.431686
70000224747.499939
70000092745.664566
70000373541.710434
70000828241.721130
70000616064.592361
70000809981.189865
1.000000
70000979803.691269
70000789726.143784
70000217349.770813
70000474327.328171
70000496623.807312
70000045821.734665
1.000000
70000360408.034409
70000597332.496735
70000327478.669296
1.000000
70000211551.697266
70000679013.295929
70000941408.466980
70000391987.757523
70000870866.783722
70000336976.074768
70000913844.020554
70000898768.949844
70000010938.119110
70000643756.635040
70000093330.906799
70000431751.734909
1.000000
70000381573.025055
70000588527.699768
70000343481.631439
70000608829.107819
70000730524.750031
70000267353.819046
70000562886.399231
1.000000
70000445997.798920
70000943464.778091
70000947641.783844
70000457261.364899
70000191187.237762
70000151244.137711
70000875422.561295
70000021951.680252
70000989134.995697
70000599980.842697
70000149129.061401
70000586880.064911
70000174117.452103
70000745615.946060
70000857167.986237
70000250721.640884
70000938554.123062
70000164898.112289
70000267667.455978
70000958722.557922
70000739150.327591
70000058215.405655
70000993824.302200
70000175710.974075
70000201822.080673
70000576561.528870
70000761405.356277
1.000000
70000450429.010696
70000838766.054840
70000961226.764053
70000695396.859604
70000122632.840073
70000961567.386780
70000768897.972137
70000414247.243912
70000572836.286133
70000185407.737350
70000320567.773132
70000125247.249557
70000563405.512329
70000202344.777176
70000076451.242249
70000268599.058823
70000552873.454681
70000432693.848297
70000968861.959671
70000529128.941101
70000529440.929642
70000832445.740494
70000923265.535797
70000535197.112411
70000269663.818008
70000788631.641174
70000837843.569458
70000705420.322006
70000305674.462418
70000968838.943329
70000499891.751633
70000680811.458160
70000108657.440781
70000917087.872757
70000006299.180450
70000448350.415833
70000249809.060928
70000799245.533157
70000211496.360809
70000814213.317337
70000891295.833832
70000489734.442993
70000614316.022842
1.000000
70000752382.120865
70000421493.926727
70000731457.353180
70000234476.235641
70000977385.528732
70000993758.521103
70000781743.080704
70000059106.552277
1.000000
70000233014.220963
70000303026.831467
70000894851.912506
70000916142.503601
70000321429.467514
70000808892.416824
70000439511.098694
70000332592.924133
70000864480.081223
70000733920.885284
70000851628.472870
70000363794.832184
70000759021.758835
70000797855.694778
70000033719.517365
70000015341.036911
70000960623.688187
70000304843.449768
70000399358.258972
70000241943.064423
70000054535.432861
1.000000
70000018924.974274
70000932719.694305
70000579944.309937
70000560623.179367
70000300119.543137
70000078886.113358
70000859448.507355
70000841707.726166
70000897567.644699
70000025665.250214
70000013463.553223
70000414917.552200
70000412374.429810
70000318498.330566
70000325836.348831
70000122072.498810
70000541321.488754
70000621645.097672
70000268596.548172
70000098618.511948
70000196207.118790
70000544850.889740
70000865358.699936
70000072985.493378
70000609276.417786
1.000000
70000267529.039703
1.000000
70000393366.389374
70000949737.267365
70000087149.471329
70000433095.512222
70000304276.913925
70000016311.706085
70000181383.234924
70000828135.394440
70000143141.399918
70000564991.913193
70000302626.054611
70000954493.447540
70000919109.408127
70000262475.730637
70000817025.056107
70000413547.235855
1.000000
70000393166.031281
70000391059.448761
70000471093.199036
70000522878.270187
70000180272.037628
70000589937.783981
70000575977.126816
70000665184.000259
70000448489.582321
70000948269.757736
70000051469.821777
70000292673.223160
70000446818.005142
70000342025.748611
70000054231.020218
70000639639.048553
70000458730.152924
70000260000.133408
70000925447.795914
1.000000
70000119825.671860
70000744120.560089
70000594065.129196
70000326781.340027
70000339488.239365
70000383670.480896
70000882271.928207
70000845070.641556
70000443605.963135
70000878068.777588
70000429868.166519
70000077626.623978
70000178741.596970
70000484750.996719
70000363786.158539
1.000000
70000994899.719742
70000745553.283478
70000547932.315155
70000514747.778183
70000303404.295853
70000692612.569107
70000522966.414505
70000544025.461166
70000288304.251740
70000558275.478439
70000417294.096222
70000792396.443649
70000049497.677750
70000576827.114777
70000289297.527100
70000652970.560043
70000833626.185501
70000115110.352737
70000067577.555832
70000230094.325363
70000932825.168320
70000386758.813446
70000010937.075760
70000444197.645004
70000582695.640060
70000492404.926056
70000373617.244965
70000110811.017548
70000656802.617599
1.000000
70000621816.358597
70000804317.604706
70000334961.069046
70000352819.394119
70000999981.812897
70000719473.003281
70000463290.342850
70000209510.718689
70000363421.693542
70000927119.236038
70000821698.968948
70000307531.048035
70000608830.708893
70000431444.099625
70000264839.105347
0.33
 0 0 0 0 0 0 0 0 0 0 0 0 0
