1 401
70000151747.061768
70000755000.200851
70000920081.660355
70000811392.253525
70000087117.684860
70000638445.638321
70000657580.987808
70000225662.462143
70000774591.484665
70000327432.936691
70000285937.994797
70000344417.639542
70000919632.668884
70000475287.955139
70000886561.765060
70000202788.690369
70000781337.559433
70000390810.956970
70000766664.207886
70000896946.153336
70000696979.237991
70000220984.636536
70000894306.251221
70000544395.850418
70000792363.393356
70000654711.960114
70000727322.004639
1.000000
70000989196.808853
70000386932.944977
70000459182.929489
70000023377.042862
70000434548.529709
70000492347.849243
1.000000
70000878703.807007
70000292340.831772
70000378888.418640
70000110680.238419
70000140391.110489
70000052222.225204
70000061507.164261
70000634221.084793
70000315457.510361
70000677814.590637
70000434335.205185
1.000000
70000249354.793762
70000131152.240173
1.000000
70000154648.178909
70000902121.907394
70000813343.420593
1.000000
70000866808.656815
70000955254.375534
70000467158.258224
70000618831.463593
70000381542.482346
70000195284.435394
70000846215.947510
70000233386.977051
70000252461.608795
70000184100.122864
70000921309.390610
70000644700.518585
70000051662.969925
70000313683.410202
70000138809.578690
70000076830.070038
70000508760.019363
70000194485.998367
1.000000
70000733059.868759
70000809003.898666
70000174251.335510
70000945989.494705
70000084836.321457
70000518865.547363
1.000000
70000086544.991333
1.000000
70000985597.548538
70000011333.625153
70000457337.101654
70000127679.847717
70000107883.816299
70000147789.463043
70000689855.621948
70000712759.724838
70000044320.099075
70000316055.498062
70000461148.370850
70000312596.332550
70000994353.996796
70000801226.274765
70000462908.275635
70000881935.479477
70000732469.165024
70000708462.601273
70000049615.129898
70000459396.534424
70000167226.910248
70000066041.543304
70000768421.447388
70000778497.327621
70000877307.738281
70000165731.020874
70000205306.320587
70000142333.061447
70000545631.447311
1.000000
70000378165.388275
70000518558.211365
70000276575.981003
70000318603.329102
70000390241.773361
70000708433.838577
70000493761.163437
70000893197.203430
70000289946.115341
70000162152.096375
70000330597.759323
70000702116.631195
70000868608.480698
70000076385.585632
70000152815.323456
70000371566.230484
70000389827.832413
70000390296.261215
70000877609.346542
1.000000
70000141613.057205
70000123762.474197
70000362435.042526
70000908957.589874
70000238482.639587
70000753453.794662
70000933959.984695
70000866463.065460
70000080805.519730
70000495955.185425
70000256836.189056
70000047875.452499
70000510590.179184
70000997728.400162
70000954707.847336
70000808422.652313
70000602031.279175
70000446262.413055
70000731684.278931
70000359422.971664
70000689246.844055
70000307527.337143
70000522204.437500
70000592379.988892
70000269289.808990
70000851327.702148
70000795154.979523
70000279483.931259
70000332779.785156
70000264243.594299
70000062624.138489
70000404228.533722
70000781139.332291
70000775071.634766
70000659399.032806
70000218248.041840
70000796423.165024
70000614224.720703
70000099202.074554
70000350573.100433
70000526575.813843
70000281782.035049
70000251892.234406
70000482304.458633
70000175967.462158
70000710646.155319
70000644847.975845
70000502826.032089
70000369054.092667
70000242592.380981
70000906656.479446
70000661419.705566
70000846224.372269
70000162696.885086
70000418612.469177
70000244764.678726
70000149998.017273
70000046477.986145
70000294004.794968
70000815651.105896
70000952108.076477
70000241680.629044
70000403746.011215
70000281545.351913
70000360196.640427
70000340926.270813
70000597515.837616
70000460892.886566
70000070340.617859
70000354121.489578
70000043726.561783
70000800480.916794
70000299443.391510
70000314260.838867
1.000000
70000875047.202759
70000171952.677155
70000133999.524063
70000952339.658447
70000146088.516693
70000601932.662979
70000430609.839630
70000224722.198105
70000582146.635239
70000611254.743622
70000245644.697983
70000623837.461823
70000927746.667206
70000657420.211365
70000690866.986725
70000531641.965347
1.000000
70000752504.053085
70000310308.725708
70000788932.956329
70000241370.857437
70000037571.926193
70000479993.841660
70000105598.527588
70000610010.932053
70000768390.110962
70000811985.337433
70000698507.633789
70000181981.326218
70000629965.134918
70000184283.293259
70000053716.942078
70000970979.008362
70000285375.674225
70000684984.371735
70000559084.021713
70000876786.988663
70000914726.319351
70000451559.942612
70000523710.731491
1.000000
70000187277.250580
70000306155.398331
70000127706.992722
70000444395.624924
70000806156.600403
70000571654.285416
70000596676.817368
1.000000
70000422596.656265
70000022728.570679
70000344414.140747
1.000000
70000372651.769302
70000045148.958481
70000259513.950378
70000914217.971298
70000523906.938736
1.000000
70000297331.708847
70000896606.031509
70000070514.910782
70000769807.827209
70000022461.382523
1.000000
70000841661.936569
70000088388.129562
70000371756.763397
70000211677.892670
70000956535.567612
70000157658.694077
70000885116.214081
70000616213.687622
70000494909.481781
70000185945.133438
70000798297.773331
70000801473.897827
70000552315.782471
70000698892.405762
70000749090.651733
70000813135.008301
70000954748.266266
70000768553.967331
70000590519.457825
70000028775.519318
70000157441.189972
70000233436.707596
70000685564.274094
70000719963.714767
70000487036.996277
70000319057.133713
70000466001.085587
70000393684.643127
70000912801.302628
70000060741.463928
70000821095.599823
70000246959.403198
70000202384.555771
1.000000
70000944882.844727
70000504981.005554
70000623497.114883
70000747667.477325
70000302775.027679
70000588072.650726
70000709998.563690
70000340123.936996
70000178723.806961
70000799269.037033
70000909570.752487
70000910699.380356
70000338858.752914
70000070284.276474
70000830404.086609
70000965817.522415
70000921517.031296
70000090713.161774
70000033613.256165
70000598502.758224
70000693876.720413
70000964127.827347
70000119200.647278
70000442957.666519
70000170491.882904
70000682134.416931
70000287631.241150
70000691899.606430
70000155526.821091
70000448397.823059
70000098634.518784
70000188397.825607
70000725907.738602
1.000000
70000116385.310089
70000416367.333221
70000792190.233582
70000836536.850723
70000743333.773148
70000752936.064331
70000840537.394501
70000645077.481323
70000699168.724915
70000323416.580841
70000030887.221771
1.000000
70000118815.673294
70000884149.499146
70000040257.183044
70000156411.842758
70000885772.340729
70000071699.267120
70000245939.252350
70000217186.866135
70000858109.523331
70000503133.129333
70000854101.707916
70000974521.387939
70000415702.451523
70000543557.326355
70000432048.356949
70000385522.344788
70000929211.287125
70000381116.046127
1.000000
70000522979.189072
70000839051.948151
1.000000
70000250801.661240
70000318196.831406
70000080484.068924
70000440321.636490
70000572532.812332
70000138980.581924
70000891541.736786
70000101202.921097
70000504200.675323
70000624852.736313
70000319655.168152
70000452107.574921
70000773745.967880
70000939644.885483
70000430868.656815
70000799074.203094
70000782572.877823
70000612305.087616
70000131456.766968
70000957348.191345
70000421806.878815
70000403715.721817
70000044644.194809
1.000000
70000642515.822021
70000768418.127151
0.33
 0 0 0 0 0 0 0 0 0 0 0 0 0
