1 401
70000349413.834335
70000024647.174698
70000684544.068741
70000527034.786087
70000928931.718231
70000395384.873001
70000043502.539230
70000854499.244400
70000301230.271408
70000168376.391815
70000838473.746155
70000518938.579361
70000444057.213272
70000823168.825180
70000640595.772720
70000852994.467285
70000860344.248795
70000304638.614716
70000537964.315018
70000658169.875885
1.000000
70000123263.233063
70000088446.162476
70000657101.168335
70000605670.971207
70000940538.581268
70000886560.246399
70000612140.448120
1.000000
70000495301.318436
70000657746.110825
70000138590.673248
70000097800.292130
70000439036.784149
70000599813.119629
70000238369.371994
70000677674.586075
70000634333.597656
70000224969.744705
70000901841.708282
70000740184.880936
70000674904.481964
70000154758.234802
70000606341.846756
70000210648.097702
70000588193.821304
70000665352.389709
70000958876.716797
70000374949.283478
70000898120.721100
70000906139.352722
70000874913.326782
70000406424.817825
70000948236.628387
70000299199.360992
70000914193.004776
70000301365.842926
70000040842.990402
70000896381.118256
70000003338.107285
70000356460.635681
1.000000
70000742327.487534
70000302749.836105
70000847211.863129
1.000000
70000146099.903137
70000665863.212433
70000054319.196106
70000411909.949646
1.000000
70000950523.696732
70000699421.153549
70000169443.784180
70000675493.545227
70000534313.334351
70000991433.638168
70000053813.252991
70000541008.645111
70000793131.893936
70000241791.401917
70000379259.645691
70000295606.883850
70000421592.996048
70000442677.371094
70000006198.814819
70000093361.889099
70000872468.274185
70000349805.263382
70000179472.033966
1.000000
70000273053.871155
70000708707.075485
70000642276.496902
70000564421.260040
70000344467.968491
70000397541.368958
70000770018.391937
70000220517.406235
70000632474.142975
70000226908.482986
70000539838.437119
70000738618.703247
70000363514.757690
70000330300.125702
70000612206.953308
70000141753.373703
70000704599.864990
70000483639.216034
70000773768.992294
70000885508.377762
70000470952.426712
70000364085.149658
70000342375.874527
70000635218.670822
70000531034.897293
70000260106.566742
70000276376.524872
70000149618.197632
70000364938.680389
70000568104.260925
70000626572.981979
70000902897.196350
70000163965.209808
70000810929.699203
70000791547.184784
70000224263.275696
70000220187.695969
70000047462.624969
70000398390.063919
70000949110.614731
70000770531.001053
70000593644.905014
70000888481.635529
70000658093.452271
70000353061.826630
70000310975.888214
70000364887.264984
70000773308.312469
70000172852.655319
70000432222.925461
70000571143.330444
70000157046.478958
70000290678.800034
70000591218.691849
70000231168.872604
70000053966.451935
70000725392.773743
70000031021.637131
70000330340.565201
70000245480.389420
70000189421.785522
70000167236.455582
1.000000
70000972511.270416
70000503245.640289
70000578519.614960
70000778132.496521
1.000000
1.000000
70000159895.733124
70000243617.110184
70000791932.408875
1.000000
70000070241.077942
70000520512.670609
70000168571.798737
70000754645.401688
70000438078.336441
1.000000
70000765513.520157
70000430606.399841
70000973585.292175
70000921533.953079
70000777919.514359
70000833148.754501
70000595116.359680
70000513286.301529
70000794319.035095
70000105528.220078
70000017570.217239
70000904257.436630
1.000000
70000522323.178268
70000254057.689987
70000429784.362244
70000986785.956314
70000105302.444885
70000147932.837143
70000276337.352463
70000128702.890930
70000809585.629364
70000285137.150269
70000075793.488113
70000579868.946976
70000852676.620956
70000802019.741394
70000691798.255096
70000377073.981552
70000810906.787567
70000880949.460464
70000112235.808899
70000573019.894043
70000242939.576965
70000963016.162796
70000707404.543610
70000740641.151123
1.000000
70000694936.445648
70000254924.310410
70000567907.586151
70000810677.004425
70000410913.915314
70000145260.288864
1.000000
70000281601.011139
70000375514.081390
70000624048.708694
70000659922.971497
70000341950.969345
70000880333.821121
70000177807.202225
70000499694.160675
70000800058.646088
70000696950.422028
1.000000
70000341947.190018
70000737568.036591
70000388203.224030
70000971797.974045
70000415882.382172
70000708341.888199
70000889536.610184
70000010983.415512
1.000000
70000111683.916214
70000515665.885193
70000488383.348251
70000954341.004807
70000480647.578415
70000470613.069046
70000256531.552063
70000115095.133194
70000294596.461121
70000136317.959641
70000011244.544907
70000412349.862762
70000651420.625381
70000566920.729187
70000207574.781021
70000498339.305466
70000831609.941910
70000729198.207657
70000198397.261475
70000680660.545380
70000371287.222061
70000304216.333817
70000445009.027817
70000384092.615738
70000890447.968033
70000198536.547745
70000413546.531693
1.000000
70000745543.603745
70000952330.103378
70000587012.119888
70000906607.500076
70000422574.738724
70000507380.514771
70000305658.969269
70000673884.591354
70000945048.853409
70000128992.349792
70000184983.828186
70000311547.253082
70000051565.271103
70000107079.054581
70000213163.091721
70000828149.805328
70000887383.032196
70000614766.427673
70000385742.155045
70000465081.160751
70000062417.140884
70000645376.038574
70000822324.423264
70000779928.664749
70000212414.029449
70000739340.514801
1.000000
70000563944.511963
70000537149.563751
70000394911.888596
70000911799.409729
70000389776.784027
70000862029.618088
70000842788.689514
70000623899.668549
70000670358.324188
70000247078.358444
70000628020.794327
70000310473.364990
70000673156.084274
70000073467.605301
70000117159.646271
70000179162.460709
70000559058.992218
70000235717.168411
70000705252.122589
70000738595.653336
70000630779.516678
70000269244.563278
70000290050.569031
70000039425.096573
1.000000
70000307061.572083
70000451765.408173
70000757830.496155
70000760780.513153
70000692655.403290
70000691316.062057
70000836371.682281
70000867862.346771
70000819434.174606
70000371240.324753
70000861495.673233
1.000000
70000712130.489609
70000960029.263016
1.000000
70000572296.371841
70000883525.465530
70000611166.431976
70000867423.873123
70000309964.037292
70000453078.254242
70000114916.717560
70000711130.329758
70000711774.839233
70000812717.751907
70000683250.127167
70000745855.530518
70000170031.358475
70000877221.270432
70000614772.018494
70000805356.845566
70000194989.445923
70000461833.823013
70000952727.663803
70000255542.277008
1.000000
70000409751.385361
70000201925.954605
70000956438.425461
70000951729.652130
70000221322.227921
70000971081.446411
70000999761.187363
1.000000
70000193253.720367
70000924095.632675
70000099141.603302
70000764996.328766
70000749108.745056
70000172699.750778
70000824454.029053
70000007042.513657
70000394921.270859
70000827058.887955
70000983695.386429
70000011113.436523
70000434243.827042
70000107390.975220
70000632669.259323
70000917561.467468
70000941488.586136
70000682840.006531
70000848923.996185
70000315438.547592
70000711280.054245
70000178768.950470
70000364542.678314
70000987004.753998
70000019025.747055
1.000000
70000457231.624863
70000496129.374023
70000008330.555374
70000819920.267380
70000797832.328400
70000870276.653519
70000764690.880692
70000993352.643875
70000349702.050385
70000880107.553680
70000009901.951828
70000592788.771454
70000142148.161987
70000500576.796417
70000309281.263336
0.33
 0 0 0 0 0 0 0 0 0 0 0 0 0
