1 401
70000864148.842102
70000436931.420258
70000061522.880569
70000407225.255539
70000968755.817978
70000272626.581955
70000019767.855743
70000019749.246384
70000847350.501587
70000648402.886292
1.000000
70000852688.552704
70000010560.058380
70000725338.064926
70000391023.438522
70000641803.757935
70000358684.891739
70000970655.743484
70000832898.134506
70000838214.467285
70000741986.101959
70000074278.119965
70000798648.503845
70000706657.947556
70000797936.151733
70000329536.219177
70000270977.131317
70000242856.393005
70000633739.624908
70000569321.611404
70000847844.309235
70000934212.784866
70000677226.787903
70000455592.952560
70000344706.576019
70000559059.451492
70000349244.654724
70000415732.740692
70000242088.958588
70000413135.575897
70000260040.309006
70000423289.478363
70000624463.834839
70000244260.971619
70000768889.055237
70000587757.415527
70000955656.634995
70000767491.902405
70000129597.145782
70000787763.742172
70000161924.507660
70000318954.178329
70000763677.986908
70000046627.143280
70000060979.101456
70000619594.613708
70000313548.735123
70000142843.228577
70000131425.132614
70000747713.144775
70000743662.739853
1.000000
70000200985.521744
70000209628.999832
70000043328.621078
70000221484.101456
70000573195.612808
1.000000
70000062640.979187
1.000000
70000781099.998245
1.000000
70000845324.238632
70000296278.239655
70000947515.958282
70000114011.102295
70000245101.995712
70000340382.054901
70000151843.615509
70000939785.532257
70000591510.454071
70000156452.838562
70000032340.030045
70000622423.592010
70000441583.332352
70000072261.056107
70000586335.418579
70000492483.258301
70000995755.621902
70000153924.515289
70000866570.587845
70000461951.098877
70000233008.829636
70000977273.534363
70000424705.682449
70000179486.286026
70000263346.125443
70000055351.353348
70000474150.702271
70000903625.313995
70000056074.943466
1.000000
70000217167.468292
70000260318.636887
70000116816.153549
70000159497.506348
70000750911.667099
70000190420.158081
70000132348.007431
1.000000
70000910048.894226
70000840087.475418
70000165544.442139
70000671029.935257
70000023489.306107
70000301076.371643
70000189586.080063
70000002067.131805
70000871952.167145
70000693104.874008
70000411919.573090
70000455064.448654
70000666569.187119
70000580957.416809
70000471817.800491
70000395844.444595
70000556316.901688
70000818506.415527
70000794638.901642
70000392758.085388
70000792422.658127
70000211839.485870
70000405906.731216
70000429494.706787
70000085711.392227
70000892785.233459
70000453070.786545
70000613676.045929
1.000000
70000541615.022095
70000401438.751007
70000843606.117508
70000474736.197189
70000327340.176895
1.000000
70000310360.607239
70000596773.581238
70000954492.173843
70000750049.634735
70000709608.552063
70000049281.434509
70000356192.895676
70000153818.469299
70000987973.619354
70000400225.399704
70000038442.736710
70000054215.200058
70000528105.540039
70000025292.123398
70000935400.058273
70000177658.791687
70000700002.235046
70000523527.162888
70000147338.108109
70000290086.482986
70000122513.262482
70000035151.655350
70000970765.989609
70000557554.838547
70000610856.817078
70000823992.554504
70000037532.946640
70000769131.805344
1.000000
70000378475.693069
70000281472.349625
70000922264.849304
70000166289.582413
70000145232.887344
70000897285.901764
70000815471.506271
70000228105.083374
70000495064.338623
70000538443.112595
70000415885.941925
70000816564.196960
70000913816.173798
70000645376.748550
70000600185.200684
70000043257.968460
70000724271.794556
70000979397.436478
70000527679.137299
70000088456.294373
70000081193.218857
70000126819.725708
70000749654.731003
70000439581.839081
70000680556.159317
70000834739.749069
70000313143.113159
70000645471.757889
70000982917.245270
70000138303.503143
70000158070.377136
70000359163.077438
70000057583.901215
70000004068.910812
70000146342.341522
70000282132.436630
70000776975.474854
70000944700.631638
70000640388.999649
70000956290.501434
70000748377.962585
70000760759.527771
70000414287.775620
70000837857.246689
70000086870.585266
70000319390.459396
70000186359.683578
70000805357.858826
70000138549.790009
70000934288.602585
1.000000
70000978863.180557
70000211786.748215
70000457096.150528
70000242293.666870
70000447224.731308
1.000000
70000128555.518768
70000728886.964523
70000199822.768448
70000085286.365067
70000002005.303085
70000174708.402786
70000396285.836227
1.000000
70000711586.697189
70000837327.601334
70000027159.230515
70000293025.648560
70000375961.827484
70000035725.203735
70000165556.170181
70000766801.522583
70000304699.608002
70000758394.185547
70000548366.682663
70000614604.935822
70000247581.841843
70000702985.150101
1.000000
70000833633.094772
70000640181.357025
70000660248.428802
70000213588.447220
70000696025.552963
1.000000
70000788047.826950
70000194543.777313
70000826676.703918
70000401527.908234
70000406402.221710
70000024724.122253
70000977598.701584
70000693586.248947
70000935799.856766
70000471741.306488
70000747972.314972
1.000000
70000875374.349014
70000817681.532944
70000288610.495102
70000458014.406311
70000301171.175751
70000381859.451706
70000970014.443329
70000020784.804947
70000357372.723663
70000227151.457977
70000662395.680405
70000074819.208466
70000781212.449615
70000447625.806076
70000359389.605057
70000065139.939301
70000397772.560242
70000628523.629074
70000772726.206818
70000994415.839981
70000539797.028992
70000546222.951141
70000562469.364899
70000779986.595032
70000492596.561432
70000571934.072952
70000543140.321487
70000083141.319412
70000597830.362106
70000424444.670853
70000354508.419464
70000273987.106125
70000705435.383972
70000742733.302872
70000233460.389999
70000198015.528824
70000777394.312195
70000914633.040710
70000351190.703491
70000739131.274094
70000871038.028030
1.000000
70000234973.143448
70000601235.815430
70000033382.194366
70000951319.331055
70000452846.847824
70000883528.472336
70000751508.178360
70000846749.583923
70000097596.366089
70000723231.968536
1.000000
70000829414.756195
70000148834.258301
70000087562.438370
70000248553.301331
70000079453.425018
70000381699.255341
70000730822.615067
70000294675.056610
70000980300.834122
70000870995.172882
70000264037.546478
70000147370.087921
70000389235.169403
70000384864.972717
70000912998.447296
70000787287.950073
70000379966.722061
70000029343.238022
70000065222.977341
70000854085.075546
70000557636.043503
70000781080.438644
70000771007.433411
70000244482.322266
70000723288.151505
70000515797.911057
70000357465.987656
70000345015.839722
70000840565.141190
70000490900.338379
70000136032.068848
70000407301.178482
70000391149.684830
70000676378.044800
70000500529.035095
70000921483.674911
70000468687.773804
1.000000
70000517361.846939
70000099452.401947
70000485107.898224
70000515122.222076
70000474061.973480
70000498935.855591
70000445904.021713
70000535868.226395
70000950881.186966
70000033332.712006
70000053204.337357
70000125180.384705
70000421571.647736
70000619575.355927
70000031089.869949
70000735326.219070
70000514944.559982
70000457133.944901
70000780993.124924
70000911309.771835
1.000000
70000760190.177292
70000863378.983963
70000395047.565811
70000909378.831985
70000388198.456619
70000116069.789459
1.000000
70000280462.250366
70000723057.106964
70000803175.079468
70000907227.954041
70000442041.324310
70000430140.025848
70000591292.803726
70000849574.348984
70000587568.096893
0.33
 0 0 0 0 0 0 0 0 0 0 0 0 0
