1 401
70000840982.785034
70000934462.571091
70000469859.396240
70000376133.290512
70000354418.314163
70000047611.458862
70000558836.130615
70000237800.160767
70000659882.778397
70000779163.139069
70000583082.869507
70000797990.937714
70000838455.626572
70000999050.474838
70000746539.648224
70000062081.448074
70000188024.050247
70000574480.197250
70000206834.881760
70000237715.520462
70000806511.975952
70000989776.783966
70000630817.715271
70000065926.978607
70000787201.912247
70000275421.338989
70000615669.217453
70000667130.315384
70000591086.420410
70000323562.042465
70000649850.838058
70000613806.214447
70000796067.607498
70000399680.989288
1.000000
70000070435.119095
70000475571.628235
70000365392.958160
70000450395.134079
70000642371.141037
70000683094.083878
70000825035.972122
70000639669.745163
70000495518.727188
70000842540.381058
70000332622.110321
70000342112.935730
70000866549.783081
70000972642.896408
70000206714.860550
70000071049.589874
70000144074.441391
70000824975.944031
70000030309.081955
70000996755.659515
70000517279.971329
70000501732.862106
70000989430.487015
70000453130.748734
1.000000
70000037307.134216
70000777874.418625
70000079771.414078
70000502724.938461
70000746817.003632
70000107966.929108
70000136811.040390
70000965639.126343
70000150055.137192
70000724055.745178
70000148338.272278
70000929583.017288
70000891503.593277
70000130545.094391
70000880285.981476
70000046770.131729
70000502829.865234
70000847036.864807
70000217749.945068
70000999594.709793
70000349903.522980
1.000000
70000106621.718948
70000603914.554474
70000807315.520645
70000854526.698517
70000908714.402100
70000403115.737473
70000392276.151672
70000325614.981049
70000917274.128967
70000802936.821014
70000492296.716278
70000239884.768600
70000442760.853668
70000220153.501343
70000462169.858994
70000494411.842987
70000799178.287842
1.000000
70000493774.497009
70000346866.475281
70000898818.556580
70000484907.173218
70000135201.316071
70000509395.979141
70000671556.954636
70000434254.400009
70000017569.017303
70000127232.499496
70000679350.481049
70000532457.222336
70000054766.879593
70000402413.425644
70000567428.331390
70000580651.976852
70000475164.863235
70000379789.767258
70000086939.620224
70000489364.320770
70000061224.941101
70000093564.600586
70000880065.826431
70000794518.777618
70000262759.232697
70000594531.316574
70000359094.324799
70000452115.395767
70000210978.690201
70000391140.310822
70000763862.427231
70000188594.832245
70000436115.021851
70000792079.738251
70000886842.123215
70000121754.181778
70000954775.135605
70000874499.052750
1.000000
70000447527.492065
70000440304.415649
70000231324.282791
70000893312.944946
70000033988.354065
70000394006.199997
70000991477.601395
70000453736.006454
70000936631.520920
70000919702.362961
70000902706.750290
70000596917.393860
70000974772.877655
70000197176.703110
70000563493.330063
70000835753.578873
70000855642.387817
70000537288.499496
70000982908.619873
1.000000
1.000000
70000161016.041168
1.000000
70000543008.669495
70000641334.151779
70000686934.688644
70000181152.983490
70000524612.307007
70000230195.481659
70000121730.745544
70000307971.508682
70000833889.947601
70000682791.044693
70000260248.226410
70000645825.462936
70000578054.740036
70000643750.709549
70000745628.694366
70000755403.391174
70000083479.366455
70000834534.548279
70000220048.091858
70000126787.900177
70000120067.175491
1.000000
70000961477.171387
70000119675.390091
70000498971.579163
70000143159.703506
70000094269.486801
70000358534.834518
70000274859.963486
70000488759.193375
70000199507.338669
70000032495.297867
70000799861.413544
70000565346.131668
70000499989.065216
70000586011.305756
70000066154.170853
70000872488.340164
70000002435.164062
70000766504.909775
70000932703.484375
70000549240.524292
70000354914.652725
70000731361.883545
70000186846.082489
70000445185.640198
70000105358.610779
70000799959.400970
70000139898.188019
70000923037.309128
70000361057.523193
70000917863.895493
70000177578.527435
1.000000
70000837234.806793
70000743688.549179
1.000000
70000376876.495377
70000605700.891968
70000871764.340302
70000307966.921143
70000692910.195999
1.000000
70000944629.902557
70000382795.704178
70000053476.088654
70000115944.221786
70000315910.396942
70000523016.337402
70000541626.820328
70000102598.750809
70000423064.270813
70000639679.177551
70000818695.542526
70000790881.627136
70000184554.067352
70000186842.915237
1.000000
70000037347.926727
70000502814.413269
70000804021.384872
70000274918.473099
70000773908.060028
70000178872.025970
70000125748.608047
70000563077.209320
70000348524.927521
70000480523.928177
70000406533.941040
70000887787.379059
70000923274.408554
70000813317.460571
1.000000
70000673429.385864
70000297901.256012
70000966415.146576
70000977341.852356
70000189377.380112
70000813028.920639
70000239734.525757
70000505370.328751
70000831029.390335
70000931092.869522
70000543076.643448
70000324992.437042
70000194762.118896
70000683639.623550
70000247189.806610
70000023229.615646
70000106745.192841
70000394185.568634
70000371850.146469
70000445261.142776
1.000000
70000339140.519150
70000532438.750900
70000537677.928741
70000060531.900269
70000924338.089325
70000932652.823380
70000172245.321625
70000293064.331924
70000534515.353134
70000468128.230606
70000698130.597687
70000887835.400513
70000252236.518616
70000383384.369278
70000759095.737671
70000461380.362869
70000018106.411652
70000345757.048767
70000215346.228668
70000620520.543884
70000626994.680145
70000674904.834244
70000262968.500427
70000886491.133102
70000707172.684204
70000871211.790100
70000765200.713882
70000156279.138474
70000857571.126419
70000505248.687408
70000153214.410736
70000567355.759155
70000175921.784317
70000952574.166031
70000342037.549637
70000450319.853867
70000535285.830093
70000675470.999954
70000645117.127304
70000484265.361389
70000993592.130478
70000455341.024475
70000444629.759659
70000852068.175751
70000774283.703033
70000381651.432205
70000903076.066376
70000748505.408463
70000702965.301025
70000596579.536072
70000105712.164001
70000019004.384766
70000854990.946960
70000163423.883743
70000909026.705475
70000345707.998932
70000459039.438202
70000381086.099396
1.000000
70000105339.372528
70000746181.127106
70000271618.652313
70000826148.048172
70000427332.325058
70000577277.475525
70000856246.796494
70000321609.267593
70000387572.906204
70000440025.314377
70000136345.128754
70000182981.123672
70000692863.938156
70000132775.812561
70000866288.732437
70000101113.356323
70000702407.472824
70000318681.880066
70000713377.411865
70000042864.862045
70000464726.730072
70000939861.203171
1.000000
70000023272.334793
1.000000
70000963105.235886
1.000000
70000017440.361038
70000815057.779633
70000352404.975449
70000416529.937653
70000868224.417343
70000477442.337753
70000811686.405273
70000824253.953995
70000731715.888672
70000673271.504608
70000384239.886627
70000109906.475754
70000810168.459534
70000794079.035095
70000391578.277603
70000499193.321259
70000397893.476868
70000076270.219406
70000362396.756317
70000976716.071457
70000634264.205307
70000507334.398621
70000689689.602158
70000054540.316437
70000449800.916473
70000716795.913620
70000966184.263046
70000395863.012680
70000948116.595154
1.000000
70000544393.738113
70000384333.885117
70000265227.732513
70000446443.590332
70000247034.768555
70000932253.657364
70000641387.391632
70000551967.971390
0.33
 0 0 0 0 0 0 0 0 0 0 0 0 0
