1 401
70000999157.426239
70000516219.561615
70000316321.293213
70000747454.500732
70000801145.484802
70000837275.670731
70000783386.923706
70000721009.254608
70000836738.489975
70000205415.433655
70000885525.737061
70000689805.081268
70000965792.163956
70000800770.168945
70000667400.104172
70000800236.588028
70000623644.168076
70000108851.982742
70000708202.118576
70000375854.084122
70000119914.308838
70000315358.158661
70000528138.837296
70000974853.801315
70000230987.889053
70000219316.453888
1.000000
70000639062.527847
70000080423.100143
70000140128.159546
70000356255.976685
70000379235.331024
70000636150.005112
70000265829.944687
70000015669.181213
1.000000
70000443963.180374
70000498096.671249
70000609957.811874
70000833559.994217
70000839429.525970
70000879783.467056
70000341233.613953
70000940190.748657
70000335738.319626
70000284214.835007
70000693889.678497
70000585017.023514
70000311538.988968
70000892144.335144
70000367041.903793
70000795718.508636
70000408234.553223
70000336197.767014
70000170531.966446
70000076838.721664
70000292466.905457
70000638654.275513
70000775380.536636
70000262066.710281
70000761937.319839
70000542765.315430
70000951063.637466
70000210849.977188
70000543456.858307
70000138927.325195
70000502330.730347
70000581852.858734
70000904956.763718
70000858050.587326
70000986811.009781
70000898606.055588
70000082293.790176
70000111028.911392
70000607199.544815
70000365626.312500
70000569839.970169
70000906888.714188
70000290861.354584
70000797487.844467
70000972139.308075
70000215869.022476
70000292906.889328
70000449020.838226
70000271905.709366
70000262449.738007
70000367236.222763
70000078037.814041
70000454975.631317
70000851736.579407
70000447704.116730
1.000000
70000037817.457153
70000640018.302917
70000058733.954529
1.000000
70000348916.669693
70000522462.077545
70000324848.095093
70000904849.761292
70000205291.163834
70000578799.351257
70000584041.997452
70000649676.436829
70000063105.205124
70000792538.346298
70000470299.557281
70000877734.019333
70000886000.486526
70000436387.342957
70000903413.812607
70000852748.823746
70000941469.258865
70000202183.629089
70000658052.653809
70000962239.608215
70000861789.735046
70000323101.004333
70000833579.751114
70000171451.831268
70000053058.867889
70000340879.081100
70000932011.973709
70000729142.272766
70000970624.536697
70000000494.338684
70000815949.925827
70000709600.884567
70000516652.544067
70000574789.218643
70000216879.073196
70000017758.556992
70000650179.502487
70000326143.010498
70000574841.323532
70000040943.018097
70000922542.114822
70000826972.837097
70000770653.060669
70000432426.317230
70000169351.147842
70000898681.835541
70000655568.803665
70000052123.852173
70000169506.505356
70000512981.713806
70000569079.785843
70000115710.949295
70000238659.867767
70000225861.837311
70000197944.477051
70000721031.153900
70000191729.595184
70000803676.079117
70000290183.755676
1.000000
70000174506.404739
70000433613.035004
70000814775.937241
70000209270.777069
70000349659.043457
70000191868.469971
70000789163.885681
70000684065.261963
70000873702.392822
70000457970.621384
70000023001.477753
70000509812.290878
70000272194.402267
70000152434.239944
70000951572.313293
70000603886.814041
70000619848.480560
70000614305.808151
70000636541.941223
70000362968.946365
70000322634.731003
70000846892.367401
70000923808.804977
70000816832.088776
70000202052.727539
70000512999.421158
70000988935.365036
1.000000
70000962222.528000
70000381854.321823
70000963533.991699
70000044362.036575
70000570898.977570
70000353272.616638
70000596900.548828
70000864715.208862
70000104036.481674
70000768213.611710
70000362310.765366
70000081004.427124
70000027094.501648
70000788663.535919
70000994355.561142
70000432192.572510
70000356043.075394
70000566491.484009
70000940863.410248
70000349174.508743
70000533968.063873
70000781539.236359
70000426917.798691
70000332927.664139
70000152287.435165
1.000000
70000131090.466537
70000254081.714386
70000869087.386337
70000321926.532944
70000445814.979187
70000368891.922424
70000847901.142914
70000895899.930710
70000240160.743271
70000138900.312302
1.000000
70000902544.008331
70000829478.505402
70000865136.516708
70000876244.141632
70000131667.687302
70000950125.628143
70000882941.871323
70000964456.807404
70000098436.150726
70000610532.565765
70000856403.495026
70000036793.005310
70000119426.740662
70000111707.453384
70000046259.204193
70000892671.383530
70000021645.297699
70000300442.099396
70000525309.873993
70000839840.068573
1.000000
1.000000
70000552412.315201
70000675129.726791
70000671656.140182
1.000000
1.000000
70000586619.855072
70000361701.226288
70000208578.169525
70000602655.732117
70000111119.801727
70000862080.415222
70000794766.147690
70000477213.506927
70000152683.273697
70000142691.509308
70000883971.873413
70000888837.901779
70000879371.727341
70000749279.425323
1.000000
1.000000
70000948592.974426
70000810247.000031
70000111133.636185
1.000000
70000287396.552536
70000359158.491943
70000810670.737640
70000140347.917221
70000715560.273361
70000414442.152344
70000070665.455505
70000241057.257263
70000136714.807419
70000852579.634369
70000826638.924835
70000177231.211517
70000056236.415573
70000473181.115524
70000528879.983215
70000473107.958511
70000193679.971771
70000246271.623566
70000442520.338608
70000958892.186172
70000071716.642212
70000369526.857620
70000671370.046967
70000673596.530609
1.000000
70000937962.565231
70000056623.487381
70000767906.978317
70000592102.884811
70000122650.759979
70000799596.710220
70000992291.148666
70000725555.239456
70000143530.977158
70000896600.002792
70000219842.050171
70000929617.757553
70000718529.798965
70000426992.619156
70000325238.911438
70000183154.373840
1.000000
70000820046.737839
70000148889.325165
1.000000
70000654256.257629
70000015736.038528
1.000000
70000041842.772095
70000170904.575577
70000797156.290070
70000753782.035095
70000266251.044693
70000412203.916962
70000397251.285553
70000107741.994232
70000073065.614075
70000939745.196930
70000097479.849060
1.000000
70000040330.348145
70000771395.284729
70000697987.449783
70000545981.833511
70000639044.529892
70000687928.395752
1.000000
70000105821.030945
70000602269.824844
70000767302.708679
1.000000
70000008977.622986
70000467252.429001
70000319360.899994
70000056515.704880
70000783354.945221
70000501987.222824
70000957040.484329
70000716359.932739
70000490781.743561
70000646251.706177
1.000000
70000838990.441086
70000444957.052078
70000896154.051788
70000085324.183594
70000583172.167236
70000453252.920074
70000636168.998535
70000388501.929077
70000319683.106720
70000443950.303314
70000181696.128052
70000831889.710922
70000876305.742615
70000358057.013458
70000976889.262512
70000278197.213867
70000195928.499252
70000366527.388992
70000061761.844269
70000335537.437820
70000895398.971024
70000977774.898300
70000549829.348892
70000454166.490723
70000974662.156586
70000625080.958618
70000219999.532715
70000153518.037201
70000166052.257217
70000678905.112228
70000308972.776276
70000373544.775177
70000843885.627899
70000827393.015427
70000352799.281433
70000006158.444031
70000062958.472794
70000550790.933670
70000810670.614807
70000309948.369049
70000906384.463364
70000496884.631638
70000316251.371445
70000173916.528412
70000487407.251755
70000778484.656769
70000360170.143448
70000974560.085449
70000692870.978256
70000984126.505478
0.33
 0 0 0 0 0 0 0 0 0 0 0 0 0
