1 401
70000328274.659088
70000347751.111557
70000690135.691391
70000555688.658463
1.000000
70000535381.335266
70000283754.586807
70000744830.678436
70000257434.104172
70000404801.769241
70000955258.211075
70000574916.647873
70000521180.105774
70000755426.524643
70000641536.138718
70000724688.728409
70000024735.417755
70000913073.710022
70000511533.141006
70000558625.550049
70000220386.027130
70000332555.153473
70000117019.837723
70000443338.008011
70000845880.028214
70000753334.692825
70000644698.547012
70000413323.900818
70000510692.391220
70000044029.088257
70000056245.983887
70000062707.196686
70000261305.196915
70000787213.313736
1.000000
70000359452.418030
70000805119.668716
70000324010.217010
70000357780.034180
70000487917.224274
70000644737.759216
70000816877.738846
1.000000
70000274146.003235
70000517480.958893
70000242558.232117
1.000000
70000818290.450790
70000630562.636047
70000652179.040436
70000679216.326950
70000169783.994934
70000434598.841187
70000990674.385574
70000023416.480972
70000276669.628723
70000317185.825073
1.000000
70000913783.222275
70000414225.074661
70000839306.216522
70000802234.216339
70000625826.791382
70000268572.069565
1.000000
70000099677.957382
70000847212.953705
70000159372.115982
70000316479.476776
70000618845.948700
70000698905.229263
70000909816.176239
70000364642.987167
70000382475.452469
70000096924.433807
70000487545.203781
70000064827.150040
70000860304.479919
70000807940.649200
70000671410.202820
70000419261.207458
70000179358.463867
70000580452.992630
70000826072.962524
70000699730.763321
70000635242.851593
70000848955.938812
70000794658.967331
70000064843.024918
70000822907.203064
70000795218.931198
70000641847.674530
1.000000
70000862148.523499
70000285855.863159
70000564493.759247
70000953712.499039
1.000000
70000273039.114868
70000587543.196503
70000518981.832504
70000589046.963135
70000253257.359451
70000136342.719986
70000685676.432297
70000926195.523331
70000743815.999069
70000804340.702301
70000915771.640808
70000234936.001160
70000440631.252731
70000665103.721344
70000761157.474945
70000242603.317383
1.000000
70000097406.320129
70000138900.595108
70000802017.525772
70000443249.781204
70000409027.771561
70000194287.642609
70000048821.692154
70000763066.032837
70000764011.540604
70000519062.954712
70000710965.989944
70000128773.641617
70000922017.601196
70000599741.886566
70000240251.610703
70000406932.639297
70000045714.745499
70000526307.527435
70000467312.637543
70000722431.886597
70000578112.765686
70000258664.340454
70000379926.339767
70000197312.625473
70000541116.086716
70000986653.824615
70000935105.470505
70000053504.355545
70000811096.234329
70000935574.510696
70000785378.965164
70000598555.149109
70000516221.040543
1.000000
70000801683.616608
70000068575.399307
70000387892.404221
70000741210.171097
70000826601.055496
70000086734.453537
70000395850.875366
70000980819.336197
70000337598.485153
1.000000
70000061042.657883
70000102543.804855
70000304387.134689
70000852125.715698
70000104869.393021
70000553452.008926
70000923247.892654
70000198163.993073
70000512060.279037
70000653048.441330
70000644351.638992
70000853945.471970
70000555402.417450
70000885697.557953
70000774633.835129
70000946551.256424
70000938339.170578
70000816020.089920
70000807715.856750
70000538489.513779
70000245755.196503
70000395821.851959
70000647262.734619
70000190067.906555
70000627280.945160
70000074128.909149
70000524483.484543
70000511166.215698
70000639023.273346
70000090915.984451
70000101827.119781
70000368899.224014
70000121857.547195
70000172410.961868
70000739718.599426
70000363799.895508
70000030096.915649
70000525022.759918
1.000000
70000470971.588120
70000319551.518570
70000215417.792786
70000063337.283951
70000513825.640533
70000814977.501724
70000757082.171234
1.000000
70000662921.505798
70000308982.511108
70000645394.806274
70000343075.807343
70000509541.314743
70000141785.371048
70000923440.595184
1.000000
70000707418.381668
70000343299.224213
70000399979.459229
70000836250.025620
70000232952.858292
70000062039.697311
70000929552.798065
1.000000
70000168529.010864
70000378019.493515
70000010275.733948
70000807794.988281
70000457638.954086
70000387169.913818
70000128166.614532
70000595810.847076
70000527004.749588
70000051055.076508
70000393944.513199
70000908208.543274
70000963884.239395
70000211456.622345
70000193491.407028
70000584149.029068
70000581925.829575
70000227642.025162
70000527288.932465
70000265461.931992
70000539242.989731
70000044508.383743
70000944701.747345
70000985414.833847
70000718802.556763
70000255993.829178
70000354633.907639
70000112571.170074
70000926350.704193
70000318401.474533
70000566308.490448
70000447370.291748
70000320675.063095
70000021563.742157
70000361427.074326
70000195885.351654
70000295777.828339
70000109267.415466
70000423325.469727
70000556048.842575
70000892122.824005
70000760729.514587
70000726495.936829
70000064692.650833
70000818507.380325
70000353026.034027
70000706697.872742
70000005712.144501
70000339450.250519
70000105077.026535
70000776444.972061
70000454210.645630
70000889431.612747
70000596499.274185
70000898499.861481
70000077583.530304
70000753148.121063
70000208009.901398
70000566372.192245
70000915562.502609
70000137707.426682
70000319346.487274
70000907642.395187
70000331371.165588
70000599829.545731
70000631485.367477
70000159083.658646
70000408379.535568
70000911280.929947
70000512811.179138
70000960185.648651
1.000000
70000668669.591904
70000243718.356171
70000672540.266785
1.000000
70000662262.271072
70000164350.691360
70000033769.561859
70000014991.614868
70000400735.130844
70000671548.616379
70000195974.357132
70000168237.589737
70000238663.276352
70000270054.505020
70000139666.459122
70000722832.607346
70000396502.118500
70000472892.282745
70000684373.770187
70000810641.337921
70000762975.483505
70000900560.045227
70000754679.105865
70000867091.512939
70000696325.996506
70000219149.590729
70000232861.026566
1.000000
70000084043.449615
70000401034.392990
70000304271.348755
70000164935.817307
1.000000
70000379031.008087
70000687430.537842
70000789628.833725
70000551679.131165
70000740630.548279
70000244383.261932
70000433249.090027
70000026181.648514
70000815305.413986
70000337987.361267
70000327932.471054
1.000000
70000063307.312988
70000972058.316742
70000336012.897446
70000331136.897736
70000022630.490082
70000801168.538727
1.000000
70000698682.989883
70000260589.256256
70000590148.324936
70000889820.897781
70000292027.855209
70000316371.633087
70000941577.587372
70000582907.408173
70000774969.722000
70000688008.690155
70000033764.572464
70000713829.489166
70000220689.325302
70000482722.135635
70000122012.228607
70000209070.031555
70000497881.188766
70000690054.725525
70000438422.338303
70000744940.923340
70000862075.123169
70000456788.162338
70000317172.774170
70000192316.196777
70000469882.954498
70000629173.597885
70000244282.697723
70000818018.016037
70000762685.465775
70000088507.082001
70000352073.988327
70000278049.280869
70000290403.145172
70000243021.570389
70000600524.280685
70000472310.576401
70000860230.857788
70000872399.790619
70000405290.525620
70000163417.410889
70000952350.463287
70000731895.664246
70000607284.035706
1.000000
70000973545.292282
70000068520.652451
70000864653.961334
1.000000
70000993413.443237
70000970407.916733
70000474900.582062
70000185767.145981
70000048735.296326
70000847994.213745
0.33
 0 0 0 0 0 0 0 0 0 0 0 0 0
