1 401
70000213528.611710
70000082474.305054
70000666532.792282
70000026216.163177
70000217511.408340
70000915421.255829
70000938159.174118
70000694111.685043
70000259521.776718
70000708670.927719
70000149007.594437
70000179567.030777
70000081985.543945
70000577061.763290
70000265491.106873
70000402015.415466
70000909885.191376
70000719028.243866
70000310679.027145
70000021719.727524
1.000000
70000257835.824219
1.000000
70000023314.526672
70000572225.295135
1.000000
70000684652.809784
70000682112.870331
70000928159.112946
1.000000
70000045634.266113
70000292400.853821
70000455633.248215
70000817975.264145
70000144150.538010
70000251063.200470
70000442198.348358
70000707096.298477
70000543007.947983
70000958204.406799
70000704133.874374
70000684737.325729
70000911596.219315
70000261251.771606
70000988956.796860
70000970405.817719
70000434856.596481
70000427665.326828
70000454980.651978
70000849761.716537
70000537938.167435
70000710030.235962
70000680942.487488
70000206495.112686
70000827706.004028
70000633044.204773
70000944430.263184
70000179540.182449
70000994985.440323
70000525963.769180
1.000000
70000335482.840088
70000070371.474594
70000543901.288879
70000352110.635468
1.000000
70000625156.087784
70000393040.506943
70000141689.838776
70000748829.625443
70000683874.036407
70000441546.898163
70000581638.887833
70000290557.025299
70000822559.556488
70000152247.283737
70000469070.756149
70000153452.417557
70000905138.469254
70000486547.680389
70000942326.882904
70000623032.738602
70000388468.995605
70000180855.569061
70000337892.597717
70000655674.575806
70000255632.749725
70000275468.894501
70000340108.425980
70000008968.013397
1.000000
70000583267.154984
70000151955.563248
70000867707.098083
70000059965.249985
70000515867.305557
70000964223.819458
70000771817.144012
70000590016.990234
70000386074.763718
70000365506.316879
70000308269.661514
70000860159.675476
70000532480.586441
70000868378.701736
70000592656.704041
70000762073.954010
70000277909.579971
70000075812.766327
70000536462.290573
70000821915.254272
70000460354.796967
70000213153.158447
70000208539.033554
70000294511.047745
70000077543.366013
70000949769.351974
70000391783.328278
1.000000
70000247253.573105
70000291142.683716
70000923965.153625
70000902864.757187
70000590936.771515
70000164936.603378
1.000000
70000801559.245163
70000658247.669113
70000522961.312912
70000607599.216049
70000324506.554581
70000179493.041794
70000151480.578674
70000673713.497940
70000269413.844254
70000140303.264603
70000613481.792160
70000154733.367279
70000167851.041733
70000520533.085190
70000752756.082596
70000285485.477737
70000711921.379318
70000001684.500610
70000259065.798309
70000881730.330093
70000515827.067917
1.000000
70000196344.928711
70000259127.349823
70000286088.376648
70000145317.740845
70000463264.166687
70000275498.037552
70000374000.064117
70000395930.326279
70000549682.885345
70000000727.685944
70000100076.821686
70000241843.169983
70000434655.248596
70000744674.794357
70000580964.775391
70000175712.836838
70000033547.452805
70000038702.707489
70000667250.830338
70000822357.570251
70000413821.624908
70000232730.804489
70000913520.249161
70000095563.653732
70000741406.417053
70000864934.414001
1.000000
70000392503.137589
70000863854.534607
70000401211.549103
70000079889.066162
70000333096.281647
70000684676.194382
70000050535.741943
70000260644.885345
70000793441.336349
70000644959.985168
70000326895.305176
70000016982.765945
70000983788.976593
70000566570.954010
70000720615.535843
70000075822.015610
70000488858.814987
70000132854.667633
70000540425.290482
70000024568.555435
70000959349.816498
70000486667.083908
70000587711.390839
70000118660.545456
70000666599.057785
70000443941.753021
70000619223.168579
70000982865.330643
70000630609.127213
70000539675.218460
70000822097.902161
70000060531.746918
70000604274.649094
70000185025.366745
70000720774.652466
1.000000
70000051198.954895
70000875552.353729
1.000000
70000185221.494476
70000169932.568375
70000890138.935715
70000502531.639954
70000968534.737976
70000529581.823547
70000493448.378693
1.000000
70000650469.016479
70000152497.648819
70000405500.065125
70000358134.748901
70000692008.099533
70000447732.071732
70000759181.377533
70000669987.990494
70000315259.791306
70000701464.671631
70000382448.124115
70000982345.222336
70000371904.268082
1.000000
70000204194.628052
1.000000
70000784166.838150
70000639214.261505
70000026447.581421
70000626984.455811
70000545287.107483
70000766708.237473
70000023605.591095
70000881327.371628
70000150544.258881
70000795124.731918
70000594907.916046
70000275596.939713
70000359614.030853
70000452671.788055
70000720839.323868
70000122950.681625
70000691920.925797
70000049545.592422
70000943051.159622
1.000000
70000167173.528336
70000491459.355347
70000821960.139969
70000750692.747391
70000498340.289658
70000762791.907761
70000758373.287277
70000597198.450287
70000701601.729782
70000961164.878601
70000057317.408585
70000129880.766800
70000659253.424759
1.000000
70000036521.424301
70000951608.122009
1.000000
70000280755.224106
70000468077.630936
70000720156.851074
70000456783.339203
70000192420.135864
1.000000
70000141001.955566
70000888353.512024
70000989547.140900
1.000000
70000473223.574387
70000685718.435516
70000612041.234726
70000919849.644989
70000647875.075165
70000849533.801865
70000577364.082382
70000548733.204163
70000035549.298309
70000052598.355743
70000181508.284683
70000918763.030991
70000465216.325607
70000534369.234863
1.000000
70000583574.679794
70000026666.983078
70000817407.941772
70000936866.686005
70000566389.390411
70000772486.700836
70000724762.194046
70000737973.518265
70000357753.634247
70000657418.903336
70000900963.931641
70000224448.568527
70000332858.900192
70000506900.174927
70000726270.045502
70000686701.299179
70000467045.341766
1.000000
70000160008.917999
70000192778.845993
70000624902.310303
70000385002.835083
70000524706.288834
70000122531.341034
70000012569.941376
70000966322.978653
70000918384.944626
70000536364.765854
70000047689.944885
70000866239.861160
1.000000
70000775965.538086
70000899541.358276
70000467130.562592
70000564818.858734
70000994925.112396
70000089766.385345
1.000000
70000179408.559204
70000702188.530640
70000002205.798248
70000421998.969574
70000878510.112503
70000705023.888458
70000423385.993332
70000124955.671524
70000579037.934189
70000814567.069962
70000754096.360977
70000108806.721252
70000833133.662155
70000297224.649551
70000567161.390182
70000895243.172363
70000584593.604843
70000738223.155823
70000695983.433197
70000416772.479691
70000708170.460617
70000412051.283035
70000251040.052658
70000807264.899216
70000630354.178955
70000582110.085052
70000692306.582352
1.000000
70000230918.252563
70000039251.251144
70000699965.819565
1.000000
70000598738.156097
70000437475.992477
70000681958.203384
70000367155.675095
70000255575.779999
70000162333.496643
70000240998.586075
70000823469.772797
70000360256.094147
70000730679.227768
1.000000
70000756378.069763
70000140830.441010
70000926030.619995
70000526563.421097
70000687414.314529
70000204037.651428
70000562579.527527
70000931595.310394
70000650692.647583
70000250519.907379
70000287164.270294
70000539156.891220
70000486872.713440
70000293079.042542
70000748933.659180
70000218132.178452
70000310943.437881
70000639207.292496
70000422734.498886
0.33
 0 0 0 0 0 0 0 0 0 0 0 0 0
