1 401
70000825713.308929
70000369807.179337
70000428516.577301
70000722970.676590
70000392651.264969
70000621047.706772
1.000000
70000439420.725601
70000196533.109329
1.000000
70000920917.566757
70000014734.221588
70000890085.692902
70000880359.194962
70000352778.996674
70000425862.528122
70000608415.424576
70000309051.937302
70000791694.930771
70000271196.077759
70000642554.487411
70000756603.184250
70000370146.084137
70000132990.261505
70000645196.459137
70000659431.488922
70000198369.603333
70000959981.819595
70000385507.720520
70000015399.557053
70000689306.368073
70000700623.187729
70000886294.443924
70000853172.956223
70000642163.671310
70000993618.023727
70000152015.042648
70000747507.968338
70000842830.447144
70000089566.488876
70000150016.529129
70000154163.112320
70000700492.316727
70000065442.108826
70000837050.917358
70000637047.054016
70000702446.430252
70000986012.249344
70000014872.472916
70000693274.870209
1.000000
70000623956.557999
70000875435.130936
70000941856.215836
70000836303.960648
70000116249.459641
70000998786.633972
70000367318.579529
70000784475.703415
70000918304.723312
70000098323.061737
70000286002.852631
70000564705.494629
70000639386.325134
70000684626.714447
70000366499.491669
70000710574.661926
70000100279.696426
70000283729.106689
70000969855.426407
70000575353.111526
70000222139.483170
70000355469.664734
70000551579.143661
70000849243.718674
70000238811.237350
70000401353.543579
70000656992.127792
70000030988.032730
1.000000
70000631105.863770
70000409724.814468
70000505111.485886
70000941167.001144
70000581285.775787
1.000000
70000126166.138641
1.000000
70000998687.564362
70000141760.140518
70000623076.071945
70000195559.385803
1.000000
70000923046.573822
70000183182.182816
70000521553.765457
1.000000
70000628233.172745
70000224402.325882
70000151086.522919
70000402866.414948
70000158516.585617
70000839052.873718
70000368468.995132
70000506213.918869
70000177380.476364
1.000000
70000622560.125076
70000899687.982712
70000464355.242172
70000435262.724014
70000963150.010132
70000245196.169067
70000132308.386734
70000809206.080139
70000694200.530487
70000438323.254730
70000917506.186859
70000664426.174072
70000797469.503677
1.000000
70000278859.451859
70000756049.244339
70000309331.907761
70000998472.452637
70000862663.535446
70000548132.181702
70000906744.639572
70000423579.570724
70000865182.472290
70000541675.804214
70000342705.388260
70000973418.650436
70000290450.504013
70000177707.037796
70000952200.332397
70000396804.453003
70000627940.766861
70000492731.235199
70000516021.672897
70000000130.284943
70000720241.661285
70000039929.396698
70000981364.674805
70000446468.157349
70000318328.227509
70000608738.688293
70000393384.852478
70000572875.607742
70000426046.020798
70000957277.157562
70000439853.017502
70000829087.350800
70000529731.761017
70000838651.662506
70000060082.248001
70000882723.377380
70000387076.894775
70000668658.259537
70000178313.079483
70000972648.276215
1.000000
70000983851.490784
70000485303.308823
70000304980.475525
70000245197.685074
70000986472.275192
70000306018.888580
70000907297.367111
70000525748.254349
70000568647.804443
70000922370.063583
70000521946.601089
70000148800.797928
70000919008.250473
70000430965.610519
1.000000
70000573776.219269
70000685636.094437
1.000000
70000085281.866684
70000024179.625000
70000865493.265442
70000907647.728455
70000528662.578445
70000256465.154510
70000945338.971359
70000693865.267075
70000689672.507767
70000463611.999146
70000119291.758911
70000713296.885269
70000719784.673035
70000645892.020432
70000204412.128891
70000108057.496094
70000490047.770630
70000666922.608078
70000564557.642075
70000297710.629242
70000723421.678024
70000947972.873734
70000792570.133453
70000913125.160812
70000336450.713074
70000249565.286957
70000759826.308243
70000304258.244019
70000857972.778381
1.000000
70000536258.180084
70000368198.477768
70000962386.005539
70000018686.712845
1.000000
70000199061.580017
70000361846.655869
70000667225.118942
70000704583.376282
70000221923.048889
70000582985.365707
70000128348.648010
1.000000
70000541477.850494
70000532083.223373
70000426041.744202
70000093579.820435
70000629908.530609
70000989245.141129
70000720684.772781
70000377818.102570
70000550737.792572
70000097923.883774
70000582288.417297
70000069969.760132
70000357681.985519
70000294981.755600
70000032347.574448
70000445665.910324
70000476244.696289
70000571769.527496
70000753256.808517
70000133971.337875
70000496685.879425
70000780662.480392
70000174868.630783
70000150311.894852
70000242937.238586
70000175808.926880
70000473282.914108
70000601075.011795
70000030021.491379
1.000000
70000801927.764572
70000762331.553467
70000321818.508331
70000252678.990906
70000628967.426620
70000989616.578323
70000765475.443359
70000422952.788528
70000094859.983200
70000184939.648819
70000908400.866653
70000385656.878220
70000062125.848175
70000552765.612640
70000580654.356750
70000538922.739899
1.000000
70000424825.538239
70000093878.845871
70000099095.709824
70000055985.602814
70000390168.008530
70000007305.300995
70000442577.252625
70000602165.866898
70000823808.881805
70000689815.853455
70000382626.964966
70000414964.547592
70000693906.124664
70000040966.214478
70000400144.761795
70000645596.486938
70000009909.978516
70000266896.448654
70000962603.010178
70000876829.476685
70000545109.461700
70000825328.488586
70000590607.714523
70000421959.050766
70000264739.181931
70000147976.939407
70000545974.437881
70000597164.742035
70000378753.939117
70000599141.215118
70000946422.491119
1.000000
70000061530.393204
70000660816.917709
70000689536.146118
70000994954.484192
70000243696.220398
1.000000
70000362661.843063
1.000000
70000389692.225998
70000370695.406143
70000675919.106277
70000094064.122696
1.000000
70000623409.550110
70000184470.853561
70000735819.710907
70000203170.584320
70000806624.310394
70000140626.478333
70000423305.959229
70000141660.187195
70000714104.009399
70000740436.084427
70000814692.162170
70000634817.810867
70000683884.438690
70000390080.230743
70000779586.482880
70000195392.196411
70000631382.153000
70000017499.102524
70000161803.009811
70000427202.041199
70000394703.917526
70000410583.925858
70000397161.977737
70000272170.904953
70000434501.219879
70000734749.931259
70000075672.983093
70000713637.897385
70000854865.377701
70000557304.010025
70000842172.374573
70000413564.021393
70000146405.515366
70000319923.680374
70000581812.588303
70000968013.363068
70000637313.098907
70000734891.556580
70000374427.164429
1.000000
70000392986.621933
70000198305.411270
70000965347.029541
70000062666.954224
70000377332.838654
70000309373.349503
70000908299.704788
70000356925.338699
70000070698.672440
70000658182.179413
70000470568.297012
70000461180.590530
70000383808.360947
70000389468.493484
70000975337.189316
70000045384.474594
70000184752.244034
70000175412.329025
70000640943.249115
70000579777.335815
70000960885.786438
70000480201.942902
70000298379.170319
70000158219.222504
1.000000
70000609695.115463
70000393643.861786
70000419502.806824
70000270335.863907
70000998898.054306
70000980970.210922
70000803180.605316
70000940983.496613
70000684355.734161
70000179575.573013
70000318958.888321
1.000000
70000588791.911194
70000379623.750259
70000250286.449905
70000674483.793488
70000222977.511765
70000088673.961594
70000813487.153397
70000491706.593399
0.33
 0 0 0 0 0 0 0 0 0 0 0 0 0
