1 401
70000453864.232422
70000461282.088196
70000912674.429565
70000083650.127640
70000509701.211349
70000370948.105621
70000332646.672333
70000110734.193085
70000606950.904968
70000352170.177460
70000908193.132996
70000703180.400131
70000054519.406204
70000701530.835159
70000539719.681931
70000387623.778183
70000292839.793030
70000959566.631775
70000733141.092087
70000901811.923798
1.000000
70000305700.706238
70000109426.792160
70000064938.971924
70000241899.207153
70000928258.052185
70000349307.884354
70000577447.414154
70000717300.865479
70000371628.520218
70000105832.878082
70000448818.745392
70000808930.450302
70000536057.245743
70000581458.215683
70000179274.840561
70000668612.413696
70000680699.173996
70000770012.782822
70000093095.171661
70000902562.233200
70000990974.186386
70000065245.105392
70000612276.512482
70000239288.481232
70000899206.851883
70000354792.709351
70000448114.529480
70000092709.271362
1.000000
70000234224.340912
70000658631.515381
70000644176.003372
70000491511.497818
70000484726.599289
70000073867.984436
70000368884.527206
70000040205.677322
70000735665.736740
70000548576.139694
70000503407.364746
1.000000
70000797800.650406
70000005926.405212
70000571242.160797
70000092282.550476
70000741569.954865
70000511677.045975
70000617570.465179
70000542219.933807
70000884861.666580
70000331036.552902
70000536726.721176
70000502344.086166
70000863018.855728
70000368351.175690
70000504066.130707
70000045529.195786
70000903665.835648
70000102491.285965
70000628197.642746
70000950649.565308
70000985265.811737
70000273023.022583
70000822890.457336
70000168089.587524
70000069648.238525
70000827968.143280
70000143642.678497
70000340728.137985
70000270219.966141
70000276355.140091
70000951201.656876
70000101040.976730
70000400014.917648
1.000000
1.000000
70000067955.686523
70000291143.559433
70000504389.118896
70000434724.938293
70000589634.059189
70000719737.297058
70000922951.603165
1.000000
70000411262.925003
70000973032.884293
70000005160.946671
70000980564.623734
70000177443.853470
1.000000
70000512565.690445
70000515540.610779
70000204366.522400
1.000000
70000096778.408661
70000104058.165268
70000500139.805695
70000699880.146927
70000442791.004578
70000474892.851303
70000021732.168152
70000607961.513107
70000592886.261307
70000172851.025497
70000493478.813828
70000465078.397385
70000655420.324997
1.000000
70000622118.656219
70000945493.268906
70000450681.094391
70000882530.344940
70000673412.477951
70000809281.429596
70000215007.197433
70000991615.894409
70000218354.577469
70000259346.549210
70000738745.646317
70000353928.475616
70000785349.976547
70000881254.946594
70000812941.760178
70000519906.695465
70000296792.988373
70000438218.416046
70000293925.704285
70000455064.652206
70000106906.371689
70000829679.473923
1.000000
70000629890.334976
1.000000
70000858404.363281
70000279512.513824
70000189005.561386
70000562408.025009
70000713959.810196
70000348724.895370
70000400455.805008
70000369926.003174
70000063426.999817
1.000000
70000145819.031876
70000218189.482254
70000931163.856400
70000916560.670059
70000073753.597931
70000711443.058899
70000741508.841675
70000993053.782288
70000185879.680573
1.000000
70000284505.343628
70000987214.011383
70000617912.218262
70000939269.691177
70000498454.108948
70000365412.014938
70000642348.337479
70000510269.039719
70000393164.088379
70000642125.582642
70000640727.026871
70000972044.724472
1.000000
70000418368.742157
70000763195.492798
1.000000
70000605844.437042
70000883350.937241
70000657337.390533
70000234753.509232
70000519596.040375
70000781499.252029
70000786226.977127
70000855055.895447
70000263319.712875
70000005463.988129
70000199256.645340
70000394812.544815
70000492076.345703
70000658555.908966
70000221756.119781
70000838921.296997
70000172559.713684
70000036201.999725
70000822871.956329
70000971822.587677
70000823273.640717
70000725225.942261
70000167603.241852
70000811441.827423
70000497212.321564
70000936028.483994
70000922575.263489
70000128761.941086
70000419830.355240
70000785857.408112
70000721998.432907
70000698226.191086
70000152736.230576
70000213161.948517
70000358337.721970
70000859314.350113
70000073227.774826
70000971969.328293
70000119082.206543
70000647106.477982
1.000000
70000969529.057053
70000460115.376480
70000402532.001328
70000233509.734299
70000128491.024292
70000083633.800766
70000382560.287186
70000761997.737228
70000719075.278778
70000406469.899048
70000040712.667984
70000871730.660431
70000052136.607788
70000791270.643723
70000526023.602081
70000151142.080536
70000910988.671310
70000876088.959686
1.000000
70000723163.421219
70000448109.404419
70000300388.527100
70000559759.089340
70000428797.492249
70000523980.446976
70000601047.904831
70000073594.636429
70000643796.157547
70000400174.937210
70000181766.756256
70000172693.531403
70000020609.406174
70000958347.007828
70000704517.212204
70000255458.940445
70000801545.117386
70000197533.269531
70000634950.331573
70000687010.687729
70000666428.591217
70000621376.972366
70000938838.118637
70000170271.615768
70000707592.891403
70000250498.834000
70000768015.725342
70000020464.311600
70000406373.509232
70000151289.332138
70000548809.240158
70000322260.966522
70000899318.645569
70000944468.077042
70000571901.850662
70000280620.921188
70000755153.390884
70000503259.628311
1.000000
70000616313.370468
70000610745.635178
70000419816.839691
70000493064.463974
70000101494.750183
70000578821.455856
70000447682.410645
70000219756.467224
70000997717.145721
70000569327.057083
70000381016.983139
70000853051.390152
70000640698.874344
70000008543.256821
70000667963.452560
70000359219.465775
70000082503.366699
70000989709.636154
70000068728.593155
70000632381.952469
70000592050.373154
70000777206.196228
70000484023.519211
1.000000
70000105847.304672
70000810403.078003
70000621180.861954
70000583944.382401
70000606103.003372
70000381684.225250
70000890752.176727
70000855523.738815
70000212852.959518
70000306889.279373
70000327451.442978
70000484916.595947
70000208157.511276
70000803126.101974
70000829937.647430
70000480683.405457
70000694819.101074
70000088516.327423
70000024096.456284
70000266665.630493
70000366628.215210
70000625440.686676
70000227061.915085
70000896082.983948
1.000000
70000332877.240433
70000001425.883179
70000272761.390839
70000049014.855377
70000707030.299377
70000451404.673599
70000547998.940552
70000525027.903839
70000901607.843353
70000327491.746536
1.000000
70000411113.648102
70000758145.544617
70000712159.807709
70000159656.396088
70000738500.870010
70000954055.201584
70000855831.143829
70000428300.139893
1.000000
70000169450.463120
70000922849.098846
70000735764.061035
70000938864.949768
70000345409.546432
70000569493.883331
70000786245.795609
70000144499.529541
70000230051.781052
70000454428.689651
70000822192.540771
70000626998.889130
70000585491.794876
70000355372.514069
70000560823.120148
70000816369.925385
70000577676.232407
70000082653.268646
70000728401.300552
70000970491.870804
70000204891.332123
70000417074.662582
70000861400.733002
70000661829.106796
70000213953.852371
70000476777.172836
70000109668.274979
70000936793.385422
70000788579.727280
70000687515.440475
70000796439.089508
70000835766.630386
70000868980.385361
70000866583.978195
70000376262.831055
70000383944.741165
70000287070.819321
70000828257.364639
70000373887.949142
70000416287.421509
70000104837.959061
70000754378.895828
0.33
 0 0 0 0 0 0 0 0 0 0 0 0 0
