1 401
70000084296.299911
1.000000
70000144377.790100
70000864759.734833
70000250645.464874
70000534567.950989
70000227238.477875
70000544797.762268
70000122911.724426
70000511624.123871
1.000000
70000256549.668823
70000014963.071762
70000045663.566742
70000977521.144928
70000646533.236282
70000912415.356140
70000940649.216705
70000671581.784470
70000366464.583221
70000381258.220734
70000372505.809387
70000011720.636414
70000410933.649551
70000395801.185349
70000476925.819412
70000258496.706268
70000119604.957504
70000988321.245499
70000413015.717178
70000897113.130020
70000772865.884903
70000591337.043915
70000604145.462433
70000924083.779373
70000016806.006302
70000374112.578278
70000879316.851013
70000626788.790649
70000339141.497101
70000312998.210876
70000522924.570404
70000540667.447845
70000378563.890793
70000908809.497299
70000472715.730698
70000937930.382812
70000199515.887131
70000820572.032257
70000172000.326675
70000335047.871918
70000845338.234055
1.000000
70000925844.032562
70000819389.319885
70000299876.947876
70000680563.099197
70000014397.615936
70000932487.680527
70000236794.950958
70000652244.377762
70000461845.205582
1.000000
70000491613.426193
70000401799.375519
70000677900.696976
70000592235.851654
70000540883.176102
1.000000
70000712920.893341
70000908653.145721
70000771917.609329
70000535614.677353
70000266920.353455
70000617861.936523
70000633288.994095
70000956173.598190
70000659376.420776
70000212886.856827
70000174743.637253
70000207622.867142
70000224015.788284
70000279305.529831
70000444458.871201
70000461802.518356
70000727917.480179
70000728626.622604
70000303612.192245
70000249754.133850
70000337289.907120
70000084965.900330
70000691656.633560
70000375417.759857
70000528249.749115
70000183545.064117
70000581354.255157
70000912814.348358
70000389092.423477
70000067572.064697
70000602729.450638
70000860644.928879
1.000000
70000189789.194763
70000559086.730774
70000109816.230133
70000604503.142044
70000444996.021591
70000491468.138260
70000796895.828720
70000547360.565292
70000210076.525253
70000575333.852341
70000318657.521545
70000751903.501053
70000442676.759735
70000425191.054733
70000799854.672516
70000190974.814926
70000899496.516678
70000770348.316711
70000504773.101181
70000677528.089005
70000244483.520813
70000171424.678925
70000231845.572723
70000858406.323212
70000264487.779037
70000149137.376923
70000408172.876297
70000761752.145493
1.000000
70000808291.289780
70000105959.073349
70000166993.235825
70000188729.909241
70000318194.072510
70000269772.806534
70000953155.617844
70000676159.243561
70000501735.427429
70000888669.018494
70000449315.330444
70000430672.323807
70000499454.220413
70000566844.692963
70000767705.507202
70000080688.105591
70000795303.066956
70000342236.570557
70000496432.927475
70000469167.547180
70000414918.274811
70000635412.190643
70000301581.511032
70000841197.101059
70000436643.568192
1.000000
70000088752.984863
70000595259.310745
70000770339.926819
70000362469.937546
70000137253.134827
70000482390.873108
70000672788.525284
70000388660.989838
70000616869.118866
70000834726.237396
70000804051.215881
70000453043.743668
70000917007.650375
70000549214.536606
70000445435.584793
70000796206.878159
70000540638.000687
70000471702.244110
70000863958.416519
70000745093.637787
70000234514.932510
70000588424.655457
70000471608.625656
70000820079.749527
70000174696.596893
70000377613.452713
1.000000
70000106805.756561
70000891060.668945
70000101406.555740
70000409973.364197
70000933326.649918
70000468186.206635
70000989497.032333
70000429190.580200
70000585263.959152
70000417270.952988
70000246129.381332
70000874241.708496
70000687012.449631
70000950061.860382
70000410571.795532
70000826712.541061
70000952202.000397
70000594951.474854
70000438791.861115
70000420731.152878
70000932331.711334
70000627899.387650
70000553684.420822
70000599277.792450
70000397418.541153
70000725948.239777
70000939605.450104
70000677903.548370
70000640315.112991
70000518536.427765
70000366866.461288
70000357548.293274
70000480006.279785
70000551652.884872
70000097172.889847
70000533008.778870
70000684196.601807
70000603543.491592
70000801479.316925
70000415917.484528
70000165541.203659
70000617893.519226
70000761355.597260
70000852762.648834
70000237974.408066
70000442572.198715
70000920215.106750
70000598351.874603
70000876804.692581
70000420510.945892
70000679175.485901
70000580736.296265
70000765391.561066
70000184388.615921
70000862928.631104
70000590466.889038
70000205297.359146
70000015639.182785
70000313347.457474
70000010131.737015
70000672464.332336
1.000000
70000321969.580353
70000408182.359665
70000417515.574982
70000002172.983963
1.000000
70000387231.739273
70000837517.823700
70000974142.528976
70000540432.445724
70000479992.057190
70000021881.533188
1.000000
70000468905.258224
1.000000
70000153342.321503
70000876762.520767
70000994649.660843
70000256791.219223
70000392341.399460
70000859994.066269
70000534875.722931
70000454410.669098
70000400136.381409
70000081419.141800
70000907263.007477
70000082844.216156
70000099523.597031
70000391050.666489
70000091985.089157
70000682317.244568
70000159319.762711
1.000000
70000530145.373383
70000531632.233780
70000798067.045990
70000937448.947830
70000026369.252258
70000862893.546021
70000634793.931030
70000762949.707474
70000456874.489273
70000050611.472473
70000006370.890610
70000787368.632996
70000855208.701752
70000345386.322098
70000840899.761063
70000021091.385025
1.000000
70000014339.459045
70000909823.084152
70000173194.627625
70000766882.244598
70000027295.638214
70000658976.561569
70000820108.907318
70000244292.142212
70000313597.442856
70000512834.861420
70000087736.479736
70000826008.797958
70000027882.133469
70000582879.299576
70000725115.304779
1.000000
70000694901.460449
70000264508.457123
70000322838.272018
1.000000
70000755228.339783
70000049045.520538
70000149708.202652
70000043504.931091
70000875291.615311
70000223209.392731
70000757219.511124
70000758546.696960
70000351965.875061
70000701869.061310
70000941586.851883
70000330019.362289
70000463895.493347
70000710428.558441
70000121928.273376
1.000000
1.000000
70000822294.164215
1.000000
70000317086.084320
70000685740.803940
70000937812.885452
70000212313.378891
70000193953.149231
70000096875.529861
70000599567.987091
70000987222.913452
70000209339.191345
70000732518.208923
70000075441.721619
70000378128.787201
70000038816.906418
1.000000
70000689595.409271
70000137380.930786
1.000000
70000298693.700378
70000790822.089066
70000592967.790482
70000387752.992203
70000172794.263794
70000402922.510559
70000287795.020142
70000479703.617569
70000219781.393967
70000418896.658173
70000311522.620682
1.000000
70000115852.427948
70000053515.390366
70000047107.300003
70000903662.799561
70000458572.292801
70000840905.267014
70000858426.890106
70000881198.678665
1.000000
70000173643.621201
70000815914.910736
70000150293.201904
70000951712.236572
70000245931.019180
70000922033.295609
70000385587.459396
70000726054.236847
70000516678.677536
70000573974.466049
70000484474.102005
70000359846.552475
70000859231.746445
70000086426.533936
70000617654.706177
70000747462.588425
70000181543.427979
1.000000
70000793813.168381
70000579996.929123
70000900208.909927
70000612334.696182
70000509197.954056
70000882109.726425
70000880381.077698
70000825052.053177
70000112709.662918
70000876564.135864
0.33
 0 0 0 0 0 0 0 0 0 0 0 0 0
