1 401
1.000000
70000655945.536438
70000271828.726959
70000784930.063553
70000644976.543839
70000104496.143478
1.000000
70000350651.726791
70000530680.730835
70000054122.358215
70000964377.234055
70000814942.517456
70000650922.483582
1.000000
70000944849.907272
70000891302.481064
1.000000
70000853531.471222
70000010131.566299
70000397986.351212
70000146408.248138
70000615203.331696
70000231365.647308
70000057772.783020
70000859031.395432
70000677587.441879
70000113322.431641
70000904159.330704
70000292016.618408
70000722975.301498
70000669790.302429
70000869545.501419
70000174615.075958
70000922396.594559
70000768701.309631
70000949646.118118
70000711931.645203
70000193565.394028
70000251094.046875
70000141843.523209
1.000000
70000349763.613968
1.000000
70000758751.074387
70000349433.502960
70000484613.901230
70000599282.958862
70000526492.853653
70000719719.101608
70000151100.405960
70000813593.142365
70000864438.601196
70000259826.484253
70000565166.998505
70000099456.562439
70000081196.229797
70000743978.728287
70000424634.098145
70000647461.551590
70000977271.650131
70000385826.549210
70000279191.144592
1.000000
70000131508.089142
70000211959.136749
70000405206.799561
70000968087.075256
70000977717.091858
70000567278.947006
70000907390.477859
70000480247.388596
70000416258.143448
70000775745.798935
70000532318.460388
1.000000
70000653934.954025
70000481270.844955
70000491822.556915
70000330332.264252
70000546360.710480
70000928844.006058
70000109502.476517
70000511051.943909
70000505602.928696
70000513816.614655
70000643310.364487
70000560661.044891
70000030055.967163
70000230165.530609
70000581170.755829
70000268481.628326
70000922990.116516
70000608072.171707
1.000000
70000435797.596695
70000285866.520676
70000185603.417877
70000119721.186951
70000583883.545319
70000231685.379166
70000984412.074310
70000535264.563614
70000808101.088379
70000848080.932693
70000406267.690430
70000547181.960663
70000601221.637711
70000351987.277954
70000401952.379074
70000468831.177383
70000057384.664307
70000775232.246994
1.000000
70000183064.297806
70000062460.452957
70000918323.456100
70000460799.216476
70000576636.087585
70000567088.707352
70000406964.684570
70000994569.464600
70000527637.438629
70000017258.529587
70000698739.827393
70000643849.703751
70000497365.004852
70000179127.462097
70000895829.553329
70000370052.714767
70000929844.844543
70000756884.144669
70000202475.167801
70000607760.044449
70000996373.952240
70000110079.651428
70000044084.961105
70000551657.580322
70000907548.973282
70000276686.037415
70000361764.058868
70000848274.513992
70000911389.632538
70000529363.467422
70000921673.373199
70000872149.219818
70000819102.453018
70000220682.223389
70000950662.446838
70000067341.802826
70000268677.107468
70000286894.327652
70000671812.116180
1.000000
70000757381.114838
70000764225.719070
70000006303.845718
70000329001.110016
1.000000
70000935416.597763
1.000000
70000446350.965012
70000053904.511887
70000780544.024811
70000771677.520035
70000395484.707397
70000935429.285004
70000012491.271561
70000647084.323074
70000078894.171082
70000140605.291901
70000929985.902069
70000184440.012939
70000210861.008484
70000881500.742538
1.000000
70000173062.326370
70000136259.324432
70000687164.769501
70000203734.178329
70000344904.963150
70000595254.521866
70000451929.958237
70000891339.412811
70000328730.115417
70000063737.927826
70000961090.098740
70000217643.169846
70000900239.482101
70000398205.647781
70000585710.343002
70000609854.103577
70000402496.994095
70000534091.218735
70000476362.424545
70000670816.500885
70000906615.437668
70000250585.955338
70000553689.917618
70000458492.195236
70000092332.544342
70000301477.714417
70000277102.087631
70000549784.013916
70000601111.029877
1.000000
70000290611.481644
70000986698.072906
70000685531.628418
1.000000
70000872300.798874
70000836218.803268
70000361857.590317
70000028067.415710
70000877188.395447
70000788920.960419
70000615385.431580
70000505315.740173
1.000000
70000452362.967133
70000275721.449997
70000111261.101273
70000485993.781693
70000454915.944214
70000042618.901031
70000157153.674301
70000329580.935532
70000562827.404694
70000392790.869095
70000769896.892090
70000380977.577850
70000639292.891022
70000880891.641220
70000644782.854645
70000384953.746460
70000291442.019592
70000509754.215027
70000868279.749008
70000666204.002228
1.000000
70000539811.588669
1.000000
70000830085.817795
70000118623.494614
70000430320.205414
70000017361.251892
70000836758.491516
70000256475.772202
70000884929.590881
70000239957.387894
70000199964.778595
70000644703.721924
70000941349.648041
70000806130.878494
70000353371.140427
70000206204.240784
70000526562.680176
70000640869.773895
70000383513.737961
70000050193.333191
70000995352.902863
70000339494.205338
70000514132.765518
70000409346.914047
70000168218.736023
70000650211.417175
70000722643.272766
70000495887.141434
70000683566.934525
70000990596.640381
1.000000
70000121800.599365
70000907377.345215
1.000000
70000991541.171219
70000545438.358032
70000321889.850189
70000380746.848053
70000033491.009827
70000005856.176300
70000950827.170334
70000639488.946411
70000354215.690704
1.000000
70000015188.357773
70000474953.119568
70000366181.578613
70000117053.199509
70000893478.672012
70000442034.036850
70000821150.291534
70000273756.649033
70000362515.874985
70000828639.950638
70000774029.762512
70000001595.447266
70000180606.646606
70000699036.275604
70000481631.352264
70000164259.481003
70000609664.710663
70000254964.697845
70000347059.734238
70000027964.489227
70000686965.457748
70000439947.452164
70000213744.043839
70000577550.867981
70000417731.466339
70000374583.248734
70000876644.028259
70000021796.668640
70000149970.029907
70000647761.397903
70000289388.083542
70000992425.851028
70000662391.564545
70000592942.204010
70000482705.274612
70000209474.132812
70000369070.049103
70000932492.476028
70000873303.931946
70000548431.799484
70000616236.583832
70000248342.614822
1.000000
70000270315.190048
70000372270.862595
70000578780.946564
70000355966.324799
70000494555.652695
70000096909.871552
70000470499.619873
70000266160.803925
70000231943.122330
1.000000
1.000000
70000916162.538452
70000935955.507126
70000586299.608978
1.000000
70000350848.200623
70000902075.645370
70000914928.301788
70000324146.204330
70000414213.122711
70000686898.024460
70000913958.209915
70000652197.479263
70000670412.249756
70000734497.980804
70000503728.206665
70000901504.884491
70000284907.446106
70000837426.798416
70000709739.525681
70000907305.294632
70000628485.525513
70000919425.910370
70000010525.239212
70000521214.122162
70000805349.377914
70000613598.163330
70000595475.943192
70000462606.301620
70000009141.523285
70000076699.740265
70000787230.019440
70000806798.255005
70000713590.567535
70000067709.603607
70000264818.366104
70000058971.222916
70000305799.770645
70000621433.418793
70000165296.597092
1.000000
70000628841.396530
1.000000
70000956249.472961
70000258902.900375
70000749662.919983
70000166488.145645
70000768752.670212
70000816505.208359
70000925797.882751
70000942429.338623
70000462729.524445
70000619202.185272
70000115536.330780
70000438316.162170
70000174081.702896
70000464172.695633
70000446523.905563
70000385873.023865
70000317736.448898
70000292818.738037
70000768537.517441
70000080171.273956
70000705961.293152
0.33
 0 0 0 0 0 0 0 0 0 0 0 0 0
