1 401
70000857060.161880
70000563721.301224
70000338401.562836
70000324065.358673
70000942365.931534
70000931441.592270
70000559270.732697
70000044518.992935
70000334024.837433
70000670719.013702
70000846424.210526
70000163019.448349
70000384873.784286
70000408595.988464
70000886350.147263
70000768693.362793
1.000000
70000519013.604294
70000682716.709305
1.000000
70000716340.771973
70000901918.106888
70000224660.633408
70000777786.864944
70000436484.366013
70000627402.313766
70000073121.479446
70000588740.172668
70000535193.406372
70000171331.543045
70000700327.171844
70000395217.891327
70000868309.310333
70000377956.530945
70000095387.527740
70000044704.389572
70000804133.700134
70000479167.483612
70000662017.996124
70000244512.599258
70000022498.207336
70000060552.077423
70000834268.967804
70000876448.088760
70000563744.494644
70000800135.682251
70000279699.810791
70000306690.583588
70000761740.617111
70000421565.618668
70000327767.305023
70000427167.894363
70000990085.619064
70000621470.358047
70000699898.577179
70000513863.574539
70000653134.020248
70000347374.985489
70000089361.589554
70000832265.237381
70000971233.815033
70000368716.911255
70000989916.294296
70000331001.223679
70000180119.877762
70000481230.264175
70000343674.341629
70000050977.444641
70000289004.010025
70000807600.406158
70000773036.500107
70000177414.793686
70000825717.688080
70000807645.773987
70000806591.831650
70000063094.168747
1.000000
70000691147.735306
70000771749.126007
70000276295.310120
70000296569.821091
70000843084.491013
70000091579.150116
70000793622.212646
70000332087.068039
70000477097.182938
70000488428.012665
70000416301.923523
70000675176.340424
70000321331.058807
70000537104.453781
70000956720.723175
70000184799.282303
70000053065.669266
70000447516.265686
70000316724.490707
70000566737.279160
1.000000
70000921490.313919
70000415267.473831
70000559697.430603
70000707065.638733
70000271179.199173
70000178153.804565
70000616124.717896
70000381605.937698
70000220900.346878
70000320738.848999
1.000000
70000257119.270798
70000164999.167877
70000912220.946686
70000746378.004547
70000665192.368973
70000948463.878906
70000443664.978043
70000518099.882935
70000304312.929733
70000358958.214966
70000078377.625793
70000335699.856750
70000247463.969940
70000232495.886169
70000039195.716476
70000998143.783508
70000494776.174591
70000226134.176483
70000347989.374146
70000932147.425476
70000988884.030273
70000827623.777008
70000402340.698273
1.000000
70000018407.893341
70000277774.683121
70000294409.549545
70000715070.419083
1.000000
70000963017.641953
70000448808.747742
1.000000
70000110085.165253
70000948789.188004
70000321955.321960
70000536778.613800
70000754161.548325
70000583029.530792
70000814562.316055
1.000000
70000660539.319992
70000675525.267776
70000404644.335876
70000765300.119522
70000301916.313980
70000764626.195404
70000408441.195511
70000477920.995575
70000626526.594391
70000128601.944733
70000421378.664627
70000489467.552643
70000634608.674973
70000382749.631439
70000068840.954666
70000699570.752991
70000161114.628281
1.000000
70000723096.000793
70000957242.302048
70000142747.789429
70000754068.321472
70000649214.641129
70000912381.112366
70000699068.215973
70000001892.396072
70000685673.610336
1.000000
70000507998.973709
70000881010.740311
70000609526.505753
70000610071.970840
70000759994.689682
70000507700.937805
70000197786.400040
70000042579.009003
70000622359.997467
70000914550.237595
1.000000
70000270016.858231
70000013444.537720
70000919062.649445
70000466182.859787
70000042717.197540
70000491224.775986
70000500300.632568
70000725583.652496
70000555776.645294
70000614434.421799
70000105687.330444
70000831547.316956
70000636876.652145
1.000000
70000110559.141922
70000205367.486954
70000902669.262054
70000704528.867432
70000124308.075928
70000588762.901886
70000079959.524994
70000880555.167007
70000471829.890579
70000957132.409988
70000631676.188278
70000519457.303513
70000468493.783127
70000549386.274002
70000002293.333466
70000006615.541641
70000271590.112701
70000253009.552139
70000236247.852036
70000624816.683151
70000113333.615234
70000177542.050644
70000801350.979828
70000278915.250336
70000739366.001862
70000798898.284210
70000792328.524872
1.000000
70000048888.794388
70000612062.779648
70000778551.459213
70000251351.178299
70000959715.810074
70000029885.691071
70000379152.791885
70000866836.984344
70000213421.644470
70000747114.551651
70000707773.668671
70000099495.878326
70000683224.651138
70000849036.902374
70000328847.341171
70000499434.922882
70000856347.954163
70000037395.567703
70000591681.156647
70000012951.833771
1.000000
70000334011.196869
70000342877.766541
70000439871.796585
70000840553.242233
1.000000
1.000000
70000868704.829315
70000262338.423019
70000114885.138840
70000421870.745010
70000094770.819382
70000099953.528030
70000923354.353546
70000043326.100510
1.000000
70000062687.983841
70000353067.151169
70000130175.113342
70000155592.356628
70000891211.367737
70000066643.804962
70000408217.739365
70000070881.678802
70000121835.037415
70000301046.934525
70000235044.532700
1.000000
70000027663.347519
70000934245.881027
70000023965.560410
70000171160.060333
70000461890.807739
70000578752.615387
70000464452.489426
70000961627.967712
70000586096.586380
70000788127.218399
70000223578.223999
70000616231.508209
70000936214.997833
1.000000
70000958950.998016
70000532623.075912
70000335436.993088
70000640184.389587
70000751373.187668
70000634235.990097
70000555914.699234
70000137367.677231
70000566663.378998
70000676787.446213
70000151938.073349
70000964113.984863
70000020301.419571
70000638840.090134
70000883295.899414
70000046690.845474
70000845957.509689
70000321418.600632
70000830940.667404
70000662967.227676
70000426540.155182
70000298584.320374
70000653913.422638
70000308651.932693
70000590801.492996
70000017001.781570
70000707416.995346
70000206753.724930
70000105469.250275
70000334722.654114
70000765166.962570
70000088858.792831
1.000000
70000120401.934189
70000795313.348587
70000453592.424194
70000839976.919052
70000289705.345047
70000071007.938812
70000221928.552002
70000860338.004288
70000829454.606186
70000525438.800034
70000776570.742874
70000357872.181854
70000684335.876617
1.000000
70000379162.210663
70000248054.604980
70000005280.309189
70000091555.118256
1.000000
70000515165.996536
70000384737.035736
70000809178.418533
70000890842.178604
70000346222.103821
70000032582.366806
70000948545.912415
70000179377.973038
70000921894.004639
70000281432.393051
70000005281.798935
70000637310.796417
70000518703.990250
70000903261.699310
70000914768.008606
70000320605.189972
70000161077.417953
70000435699.271606
70000712428.017868
70000681900.824554
70000728404.314682
70000129083.296799
70000356816.708069
70000399519.450684
70000220677.182968
70000161938.758057
70000288598.930130
70000333562.283325
70000362868.026352
70000701199.484940
70000278978.909012
1.000000
70000043705.090363
70000412268.779449
70000001894.108459
70000714801.790451
70000378443.616791
70000001838.599899
70000155602.514664
70000347335.481918
70000895771.976700
70000878390.002228
70000403222.322144
70000544787.437592
70000170820.056763
70000770000.426666
70000254285.642746
70000980361.990234
1.000000
70000108531.818100
70000232772.360336
1.000000
70000587579.799576
70000765941.668884
70000566061.936996
70000550146.738068
0.33
 0 0 0 0 0 0 0 0 0 0 0 0 0
