1 401
70000980660.384735
1.000000
70000895694.988800
70000449991.126282
70000201265.274399
70000693163.120956
70000106310.311859
70000010037.084457
70000565783.040039
70000614630.189880
70000962358.018707
70000084870.833008
70000232198.309769
70000752903.376953
70000481293.187134
70000693677.854156
70000600266.053070
70000778687.386871
70000575720.693817
70000414366.514618
70000687129.351776
70000373204.967194
1.000000
70000017032.427429
70000429595.874191
70000294433.286148
70000740086.093689
70000425625.735474
70000484184.834793
70000070444.119568
70000956237.061035
70000131141.607422
70000432472.355484
70000597263.604172
70000628616.274658
70000771714.860748
70000708265.511734
70000863910.645996
70000344991.423828
70000518942.470642
70000071179.300110
1.000000
70000622348.116806
70000964268.411331
70000930331.411301
70000564471.119431
70000413472.678665
70000143117.171310
70000818661.936005
70000422777.025330
70000159720.715652
70000884824.979904
70000443020.159286
70000826436.506653
70000694214.817841
70000976345.180115
70000931896.322281
70000153735.880951
70000739906.117020
70000771366.085556
70000239900.731308
70000338032.722412
70000838099.009033
1.000000
70000931074.578110
70000743955.660675
70000994174.990555
70000796554.684708
70000432145.600723
70000142962.976593
70000750483.362411
70000862538.259918
70000553830.184311
70000576640.551361
70000997836.010300
1.000000
70000976142.098129
70000865991.659653
70000472582.488831
70000484422.916550
70000530044.857773
70000012239.691879
70000425700.552444
70000484024.556305
70000923505.675674
70000355420.534714
1.000000
70000861949.177689
70000541552.347183
70000015940.857376
70000629165.001984
70000611192.128693
70000762000.235275
70000403637.647156
70000441581.230316
70000709206.564713
70000416784.379318
70000928447.949005
70000326321.281296
70000246330.350098
70000407713.769150
70000410671.881424
1.000000
70000347417.887772
70000311684.040924
70000471847.029617
1.000000
70000083954.540359
70000671297.610641
70000248140.618271
70000054611.700851
70000360411.192719
1.000000
70000738737.817276
70000053941.624802
70000398346.907135
70000404320.756454
70000858281.468704
70000063869.789688
70000533957.911652
70000723983.382294
70000755833.371628
70000990312.173935
70000662084.477219
70000050402.406937
70000619317.513596
70000580704.597488
70000184229.663757
70000612432.246841
70000365666.571152
70000863013.120865
70000205889.089645
70000132737.934418
70000685767.307205
70000269651.854019
70000051804.715881
70000070019.288849
70000651316.127075
70000911454.407547
70000990098.665710
70000395066.506210
70000475767.595718
70000752941.121811
70000355056.935379
70000415370.285370
70000114245.973312
70000372860.770599
70000615792.976273
70000011624.347687
70000752364.044861
70000862097.324783
70000719684.042999
1.000000
70000772820.903397
70000593220.605347
70000350869.556396
70000189333.716293
70000144290.310654
70000929612.242599
70000543980.076782
70000695343.516968
70000416989.100204
70000975893.453674
70000583181.326080
70000590801.785324
70000633207.452011
70000731657.814209
70000823969.486664
70000335254.195282
70000322480.206528
70000102458.012192
70000831744.775650
70000169309.889420
70000899216.847443
70000787555.158401
70000325912.132614
70000654028.798035
70000677498.409576
70000373660.661911
70000115030.921783
70000127569.685608
70000472900.472260
70000214790.180573
70000974714.655685
70000847153.665131
70000118870.386688
70000548164.436996
70000481302.433838
70000523896.770721
70000977579.141708
70000672902.617081
70000669774.876526
70000137958.473022
70000701263.154053
70000222101.610809
70000083583.975174
70000222209.089600
70000418616.065567
70000586797.474045
70000042352.414948
70000321801.611511
1.000000
70000103246.475052
70000901091.238586
70000829982.144180
1.000000
70000441849.184204
70000026793.025818
70000619125.801056
70000917150.534561
1.000000
70000942461.465408
70000459394.632812
70000999805.847473
70000627499.549789
1.000000
70000537979.756607
70000348637.143539
70000818113.404892
70000359458.751480
70000286200.830246
70000267474.611099
70000859504.438980
70000826459.746216
70000029635.028519
70000157665.189575
70000887546.012253
70000808549.904404
70000279864.377670
70000458268.680756
70000957019.756119
70000516146.400162
70000436825.722305
70000784322.664368
70000957757.601913
70000195494.872375
70000131867.269669
70000619252.809067
70000666559.727875
70000368048.541382
70000530508.824677
70000744130.069504
70000410777.401566
70000421495.263123
70000178061.096390
70000779249.578140
70000464109.698303
70000576435.924438
70000916497.117416
70000562653.726212
70000548662.606201
70000849619.757187
70000314157.446075
70000043284.334488
70000397243.021042
70000710465.629120
70000019651.166992
70000937586.070175
70000574031.127319
70000186617.485535
70000648835.032059
70000563786.679138
70000034270.469193
70000353448.365280
70000879223.649033
70000498719.908707
70000148684.631592
70000127070.716751
70000366966.637192
70000095155.941086
70000825687.966919
70000400419.628082
70000571219.715942
70000466003.330627
70000687454.904251
70000904169.481567
70000759989.565277
70000978160.790970
70000952660.479294
70000438870.688171
70000411919.225800
1.000000
70000668578.243408
70000379957.421082
70000962726.061340
70000646292.666321
70000903589.831192
1.000000
70000971984.109024
70000707493.365051
70000881557.317871
70000112052.690125
70000639753.421356
70000672956.864456
70000848697.597977
1.000000
70000620777.960739
70000156557.581848
70000175815.892593
70000558674.630051
1.000000
70000995288.249176
70000794249.332077
70000832864.295090
70000690604.789398
70000188079.449356
70000825571.978592
70000274818.660110
70000221280.488876
70000246722.311981
70000925503.335312
70000356486.332565
70000642278.507248
70000489006.692932
70000619897.840378
70000600744.517303
70000392762.751907
70000560783.583191
70000978610.394150
70000109376.760910
70000378169.553650
70000317051.066238
70000095958.123062
70000690023.800339
1.000000
70000816288.531326
70000435430.113861
70000749899.781998
70000424717.569138
70000322211.656082
70000867030.946838
70000910006.257904
70000162999.251175
1.000000
70000590183.765900
1.000000
70000336054.937881
1.000000
70000027259.501419
70000604163.230408
70000961259.694031
70000869142.179672
70000615074.270828
70000776172.443802
70000571727.266190
70000439892.866806
70000308066.445816
70000315956.692612
70000870165.288666
1.000000
70000275509.366577
70000826356.905914
70000600806.246506
70000463710.307983
70000897570.696396
70000455306.918945
1.000000
70000460183.418137
70000100462.275253
70000798922.203827
70000208863.691803
70000451460.562149
70000770376.880875
70000796812.585632
70000904489.297699
70000113035.496078
1.000000
70000377572.385696
70000856495.035767
70000876883.988052
70000885631.343521
70000096758.646439
70000284705.293152
70000968660.734756
70000926082.732773
70000099398.968002
70000507922.830566
70000888558.519272
70000477846.561996
70000286388.261963
70000145181.693481
70000831357.277252
70000080291.375229
70000078033.068176
70000668255.742065
70000543489.963165
70000935719.897110
70000498514.345047
70000751620.312988
70000439850.415543
70000045907.079544
70000843781.803665
70000185182.343033
70000310694.298798
70000091050.809616
70000486229.762131
70000665338.171783
70000803178.033417
70000026113.002731
70000792023.948318
0.33
 0 0 0 0 0 0 0 0 0 0 0 0 0
