1 401
70000584326.218826
70000740870.463333
70000285008.513718
70000669898.778763
70000409851.072510
70000679465.125214
70000456477.080750
70000871897.026886
70000144243.108582
70000348004.692413
70000403647.393265
70000689791.010666
70000281076.315598
70000069610.049026
70000662795.590576
70000257185.585022
70000069089.398911
70000015276.357040
70000584289.170395
70000745710.282684
70000907504.291901
70000589609.043808
70000400652.418304
70000986467.410446
70000392668.741562
70000670398.186798
70000715215.071503
70000333847.471436
70000692657.950043
70000926702.610062
70000665488.872910
70000774086.407104
70000078606.454391
70000706823.134918
70000487405.095001
70000872712.007324
70000003296.689606
70000745858.085892
70000268775.621552
70000833694.257278
70000261809.773758
70000644990.795868
70000317097.626114
70000062286.537506
70000248276.451813
70000664164.134033
70000325557.836746
70000374416.218170
70000589133.608200
70000768279.615906
1.000000
70000234782.241501
70000260648.547348
70000117187.386719
1.000000
70000610097.157730
70000091130.608292
1.000000
70000628694.100616
70000752788.793488
70000929664.551910
70000618844.591537
70000101794.975952
70000345857.263947
1.000000
70000685015.657333
1.000000
70000787504.425430
70000635320.308167
70000869634.596344
70000374841.770660
70000424270.974106
70000407466.753052
70000294253.548721
70000759251.023987
70000277890.187241
70000411924.975433
70000264310.664490
70000895369.576263
70000566798.943573
70000896536.274872
70000687947.254547
70000461070.450089
70000942451.830719
70000254347.813736
70000835817.675156
70000157850.344193
70000898288.253967
70000777887.548492
70000098559.352097
70000963173.046127
70000454554.279312
70000536819.483688
70000254047.976288
70000804210.568420
70000549763.301285
70000318866.160416
70000681020.790909
70000227244.906570
70000450305.740646
70000768594.443085
70000632929.089386
70000818110.354324
70000507595.526215
70000975417.641434
70000688279.706207
70000918417.171829
70000199209.283249
1.000000
70000666963.850021
70000376088.265045
70000626065.080627
70000231755.122437
70000231859.407898
70000058481.167786
70000449137.038605
70000454437.638992
1.000000
70000087926.700653
1.000000
70000557423.504761
70000230361.254303
70000938624.785828
70000982904.350204
70000006452.317566
70000453409.688431
70000230716.045502
70000551273.709259
70000245901.718628
70000050081.135162
70000838366.001419
70000683601.140701
70000974725.891724
70000432493.546280
70000924124.739853
1.000000
1.000000
70000368531.996750
70000770817.045471
70000122858.346741
70000664655.861496
70000935217.298264
70000069710.557816
70000582542.230316
70000910308.424957
70000491982.595215
70000026683.653809
70000208004.074234
70000877172.980042
70000624898.328873
70000728812.151642
70000869873.596939
70000276991.164902
70000863080.907211
70000109354.927094
70000676519.839447
70000511695.214859
70000285955.854797
70000796488.492249
70000237740.658722
70000004357.074997
70000483690.759613
70000263950.109711
70000375647.283722
70000470082.161575
70000312068.991150
70000252022.876160
70000665351.403244
70000756230.410172
70000621504.730072
70000995093.531418
70000813281.728943
70000505145.960449
70000174032.328796
70000617452.350677
70000775796.587234
70000957730.367737
70000255067.784515
70000710395.626770
70000227932.496628
70000525936.151047
70000740404.278885
70000890220.017944
70000091113.072495
70000480467.874100
70000895353.308273
70000769398.180176
70000646453.939407
70000040876.742142
70000668909.218658
70000702362.406906
70000403178.312668
70000385357.004791
70000647568.800995
70000395983.866486
70000748279.605347
70000883479.199509
70000284851.675171
70000014251.788879
70000746368.859833
70000799411.257324
70000139726.919037
70000299135.946350
70000118708.968948
70000310397.452774
70000348694.160522
70000831714.274658
70000094007.720245
1.000000
1.000000
70000200406.740295
70000888376.275299
70000946911.578842
70000219561.973282
70000586237.558853
70000492800.337738
70000183671.057068
70000020716.275314
70000309123.697144
70000716863.767670
1.000000
70000932687.301483
70000154529.833374
70000205441.283295
1.000000
70000863339.490036
70000802539.107880
70000086540.797836
70000077875.720978
70000900157.386841
70000588678.880981
70000302067.350983
70000454491.983246
1.000000
70000843490.989105
70000956946.573669
70000010137.185257
70000104838.114868
70000682386.201202
1.000000
70000262857.570358
70000327769.900955
70000570752.053818
70000514157.919510
70000223167.694809
70000503556.569901
70000295642.823288
70000994863.678757
70000596697.876968
70000154283.246643
70000274853.271149
70000236484.851944
70000248819.377441
70000815171.767319
70000740745.487579
70000157340.346375
70000530888.752945
70000969159.820282
70000369371.995346
70000197970.336853
70000077805.250900
70000099807.492630
70000899768.351120
70000292710.624588
70000772156.610809
70000799712.172073
70000740132.396332
70000402101.577118
70000233446.953140
70000224333.260529
70000339338.480850
70000897772.151733
70000757670.208328
70000269623.043915
70000707913.242538
70000780879.315826
70000600712.449738
70000928647.255981
70000044303.004959
70000192320.661789
1.000000
70000844403.629395
70000893754.478317
70000546423.759460
70000696337.782211
70000770135.742157
70000482369.154785
70000675685.044052
70000067321.712479
70000593099.248276
70000166228.959000
70000713461.865433
70000767440.149216
70000888854.048401
70000207313.422867
70000257237.832886
70000188754.614929
70000033047.592331
70000923792.802063
70000653647.967041
70000771681.025986
70000766035.166855
70000758105.337479
70000743677.403580
70000691553.400162
70000269699.270782
70000494829.122742
70000842656.865646
70000687829.883560
70000002956.893631
70000650037.079330
70000122284.575073
70000905731.238037
70000605113.875031
70000323399.143372
70000209865.551895
70000181948.220215
70000283330.819717
70000984042.073807
70000273979.704544
70000614932.948257
70000333330.689514
70000066516.460785
70000011696.813705
70000997436.637451
1.000000
70000302912.497070
70000939178.382843
70000486550.553986
70000852846.396454
70000735337.491547
70000085334.800964
70000374511.546646
70000751723.666321
70000933839.742645
70000434661.417328
70000753097.822021
70000179044.735367
70000567554.820816
1.000000
70000648934.542328
1.000000
70000825160.318268
70000131205.913986
70000623242.221481
70000179490.152069
70000380980.084885
70000826014.331940
70000018694.270233
70000718120.572388
70000721884.619110
70000709193.878403
70000964546.250336
1.000000
70000109018.917648
70000507013.166428
70000719867.248840
70000087161.140747
70000871299.531631
70000354870.064514
70000478223.155838
70000906889.543640
70000942628.874512
70000384149.599747
70000366737.843063
70000224262.685867
70000845169.392639
1.000000
70000308542.787827
70000181568.073837
70000862582.323853
70000789278.178696
70000877375.023224
70000116085.640671
70000542298.086243
70000173861.356064
70000819863.852112
70000630877.079987
70000946516.191971
70000012507.471069
70000416743.845184
70000846952.876801
1.000000
70000759056.557404
70000109842.551315
1.000000
70000799301.132507
70000130255.133194
70000033101.344131
70000607530.772293
70000997551.099213
70000231053.794998
70000193756.157623
70000520053.708069
70000727484.774094
70000014586.341110
70000610461.223190
70000980990.307251
70000712428.776871
70000926858.790512
0.33
 0 0 0 0 0 0 0 0 0 0 0 0 0
