1 401
70000991168.536804
70000708966.250107
70000022744.370392
70000213135.613419
70000498789.934677
70000447696.928711
70000560386.972397
70000709191.945190
70000020389.368683
70000249704.138641
70000980764.899857
70000207616.987869
1.000000
70000410297.859756
70000767022.748184
70000686207.616501
70000724093.632172
70000740631.587769
70000437224.757751
70000419515.622498
1.000000
70000172760.266434
1.000000
70000367652.941238
70000135788.352798
70000684261.415695
1.000000
70000188192.558960
70000006872.706390
70000914819.287216
70000091347.786514
70000377254.311172
70000404402.086136
70000722639.161697
70000069423.714966
70000314675.786514
70000993825.351837
70000532646.851425
70000267229.775330
70000270929.357529
70000959089.732193
70000500434.212799
70000670668.034973
70000408295.381760
70000967154.199066
70000868073.023956
1.000000
70000640038.258453
70000582170.601501
70000819131.524857
70000054144.000671
70000743745.356567
70000165035.607346
70000188000.304169
70000616732.381760
70000141326.589523
70000259813.862518
70000218457.612671
70000942459.857910
70000398187.680573
70000047426.027481
1.000000
70000665700.062805
70000526287.467514
70000796057.760406
70000033778.211288
70000870497.097366
70000317322.434814
70000518122.352783
70000241755.056427
70000428298.544632
70000354498.451889
70000953718.556564
70000873227.106384
70000014644.854996
70000183873.935532
70000894276.346588
70000649441.661240
1.000000
70000331471.197205
70000434181.116470
70000964739.004669
70000158272.904129
70000821674.815704
70000897236.257385
1.000000
70000332692.190018
70000552870.891983
70000107207.281372
70000118230.703415
70000689278.092438
70000907309.799973
70000299046.765671
70000372192.006332
70000383881.494629
70000369184.492752
70000337460.183716
70000816959.391144
70000465472.913666
70000433575.164581
1.000000
70000845734.758514
70000724366.109650
70000738751.735535
70000736003.953278
70000881414.800690
70000690841.494354
70000211549.478546
70000070488.341949
70000352306.590942
70000046375.496552
1.000000
70000293233.423523
70000209572.975662
70000023326.789444
70000281542.911728
70000712241.677902
70000735554.128906
70000898637.678406
70000128707.457657
70000449370.732803
70000987786.684601
70000396827.487457
1.000000
70000511903.244278
70000765710.387955
70000329857.479294
70000959572.431473
70000483877.509674
70000896734.338470
70000079902.805771
70000235455.638718
1.000000
70000183285.356354
70000105488.399353
70000549142.069260
70000868137.675812
70000440404.239792
70000533722.523529
70000920948.571930
70000869347.118774
70000002933.748947
70000021835.798340
70000340827.556213
70000243154.414398
70000887232.510269
70000519469.108582
70000133726.992203
70000190459.961761
70000419543.129425
70000375016.354721
70000900072.832886
70000010969.958298
70000004381.523911
70000183837.954987
70000944926.782211
70000792221.335129
70000613996.769470
70000783565.981369
70000164198.212326
70000944309.865677
70000754155.624557
70000738989.900757
70000969255.829849
70000260458.842773
70000343665.286118
70000914188.763794
70000678993.054840
70000226903.488693
70000039928.134460
70000679794.685562
70000168316.013489
70000886465.237900
70000589863.527893
70000749118.987640
70000830584.921707
70000622019.593323
70000570099.414566
70000027681.091034
70000249348.775009
70000407994.045975
70000032447.130814
70000181912.593918
70000793312.889389
70000748295.764389
70000414355.343048
70000797492.245422
70000090832.784912
70000809264.239243
70000665630.787979
70000072415.659653
70000213216.145111
70000143740.616333
70000115700.620407
70000015775.358490
70000218747.772263
70000312949.231537
70000837504.302460
70000369824.425262
70000209916.663773
70000588941.667084
70000709029.071213
70000526958.783844
70000159501.471069
70000947937.220657
70000293076.072327
70000349604.509460
70000752591.252060
70000672867.540482
70000603567.393738
70000415296.400314
70000363067.697906
70000728947.082321
70000890070.334183
70000823946.131271
70000871137.989105
70000443714.567154
70000203284.353195
70000866561.806534
70000956657.419281
70000021056.137634
70000318953.075317
70000919086.875320
70000011422.487427
70000789994.166504
70000128189.992935
70000835885.395294
70000479499.418671
1.000000
70000291421.967514
70000292404.925110
70000465195.927002
1.000000
70000156113.206650
70000466289.898178
70000347480.560715
70000917401.599640
70000255513.251801
70000360564.878845
70000446773.007324
70000232461.722626
70000043961.260788
70000701256.553253
70000021153.388947
70000755117.805466
1.000000
70000575028.428787
1.000000
70000160957.049042
70000768834.871414
70000016728.712677
70000955543.132004
70000697215.224350
70000490240.633865
70000670120.754379
70000399660.256897
70000044851.232529
70000741179.190857
70000728151.632874
70000697391.927353
70000725428.489548
70000540070.212601
70000915666.396652
70000796331.791824
70000937333.077606
70000878251.556259
70000557200.326935
70000683851.295120
70000776562.921875
70000007641.736938
70000557536.757004
70000495240.334503
70000774810.301559
70000309917.026291
70000250605.242355
70000360312.522827
70000327277.284698
70000603925.253830
70000262173.897568
70000673148.273132
1.000000
70000101649.395721
70000593942.509842
70000211659.098953
70000467333.948120
70000818009.673141
70000421021.477417
70000613106.533981
70000515731.257477
70000947541.934723
70000155772.779358
70000172907.101013
70000477067.547180
70000448830.828583
1.000000
70000336502.562607
70000511399.325592
70000609602.912827
70000071621.243179
70000087734.948914
70000929597.711655
70000770015.746979
1.000000
70000101178.552933
70000833042.580109
70000018063.809647
70000040876.816513
70000815118.076813
70000943463.364960
70000446348.420532
70000206235.969299
70000281514.932632
70000007727.461319
70000750230.006592
70000655694.845139
70000492514.619507
1.000000
70000367880.599396
70000464348.124313
70000513873.442215
70000797947.654633
70000119726.122986
70000781850.635468
70000902580.658630
70000975848.102585
70000549246.360260
70000424988.221283
70000658383.609818
70000262848.184647
70000289387.872070
70000864253.158447
70000008226.730133
70000097774.466049
70000548993.959305
70000136977.770111
70000442447.754990
70000322484.482132
70000538019.555557
70000058527.039169
1.000000
70000241829.795425
70000325452.976089
70000284508.428223
70000096389.925262
70000226218.387650
70000533479.869583
70000244818.482529
70000494235.201965
70000526655.129547
70000656289.193924
70000973328.680542
70000769652.604446
70000077443.975876
70000563245.086548
70000953302.411377
70000378997.297806
70000311995.094833
70000585941.571503
70000161931.551300
70000674020.410049
70000478978.888916
70000824273.947723
70000139425.702469
70000938862.718063
70000506760.752258
70000787170.768173
70000983737.805786
70000843992.488449
70000696860.181854
1.000000
70000095878.818497
1.000000
70000844126.113693
70000967032.428680
70000190415.734726
70000197703.158859
70000151672.724380
70000667983.487595
70000652933.226151
70000454841.635986
70000910756.337616
70000120848.336288
70000530095.736145
70000334283.318268
70000475257.218307
70000779167.411530
70000178177.566238
70000974104.772812
70000867274.560562
70000655244.601395
70000146425.136093
70000200226.742065
70000068011.588425
70000978911.397034
70000124331.525818
70000613286.609344
70000341307.949707
70000990222.660385
70000041914.430252
70000729015.475266
0.33
 0 0 0 0 0 0 0 0 0 0 0 0 0
