1 401
70000089191.845398
70000965991.271896
70000301867.335449
70000995221.233841
70000907557.419052
70000941029.433105
70000855487.801193
70000849631.140442
70000665629.251068
70000434126.228287
70000488867.632126
70000138831.701324
70000045516.945282
70000212849.486160
70000926763.543640
70000123906.750519
70000365034.818420
70000478882.106766
70000288135.319138
70000284710.207642
70000679754.450027
70000496100.347931
70000865295.651520
70000200111.354752
70000772673.401840
70000158846.553528
70000096116.269135
70000467458.827499
70000408204.979828
70000304532.271683
70000652456.887726
70000240077.655914
70000534409.960938
1.000000
70000923324.422913
70000814855.357346
70000619304.915085
70000979314.201172
70000549360.132324
70000545103.349258
70000585659.312897
70000525559.258438
70000359607.849670
1.000000
70000602344.488495
70000340131.064178
70000006958.947723
70000133270.758438
70000547824.950897
70000574344.460449
70000823882.506058
1.000000
1.000000
70000253372.940979
70000425015.424332
70000496140.918701
70000713308.093353
70000546841.243759
70000227180.612656
70000292680.912109
70000726402.997513
70000039591.951706
70000101687.362885
70000443007.637268
70000653882.579620
70000129926.092453
70000409233.144836
70000796127.019318
70000504886.193100
70000949985.542297
70000457661.606964
70000668430.474762
70000964172.667114
70000776809.628067
70000549045.509888
70000235863.251282
70000180914.118988
70000366865.824753
70000878861.376816
70000967558.885742
70000754253.147339
70000581892.780090
1.000000
70000508237.974060
70000427950.617722
70000480499.379791
70000716400.349594
70000372299.664215
70000038373.161850
70000331600.053055
70000458390.169861
70000547890.592148
70000805388.785278
70000369696.505798
70000826134.134155
70000096083.148651
70000576144.702408
70000609508.122696
70000464591.091248
70000575738.664307
70000745402.913712
70000043723.353928
1.000000
70000553224.364807
70000892862.404663
70000700272.906433
70000809675.031723
70000773933.447662
70000759921.607285
70000293603.426987
70000506881.755630
70000098697.397125
70000750419.504822
70000072847.090240
70000709565.019806
70000191621.939148
70000482974.087173
70000167155.814026
70000775639.734802
70000518996.954712
1.000000
70000501539.267517
70000481412.182571
70000536989.022797
70000279594.953476
70000730676.291183
70000582618.208466
70000223187.587570
70000841503.105331
70000700051.306229
70000728542.280899
70000531908.547699
70000643540.177979
70000166224.317581
1.000000
70000928873.837524
70000403554.073776
70000056039.326385
70000944808.530136
70000122302.366608
70000216542.427795
70000954864.818909
70000013689.278641
70000224296.035217
70000306998.567749
70000421588.308151
70000614810.729980
70000944407.224854
70000473708.181442
70000116866.074020
70000815906.132843
70000085585.608688
70000327754.366486
70000208397.042175
70000081137.384537
70000759432.913925
70000372193.849915
70000240861.810928
70000723767.989990
70000903063.496109
70000359362.673386
70000581853.200150
70000607135.547104
70000525345.434387
70000870977.184982
70000634874.643173
1.000000
70000567390.243240
70000592989.718582
70000816522.499481
70000956203.321594
70000849421.254211
70000813448.243820
70000473059.177795
70000080210.377045
70000031966.620926
70000956396.795792
70000776628.825760
70000244346.076965
70000575079.554276
70000106583.755951
70000729979.337723
70000517965.165009
70000752415.369202
70000350730.372528
70000211528.619492
70000658277.041504
70000334290.487869
70000943264.636185
70000836172.411697
70000351533.472031
70000417344.101395
70000232309.919815
70000976030.631989
70000063754.084015
70000527542.730698
70000278682.443985
70000461237.260895
70000213948.859283
70000628142.859497
70000936150.005966
70000745618.011337
70000229446.720367
1.000000
70000502028.258545
70000888143.186691
70000914390.564407
70000181662.359116
70000770979.610901
70000291544.156799
70000152136.317017
70000923321.750824
70000467226.462082
70000277326.911133
70000768767.758286
70000412948.880051
70000853789.917038
70000402302.350800
70000964093.871964
70000539949.399429
70000877495.797775
70000991220.903824
70000515684.533554
70000044664.451813
70000512321.880615
70000462775.007034
70000695787.486343
70000134691.458633
70000564602.556351
70000807101.160538
70000644210.835251
1.000000
70000165550.200241
70000080153.319534
70000621083.919113
70000176554.727844
70000727908.985092
70000679634.754333
70000740004.234924
70000207131.704651
70000233501.464554
70000197673.087860
70000343336.482269
70000299789.413956
70000255902.154709
70000723684.752563
70000669863.067047
70000992556.182541
70000155795.794449
70000684405.184021
70000244552.996338
70000687209.602631
70000290156.562576
70000105856.215759
70000740295.929199
70000748867.870438
70000807372.321945
70000620924.525253
70000025988.099274
70000601631.254715
70000152061.161194
70000962892.034714
70000905541.012497
70000490912.797287
70000122384.375183
70000656324.801056
70000685453.411667
70000267083.342560
70000569011.585724
70000777321.940720
70000899710.446411
70000106853.818893
70000213860.687943
1.000000
70000326930.433136
70000692177.830612
70000814195.815521
70000018802.835480
70000679003.542770
70000012277.407623
70000794405.533630
70000692656.528732
70000419690.866791
70000440484.094711
70000246312.744720
70000215313.687363
70000090502.387299
1.000000
70000759054.534256
70000948886.556381
70000956142.925613
70000407666.398300
70000906454.707733
70000477551.099060
70000028629.043640
70000679406.483673
70000573156.583664
70000617765.124268
70000316872.941483
70000045911.531189
70000629195.051620
70000181973.543381
70000213575.904556
70000135077.372849
70000470383.513153
70000273840.621857
70000390721.743637
70000470891.571640
70000967392.046005
70000425577.977478
70000568062.417999
70000332098.762177
70000060251.625702
70000726008.355072
70000688673.527618
70000432931.583450
70000666803.391510
70000771575.370728
70000737560.186295
70000319091.530914
70000293090.810577
70000465728.817200
70000100997.710312
70000322905.462875
70000805564.558304
70000640913.472946
1.000000
1.000000
70000256377.056854
70000050789.632935
70000675192.373383
70000711770.594849
70000187655.057800
70000950683.855820
70000264997.434189
70000439125.857147
70000282129.282471
1.000000
70000970633.567383
70000207322.900040
1.000000
70000519592.912262
70000804361.218246
70000671968.633896
70000901542.452347
70000020783.873962
70000736648.802307
70000358378.490005
1.000000
70000030815.298065
70000826970.537827
70000267822.090195
70000850947.401138
70000634389.434326
70000551578.779297
70000557656.129929
70000763219.825943
70000503010.279373
70000631599.198730
70000676182.289383
70000322960.963043
70000119365.126068
70000912757.454208
1.000000
70000702773.545349
1.000000
1.000000
70000538288.470016
70000645568.990036
70000180693.752838
70000504934.697754
70000229169.422455
70000691522.267975
70000752335.789902
70000983807.270752
70000077692.030624
70000106960.414688
1.000000
70000591508.247375
70000885251.832184
1.000000
70000852385.570114
70000417219.787048
70000665727.288055
70000755471.241394
70000121865.667160
70000941643.419296
70000336869.736649
70000075913.385300
70000600748.305038
70000228034.780411
70000857694.853149
70000493505.945801
70000117581.314697
70000156609.920944
70000031789.949158
70000079723.152588
70000285276.965652
70000716995.764252
70000595675.651108
0.33
 0 0 0 0 0 0 0 0 0 0 0 0 0
