1 401
70000768114.433762
70000191329.168503
70000731353.661087
70000343298.457016
70000791081.377136
70000657861.757370
70000482781.138763
70000250583.626770
70000482859.588776
70000036347.610352
70000828009.084244
70000230013.174622
70000417142.491165
70000720268.503296
70000325357.802002
70000783488.207870
70000388782.374985
70000371578.184784
70000606627.062485
70000113598.627594
70000591166.502121
70000670042.282837
70000219366.574173
70000378337.610840
70000042124.499939
1.000000
70000742268.032150
1.000000
70000855328.719330
70000432837.766891
70000600485.368423
70000995128.517960
70000532724.695129
70000721779.028275
70000860033.792648
70000882977.495483
70000050598.503799
70000192574.574478
70000168628.637344
70000223057.730789
70000566765.440750
70000792877.932892
70000344102.923111
1.000000
70000748195.548370
70000429445.084381
70000383750.761353
70000940058.202408
70000623376.431549
70000463676.467957
70000654122.495926
70000571412.475616
70000564576.598480
70000161560.592865
70000265486.347549
70000128926.892960
70000620084.157898
70000984738.807495
70000058859.196716
1.000000
70000046881.109055
70000422577.017502
70000766002.664612
70000547710.340637
70000329490.294952
70000350895.099915
70000694963.433060
70000015438.795395
70000808097.471252
70000421131.097336
70000063272.531067
70000146473.043945
70000563865.781265
70000977897.037323
70000778453.107285
70000742833.469681
70000104164.231033
70000850876.203171
70000535023.444534
70000543854.148468
70000092721.523972
70000489283.719116
70000448319.196777
70000445311.335571
70000405087.080826
70000543733.624146
70000271244.003235
70000416745.588440
70000927923.604980
70000039301.545837
70000211837.770645
70000083589.306168
70000556779.435440
70000170177.890564
70000835678.759018
70000223788.545471
70000712234.151855
70000372743.424011
70000575839.604874
70000962149.243530
70000815555.011841
70000109876.946991
70000688312.635162
70000885728.605713
70000718029.003250
70000332718.384766
70000362366.534256
70000545003.449707
70000093837.836639
70000775726.589096
70000019900.072144
70000296657.756760
70000723436.076385
1.000000
70000589766.297226
70000917544.934799
70000965439.232422
70000086417.478195
70000259148.341599
70000747418.806610
70000413023.238922
70000176819.058426
70000290038.509460
70000099553.148361
70000833429.959839
70000672898.247452
70000794295.972702
1.000000
70000718547.485275
70000359219.112915
70000520448.448807
70000520283.923492
70000056704.298004
70000415083.939407
70000948625.714478
70000983104.170425
70000958529.327454
70000207200.618454
70000506758.249588
70000517890.342178
70000100747.811661
70000004185.185074
70000767110.585464
70000597223.548813
70000412448.531113
70000567051.229721
70000689507.544266
70000125607.765549
70000343869.182632
70000845880.842285
70000227133.454529
70000546261.179321
70000374842.896027
70000728085.009232
70000198884.838379
70000722897.991623
70000742598.125412
70000243749.785858
70000848905.810989
1.000000
70000009756.487427
70000940169.563416
1.000000
70000102723.611267
70000644249.886414
70000496038.350647
70000116287.163498
70000459285.026840
70000545226.234528
70000451627.344131
70000149779.781616
70000859838.335602
1.000000
70000619826.845718
70000110813.715256
70000991437.790146
70000573255.785751
70000833569.038651
70000967976.206299
70000189779.426727
70000956809.403473
1.000000
70000294039.067505
70000556472.417953
70000962833.815308
70000188524.009293
70000621075.418930
70000905006.296158
1.000000
70000689251.802948
70000009950.085068
70000663582.975662
70000183317.455261
70000491920.715302
70000655689.473145
70000593635.925842
70000632239.789459
70000671718.449783
70000222713.434067
70000698072.387390
1.000000
70000178779.011658
70000368098.137711
70000362338.445923
70000334877.842102
70000084452.843948
70000033783.818375
70000053350.229141
70000978089.496582
70000202642.186798
70000613418.131683
1.000000
70000126715.130798
70000989135.151337
70000878859.181610
70000620023.074966
70000047314.682205
70000508199.772858
70000843769.410995
70000325275.833282
70000918015.383774
70000399322.234055
70000276819.811722
70000478902.069992
70000983426.222656
70000384491.735504
70000315139.005280
70000257148.801102
70000221322.581207
1.000000
70000795779.212952
70000756642.869415
70000505311.764999
70000217312.516815
70000837389.469833
70000986377.357025
70000732435.439789
70000017438.778839
70000495371.867996
70000091735.701675
70000849977.692368
70000928657.974426
70000754728.640610
70000376362.013474
70000865296.573090
70000848334.109985
70000507866.826813
70000901080.039291
70000181181.060852
70000915059.965210
70000860756.002960
70000804348.997131
70000402487.126114
70000556828.073425
70000465218.822052
70000394889.611115
70000984551.756546
70000250838.428055
70000110440.441147
70000132059.552689
70000943873.998215
70000792683.929489
70000516684.524673
70000557879.415588
70000995299.739777
70000701027.459686
70000407050.867722
70000357665.047913
70000980221.319351
70000964389.658478
70000305999.166107
1.000000
70000359073.019241
70000907834.270279
70000785575.663773
70000064196.002380
70000172956.196472
70000036371.527802
70000432818.364410
70000175426.111771
70000871559.271408
70000843201.683594
70000777540.412292
70000691066.025955
70000094817.547821
70000668454.102005
70000088063.318787
70000577204.474854
70000284108.378174
70000151045.442703
70000496721.999619
1.000000
70000589062.508545
70000784236.046417
70000281466.102356
70000554705.045410
1.000000
70000059985.278442
70000688730.046509
70000353388.044281
70000866894.212357
70000719760.009048
70000693740.281204
70000004853.655518
1.000000
70000261227.914642
70000335192.444839
70000668076.477829
70000690492.087296
70000970930.995880
70000127096.077087
70000054342.586624
1.000000
70000276192.350037
70000695940.975281
70000977571.443253
70000718232.106537
70000657605.280228
70000550410.397110
70000127861.340240
70000019561.850418
70000709689.148544
70000164810.284683
70000858670.789413
70000714535.571075
70000597149.137634
70000723592.206940
70000611947.588531
70000781618.437378
70000757287.487671
70000991375.495728
70000604527.070923
70000447045.653824
70000185878.780853
70000687359.528198
70000387851.211807
70000317685.231598
70000571224.422623
70000117305.301651
70000139316.992493
70000785051.067200
70000237001.543640
70000250363.147156
70000363957.680313
70000130004.550751
70000259590.420090
70000974300.862885
70000285013.825729
70000151787.020996
70000099969.088089
70000101757.383377
70000625596.257294
70000006781.134399
70000513138.371353
70000261381.207108
70000522577.916626
70000553539.406082
70000538343.722443
70000255356.411865
70000786477.317047
70000582857.136780
70000312863.354874
70000561275.947617
70000780873.538300
70000553996.109421
70000532348.340927
70000766001.481155
1.000000
70000587263.104095
70000642034.977371
70000797687.252289
70000371008.872360
70000756361.282974
70000173930.872711
70000241493.703888
70000240437.863174
70000970205.995789
70000942670.412460
70000288652.722992
1.000000
70000698375.698227
70000345721.488037
70000568446.533432
70000277894.820282
70000739404.204269
70000711482.941422
70000952234.181946
70000829242.053726
70000035514.828323
70000705183.372833
70000723652.761719
70000874242.158386
70000458010.120575
70000676734.554672
70000935408.559494
70000313475.260971
70000212830.644913
70000188404.884720
70000377449.110367
70000406060.202087
0.33
 0 0 0 0 0 0 0 0 0 0 0 0 0
