1 401
70000947652.501892
70000416853.889847
70000821724.761169
70000780078.510300
70000688266.128387
70000562874.178329
70000758649.812836
70000816717.239716
1.000000
70000775563.215042
1.000000
70000277715.157562
70000112489.116287
70000064641.068848
70000890796.182510
70000284546.177170
70000421437.227036
1.000000
70000577765.128021
70000076467.587921
70000671405.766525
70000005514.273636
70000762194.855423
70000654666.526917
70000633057.108154
1.000000
70000562281.346848
70000077406.675598
1.000000
70000461865.191452
70000382116.766129
70000878066.763123
70000952224.516785
70000092858.648315
70000387810.872543
70000145294.856537
70000554864.511459
70000156533.159668
70000273743.445129
70000881418.758301
70000064478.653290
70000842548.516647
70000732209.747391
70000324599.523346
70000235030.971375
70000948685.090149
70000500470.693466
70000366164.992538
70000274653.187973
70000282227.292557
70000859094.946701
70000149837.657822
70000200994.760544
70000798550.007782
70000960011.441666
70000039014.678619
1.000000
1.000000
70000155089.449158
70000362209.022064
70000654715.028625
70000945784.339630
70000746687.531784
70000366689.233963
70000708692.032639
70000675534.993408
70000689850.104614
70000092852.520981
70000451196.736816
70000719208.615036
70000507911.078171
70000311879.292618
70000026805.001450
70000612188.791534
70000217564.564697
70000852995.424515
70000193512.022064
70000806941.861145
1.000000
70000465075.004333
70000190685.338379
70000888136.502609
70000382339.150421
70000380387.292938
70000399430.832947
70000962184.173920
70000980650.103180
70000703172.665771
70000018378.808868
70000437000.541245
70000751084.097290
70000024696.717621
70000149598.254456
70000764145.569672
70000655285.433792
70000141072.503662
70000888255.552750
70000963582.795395
70000305276.119217
70000394948.249268
1.000000
70000498002.265381
70000121336.782837
70000190206.391922
70000571627.839691
70000618826.275650
70000095024.515305
70000767616.104660
70000246348.024460
70000962731.145737
70000974865.723999
70000397311.945480
70000060328.244247
70000183481.371307
1.000000
70000662693.074707
70000557128.930435
70000154566.436722
70000358546.705566
70000509278.068008
70000301652.555145
1.000000
70000427226.201370
70000614104.457443
70000534265.566589
70000110367.460678
70000427595.908630
70000580782.232056
70000628281.492462
70000200689.718155
70000714414.567993
70000594311.793747
70000453721.170471
70000494884.601837
70000018014.275620
70000184485.906158
1.000000
70000798983.912003
70000045898.600235
70000593942.970978
70000421069.059738
70000289822.379272
70000565938.249359
1.000000
70000990032.398697
70000224677.396103
70000392703.353928
70000142723.321014
70000838986.449188
70000941737.598312
70000472173.674362
70000495424.055191
70000987961.124222
70000268150.389359
70000574333.231140
70000217525.260681
70000013533.558624
70000563326.760635
70000767511.652435
1.000000
1.000000
70000328501.793747
70000245883.839920
70000909346.872162
70000246795.596725
70000639678.012527
70000562630.441101
70000148175.605133
70000708779.580536
70000397268.780487
1.000000
70000423687.120193
70000754041.647293
70000918622.875214
70000047082.681274
70000026663.697662
70000683209.144684
70000195253.886581
70000069138.553162
70000974379.439438
70000687337.274673
70000934760.730301
70000638708.121674
70000194752.350113
70000603257.660233
70000408828.253464
70000555583.810226
70000429432.127228
70000489147.497604
70000673757.115555
70000329816.020279
70000206534.700775
70000531284.588196
70000719458.725586
70000841853.478577
70000717264.627075
70000142587.693314
70000483474.938583
70000116169.328003
70000783228.735855
70000414642.826614
70000411883.085754
70000783173.967728
70000226921.329086
70000224691.251968
70000208531.380341
70000172156.704559
70000793940.352890
70000707969.096207
70000534442.283081
70000197807.341507
70000517657.895096
70000177962.934021
70000757220.023209
70000242784.186462
70000850798.971298
70000354369.779907
70000103802.834396
70000401112.188080
70000669373.299377
70000370041.013580
70000707525.413757
70000948347.385818
70000997562.749435
70000253922.189301
70000666294.877441
70000186361.333984
70000515084.538483
70000393185.110519
70000445514.484131
70000569085.981689
70000300300.609329
70000086182.451614
70000662035.046814
70000082224.963272
70000308868.043015
70000808863.864334
70000495287.491821
70000787232.577606
70000035368.559296
70000181295.987701
70000657415.897842
70000632320.508850
70000535456.220596
70000668843.753540
70000520814.346634
70000946701.013931
70000703286.751801
70000657232.219772
70000916262.192795
1.000000
70000403628.894867
70000680067.111237
70000150438.934341
70000291802.968552
70000692344.572311
70000341744.909714
70000915156.405365
70000102570.834290
70000611774.643402
70000751456.859253
70000727483.624619
70000843733.257080
70000664995.185806
1.000000
70000062982.741867
70000908020.750015
70000945169.572693
70000638162.546570
70000391090.727570
70000047192.382278
70000665009.156021
70000734432.229630
70000045300.663635
70000532352.966660
70000756586.423615
1.000000
70000744950.909149
70000731896.293289
70000106009.239166
1.000000
70000054247.356796
70000201549.395172
70000286190.463791
70000537090.916519
70000351725.222351
70000975511.246323
70000914087.062897
70000107969.943466
70000290808.943085
70000274973.707291
70000089415.936722
70000528147.792252
70000512600.396332
70000205435.086304
70000682584.081024
1.000000
70000912504.105240
70000188847.366501
70000626650.229172
70000395465.098450
70000612906.730927
70000243717.402069
70000201012.098755
70000042393.980011
70000694246.498230
70000049809.813751
70000814629.104935
70000377021.259933
70000579716.286270
70000151915.776749
70000845585.934830
70000191041.797150
70000636792.437775
70000295150.635864
1.000000
70000522834.658325
70000230888.333740
70000261485.304443
70000934492.719040
70000995351.445312
70000074183.251465
70000049160.900375
70000869722.141327
70000589533.632675
70000844395.907394
70000122531.035110
70000126370.794968
70000147520.051437
1.000000
70000976930.075958
70000676772.800827
70000549202.268448
70000045915.840897
70000271184.424591
70000438005.553757
70000569569.432083
70000177140.613144
1.000000
70000445761.348129
70000739220.616409
70000207456.479553
70000948338.250092
70000063345.491745
70000018911.504211
70000958413.302521
70000764263.696564
70000239998.046890
70000075974.797485
70000139883.421387
70000646420.086716
70000786260.809830
70000104272.354660
70000815225.929703
70000557315.558594
70000647125.727951
70000230763.473251
70000539031.046783
70000834687.709793
70000238225.437592
70000265611.030121
70000621124.581375
70000915865.589539
70000055088.432785
70000355556.867401
70000799927.518875
70000695286.088669
70000639816.457153
70000864401.101334
1.000000
70000032395.031601
70000873253.101089
70000794815.546951
1.000000
70000867760.030823
70000371141.828598
70000808285.915222
70000222715.869553
70000446888.991562
70000047240.926956
1.000000
70000145714.203842
70000370930.863998
70000832845.077362
70000823316.355392
70000793439.626587
1.000000
70000958275.444656
70000711037.768539
70000985338.539886
70000524345.639755
1.000000
70000621515.652420
70000179752.871399
70000241542.850601
70000511761.561462
70000685580.563522
70000147428.733658
70000052434.750961
70000807146.125504
0.33
 0 0 0 0 0 0 0 0 0 0 0 0 0
