1 401
70000622786.729324
70000342996.965607
1.000000
70000539638.639023
70000561372.259293
70000724213.255157
70000315785.015808
70000794785.554962
70000369269.030182
70000700061.827301
70000815097.376190
70000632094.779816
1.000000
70000288235.415359
70000688263.944351
70000735404.423706
70000376825.355957
70000117470.568375
70000344204.662262
70000556798.842865
70000448467.187088
1.000000
70000322292.817200
70000501607.499390
70000687795.026398
70000993435.717087
70000490445.217102
70000387419.241074
70000730470.326324
70000569360.629120
70000355637.799301
70000346213.765015
70000254600.413345
1.000000
70000013213.082733
70000755102.946243
70000296515.388733
70000948930.933731
70000068854.881683
70000156829.700348
1.000000
70000759900.055557
70000259158.482101
70000074483.244812
70000673674.413498
70000354994.969223
70000812031.483826
70000011953.794357
70000702068.890808
70000159747.225922
70000973733.193115
70000446169.421173
70000699481.873962
70000868683.251816
70000772890.900574
1.000000
70000003870.690521
70000350805.803375
70000996680.978592
70000000438.522766
70000484136.902359
70000432318.261597
70000229596.838409
70000841038.589432
70000811174.585022
70000906421.425125
70000167044.214020
70000103659.272400
70000301658.554810
70000774005.447037
1.000000
1.000000
70000243981.384003
70000682950.634796
70000558353.273529
1.000000
70000152355.600479
70000556888.577621
70000847163.500580
70000081704.307770
70000794007.004135
70000404655.386642
70000234791.258575
70000418409.944565
70000266317.497681
70000514774.529846
70000983214.219513
70000125353.577515
70000732894.971115
70000866069.912720
70000626840.976761
70000963631.146423
70000943179.318481
70000011056.272263
70000486649.864578
70000215760.988678
1.000000
70000523847.075546
70000695742.499619
70000219783.480209
70000125643.857407
70000529586.395401
70000881133.207703
70000684514.684143
1.000000
70000405779.583069
70000522570.436844
70000833614.578110
70000386133.437256
70000590688.873856
70000421793.130264
70000787471.701630
70000194278.375046
70000389132.382385
70000920165.535385
70000968841.798096
70000774329.935501
70000320788.077103
70000768359.571228
70000583230.411758
70000138855.801773
70000272267.874039
70000671516.456924
70000770287.933502
70000164413.386993
70000687093.830383
70000870367.308014
70000199762.133087
70000341482.052063
70000464673.378525
70000941354.790329
70000125289.242279
70000215536.075699
70000188847.539154
70000040296.014771
1.000000
1.000000
70000658462.530960
70000754755.433273
70000528255.094223
1.000000
70000585245.309204
70000035207.172607
1.000000
70000336597.280869
70000860193.453629
70000676156.055969
70000107523.644089
70000547176.192047
70000289309.802460
70000621695.396133
70000267542.098434
70000445561.437134
70000790303.727814
70000909159.831253
70000168268.929932
70000193626.580765
70000379437.324448
70000485640.168381
70000629102.208664
70000343222.812759
70000275612.998001
70000696977.493607
70000821810.251175
70000174341.790421
70000795608.035172
70000689569.238892
70000910970.182266
1.000000
70000350047.227036
70000128258.060501
70000382855.979660
70000329974.683823
70000764093.239990
70000474172.599350
70000327132.077469
70000790060.935379
70000932556.034363
70000922730.419067
70000267771.882080
70000536043.685913
70000669760.772736
70000660589.613297
70000878371.121902
1.000000
70000751453.214462
70000490569.602448
70000450258.671249
70000558095.398743
70000106087.243973
70000096239.575211
70000233319.359085
70000821835.285019
70000346131.416946
70000574354.317673
70000569953.766022
70000242548.604156
70000235099.553574
70000531059.498932
70000314197.546692
70000442102.157104
70000356563.692383
70000417590.795959
70000686729.889679
70000575391.783615
70000449316.585831
70000222927.427444
70000285297.573547
70000211758.524887
70000677498.500412
70000167614.864655
70000244332.917023
70000934758.084885
70000906871.515289
70000250701.173889
70000303250.837860
70000526829.960526
70000502155.632050
70000667380.216644
70000404291.293106
70000496331.623337
70000692732.101913
70000405790.388351
70000890991.609222
70000702766.662552
70000517841.864578
70000338855.903030
70000762348.927139
70000303045.052628
70000710116.475876
1.000000
70000150153.684875
70000242964.802734
70000903335.578995
70000225288.477371
70000300482.105301
70000130597.063248
70000440042.421448
1.000000
70000158708.090729
70000040685.462677
70000608035.280426
70000852511.055161
70000526093.550964
70000484327.746735
70000379965.817673
1.000000
70000637848.329773
70000794010.353760
70000016889.442581
70000638779.041061
70000416033.524780
70000270285.258011
70000285293.382309
70000721847.770447
70000446453.417130
70000067594.832214
70000213645.990433
1.000000
70000064185.916946
70000022203.805710
70000321547.854996
70000704348.201111
70000734734.733002
70000633390.387329
70000005982.299316
70000136345.766235
70000956732.699829
70000452362.815094
1.000000
70000707016.338348
70000004038.808670
70000945898.932922
70000015643.572098
70000867828.349609
70000877597.973602
70000793650.482620
1.000000
1.000000
70000320761.848007
70000116891.521957
70000717001.351547
1.000000
70000863824.601715
70000396370.216614
70000558566.410873
70000228829.789703
70000979258.134476
70000280575.912506
70000020906.324554
70000431662.753967
1.000000
70000232653.241898
70000808776.917740
70000331544.370178
70000117486.459015
70000433535.085846
70000410025.399948
70000413067.229034
70000877305.755936
70000512356.986511
70000591641.985168
70000411121.874847
70000757731.426315
70000624047.215820
70000614454.687775
70000978273.606598
70000636432.977081
70000608702.181305
70000752652.274094
70000808576.094589
70000244999.966736
70000325459.166595
70000192948.310318
70000430847.763458
1.000000
70000960254.433624
70000048843.182114
70000594767.650345
70000160264.799713
70000849136.802444
70000764244.204819
70000729598.033432
70000644531.834259
70000157570.560822
70000102096.418793
70000093748.040756
70000737439.266510
70000339976.151917
70000180555.768539
70000410249.554398
70000747850.164673
70000046728.914276
70000825687.686569
70000016885.840759
70000687388.269730
70000617684.709457
70000106162.496674
70000191227.523590
70000540023.439102
70000613798.928726
70000878946.850266
70000313391.731064
70000769328.278442
70000583540.683334
70000100722.255005
70000526041.460495
70000980529.109894
70000146241.389709
70000326384.534195
70000932648.077560
70000976028.546295
70000531197.978714
70000780979.308380
70000279542.509796
70000886277.534424
70000632013.236176
70000724605.929977
70000035977.643372
70000430173.253555
70000001699.955246
70000546537.886581
70000614173.101486
70000690970.861649
1.000000
70000285365.092133
70000316735.376404
70000962171.996429
70000912966.006927
70000530967.494385
70000841137.354111
70000655449.089417
70000804211.620926
1.000000
70000399581.456177
70000539046.761047
70000749970.272491
70000292715.616226
70000582453.586121
70000720351.447525
70000483613.794998
70000957939.377075
70000198113.240631
70000171760.436035
70000551822.490128
70000642341.053162
70000665363.070175
70000940532.745697
70000886380.966263
70000732251.106369
70000130394.720139
70000592507.047653
70000910485.870346
70000281554.993240
70000361551.171143
70000501232.483566
70000302342.691589
70000394775.135361
70000256045.354004
70000988979.797180
0.33
 0 0 0 0 0 0 0 0 0 0 0 0 0
