1 401
70000114013.688034
70000127431.098206
70000355392.761688
1.000000
70000919739.009109
70000392343.824631
1.000000
70000486650.036301
70000782953.812836
70000526126.561447
70000644377.201706
70000552709.535629
70000761646.665955
70000289717.968399
70000581428.566605
70000360164.574860
70000959244.135910
70000367403.145081
70000637467.142700
70000613761.105835
70000187348.358826
70000570410.757050
1.000000
70000457818.695877
70000501328.764359
70000104611.999283
70000647884.793213
70000933356.482330
70000878334.946106
70000176721.780807
1.000000
70000422211.496246
70000603108.253632
70000524537.368988
70000124131.942413
70000634162.730469
70000232896.499146
70000703636.593933
70000789637.674362
70000236425.376633
70000923852.218323
70000042926.088760
70000589337.996857
70000595545.091476
70000705927.172318
70000900624.820236
70000354078.516357
70000704276.350891
70000727888.636795
70000959537.302612
70000480370.240417
70000748157.140640
70000713270.545166
1.000000
70000714758.762711
70000196541.146942
70000201930.670898
70000972360.362106
70000115875.533340
70000470841.225800
70000040329.845459
70000536405.901215
1.000000
70000157985.738510
70000433534.118286
70000181900.196960
70000463893.972504
70000062184.343338
70000001826.871613
70000022059.080902
70000036071.037567
70000010453.726822
70000031060.055573
70000436363.757614
70000644634.851379
70000605469.102798
70000306635.584625
70000979936.024994
70000001840.933182
70000835301.465775
70000860034.861511
70000307279.461182
70000200108.420319
70000563950.207535
70000508999.020416
70000769823.278214
70000794803.859650
70000790669.936569
70000274319.678131
70000779733.542923
70000558468.061951
70000192711.491241
70000150490.436508
70000223782.072220
70000722809.541611
70000220839.940430
1.000000
70000618636.875153
70000280164.726151
70000373744.733398
1.000000
70000865515.749741
70000484794.928253
70000199181.725388
1.000000
70000573891.691757
70000479790.818008
70000799182.822830
70000499150.743240
70000623935.360840
70000312743.146317
70000154015.005661
70000510634.459061
70000886153.637665
1.000000
70000154189.218185
70000782353.131287
70000283144.303986
70000798367.394714
70000004113.499466
70000527859.987885
70000649998.488037
70000445375.930527
70000617159.704437
70000747860.145950
70000552403.096558
70000799671.611801
70000520479.595718
70000306648.304657
70000794104.593048
70000490754.907333
70000317866.409119
70000298479.055405
70000739001.966736
70000593059.577820
70000937025.366821
70000090628.085648
1.000000
70000976160.882401
70000259643.088089
70000213039.068802
70000480776.752396
1.000000
70000931713.668060
70000295539.457443
70000658316.138245
70000125570.925949
70000910035.852127
70000180522.667496
70000882553.820419
70000917812.781296
70000740320.865677
70000252942.626938
70000607933.294708
70000862461.191010
70000624946.225739
70000134310.447952
1.000000
70000621759.137817
70000130012.602951
70000555972.232285
70000691856.755203
70000910092.154724
1.000000
70000925339.346863
70000126125.749985
70000664886.134842
70000961038.175293
1.000000
1.000000
70000847204.020020
70000275110.596130
70000418057.491150
70000944111.046265
70000054194.108902
1.000000
70000614347.173523
70000583655.071060
70000128954.214249
70000130650.042755
70000133121.842072
70000467475.063751
70000082417.681564
70000866652.361099
70000720359.059555
1.000000
70000912898.108826
70000351575.677063
70000475117.053558
70000436955.291641
70000560463.975388
70000514100.895630
70000308698.622284
70000363769.940979
70000468630.884171
70000961757.208115
70000505135.003815
70000931514.957977
70000201491.300278
70000417657.552368
70000186362.405701
70000468906.061981
70000992910.040817
70000032526.538712
70000700293.086456
70000879509.458969
70000666231.314926
70000461373.602585
70000964609.580795
70000790027.741364
70000345970.820404
70000851927.324265
70000632049.726990
70000612710.089264
70000607862.838562
70000397106.956100
70000195033.364944
70000170045.381378
70000451570.547638
70000784190.470245
70000872916.546722
70000945349.985596
70000264386.895676
70000943490.773254
70000150251.388428
70000469503.267593
70000938735.915924
70000452745.111694
70000560946.163971
70000256279.584213
70000634753.766312
70000214436.474915
70000378332.625732
70000335218.879135
70000150362.543213
70000991155.531601
70000905823.641617
70000311457.879562
70000371425.175110
70000843004.900330
1.000000
70000222134.405106
70000618665.550629
70000029346.757492
70000261211.707123
70000239276.366943
70000395829.838531
70000478906.496445
70000882855.910278
70000363519.729706
70000362776.779404
70000648127.176010
70000836737.075409
70000107921.519028
70000923016.808533
70000704346.743271
70000136894.257553
70000635936.540298
70000245259.771286
70000736378.474792
70000613460.264648
70000545323.995239
70000972036.719299
70000813694.755890
70000187970.828369
70000899583.452301
70000948067.730698
70000849247.377792
70000605000.448502
70000752630.955795
70000566297.361389
70000420742.951721
70000175619.262344
70000470379.140869
70000216579.294540
70000054253.562683
70000591462.522949
70000073384.052353
70000829390.753983
70000329156.517776
70000244045.687866
70000319979.078445
70000880790.205704
70000709247.401230
70000684759.557312
70000892955.567535
70000428220.395813
70000157149.412750
70000715270.071136
70000028138.577789
70000787664.949738
70000720042.430679
70000817004.164108
70000314731.988541
70000655237.992188
70000502184.489716
70000758389.301514
70000451703.148407
70000345603.689835
70000910042.059082
70000772441.267975
70000194955.760239
1.000000
70000052126.700302
70000629606.211441
70000304685.721725
70000707072.936829
70000039690.464050
70000758799.456894
70000340472.518646
70000528599.270081
70000115651.390640
70000171983.385696
70000993419.804550
70000157139.805344
1.000000
70000536084.807648
70000857467.893646
70000881762.479294
70000217860.368851
70000659557.488968
70000277906.647598
70000165757.948486
70000768821.738998
70000971524.676849
70000702805.040298
70000335846.854340
70000304642.541519
70000246649.152023
70000063191.189972
70000378307.433334
70000255987.655762
70000677371.179245
70000198113.093384
70000189787.123199
70000013092.758316
70000904917.859238
1.000000
70000697457.702179
70000514812.346603
1.000000
1.000000
70000875837.022583
70000397435.613708
70000145106.046997
70000103289.381119
70000503691.736252
70000293245.703217
70000371598.663483
70000930483.622971
70000645135.268005
70000420620.689331
70000152815.916183
70000493399.744919
70000685595.143326
70000653180.880753
70000878620.077133
70000983343.277817
70000447663.195053
70000434750.258469
70000991689.676498
70000172260.028900
70000228008.365265
70000691600.945999
70000789950.818680
70000641815.295624
70000927410.994949
70000822297.735611
70000364833.168030
70000797912.797668
70000441325.387222
70000738059.849243
70000993219.667999
70000196999.354919
70000729023.797577
70000240624.523865
70000911542.750229
70000500976.108521
70000425937.992294
70000312529.563370
70000506454.683640
70000065182.889008
70000750682.095795
70000986047.067429
70000793431.561615
70000118083.136429
70000204061.103256
70000191817.248932
1.000000
70000756069.421631
70000762886.209351
70000781417.831467
70000839935.447479
70000433647.759811
70000668086.097076
70000806628.058334
70000473235.034821
70000708388.614502
70000972075.281128
70000082441.701508
0.33
 0 0 0 0 0 0 0 0 0 0 0 0 0
