1 401
70000088244.971573
70000754542.212021
70000456679.223862
70000332375.716995
1.000000
70000951306.924255
70000480388.268097
70000032374.451736
70000436471.809052
70000326431.450668
70000623231.329437
70000048553.501312
70000606685.843964
70000896361.609818
70000694087.914017
70000654850.331253
70000978976.319519
70000624216.903183
70000388420.609863
70000870777.203156
70000563549.476089
70000319533.516235
70000838503.821396
70000416969.904083
70000618885.902939
70000585990.586273
70000852724.168854
70000656153.526474
70000411519.357071
70000009253.858627
70000105848.222412
70000917239.026947
70000281083.473495
70000941146.212723
70000422876.782455
70000913281.471893
70000551276.862762
1.000000
70000781342.110962
70000103445.233582
1.000000
70000480644.616791
70000088207.621490
70000475664.756378
70000262794.587448
70000355208.943375
70000994655.712875
70000731846.579300
70000595292.913376
70000280409.975403
70000100744.349640
70000530048.946625
70000164116.294388
70000201780.622940
70000955335.913696
70000676084.800644
70000894305.669373
70000516015.594864
70000441421.689011
70000213019.212570
70000841280.162903
70000912444.892761
70000910702.418335
70000803466.262177
70000699660.672012
70000966920.482147
70000943783.951096
70000609490.900818
70000024329.076920
70000683757.847351
70000763362.531250
70000366601.850723
70000798100.250305
70000293154.867065
70000416357.735214
70000490408.949142
70000020105.092010
70000038610.960510
70000246398.214279
70000137078.116455
70000836206.937683
70000313055.487823
70000905811.381348
70000194726.401825
70000406918.170761
70000866752.880203
70000632348.966934
70000847324.415543
70000100479.922318
70000990281.931198
70000593631.504196
1.000000
70000083131.222488
70000425177.134735
70000122301.781372
70000133830.509537
70000362647.752411
70000966328.475555
70000851607.541168
70000879906.043243
70000632528.253647
1.000000
70000864108.740280
1.000000
70000607157.405640
70000796981.963608
70000780452.364685
70000672448.261230
70000300181.965744
70000110739.219818
1.000000
1.000000
70000885412.832901
70000859141.149475
70000145570.607315
70000945312.346207
70000576776.359558
70000357959.581512
70000003441.665771
70000636220.715393
70000179270.741058
70000741813.135574
70000368671.612518
70000687051.314728
70000410930.945816
1.000000
70000720613.362579
70000379271.671478
70000825431.607101
70000526598.123154
70000732080.895645
70000369829.049057
70000005711.003510
70000661172.077988
70000938098.199722
70000170003.741333
70000106431.704193
70000593399.722717
70000957936.568970
70000724012.950455
70000411953.800842
70000352702.365540
70000670133.203583
70000998069.736664
70000701583.475769
70000574457.400940
70000849895.741913
70000819432.470963
70000387616.075546
1.000000
70000943625.340775
70000658850.877502
70000660905.922546
70000871431.463867
70000670421.894928
70000007679.206085
70000084662.666229
70000009680.849548
70000224685.207138
70000864084.281189
70000177687.075653
70000049152.922058
70000081411.468521
70000691419.755005
70000278539.630524
70000057175.605438
70000051416.110382
70000629616.319489
70000807830.581757
70000033013.413620
70000463486.035706
70000323113.327072
70000962341.159439
70000879100.000687
70000199553.389771
1.000000
70000114911.965942
70000339606.214828
70000688833.116882
70000598425.507645
70000365764.486130
70000781712.636398
70000131765.932281
70000730871.302277
70000064225.029221
70000756428.595154
70000063587.793015
70000766765.810791
70000656806.460587
70000566337.566986
70000130329.864029
70000339872.482330
70000128881.760056
70000449955.207565
70000190164.545670
70000064786.407211
70000412897.761658
70000846557.261124
70000547357.092911
70000529978.673676
70000168071.274689
70000598715.692307
70000466535.902145
70000752697.759720
1.000000
1.000000
70000057186.202011
70000840724.393631
70000142368.987030
1.000000
70000511013.797775
70000083468.412079
70000686459.441742
70000516220.364166
70000093619.205658
70000661235.828094
70000442385.148071
70000436827.337280
1.000000
70000687120.596863
70000966838.645355
70000145954.986969
70000447936.417908
70000058961.133621
70000679193.953445
70000286807.351746
70000651358.547073
70000899837.985962
70000278710.739319
70000314502.582275
70000993147.296371
1.000000
70000641359.755020
70000204753.534241
70000363886.945465
70000312580.290100
70000557214.435181
70000725937.049545
70000764372.208832
70000385861.936401
70000453626.808899
70000834166.083359
70000877005.758286
70000431472.863312
70000678193.429321
1.000000
70000680035.739182
70000736231.923981
70000373059.108353
70000630082.863647
70000355532.121750
70000653195.081543
70000302961.304123
70000823285.800644
70000477584.891464
70000367001.657394
70000691261.653076
70000486031.323608
70000168373.323669
70000392854.295319
70000399844.371719
70000603150.729538
70000404362.879868
70000960443.994125
70000449498.536621
70000077760.989853
70000185302.897278
70000703373.004837
1.000000
70000123852.655212
70000034351.454163
70000170583.731400
70000615320.146484
70000114544.488541
70000787149.494583
70000083280.722137
70000815150.103210
70000041115.341309
70000644095.854568
70000168328.616898
70000234334.149445
70000336853.794952
70000099634.277222
70000378551.093323
70000829290.015121
70000932050.610443
1.000000
70000764892.042877
70000472235.655930
1.000000
70000867084.632462
1.000000
70000564164.923660
70000545061.070496
70000198082.513947
70000111762.722900
70000710322.621048
70000825747.626846
70000060525.647171
70000053650.538284
70000881201.196503
1.000000
70000230869.342896
70000521104.234070
70000243569.633865
70000890870.615128
70000881459.581741
70000642854.222382
70000189744.152008
70000030476.892014
70000178671.035950
70000578884.585678
70000882394.186356
1.000000
70000974912.084579
70000278205.734512
70000334182.189590
1.000000
70000039292.664948
70000061308.715668
70000727327.413849
70000657709.827332
70000291744.348923
70000210582.022079
70000579079.408020
1.000000
70000275336.867996
70000657162.860748
70000358197.977402
1.000000
70000981085.117111
70000454411.059174
70000943790.956192
70000172450.405640
70000634129.397430
70000064855.398193
70000773206.769974
70000425294.151810
70000314876.989365
70000445698.037842
70000197662.720596
70000432982.733032
70000233614.629501
70000640070.402695
1.000000
70000745859.997025
70000258823.209030
70000468962.535065
70000934577.528671
70000013509.726608
70000009152.984482
70000759558.118851
70000648658.796600
70000019745.453552
70000120450.504379
70000108846.526596
70000543124.601120
70000099258.932907
70000949663.608978
70000194479.344543
1.000000
70000826121.875061
70000419672.570709
70000937661.856171
70000236398.302979
70000030321.083130
70000513954.774155
1.000000
70000046089.670883
70000668244.753815
70000006130.878998
70000777264.345200
70000746288.302719
70000383070.771698
70000186901.875671
70000480287.906219
70000533135.911514
70000523675.609146
70000036738.989700
70000370337.555298
70000265267.771622
70000194081.067459
70000666066.302200
70000732106.452362
70000710696.308380
70000840057.273743
70000747667.340179
70000072176.662888
70000412450.398361
70000932974.992966
70000821873.239212
70000611506.689667
70000153025.286972
70000984044.865799
70000398462.635971
70000228771.444244
70000565995.305344
70000915853.925354
70000532969.196167
70000489988.285355
0.33
 0 0 0 0 0 0 0 0 0 0 0 0 0
