1 401
1.000000
70000333897.236191
70000977988.133743
70000709659.907776
70000555318.067062
70000773613.247391
70000618588.301575
70000127744.094955
70000904942.582031
70000614439.384277
70000976413.968460
70000437569.644363
70000160630.145187
70000488169.794601
70000341927.190063
1.000000
70000894929.996689
70000810778.084259
70000740656.758057
70000580433.019608
70000623156.909225
70000654053.595505
70000311387.874435
70000936081.666656
70000423063.652222
70000034585.435165
70000664634.100555
70000585796.187317
70000333116.677673
70000185134.965302
70000152282.777466
70000281807.269989
70000992535.131012
70000052154.771271
70000395233.036499
70000268995.878586
70000082867.856766
1.000000
1.000000
70000331138.874176
70000643913.723618
70000124576.317444
70000906849.050919
70000721442.044128
1.000000
70000085135.928528
70000413271.252731
70000693296.299271
70000208304.126877
70000038690.120712
70000514647.010345
70000309803.667084
70000174634.656204
70000514964.510803
70000325941.085449
70000800559.241852
70000810009.466034
70000595118.454056
70000409437.653137
70000051212.090302
70000837773.229645
70000803558.177567
70000231562.207458
70000371367.487686
70000690709.919189
70000531519.441147
70000634817.636734
70000041365.464935
70000274793.835373
70000218418.255661
70000229158.138443
70000836162.223343
70000170282.979294
70000275934.598785
70000624206.894516
70000485908.825027
70000739355.573059
70000642255.825668
70000910381.928543
70000287061.182877
70000911998.791840
70000714051.172775
70000533257.341064
70000515247.913086
70000131179.303696
70000269529.566071
70000088476.270157
70000365106.750702
70000002683.629608
70000065419.230408
1.000000
70000922479.386673
70000889972.906158
70000314830.767212
70000709224.490051
70000063995.381973
70000830723.710205
70000474717.204391
70000714870.897018
70000474781.500107
70000808274.513046
70000587546.877792
70000095824.611847
70000630323.122421
70000713446.699402
70000392333.784851
70000716294.253738
70000768350.069656
70000066448.766647
70000232477.012604
70000761402.230042
70000307407.891541
70000297465.452454
70000978465.928635
1.000000
70000333783.348969
70000919538.008728
70000853946.832993
70000982902.270020
70000061997.938004
70000834291.560135
70000328869.653320
70000001735.181656
70000552522.346741
70000006152.828979
70000101967.334396
70000701840.314850
70000456208.540543
1.000000
70000356575.076263
70000443829.511490
70000331077.699432
70000303443.828629
70000610225.565247
70000086063.480194
70000499203.586456
70000125059.159698
70000644359.330414
70000923162.086746
70000263126.142029
70000820997.044159
70000066865.522141
70000825068.528381
70000069191.633362
70000585721.896973
70000119812.481110
1.000000
70000808545.997864
70000431267.288773
70000418035.914871
70000021180.446945
70000377784.895721
70000040875.617172
70000112857.614288
1.000000
70000333539.407059
1.000000
70000870488.084488
70000802817.562180
70000093522.476776
70000465367.891556
70000317305.018768
70000241555.242279
70000302010.818207
70000420325.720184
70000159697.446503
70000484412.218124
70000478133.108414
70000670519.744003
70000318955.559250
70000908396.892105
70000752300.417892
70000267834.321457
70000538731.392487
70000079253.770248
70000297297.384964
70000393468.840225
70000565918.527756
70000669777.181946
70000498829.558472
70000641855.504715
1.000000
1.000000
70000980341.056793
70000403482.370682
70000116528.977585
70000164957.354111
70000997121.177841
70000588494.320343
70000804199.433762
70000773004.411499
1.000000
70000367684.726898
70000136097.646393
70000975829.231491
70000464084.977646
70000745105.060989
70000794143.776367
1.000000
70000260379.969299
70000375597.518509
70000655110.908615
70000695748.924103
70000456808.498093
70000488146.647415
70000121613.976807
70000546998.507675
70000806731.156311
70000988667.250641
70000717449.523315
70000099601.161194
70000459913.874466
70000427954.362869
70000119943.348404
70000631350.877121
70000189987.800262
70000624518.256989
70000009912.246155
70000360144.587830
70000234142.285507
70000187943.304916
1.000000
70000885079.093719
70000898459.342850
70000097973.239319
70000087524.416870
70000174064.642471
70000210625.737244
70000081432.106400
70000720186.022842
70000473127.481613
70000027668.448563
70000399154.332169
70000454939.661743
70000056140.552094
70000409562.088394
1.000000
70000059758.089981
70000595356.925720
70000341733.929260
70000201232.908264
70000173397.368347
70000077850.829391
70000148792.779266
70000212069.225327
70000728047.349060
70000726051.617493
70000475955.106552
70000649057.002579
70000660689.502609
70000109840.418869
70000516120.225037
70000939775.997559
70000462078.865570
70000152952.895264
70000375750.952957
70000920370.500809
70000289321.006470
70000434521.148376
70000430440.405914
70000221500.282791
70000033517.645386
70000885112.899658
70000436220.082870
70000241451.145309
70000467682.575928
1.000000
70000932873.791016
70000290093.299057
70000930005.866791
70000614105.741241
70000327907.650955
70000153281.330887
70000913587.604431
70000429023.845703
70000146250.931229
70000113399.415878
70000343904.981812
70000998558.173798
70000410006.421005
70000533088.829147
70000829077.356888
70000947970.074203
70000610016.642609
70000802387.780457
70000170273.220612
70000524665.551819
70000266841.906113
70000392479.285828
70000520849.199478
70000865859.399353
70000068453.742096
70000098760.576508
70000052546.296631
70000459667.699875
70000456813.823776
70000445596.467316
70000228869.480820
70000850937.229034
70000786677.964951
70000295365.022522
70000325304.575684
70000036698.665817
70000626938.867355
70000167028.862045
70000188721.563629
70000472227.046600
70000439940.416504
70000186005.372375
70000444870.399887
70000263665.369308
70000480925.324661
70000115397.294815
70000690159.437881
70000365042.075394
70000086020.058105
70000927574.166977
70000282278.876694
70000186749.045975
1.000000
70000511525.063889
70000187597.725327
70000269785.437561
70000390531.244431
70000354177.510666
70000488578.357086
70000884127.461411
70000850281.385651
70000401782.753403
70000157260.789307
70000716131.072098
70000840139.307648
70000505080.940353
70000683615.381958
70000247086.513092
70000448305.571777
70000357670.351044
70000083604.527893
70000792281.042770
70000369002.535934
70000122722.079147
70000718466.114273
70000297096.274506
70000817339.523743
70000454754.935455
70000904482.850067
70000445129.856369
70000764478.878845
70000662340.288834
70000583616.372208
70000240780.656448
70000878505.377167
70000941742.112747
70000696698.482605
70000393100.231735
70000449690.541641
70000937553.938782
70000679956.301697
70000113094.953064
70000122010.979309
70000509853.347870
70000347695.379227
1.000000
70000410184.905548
70000264433.387009
70000984049.111771
70000235457.175308
70000926306.913040
70000866062.729797
70000063369.190994
70000565272.354324
70000751939.799988
70000465196.296021
70000771947.858719
70000173242.290970
70000667580.360489
70000922805.185623
70000515984.874191
70000272753.912445
70000665933.117615
70000744922.984619
70000013428.030777
70000474523.233490
70000532628.911209
70000854057.015732
70000359553.398178
70000733409.684555
70000393377.184097
70000721296.828125
70000893866.556091
70000093400.887253
70000654348.934967
1.000000
70000837148.148239
70000074914.681229
70000124802.282166
70000572217.022095
70000201553.905151
70000186569.185455
70000551700.380371
0.33
 0 0 0 0 0 0 0 0 0 0 0 0 0
