1 401
70000957798.789017
70000275528.941269
70000275331.422562
70000041388.607162
70000767105.977829
70000615988.799240
70000778819.491440
70000713846.347717
70000414493.481827
70000201428.227493
70000708585.068954
70000391754.346649
70000477386.098587
70000513282.915115
70000520981.992538
70000007066.282303
70000241946.631973
70000539559.405502
70000544930.976242
70000954014.832550
70000347131.900742
70000013363.115707
70000890350.737808
70000342951.664810
70000576982.652069
70000489805.759262
1.000000
70000107258.682343
70000282793.252548
70000022316.922928
70000235617.125366
70000076515.799896
70000166555.847504
70000957541.119812
70000913709.778656
70000206231.032242
70000800747.728531
70000391542.797791
70000536883.282242
70000810737.423874
70000166122.212265
70000554325.279480
70000442391.040451
70000775288.694809
70000832889.006409
70000425402.521683
1.000000
70000046176.309906
70000894196.030685
1.000000
70000664735.995193
70000397945.000565
70000704582.394287
70000340074.424179
70000068835.634552
70000743843.968948
70000547641.973267
70000627254.895599
70000326435.191269
70000932193.209854
70000677416.220154
70000845196.547394
70000924435.415253
1.000000
70000579675.932404
70000604519.743668
70000328427.534790
70000402176.593063
70000429937.607254
1.000000
70000718825.788635
70000612607.167953
70000512437.836899
70000948413.470322
70000866567.450180
70000566727.232254
70000611807.671478
70000303317.670929
70000355331.881546
70000026294.676117
70000549944.278259
70000530756.242325
70000945230.458374
70000342987.322250
70000931884.870987
70000159795.361572
1.000000
70000911853.748093
70000882205.604813
70000379203.510071
70000964103.730057
70000618155.917130
70000380829.636185
70000458320.820511
1.000000
70000866088.383118
70000717492.993790
70000061901.980453
70000138433.798752
70000768645.010681
70000699888.760132
70000241807.355392
70000555283.682709
70000642658.165985
70000617074.352158
70000605549.753403
70000748429.145584
70000819707.275085
70000852967.392426
70000179743.124619
70000731539.091644
70000769715.875916
70000647841.122391
70000909842.180603
70000745872.381653
70000170507.479477
70000095854.702713
70000289791.797089
70000957339.370575
70000196526.940918
70000973727.073837
70000449007.660187
70000341255.152130
70000378177.490448
70000844112.424103
70000436891.205750
70000963125.835342
70000500019.945679
70000903047.382904
70000004943.926941
70000575596.568344
70000890194.924652
70000264463.478470
70000412111.884323
70000187673.230667
70000808768.089279
70000726167.798553
70000673778.204880
70000653496.704315
70000358640.988113
70000823616.915588
70000296155.891220
70000665782.548721
70000784536.123367
70000416278.059906
70000614333.936829
70000278135.667084
70000604908.750626
70000337009.305771
70000822360.705780
1.000000
70000577256.991684
70000665800.078232
70000536454.940445
70000794324.214661
70000000001.551376
70000202007.666794
70000725743.278992
70000622228.988251
70000840717.406021
70000179794.837799
70000101934.361984
70000218360.255615
70000402997.468918
70000544701.026016
70000100305.536789
70000993828.468079
70000395770.245956
70000343650.586868
70000035359.732468
70000061184.399918
70000445057.038635
70000839306.760086
70000191175.320297
70000547055.816696
70000136601.722717
70000998254.472595
1.000000
1.000000
70000336296.768753
1.000000
70000252770.719498
70000808473.387695
70000605922.829987
70000550865.946777
70000310640.492767
70000407164.738373
70000443346.473816
70000466678.374023
70000631829.292358
70000781414.700317
70000401937.423553
70000252177.589035
70000934416.387619
70000830399.490753
70000541397.401917
70000706976.625824
70000623276.554810
70000852616.139954
70000455961.822693
70000662100.604843
70000216879.664566
70000166227.837021
70000386137.229263
70000577295.728867
70000481572.350418
70000930205.214752
70000835559.676834
70000078424.801727
70000184309.676208
70000881824.847275
70000561333.023071
70000933498.532623
70000911571.331635
70000506967.010849
70000236463.902451
70000664170.097000
70000795099.943375
70000250262.989838
1.000000
70000518649.361725
70000232702.841568
70000096767.237396
70000602856.064484
70000004673.046570
70000445246.631012
70000979951.247528
70000297986.442657
70000418884.302643
70000656510.034866
70000998108.349274
70000149175.330704
70000407762.493652
70000124892.644073
70000122382.118851
70000052934.226730
1.000000
70000554113.930969
70000350810.088562
70000930383.500443
70000707630.131821
70000222216.971954
70000327058.884674
70000771587.677368
70000445172.512146
70000457170.068268
70000602519.951752
70000288053.316925
70000199346.110382
70000235204.721786
70000015943.177597
70000261513.351929
70000467388.519638
70000542339.900009
70000286554.217407
70000416429.472885
70000061864.190933
70000948308.948120
70000573768.197723
70000235967.026184
70000366672.050430
70000648968.032059
70000175450.049927
70000925917.091370
70000233734.643280
70000551938.084686
70000018894.714600
70000529059.171844
70000617392.397903
70000280480.019958
70000587445.709686
70000003650.394287
70000807600.168610
70000299490.587112
70000448182.009018
70000163737.731659
70000624271.479492
70000074138.149918
70000047233.350174
70000108624.041779
70000043286.966721
70000999269.568222
70000821940.086548
70000333146.076431
1.000000
70000982950.430695
70000006742.724335
70000168863.991547
70000790236.940018
70000132404.767105
70000859103.791275
1.000000
70000670447.452194
70000574092.809998
70000849516.011505
70000805213.012680
70000856576.330231
70000707510.990799
70000996191.720367
70000144448.414047
70000303519.943542
70000252250.541931
70000961958.940460
70000435114.873825
70000452441.987579
70000247433.088867
1.000000
70000710244.884537
70000764577.350601
70000437573.259094
70000207251.824738
70000545602.485214
70000711321.436234
70000943669.121857
70000766035.306885
70000165537.766281
70000282086.038589
70000744684.263962
70000632820.218048
70000070866.803238
70000717382.206497
70000254000.803009
70000634335.190109
70000553715.959930
70000364133.473282
70000249352.315109
70000472769.404953
70000611308.272552
70000548389.708298
1.000000
70000726408.230621
70000368800.106766
70000003384.610382
70000286306.918793
70000633075.051315
70000020527.503281
1.000000
70000638917.043716
70000914259.939514
70000441189.274841
70000362382.101791
70000842758.166031
70000403404.533722
70000648982.237671
70000941532.474716
70000256182.157364
70000477477.307465
70000586166.211349
70000361354.719269
70000579810.245056
70000449301.685226
1.000000
70000846920.116394
70000594445.759949
70000379364.301575
70000233128.431732
70000077239.326675
70000996995.009995
70000030745.534653
70000739334.285934
70000255800.041122
70000766340.342529
70000140063.096680
70000879322.077911
70000743860.620392
70000924815.322754
70000354786.445435
70000959909.930847
70000670829.143204
70000283425.080536
70000833505.221222
70000258460.303894
70000533772.144516
70000306346.256485
70000070210.565903
70000486573.520081
70000236063.223770
70000291913.318024
70000343863.288544
70000152346.476059
70000122135.018463
70000689332.413330
70000548164.378906
1.000000
70000222821.099442
70000199639.503464
70000380287.296234
70000508356.471405
70000499591.425629
70000483887.415268
70000962124.142853
70000298561.360779
70000520686.466675
70000258536.518982
70000135407.967056
70000536129.367523
1.000000
70000850667.474701
70000505383.653534
70000062886.937119
0.33
 0 0 0 0 0 0 0 0 0 0 0 0 0
