1 401
70000770535.447556
70000864857.703552
70000931310.293381
70000500566.842773
70000668067.912338
70000950298.191986
70000414107.211258
70000452821.051788
70000147714.511581
70000120623.938950
70000705349.656906
70000827719.421768
70000869588.571365
70000772033.931915
70000024153.142578
70000881799.188965
70000342996.102829
70000666425.648560
70000263140.900482
1.000000
70000674165.613556
70000149315.192413
70000054020.486465
70000975643.286896
70000064383.374481
70000547718.539749
70000172461.327744
70000004150.691833
70000374346.005783
70000991254.621017
70000250540.459076
70000899501.582703
70000587521.780441
70000588150.998611
70000703456.926910
70000146227.422913
70000864824.990616
70000917694.301071
70000013276.503464
70000328746.481766
70000164261.679642
70000849023.284622
70000798634.551285
70000252168.659943
70000893208.342865
70000803497.312103
70000410748.221161
70000453272.169540
70000921669.746750
70000918105.306763
1.000000
70000539972.896713
70000368744.026947
70000255356.724548
70000889053.056229
70000917296.020889
70000212047.633621
70000151609.563812
70000830697.400986
70000406237.829285
70000843060.698059
70000654080.876877
70000394823.179581
70000567179.916306
70000855180.029709
70000671011.301239
70000832857.162735
70000443440.914032
70000822769.102051
70000281450.076416
70000903310.772552
70000375559.791489
1.000000
1.000000
70000530539.723923
70000368169.194565
70000710367.277878
70000134464.544449
70000975125.017700
70000975581.905792
70000204846.725967
70000093028.849274
70000019023.673615
70000522011.418243
1.000000
70000864661.365753
70000920694.582031
70000100977.607483
70000494677.305405
70000121918.363129
70000956773.272736
70000828134.989777
70000733708.470139
70000816098.761948
70000739677.946747
70000185214.589600
70000198072.530243
70000684634.152084
70000727942.500168
70000054077.615463
70000456007.660660
70000650818.117905
70000533437.628738
70000964874.051590
70000012892.168472
70000840029.156616
70000288946.536285
70000229100.870850
70000147814.299301
70000086652.245468
70000989493.515366
70000421676.895630
70000556489.727615
70000577147.203110
70000046224.298569
70000673349.646255
70000960157.493042
70000422021.043381
70000041569.150772
70000871116.662949
70000268331.773987
70000279340.394608
70000741492.814270
70000722287.774612
70000133746.505310
70000333392.204239
70000793409.978271
70000620340.794785
70000765720.705383
70000813949.100143
70000007786.523682
70000240228.175797
70000310281.628220
70000883269.705200
70000514236.792160
70000505929.422516
70000228146.121582
70000063298.576004
70000628162.186691
70000878602.366837
70000177886.908417
70000624732.628265
70000089805.975952
70000384706.926407
70000533097.557037
70000698384.255371
70000887884.375824
70000870901.579941
70000761908.059525
70000074638.446899
70000773008.505157
70000270931.747894
70000652921.635590
70000615032.651505
70000695254.161880
70000172471.804047
70000188000.249527
70000850787.561508
70000031794.536819
1.000000
70000280220.692429
70000165132.815659
70000353709.270401
70000571935.020050
70000030084.823410
70000036700.230652
70000100200.069275
70000658901.741608
70000585037.939560
70000943725.657196
1.000000
70000111930.133224
70000561796.848785
70000417828.973358
70000938939.816101
70000906106.811310
70000795114.877747
70000949941.559906
70000164053.385498
70000875304.073837
70000913904.305283
70000962969.183167
70000960705.282288
70000692228.416580
70000601397.937973
70000447686.464828
70000548908.368561
70000398563.482925
70000764474.107285
70000056670.886978
70000604672.702881
70000348320.706299
70000440555.189651
1.000000
70000129578.586807
70000862567.590164
1.000000
70000870703.200516
70000416085.800674
70000292947.914642
70000244040.265976
1.000000
70000514297.177017
70000395910.916992
70000746546.698715
70000694916.458954
70000090837.847656
70000265437.391708
70000489372.200409
70000185885.241150
70000657440.393707
70000613122.746262
70000713385.819550
70000144930.517532
70000825267.511093
70000066390.853546
1.000000
70000873200.355118
70000204213.896301
70000212051.229462
1.000000
70000202057.068161
70000158111.792252
70000176446.392899
70000905173.967255
70000571921.914246
70000488419.955368
70000648824.123108
70000259419.724197
70000850339.151825
70000276508.050354
1.000000
70000409119.618057
70000998722.538712
70000677319.620056
70000284564.014313
70000065588.027374
70000512237.692902
70000104800.798630
70000073179.354004
70000464359.994400
70000482401.217789
70000137385.381714
70000640027.709671
70000519395.315887
70000795432.238358
1.000000
70000366223.797546
70000549120.658722
70000802945.890717
70000304722.160400
70000777969.104065
70000930498.409317
70000056598.176605
70000618827.445404
70000778215.080643
70000978254.676727
70000540671.369675
70000571889.903961
70000504641.184448
70000502549.186127
70000424979.815033
70000010460.350800
70000091330.029556
1.000000
70000370582.611465
70000850191.962723
70000788387.149231
70000190072.128860
70000534785.284607
70000827223.025299
70000272770.720078
70000483596.753662
70000209448.215714
1.000000
70000078753.409058
70000904894.669281
70000217475.922119
70000886510.152832
70000619642.840942
70000063253.533218
70000764106.556427
70000032592.001877
70000476187.759583
70000324736.392197
70000154870.078857
70000113258.324432
70000726368.870926
70000061658.317261
70000800626.033813
70000962517.801239
70000167288.133667
70000180638.301727
70000661401.254303
70000081381.785767
70000863091.843719
70000818547.304916
70000560086.446411
70000324355.068604
70000652228.652985
70000302063.437271
70000655438.885010
70000420805.014664
70000681129.230621
70000817909.293716
70000973040.226761
70000950031.006287
70000287366.580917
70000930991.619705
70000499058.054153
70000398401.010834
70000523064.388672
70000398163.059158
70000638336.002548
70000040942.571533
1.000000
70000857565.787964
70000901514.185638
70000229007.895416
70000902610.335922
70000084299.783325
70000499652.008179
70000196805.098541
70000183340.838028
70000129855.214417
70000622897.191437
70000265479.098892
70000106793.792145
70000961711.010483
70000010587.413300
70000446415.940948
70000714543.870117
70000056989.701080
70000705994.211319
1.000000
70000873911.300186
70000464869.997787
70000541829.452499
70000188280.660538
70000227865.182327
70000353251.018600
70000835924.909698
70000522133.244400
70000895430.131134
70000696104.434418
70000915617.806259
70000830529.859253
70000868030.051086
70000154137.860992
70000022201.532394
70000516143.245041
1.000000
70000174605.667938
70000785885.316849
70000396353.308746
70000233154.674957
70000653517.050781
70000849100.016922
70000266806.775711
70000039329.655624
70000965589.579010
70000761404.569016
70000892629.559280
70000714983.621765
70000792993.358154
70000676582.252838
70000325666.997559
70000963198.772247
70000854025.362823
1.000000
70000687721.547699
70000689045.985428
70000584946.989273
70000872338.107483
70000248321.204178
70000534440.645157
70000255143.534897
70000636752.113846
70000183518.752533
70000950394.735291
70000427464.472168
70000665378.012909
70000477413.100937
70000926101.306488
70000547969.121063
70000033904.656372
70000844778.004349
70000524121.432175
70000117210.477554
70000164211.875427
70000247180.633499
70000036298.363571
70000016738.730942
70000859762.317444
70000995135.932480
1.000000
70000786527.757278
70000082067.580795
70000174563.159317
70000841466.055359
0.33
 0 0 0 0 0 0 0 0 0 0 0 0 0
