1 401
70000737462.275681
70000194268.461258
70000231814.238800
70000166682.388626
70000268227.143539
70000756958.626205
70000624330.994858
70000557895.459946
70000151108.950409
70000169724.206329
70000239970.233917
70000082000.140518
70000583998.773651
1.000000
70000323880.416901
70000386199.184692
70000621508.067825
70000895653.024765
70000455699.818954
70000283724.233673
1.000000
70000865616.283081
70000741798.044540
1.000000
70000902746.935287
70000345736.952896
70000323921.607086
70000243597.190796
70000943076.015778
70000499878.607147
70000825028.520172
70000645774.634796
70000481504.320511
70000249299.871338
70000928849.232117
70000914511.560501
70000945357.209717
70000074168.330490
70000188190.520752
70000738034.527039
70000026956.132233
70000038462.788437
70000166645.989838
70000277592.415543
70000305839.321991
70000537496.522949
1.000000
70000526175.979843
70000576511.955246
70000925736.518066
70000666294.025787
70000508474.796616
70000166589.320282
70000394988.081802
70000468734.671921
70000488926.341125
70000324690.823669
70000997150.722122
70000349542.660828
70000870432.187256
70000774127.332184
70000028262.843826
70000557857.522400
70000315890.289658
70000501984.685272
70000543301.672073
70000569327.032272
70000953057.668427
70000638167.752701
70000885864.540878
70000201841.438980
70000591093.295822
70000351079.308517
70000050777.793488
70000302592.776520
70000099418.331314
70000707602.561798
70000302495.003448
70000781899.159409
70000197747.100052
70000415582.930389
70000269822.903015
70000497310.126160
1.000000
70000332942.421341
70000618133.024200
70000065805.833618
70000355064.086243
70000077508.055130
70000269846.662582
70000089424.390182
70000001981.794617
70000757115.366089
70000926100.544708
70000194331.578033
70000472557.322540
70000974360.485199
70000207635.512772
70000854762.899399
70000584372.712311
70000462405.599335
70000809647.953308
70000940119.239899
70000747474.290894
70000502654.011871
70000010294.978897
1.000000
70000195956.785522
70000939800.184845
70000189247.048172
70000900017.506790
70000082609.922424
70000347908.101898
70000444420.720459
70000605517.922440
70000170226.561646
70000737537.318726
70000401160.227692
70000980177.109726
1.000000
70000711486.232452
70000835560.630936
70000374653.253662
70000053110.299072
70000266404.216187
70000257820.047455
70000271933.652435
70000278714.769684
70000046711.933105
70000296479.545715
70000932976.012634
70000669361.538300
70000135510.246216
70000152297.378159
70000447771.482147
70000904890.681854
70000332986.569153
1.000000
70000965564.698364
70000233826.457382
70000153763.488144
70000903565.793991
70000432061.051865
70000516512.985260
70000689790.952393
70000553258.836929
70000535335.643555
70000786761.772171
70000597700.691162
70000642844.173431
70000082603.770874
70000311693.083511
70000824245.851440
1.000000
70000421377.361923
70000857220.136353
70000724040.349533
70000122533.407608
70000844123.083557
70000271263.864151
1.000000
70000424172.777374
70000942339.027969
70000914062.051498
70000510187.715698
70000197886.036026
70000518849.558762
70000430272.837509
70000398866.383743
70000435379.584366
70000292687.856171
70000171912.757156
70000244489.020798
70000013384.405411
70000003489.344742
70000845992.776596
70000565960.626709
70000756435.877090
70000396215.174393
70000709201.880600
70000618417.991470
70000260850.060287
70000885950.287979
70000205645.108521
70000552132.153259
70000878767.837723
70000106137.076996
70000388102.198990
70000497719.341156
70000302506.158691
70000919046.146957
70000406878.900330
70000233114.191711
70000156582.392181
70000690304.637939
70000174062.726791
70000528629.965591
70000415147.503677
70000410725.103195
70000700938.179276
70000514136.840591
70000674421.154388
70000837054.423279
70000248419.464813
70000687165.761520
70000865848.528885
70000127446.525131
70000778826.276428
70000613578.538559
70000429522.818939
1.000000
70000617472.574448
70000403274.501678
70000811819.729980
70000734905.869415
70000144488.771118
70000632669.911987
70000131080.218658
70000575079.553940
70000160513.462906
70000606455.000961
70000131281.585464
70000562383.579605
70000033859.410034
70000062491.676041
70000691486.874039
70000948492.602921
70000509818.764374
70000876550.857971
70000032592.654602
70000012835.036392
70000814808.607925
70000780056.501404
70000899491.174988
70000151170.024872
70000784925.643555
70000144733.476532
70000429863.660110
70000423970.205383
70000531613.138107
70000803501.528091
70000023894.537888
70000473151.573502
70000601416.596420
70000713212.699341
70000228720.204849
70000660337.288864
70000453182.993973
70000536990.183029
70000593111.431686
70000998616.512985
70000887888.108398
70000048699.522537
70000553413.959030
70000951486.934937
70000477987.658203
70000425865.813324
1.000000
70000919374.695801
70000801462.564911
70000558600.777145
70000440829.989685
70000622314.529419
70000864793.238907
70000824540.164032
70000973282.747360
70000445196.029190
70000331118.309708
70000915679.982895
70000436066.685333
1.000000
70000133308.565750
70000695424.444733
70000813920.209351
70000657722.721222
70000261403.846054
70000697363.666916
70000883485.789795
70000909213.054321
70000843298.573547
70000743865.764404
70000982194.545502
70000249034.731644
70000652244.128235
70000237864.108734
70000381396.484985
70000884488.151581
70000217511.019012
70000748742.208145
70000039576.273956
70000568717.695099
70000068951.420685
70000436752.043152
70000456963.384628
70000555644.282562
70000372578.370392
70000087017.271820
70000141975.144089
70000361021.316910
70000176735.537125
70000617512.973907
70000608650.981323
70000713236.379135
70000715573.543457
70000199625.795151
70000092279.306213
70000862572.511398
70000675460.972198
70000262977.362427
70000966887.184204
70000873973.490738
70000404832.110718
70000436159.345444
70000899417.412170
70000908084.735916
70000599121.991592
70000203859.452377
70000364367.559982
70000400197.928253
70000578101.589981
70000874738.573441
70000157754.650436
70000005201.641891
70000310347.426407
70000337820.058655
70000733699.106171
70000232842.918396
70000726388.871002
70000386529.314743
1.000000
70000288314.557953
70000155113.676987
70000470551.124176
70000541558.601578
70000231044.657043
70000886354.514236
70000997833.757889
1.000000
70000797046.083923
70000596163.980820
70000694471.912537
70000128818.382858
70000807648.814514
70000194039.969681
70000140619.256638
70000672996.867508
70000141823.426407
70000153819.789139
70000275310.691849
70000016621.468231
70000302073.936569
70000083222.373825
70000145113.200241
70000467908.103851
70000080484.686005
70000426823.788757
70000084789.616272
70000397111.041702
70000475268.605392
70000533503.369858
70000545934.854401
70000715864.288376
70000756229.158630
70000675102.620300
70000427474.284073
1.000000
70000599792.583405
70000166084.704193
70000094383.350952
70000367402.149292
70000994711.510468
70000055547.070404
1.000000
70000442818.594833
1.000000
70000328326.314682
70000871165.216583
70000568069.510742
70000222017.089203
70000271059.553879
70000422623.451981
70000740660.131805
70000651949.427124
1.000000
70000475764.416351
70000728440.099121
70000283063.708084
70000201809.774567
70000398088.594543
70000110603.287918
70000402407.671600
70000559900.086563
70000446399.116928
70000279173.985352
70000373307.317642
1.000000
70000598602.731796
70000013975.352173
70000588104.040833
70000437535.146545
0.33
 0 0 0 0 0 0 0 0 0 0 0 0 0
