1 401
70000849046.420929
70000185750.715149
1.000000
70000678011.921967
70000992787.027100
1.000000
70000423080.935654
70000805517.612457
70000187296.248367
70000748542.606339
70000698052.400314
70000886169.347061
70000162952.772598
70000335343.464249
70000101580.247528
70000273165.791718
1.000000
70000456364.659683
1.000000
70000740287.798737
70000585145.259949
70000064040.233627
70000568648.638336
70000513790.345551
70000118971.355011
70000911187.714249
1.000000
70000719228.170349
70000340916.875870
70000898777.857513
70000202371.048828
70000387822.427338
70000369456.952377
70000875134.786560
70000251674.423599
70000687392.086395
70000486647.726639
70000287675.466507
70000672720.384720
70000728324.543808
70000011007.613678
70000614240.489120
70000915943.537857
70000391818.256378
70000014706.470734
70000018609.111176
70000376583.428772
70000482335.012436
70000022374.324295
70000956634.981384
70000454697.717697
70000525343.743790
70000767113.778122
70000302233.184097
70000847962.941467
70000565355.531021
70000353256.031509
70000723863.024490
70000226859.320877
70000164930.640274
70000229860.131439
70000731852.231995
70000940399.683823
70000646429.427109
70000178709.040497
1.000000
70000964563.076447
70000368260.996185
70000588162.385544
70000278177.439651
70000132756.665131
70000289576.138535
70000594650.466354
70000119579.392151
70000951461.798828
70000529997.100922
70000629249.886444
70000266191.333862
70000824131.710815
70000243401.795090
1.000000
70000739552.513596
70000930191.334305
70000358890.634476
70000559080.171082
70000690461.835739
70000155605.088959
70000949969.892670
1.000000
70000819477.599365
70000763359.370300
70000514742.082382
70000597389.253021
70000151358.059204
70000203277.065964
70000770951.231323
70000163790.271133
70000921865.013397
70000478997.080429
70000749360.095093
70000979216.152664
70000619223.066101
70000647664.989746
70000490199.839645
70000430856.887192
70000598851.673431
70000394689.840347
70000861801.806839
70000030383.238388
70000227077.485352
70000206006.443192
70000633913.720337
70000948241.710022
70000685015.754715
70000999644.297134
70000617819.575485
70000104530.761795
70000372675.771973
70000723929.327286
70000709367.900558
70000599378.748322
70000877703.028885
1.000000
70000410512.886902
70000596195.494949
70000261975.818481
70000461144.591553
70000349673.126404
70000972555.300217
70000265367.103271
70000789219.771942
70000684763.263992
70000097202.040268
70000375402.444458
70000374711.818237
70000617744.747498
70000577317.449539
70000249622.030563
70000782453.205643
1.000000
70000538392.126358
70000693533.108246
70000208363.647400
70000582684.888275
70000049008.543304
70000388182.173538
70000931577.222168
70000152423.394455
70000462381.871704
70000788230.757629
70000943810.384277
70000707210.281754
70000125792.415527
70000356050.640900
70000083289.222488
70000073135.252579
70000131760.555664
70000131037.520432
70000944224.932312
70000380099.708847
70000988079.815796
70000098697.425446
70000004625.965683
70000105143.224136
70000074369.429474
70000287059.032059
70000464161.933960
70000897148.017807
70000250325.422318
70000235911.957626
70000061425.491669
70000659446.608994
70000877126.632095
70000599755.230896
70000189573.629959
70000279297.628448
70000046321.056976
70000750088.388290
70000176236.341110
70000345759.386902
70000948442.883713
70000912601.254288
70000862757.683472
70000034155.634857
70000649082.875488
70000770745.435486
70000720459.020264
70000866653.100891
70000028950.587402
70000047011.827011
70000680173.644485
70000287842.149536
70000767334.955704
70000465659.421982
70000057771.685669
1.000000
70000034802.620514
70000647637.573990
70000292946.389557
70000545701.773148
70000417139.403503
70000863096.196228
70000804772.530457
70000226339.012512
70000747669.657822
1.000000
1.000000
70000688564.676529
70000425264.408112
70000816283.826080
70000403696.023911
70000101259.452225
70000332862.601868
70000041594.051178
70000242389.705490
70000771463.851227
70000280393.107056
70000627277.838486
70000369916.385162
70000408402.066574
70000729070.405472
70000347344.779175
70000150661.018036
70000079112.528305
70000155718.814575
70000080401.780121
70000757991.664551
70000050716.873291
70000272169.029861
70000713274.735046
70000001505.609055
70000930878.080246
70000944058.231995
70000601690.038696
70000293122.713104
70000681996.450256
70000239525.132553
70000544644.740204
70000305135.592224
70000286899.875916
1.000000
70000405031.796509
70000535630.412735
70000720490.815002
70000821618.263153
70000027074.351715
70000480521.831085
70000815842.350128
70000823573.903503
70000669750.624115
70000206741.640564
70000543645.646133
70000150839.730392
70000577128.888840
1.000000
70000467910.781708
70000466329.911911
70000148239.451050
70000585502.657074
1.000000
70000535724.311951
70000175281.441956
70000736634.119232
70000798562.811661
70000558612.062485
70000419685.800858
70000367908.199646
70000636173.709503
70000971074.912003
70000573935.987808
70000878202.704636
70000234731.728546
70000357201.597977
70000798583.294632
70000613791.750183
70000080137.805679
70000292864.953171
70000624504.659439
70000774047.417618
70000708948.357620
70000212763.374344
70000589197.910004
70000911331.441895
70000886120.707993
70000508205.027588
70000269820.995621
70000690348.954224
70000782179.547684
70000932648.262161
70000865741.478302
70000608526.803986
1.000000
70000325014.715439
70000473367.503967
70000663333.288834
70000362133.825073
70000130390.389496
70000418966.999557
70000506566.443848
70000274789.447311
1.000000
70000074835.251587
1.000000
70000638764.541977
70000932994.383301
70000542129.016602
70000068096.257309
70000039078.494675
70000719876.956223
70000141617.705032
70000796277.846146
70000773703.128647
70000009512.351440
70000810817.261856
70000942533.406754
1.000000
70000468242.443726
70000191814.584686
70000951133.591415
70000020515.250931
70000935895.920517
70000226490.035004
70000934038.772095
70000550023.951859
70000484245.665588
70000021299.041946
70000134094.846970
70000381440.525635
70000918968.089417
70000235531.577118
70000321508.812271
1.000000
70000076055.654892
70000796272.643158
70000711049.177338
70000520405.636505
70000109420.557083
70000717469.454788
70000688205.801804
70000102331.237305
70000708973.777252
70000615950.839310
70000856677.867783
1.000000
70000712275.799973
70000115536.744202
70000109864.462387
70000116391.983261
70000831415.577347
70000474839.745087
70000342890.419083
70000785574.294312
70000337599.388351
70000053094.836655
70000936607.648422
70000024021.619034
70000091152.223297
70000903026.767715
70000350667.364563
70000712344.012421
70000331320.968658
70000421956.409760
70000606825.839294
70000663613.100571
70000123910.807388
1.000000
70000473834.647644
70000688456.422180
70000833022.807175
70000619772.114700
70000007250.881851
70000226592.055878
1.000000
70000962006.140991
70000676340.118515
70000256782.419144
70000266232.571640
70000925225.928497
70000522128.459076
70000417805.209106
70000877375.031540
70000387070.993057
70000264864.025558
70000117392.586868
70000520451.823303
70000280804.242691
1.000000
70000891899.277390
70000398411.889694
70000531151.342865
70000600817.590317
70000256654.921341
70000080421.475906
70000440354.901321
70000916212.897186
70000852540.860657
70000083321.794601
70000698203.558350
70000415235.621002
70000894241.811310
0.33
 0 0 0 0 0 0 0 0 0 0 0 0 0
