1 401
70000337843.325089
70000991661.326736
70000894187.534760
70000755408.575882
70000503814.931549
70000362767.300385
1.000000
70000110794.173050
1.000000
1.000000
70000146360.029510
70000683485.290741
70000535730.533340
1.000000
70000741815.774368
70000249475.729263
70000846874.463486
70000795252.729797
70000648217.862228
70000004259.973755
70000368296.837631
70000421895.582916
70000126562.717606
70000392937.463562
70000831806.112564
70000541586.082382
70000999069.110367
70000194653.140457
70000322873.890778
70000520642.172729
70000359936.935196
70000110534.441818
70000152129.624603
70000078019.031403
70000849383.417038
70000920596.424393
70000950597.662857
70000243025.524017
1.000000
70000255405.587158
70000401566.131439
70000763681.675812
70000211091.555191
70000412347.291595
70000306559.375366
70000450726.773346
1.000000
1.000000
70000598404.253021
70000557583.212997
70000187001.368668
70000678628.556931
70000257081.903976
70000966001.537323
1.000000
70000876954.254013
70000960202.633514
1.000000
70000670607.811234
70000146487.220947
70000733464.396332
70000892308.304184
70000801822.333374
70000587659.417191
70000250345.394547
70000830264.041214
70000546413.600784
70000950509.462845
70000015248.846909
70000137805.488037
70000186090.205978
70000303479.013840
70000856899.414825
70000128764.744843
70000937614.282471
70000813539.059906
70000023465.109421
70000300073.119019
70000593938.171722
1.000000
70000559056.541168
70000446748.864731
70000753823.110992
70000509465.676880
70000336257.207794
70000415819.863556
70000820197.761917
70000810051.468216
70000643063.349808
70000691076.510284
70000728165.518341
1.000000
70000511617.768890
70000164833.816711
70000808390.687546
70000643621.881454
70000089575.032196
70000070566.582565
70000278932.435318
70000551803.190033
70000847999.937698
70000195438.449753
70000477924.431305
1.000000
70000927089.864853
70000365729.249786
70000345513.018784
70000643643.927719
70000689281.420685
70000249819.870926
70000982910.607559
70000084403.927536
70000437617.403748
70000864645.588089
70000957671.955338
70000185692.138199
70000633595.846069
70000920890.306000
70000332579.387894
1.000000
70000765895.987946
1.000000
70000165287.097885
70000836627.995270
70000954410.264252
70000779808.825958
70000780557.900803
70000713112.794846
70000221568.979980
70000153470.663467
70000485909.654266
70000533964.369217
70000239306.457520
70000055808.928207
70000366535.187927
70000536228.185532
70000075227.795975
70000370614.104523
70000807570.752472
70000404375.615173
70000124022.223541
70000841338.621567
70000772734.018433
70000870707.572037
70000381353.262299
70000025231.510193
70000414477.265930
70000262316.930023
70000710285.471817
70000655284.275482
70000151481.860016
70000468708.047653
70000526276.414017
70000867981.539780
70000793280.943237
70000720479.059448
70000367088.064423
70000808473.968262
70000795585.495209
70000107210.218048
1.000000
70000749768.983765
70000774713.159775
70000921218.245209
70000878430.416595
70000423852.170731
70000999286.540436
70000790052.915787
70000016417.700134
70000457567.756195
70000709162.299088
70000718580.141953
70000781386.365982
70000240816.144592
70000621193.170288
70000911806.565231
70000871283.022919
70000326665.936020
70000896855.378220
70000289296.803680
70000951544.354630
1.000000
70000603356.068848
70000333886.180298
70000781288.595978
1.000000
70000983996.685501
70000989056.376984
70000222542.085251
70000514773.715729
70000017263.026291
70000526244.606552
70000897797.955872
70000309971.953400
70000188168.440933
70000920480.604492
70000321759.439835
70000801770.526886
70000287379.929688
1.000000
1.000000
70000765577.392670
70000279528.204224
70000176138.690475
70000564246.501160
70000963031.640793
70000249124.038254
1.000000
70000553742.963943
70000979414.444519
70000216569.448334
70000293130.133789
70000290054.371384
70000521852.660385
70000288194.154800
70000016387.936951
70000991569.895142
70000443907.199066
70000800853.768631
70000340757.276520
70000380356.564728
70000338098.301743
70000359793.273026
70000889473.461670
70000437268.252594
70000235933.943207
70000021119.112701
70000258144.108429
70000477058.158798
70000700680.981369
70000830759.008804
70000096459.487137
70000794868.419144
70000966953.763916
1.000000
70000427864.449646
70000873684.808228
70000852756.473679
70000953357.235809
70000300590.443375
1.000000
1.000000
70000231946.910812
70000152042.386063
70000625476.000214
70000212934.351624
70000035204.526733
70000211173.673080
70000760332.887344
70000230806.055969
70000856771.095566
70000875125.380936
70000008170.923584
70000367510.824783
70000960394.032364
70000558915.074112
70000784851.142548
70000992472.444794
70000425125.873550
70000293371.516556
70000554077.465408
70000551997.551865
70000907969.526779
70000139074.357513
70000778046.639938
70000302683.694672
70000458354.734741
70000536703.613586
70000565814.724045
70000190410.175140
70000864083.759323
70000808690.140015
70000181299.501862
70000068901.080521
70000431447.930649
70000264973.704910
70000034906.430862
70000417263.198380
70000063706.906662
70000598551.374969
70000976045.391495
70000341762.830795
70000957845.514252
70000015089.215622
70000546571.579712
70000001521.015701
70000254731.761520
70000727370.007996
70000128221.504593
70000807710.446259
70000676857.642212
1.000000
70000089470.213348
70000162943.646378
70000617521.021301
1.000000
1.000000
70000357131.267792
70000631068.577179
70000911456.726303
70000898449.042404
70000532016.568253
70000637237.219559
1.000000
70000324244.223511
70000818945.616119
70000225149.633209
70000187592.598053
70000770158.953537
70000549385.383392
70000516017.420197
70000411209.256775
70000851022.828705
70000902368.663803
70000216260.408569
70000413634.703583
70000033143.638107
70000546415.089081
70000278052.225357
70000952339.641037
70000235201.396790
70000912404.682175
70000298476.591156
70000760299.037292
70000390118.587784
1.000000
70000453410.810089
70000707382.590179
70000854892.245667
70000660222.925125
70000038632.484146
70000552893.420639
70000182537.576385
70000773644.885162
70000181518.089554
70000696732.954208
70000367858.528763
70000820441.651215
70000390053.308182
70000632415.188171
70000371648.908508
70000569432.749847
70000139516.123978
70000426077.111069
70000683702.820038
70000259038.728500
70000535885.863144
70000817468.049881
70000940091.753860
70000357418.629623
70000557459.696350
70000206145.322433
70000321669.496460
70000830710.492340
70000997527.908432
70000232634.753677
70000154968.401047
70000150986.379776
70000073543.712128
70000271194.671539
70000832567.666611
70000997921.989410
70000874465.272202
1.000000
70000789728.188309
70000634231.677292
70000310504.572296
70000662808.501648
70000112534.621979
70000119283.857300
70000360297.365082
70000853546.911453
70000954149.382645
1.000000
70000579948.279282
70000241491.374741
70000895025.036911
70000831970.780670
70000137695.732697
70000314205.674057
70000399706.177917
70000214827.953308
70000820673.899261
70000827590.224991
70000741350.498169
70000632247.122543
70000951602.052628
70000927424.135269
70000653483.462296
70000282740.811081
70000747486.286621
70000321260.854828
70000107249.305161
70000195267.024597
70000035130.823013
70000800215.676117
70000702696.419891
70000005720.059875
70000385502.528793
70000725952.817184
0.33
 0 0 0 0 0 0 0 0 0 0 0 0 0
