1 401
70000484864.352890
70000533142.516769
70000140014.955719
70000001198.236832
70000873343.410721
70000010623.009735
70000909000.739441
70000471866.254181
70000643211.119080
70000231231.133133
70000396197.677368
70000295255.580780
70000282705.280060
70000008984.653687
70000607132.113159
70000584436.647324
70000257037.066559
70000814650.534302
70000044809.501862
70000781138.207001
70000180532.647827
70000248686.058212
70000667771.283081
70000836680.179077
70000100308.126801
70000402345.673477
70000154365.012863
70000366451.676483
70000489022.842270
70000487621.148865
70000532606.316254
70000310601.667572
70000063079.841003
70000052363.515778
70000745165.596710
70000300479.322571
70000488817.772888
70000572064.096832
70000641410.721100
70000257045.350327
70000725822.003555
70000531556.582718
70000872786.804459
70000565486.752258
1.000000
70000112813.739258
70000457350.842590
70000867742.083527
70000876201.483200
70000395863.236740
70000701973.640228
70000724495.538055
70000539598.149261
1.000000
70000817446.334045
70000792847.288254
1.000000
70000688680.411026
70000941637.309647
1.000000
70000829145.095367
70000515785.417847
70000248495.880524
70000187908.831726
70000894220.549728
70000867866.897247
70000879480.534607
70000704934.422943
70000843305.683319
70000153606.994019
70000932997.194275
70000807930.580017
1.000000
70000810092.840225
70000768131.675018
70000781760.024292
70000981086.423859
70000048590.203491
70000941096.802582
70000880282.008560
70000262585.876511
70000310475.854004
70000921332.123703
70000150562.149887
70000690087.636444
70000245028.161667
70000542970.168045
70000792437.308548
70000063461.768539
70000139865.080963
70000299941.430710
70000202846.074829
70000859981.230286
70000328047.279602
70000153957.049942
70000296346.820007
70000817092.202957
70000251362.710144
70000283215.467056
1.000000
70000345653.858734
1.000000
70000260504.684448
70000536934.183411
70000910347.963211
70000164238.897369
70000877695.866684
70000201682.854752
70000776419.536880
1.000000
70000125595.975723
70000409212.798691
70000013612.652756
70000921098.434464
70000946860.667587
70000411143.526276
70000515410.231903
70000240394.639664
70000869284.532883
70000289647.696213
70000896485.189590
70000739499.631180
70000551313.485916
70000907857.123581
70000413663.520569
70000010174.492340
70000691177.485962
70000602850.037430
70000763039.023972
70000534550.924683
70000159103.718369
70000861094.370712
70000271526.737671
70000993789.433487
70000134392.956177
70000233372.016785
70000058294.292862
1.000000
70000188618.536850
70000272704.690994
70000856039.035339
70000155856.454269
70000157996.989761
70000533878.147369
70000192742.579697
70000245289.628830
70000787161.354111
70000021057.106201
70000004742.822021
70000379439.574463
70000595394.489807
70000440823.684265
70000716381.036743
70000567340.332428
70000107206.618698
70000642766.271957
70000067490.764862
70000025604.775238
70000498826.477402
70000938170.066254
70000257599.152374
70000530018.152649
70000089177.214737
70000729034.804474
70000477170.606842
70000586358.533020
70000586876.400833
70000536677.987808
70000070099.003555
70000989481.888397
70000355380.675171
70000806034.916046
70000378335.573151
70000959498.991150
70000397917.497360
70000928366.468430
70000044251.887909
70000273700.762146
70000580924.629242
70000790119.056122
70000758025.662445
70000540419.282181
70000477306.803467
70000960046.172058
70000329161.236221
70000250942.018845
70000494247.194901
70000795091.324463
70000865470.005859
70000124455.435287
70000006169.421661
70000374341.798080
70000385396.214523
70000275840.952271
70000796424.173782
70000577332.446838
70000209921.425140
70000385312.763870
70000621168.209427
70000724284.559204
70000471990.998398
70000997706.289505
70000897703.852325
70000349392.653702
1.000000
70000781123.666504
70000194106.693848
1.000000
70000637687.834335
70000374210.681107
70000578068.450500
70000414227.244202
70000976406.997528
70000718172.130447
70000369216.793686
70000970859.226288
70000638518.871399
70000635093.021408
70000601998.100311
70000357600.404907
70000118718.052795
70000347202.714966
70000979518.514130
70000192289.833908
70000049910.511307
70000050179.431808
70000345917.735138
70000403083.310532
70000137615.519928
70000037510.619736
70000454959.550369
70000598852.684265
70000228816.046005
70000876662.927292
70000746854.416656
70000100718.192596
70000038150.418060
70000065737.583435
70000328380.916412
70000886401.484070
1.000000
70000088826.062042
70000793005.811493
70000179644.906265
70000471275.655472
70000624971.398941
70000327132.513565
70000621588.498871
70000690455.952271
70000397537.143906
70000881648.018341
70000266972.104736
70000752051.658356
1.000000
70000455231.812378
70000687443.543823
70000634563.913315
70000715583.418106
70000945418.104126
70000417656.215256
70000899140.493286
70000246889.297012
70000564376.169098
1.000000
70000296888.516037
70000322389.175262
70000024729.486435
70000841129.379257
70000102954.968399
70000990880.135788
70000344723.466354
70000949827.812454
70000040496.221115
70000093840.831741
70000254073.161942
1.000000
70000549397.943634
70000564500.632004
70000587476.601715
70000057592.983704
70000840605.689117
70000608683.546738
70000380470.329361
70000698643.174026
70000072867.131073
70000809070.275742
70000327955.181732
70000766353.334503
70000535295.874527
70000434661.474304
70000672877.838760
70000679251.549393
70000417003.594330
70000621997.394547
70000815588.594131
70000781329.063202
1.000000
70000690282.499329
70000743757.455032
70000875751.793030
70000685712.640808
1.000000
70000294017.674011
70000888771.403564
70000483682.367172
70000483913.554321
70000446804.309464
70000839339.425186
70000973059.334839
70000865196.066772
70000549432.608536
70000484317.004547
70000944005.355408
70000527837.950607
70000335682.481903
1.000000
70000014078.045761
70000201493.939133
70000208929.846771
70000157720.991653
70000720279.459656
70000169308.555145
70000639787.760406
70000793567.327759
70000311417.804382
70000179450.514755
70000294030.897858
70000198826.753357
70000652630.223083
70000475833.443573
70000517612.266357
70000466596.465393
70000945650.863037
70000697084.465042
70000072813.375137
70000762582.115570
70000343300.735565
70000448161.284607
70000058850.559052
70000097853.538071
70000839228.867004
70000713575.858627
70000111284.615402
70000017227.627335
70000241405.247314
70000231951.447388
70000000081.586060
70000749902.365280
70000189144.036438
70000590754.807693
70000951902.743011
70000432439.900436
70000671641.671188
70000615161.263153
70000047997.276520
70000740414.126846
70000644503.641525
70000442113.861801
70000831157.255402
70000884151.771454
70000887403.768631
70000228329.464264
70000640429.114227
70000125662.687683
70000897360.143967
70000660915.607712
70000390220.976486
70000343285.939194
70000527213.362762
70000865802.828232
1.000000
70000467850.362671
70000039168.894775
70000121170.537430
70000314873.507874
1.000000
70000242469.349564
70000036793.389099
70000330229.728851
70000115657.285812
70000428436.085861
70000575444.219330
70000671730.312042
70000582137.091919
70000719426.980789
70000420091.058716
70000500170.933426
70000351210.766129
70000170429.819260
70000371841.371567
70000803948.868729
70000453078.794998
70000498609.905167
70000823090.801117
70000745392.309326
70000341019.240067
70000882849.828140
70000815198.479019
70000382232.376801
70000638330.337738
0.33
 0 0 0 0 0 0 0 0 0 0 0 0 0
