1 401
70000211927.291016
1.000000
70000147717.896606
70000458981.414825
70000033729.971664
70000116463.970520
70000087104.139740
70000225235.748734
70000965647.130844
70000155506.233643
70000274680.214890
70000349177.991348
70000283259.895035
70000449284.557007
70000862443.360794
70000492002.500595
70000421372.067673
70000568764.608475
70000454480.385818
70000283839.365143
70000091035.050812
70000523756.233444
70000985113.701889
70000681582.205536
70000195911.493195
70000984740.438339
70000479411.065964
70000517267.744110
70000474324.521011
70000671721.143875
70000147922.409012
70000455529.139511
70000455690.731842
70000836609.350632
70000720753.305496
70000412746.380676
70000981312.115540
70000253848.091110
70000656527.239502
70000522730.311890
70000081185.892624
70000189844.103653
70000519334.057098
70000335791.782654
70000109876.323547
70000687000.040207
70000782666.024277
70000670920.409790
70000892141.477142
70000265206.646164
1.000000
70000233864.826981
70000381234.129227
70000976057.477463
70000820460.470322
70000035417.519043
70000035363.794662
70000487510.653671
70000666887.094238
70000936572.103790
1.000000
70000375438.222855
70000939953.921661
70000598984.092255
70000731669.302261
70000286205.614471
70000469106.776688
70000479892.638138
70000641959.738464
70000958294.510727
70000272481.734116
70000846631.842087
70000071489.596329
70000812232.893539
70000347505.177231
70000771459.666824
70000104788.734802
70000318401.824341
70000364916.071014
70000200745.743729
70000009972.448059
70000258317.111496
70000614930.825867
70000758719.932709
70000043891.875793
70000928132.182541
70000213992.959427
70000603487.694290
70000653130.531326
70000263006.515900
70000472084.857361
70000959837.324051
70000166180.403992
70000162519.774475
70000256537.183258
70000075453.433243
70000341561.914764
70000555005.436356
70000759468.106430
70000541529.340271
70000684546.666351
70000374081.829514
70000489871.960281
70000965748.119873
70000214628.087769
70000620219.585602
1.000000
70000536083.449463
70000327507.229156
70000748748.175522
70000097762.029678
70000197967.874847
70000140828.644577
1.000000
70000160800.835892
70000662341.052704
70000715885.551758
70000815750.911682
70000696031.289215
70000523492.483612
70000855125.502899
70000627330.158737
70000204831.058212
70000841336.395844
70000655189.648727
70000652535.448822
1.000000
70000165760.952118
70000117531.561630
70000855834.025925
70000765615.254654
70000040296.755569
70000908408.835983
70000561083.558655
70000602493.526779
70000192671.996017
70000059421.178406
70000501916.495758
70000701819.082733
70000459373.791168
70000397207.844574
70000347548.296127
70000864082.343811
70000915119.027969
70000799189.472427
70000311202.977859
70000991972.764114
70000107403.238968
70000465537.048431
70000447587.582291
70000709899.435196
70000455849.678665
70000612835.066345
70000004888.941467
70000871171.766663
70000004389.676758
70000972020.619202
70000250213.124893
70000162842.889221
70000378132.329773
70000186001.800049
70000967633.272202
70000876880.884308
70000722456.355927
70000663615.346893
70000476498.045013
70000267748.771515
70000632069.868561
1.000000
70000661145.967987
70000410624.888062
1.000000
70000444607.427628
70000112627.976349
70000715241.785339
1.000000
70000594628.952240
70000331434.030960
70000097588.005600
70000135192.661087
70000860012.600815
70000448090.780838
70000682085.065796
70000973766.929840
70000632557.641876
70000451127.746613
70000284056.688187
70000443717.658493
70000104217.954941
70000197329.714142
70000244850.704575
70000915780.515472
70000545788.026642
70000036255.072632
70000936820.187286
70000680945.133377
70000505670.483688
70000159828.308838
70000433300.177933
70000555645.749405
70000990110.912292
70000741048.774933
70000586589.411682
70000185418.387070
70000062738.323883
70000675624.697250
70000436458.932816
70000483207.102524
70000818486.064819
70000152504.758850
70000568923.767883
70000885261.207291
70000760632.721100
70000838282.711823
70000057162.960617
70000666260.044281
70000015793.760651
70000384826.932861
70000614209.202713
1.000000
70000816389.399155
70000063128.450211
70000713958.698151
70000073901.444839
70000766134.903595
70000009242.536514
70000278631.469574
70000479410.304550
70000675951.122482
70000377755.052963
70000026791.210999
70000260040.223206
70000078427.063934
70000625084.684265
70000433467.137970
70000392111.544540
70000225933.694748
70000509316.846573
70000352859.205322
70000674416.921310
70000700990.106720
1.000000
1.000000
1.000000
70000316449.543961
70000841138.859863
70000526299.763535
70000789794.812988
70000517899.842133
70000603842.227188
1.000000
1.000000
70000731484.938187
70000858124.603989
70000940402.991943
70000480450.130066
70000857939.133530
70000476824.134567
70000286695.119202
70000878990.680389
70000243645.032852
70000873729.055084
70000172123.591873
70000590727.652267
70000494275.658401
70000221201.550629
70000753332.257828
70000458454.471451
70000303571.224960
70000545115.421753
70000043168.209061
70000924341.018005
70000014534.047821
70000520979.000626
70000931063.345154
70000529170.925812
70000910576.059265
70000656758.063614
70000779892.610153
70000575221.905899
70000174157.658096
1.000000
1.000000
70000569328.518707
70000145459.774521
70000590366.309174
70000272662.784943
70000248837.658218
70000496020.778519
70000668993.915634
70000025012.459122
70000734640.604401
70000541309.390991
70000128133.271011
70000263143.417999
70000976357.866653
70000204482.812683
70000860117.647385
70000395906.306992
70000699986.949280
70000906385.575104
70000310802.192795
70000947424.104980
70000390765.862930
70000115109.742477
1.000000
70000610615.537933
70000671640.724243
70000582003.902557
70000933653.073547
70000501376.305664
70000336841.756363
70000802656.100677
70000062869.693039
1.000000
70000824528.932281
70000260831.922165
70000162809.677551
70000287528.193451
70000102667.781570
70000152997.917297
70000273546.065155
70000352066.320953
1.000000
70000851573.253571
70000863556.713089
70000562106.240814
70000927382.731400
70000985269.587189
70000120686.699890
70000615633.804367
70000971331.725494
70000970289.025589
70000605244.973267
70000884710.001846
70000065226.175079
70000028322.775055
70000900055.924362
70000403511.364807
70000186972.924255
70000816569.060867
70000650507.726135
70000281493.690750
1.000000
70000459017.590271
1.000000
70000721013.583649
70000658090.980713
70000271383.027115
70000361954.554871
70000072053.123962
70000101614.844360
70000962337.186432
1.000000
70000470281.376617
70000524321.488586
70000148618.408173
70000158710.927612
70000096394.588791
70000480343.592468
70000999721.260849
70000748110.324509
70000261661.761276
70000486270.175522
70000034302.030579
1.000000
70000569334.345078
70000909872.911667
70000264965.961868
70000469912.029495
70000650457.269745
70000865257.068405
70000331956.436096
70000684585.445343
70000052334.838287
70000412438.087326
70000888775.128357
70000112924.336777
70000081007.238297
70000896448.868637
70000809065.091705
1.000000
70000659648.801651
70000004762.107681
70000201597.626190
70000663963.312805
70000343690.664291
70000890817.011856
70000729362.031113
70000733690.915421
70000855782.566025
70000351385.996307
70000716616.797043
70000878610.830978
70000790361.813126
70000267992.468201
1.000000
70000966450.925278
70000354415.486053
70000688928.879028
0.33
 0 0 0 0 0 0 0 0 0 0 0 0 0
