1 401
70000499430.093964
70000904577.729370
70000509162.552963
70000668205.598083
70000192794.163651
70000018750.102219
70000102107.350388
70000229302.572937
70000230861.949997
70000027683.791534
70000802268.505295
70000639693.883224
70000600262.366409
70000315199.603180
70000919293.729462
70000746949.940628
70000989227.490723
70000866190.378601
70000817723.147095
70000612930.794586
70000267907.333862
70000033149.258255
70000949574.503616
70000177997.472214
1.000000
70000125434.205109
70000486636.750412
70000455939.251221
70000095982.688766
1.000000
70000806260.433105
70000253870.590454
70000605499.899048
70000360959.543289
70000044627.152908
70000760717.938965
70000505738.907333
70000568294.156815
70000177082.599976
70000752504.665085
70000840853.990417
70000075258.264801
70000590647.212692
70000059512.031158
70000209616.150803
70000585269.192139
1.000000
70000709412.111191
1.000000
1.000000
70000439641.205902
70000955321.500534
70000067835.051224
70000439930.319550
70000824929.438766
70000239670.001114
70000400393.514099
1.000000
70000361656.343216
70000348657.518890
70000666842.810852
70000121677.523087
70000217289.768860
70000325018.231171
70000320264.168137
70000571169.445801
70000610200.271423
70000117310.910660
70000937333.506927
70000292240.566696
70000130105.443771
70000714362.725113
70000846647.078064
70000954288.898438
70000720518.290222
70000859967.023010
70000006579.489334
70000951299.954758
70000825942.640137
70000681416.084381
70000543424.462067
70000716573.390625
70000736822.377487
70000094532.946335
70000058859.419769
70000828725.406387
70000866337.416412
70000400839.332809
70000438490.368759
70000900423.616714
70000240946.377960
70000166298.240326
70000578206.117615
70000242079.545380
70000892095.912720
70000771648.165039
70000426862.548050
70000085692.754211
70000091523.031784
70000822674.680084
70000982902.631531
70000075965.165283
70000364465.025970
70000904479.005035
70000070101.248352
70000606526.970520
70000534514.519012
70000839251.925400
70000549795.380417
70000538528.308960
70000600990.527451
70000772007.060638
70000587788.972214
1.000000
70000626053.997147
70000364705.229996
70000286152.547119
70000598645.476395
70000137756.468338
70000753078.209473
70000244762.384399
70000841620.439941
1.000000
70000233133.656082
70000617917.956665
70000203314.132233
70000684229.249863
70000324402.361023
70000724192.769913
1.000000
70000017003.727066
70000033125.414062
70000908186.250031
70000158485.083862
70000352833.727219
70000292909.319382
70000279400.797577
70000788308.408707
70000657581.194794
70000587863.671005
70000859648.707794
70000412840.510529
70000982399.211929
70000841042.009781
70000177668.008316
70000455768.715378
70000858013.152664
70000401173.669571
70000193262.560257
70000443365.272354
70000355699.985153
70000318005.631729
70000598344.670853
70000625269.249527
70000561300.493774
70000143154.882431
70000811589.450943
70000271894.865051
1.000000
70000253601.838776
70000069067.753784
70000739332.465714
70000552587.799118
70000440890.673447
70000935121.875702
70000747665.716354
70000621373.773819
70000266761.497040
70000233104.780502
70000431768.560791
70000059133.704712
70000639337.873001
70000927270.503098
70000655004.150162
70000591326.173248
1.000000
70000456061.520020
70000223974.264008
70000524453.243958
70000970428.113068
1.000000
70000489497.884689
70000981276.899811
70000872492.511383
70000475650.366898
70000360373.477463
70000560875.692780
70000714548.895462
70000944750.998428
1.000000
70000409702.050964
70000411092.411911
70000275005.105850
70000310493.235580
70000854110.610214
70000604667.899323
70000582252.275177
70000719312.273605
70000082459.161667
70000485424.868912
70000288517.084152
70000810736.912598
70000604875.305847
70000983848.851120
70000588903.111877
70000110408.694092
70000105313.748535
70000955198.161362
70000642016.302429
70000914100.994980
70000844116.957352
1.000000
70000062582.017075
70000435964.638077
70000184758.549042
70000419920.328705
70000190406.374634
70000898176.882004
70000051797.593491
70000232596.795822
70000628352.595184
70000327828.231522
70000168418.306946
70000309446.995270
70000295950.124512
70000387750.204849
70000119454.347702
70000975971.984985
1.000000
70000513301.584381
70000355723.178452
70000204936.142944
70000604223.542603
70000782240.180145
70000205420.527863
70000748542.871933
70000570182.323471
70000392644.151917
70000933493.707748
70000923954.017578
70000677862.031326
70000251221.637634
70000894119.035233
70000374741.796127
70000922589.931885
70000439976.847961
1.000000
70000991250.083878
70000072689.447693
70000298612.224258
1.000000
70000488605.387146
70000738273.704163
1.000000
70000145504.169952
70000402444.441315
70000790980.003647
1.000000
1.000000
70000435877.660324
70000299559.877975
70000860635.886581
70000091392.303375
70000776530.582840
70000368000.006927
70000375994.626068
1.000000
70000469545.224869
70000414274.032394
70000792233.401108
70000537269.650833
70000790456.293655
70000993992.336761
70000901972.063187
70000557771.734634
70000206253.819427
70000478413.107635
70000678558.589828
70000285725.422256
70000014010.949722
70000599332.106323
70000750118.972122
70000697088.281097
70000187861.508224
70000865806.180954
70000718330.955688
70000770646.704651
70000131396.171295
70000193158.451019
70000751178.753143
70000251905.575623
70000243857.498932
70000294019.512253
70000367344.949966
70000442700.576614
70000559289.176056
70000976530.215591
70000424516.333527
70000685997.163803
70000563847.546310
70000751253.259995
70000853255.710236
70000334174.550537
70000885406.275803
70000591804.868454
70000532184.202164
70000539914.204788
70000571265.808334
70000187807.971130
70000809706.322922
70000001347.195999
70000836702.809692
70000474546.595490
70000267240.150772
70000022285.837784
70000015131.148956
70000793896.376724
70000441005.264435
70000096190.256683
70000386603.551651
70000508913.271103
70000282761.240952
1.000000
70000613769.939865
70000774054.451935
70000427019.643463
70000189542.691803
70000758124.656158
70000481058.173294
70000255584.375107
70000204191.169922
70000782383.442612
70000504247.426773
70000854376.789459
70000802464.283188
70000615858.795456
70000062783.988922
70000284670.281036
70000290504.378922
70000023386.887955
70000938021.334778
70000209228.225800
70000476433.440598
70000418748.326096
70000118192.389542
70000603875.235092
1.000000
70000960769.040314
70000030733.718307
70000456912.887772
70000191186.542908
70000256448.552353
70000966919.044998
70000413972.121841
1.000000
70000777007.165268
70000361160.186005
70000809095.627625
70000000419.998276
70000107425.821960
70000955746.562439
70000683482.493042
70000174120.540848
70000699053.053452
70000792765.849579
70000267856.477509
70000050178.625320
70000288558.268051
70000166229.882111
70000673366.377625
70000574626.904892
70000660020.268814
70000598328.793884
70000594248.456253
70000235340.158875
70000241692.209045
70000616685.109116
70000626137.210281
70000835667.290359
70000605860.730042
70000660366.263870
70000661837.587173
70000642040.233566
70000280346.606659
70000890568.979263
70000931736.784210
70000506161.425125
70000809391.178345
70000623408.950012
70000381462.251312
70000063490.527679
70000796953.575668
70000503147.971054
70000533963.216125
70000589080.265381
70000544566.378387
1.000000
70000131384.936539
70000197545.011932
70000167739.674240
0.33
 0 0 0 0 0 0 0 0 0 0 0 0 0
