1 401
70000469455.719849
70000865927.628479
70000457163.171890
70000580142.401855
70000839224.155945
70000669081.993576
70000484850.274384
70000213495.371155
70000561162.068359
70000946815.068695
70000907995.371063
70000508104.972336
70000596208.332123
70000886750.323029
70000401488.074982
70000164723.942139
70000790916.612030
70000131749.648438
70000351333.736771
70000390553.013870
70000619572.801727
70000595071.158676
70000764219.453293
70000139043.654938
70000164797.023529
70000501130.723343
70000890768.923615
70000432297.949081
70000267870.493546
70000581246.445221
70000570515.352814
70000947016.842056
70000144139.294876
70000790541.955444
70000398491.095688
1.000000
70000621400.457382
70000067104.568787
70000047790.137207
70000232636.196243
70000652270.402359
70000895729.372360
70000538410.371567
70000663168.142593
70000127496.840271
70000594192.388992
70000580098.543228
70000732908.527496
70000437260.516647
70000430623.222351
70000937540.770157
70000921835.796600
70000374828.828842
1.000000
70000553381.074936
70000163898.801453
70000984243.993912
70000713407.527802
70000580784.620667
70000045339.379272
70000455739.479050
70000708315.130753
70000011965.030075
70000978424.368652
70000457491.350739
70000476224.314880
70000684258.429962
70000274321.175385
70000879464.627014
70000590539.931076
1.000000
1.000000
70000061359.928223
70000592177.746780
1.000000
70000321778.262253
70000471032.466660
70000189761.589447
70000393768.895660
70000896745.434128
70000127906.140717
70000987724.216522
70000266669.885696
70000709445.147339
70000570693.931427
70000086796.755814
1.000000
70000624057.039368
1.000000
70000075624.526688
70000098964.293793
70000322826.887589
70000578065.513367
70000079000.755173
70000618164.637497
70000940851.191010
70000987918.859100
70000423377.281860
70000098112.740326
70000574743.464447
70000140939.418365
70000792890.628647
70000695175.265259
70000634285.641769
70000461516.780975
70000068754.471893
70000165336.067902
70000217300.433731
70000321751.423111
70000846181.673141
70000474993.610565
70000449296.396164
70000314539.911713
70000023731.397339
70000487878.108383
70000555704.479965
70000768884.605011
70000932080.069382
70000860646.166367
70000980375.703781
70000166756.501419
70000716512.038742
70000341850.184677
70000473693.338150
70000711548.380051
70000425635.439941
70000935124.894531
70000126285.378433
70000011110.904007
70000604944.753510
70000459262.183868
70000273415.423080
70000784228.995346
70000726813.036713
70000509364.794922
70000513930.215881
70000958565.313278
70000606051.045609
70000473085.326981
70000237911.917267
70000474546.200592
70000954767.200302
70000020551.099197
70000394919.712418
70000889193.730148
70000839163.512909
70000623884.784698
70000170926.317352
70000042672.228867
70000917458.165710
70000379553.064697
70000416989.585770
70000373907.592056
70000375202.824905
1.000000
70000235976.901901
70000247197.903168
70000707011.768005
70000746853.577774
70000486543.750046
70000638725.844635
70000525633.926651
70000284990.682770
70000369036.857376
70000677082.544479
70000609319.059525
70000754535.559235
70000870954.293015
70000872254.743927
70000116244.569031
70000383165.921295
70000070911.048843
70000729833.281204
70000764537.510849
1.000000
70000231252.299667
70000456493.371811
70000448754.096848
70000053801.854477
70000318684.803146
70000723131.058853
70000593759.578659
70000683030.037308
70000707949.997894
70000471414.289810
70000135318.426041
70000304686.025513
1.000000
70000336252.045319
70000882698.838699
70000729329.447128
70000897397.826157
70000766164.571060
70000920177.657013
70000220333.385956
70000887946.482773
1.000000
70000170327.861343
70000405840.359024
70000622559.443420
70000069705.514908
70000529983.384399
70000040826.065765
70000570238.359192
70000729751.663635
70000704266.626480
70000821443.775070
70000173920.777710
70000862161.602142
70000359322.360001
70000321395.280807
70000584613.990479
70000299067.641953
70000496975.155777
70000835542.913635
70000751934.530121
70000547416.111771
70000881794.921707
70000828921.855347
70000738449.830093
1.000000
70000399166.236603
70000725846.423965
70000293567.567062
70000444879.112854
70000211083.265381
70000305720.276123
70000477198.149994
70000970291.497940
70000478515.800568
70000092514.183762
70000224832.350906
70000545606.139175
70000682853.447647
70000114681.993011
70000611498.176010
70000621595.955261
70000820595.138458
70000412447.089645
70000005726.384705
70000429883.425476
70000821426.961456
70000179949.299149
70000538374.408508
70000476003.137329
70000769112.905624
70000440591.688385
70000030576.408112
70000622969.554138
70000228798.677155
70000255912.575638
70000456127.343933
1.000000
70000479940.864777
70000175702.819122
70000053451.584274
70000356155.715927
70000569796.022507
70000014208.801941
1.000000
70000396980.014053
70000637549.787430
1.000000
70000280998.392838
70000549926.819565
1.000000
70000903872.646515
1.000000
70000186841.186356
70000938509.118423
70000268476.835831
70000933099.297348
1.000000
70000696549.487991
70000786028.716522
70000902846.902374
70000932795.556473
70000145691.277664
70000259958.511703
70000379473.088623
70000692472.858932
70000321335.891129
70000681466.999237
70000469338.101822
70000755926.485199
70000865888.727982
70000099870.171738
70000958699.796753
70000373833.881439
70000152788.731949
1.000000
70000922045.394241
70000571112.804199
70000613040.039612
70000731725.794983
70000657500.158798
1.000000
70000680949.785110
70000205908.463577
70000754473.681625
70000613589.780899
70000675880.818695
70000839273.108093
70000989684.710938
1.000000
70000911857.123566
70000777043.472870
70000330061.063278
70000549839.627182
70000912711.192993
1.000000
70000816291.332611
70000199924.259827
70000961269.843491
70000209964.987961
1.000000
70000154310.885788
1.000000
70000028175.429108
70000281619.894730
70000349386.199341
70000094560.944412
70000340246.381866
70000171894.791183
70000751073.708588
70000056359.717834
1.000000
70000489354.544235
70000741066.137268
70000182274.896851
70000720495.903732
70000245353.408936
70000881386.039719
70000681007.672012
70000910949.364944
70000624265.950989
70000679430.297791
70000726838.230316
1.000000
70000266020.000931
70000239905.757172
70000988601.225174
70000210210.895142
70000133369.254990
70000401903.612045
70000523004.778992
70000769223.415268
70000070464.860031
70000885541.189865
70000782438.406281
70000651909.029984
70000190316.888000
70000012986.916306
70000133560.834793
70000009223.842438
1.000000
70000214817.362457
70000616424.931946
70000804382.744980
70000500108.033447
70000643203.949203
70000263024.172943
70000524140.369965
70000391464.970474
70000984789.668884
70000234103.947357
70000856070.384857
70000455815.244812
70000952958.276169
70000270382.590225
70000154562.068817
70000334230.953766
70000519584.953705
70000968829.135895
70000389772.703445
70000937838.434891
70000717368.995499
70000708613.660019
70000952045.359558
70000648717.897522
70000672114.589233
70000397118.466721
70000270449.382782
70000327103.494049
70000613475.859543
70000878796.429459
70000272759.718475
70000339518.011780
70000754342.212708
70000501047.803558
70000030403.038849
70000343939.691223
70000352902.516129
1.000000
70000280621.302017
70000485290.559280
70000740679.096954
70000114951.037537
70000496259.193466
70000117741.429535
0.33
 0 0 0 0 0 0 0 0 0 0 0 0 0
