1 401
70000157643.312271
70000307093.072937
70000886110.807602
70000252034.474991
70000666751.690384
70000356980.331573
70000443452.700790
70000768556.173370
70000138658.158005
70000792546.917343
70000406801.868988
70000747998.121429
70000417108.698883
70000825771.981400
70000336141.794678
70000020870.272629
70000101070.892319
70000435480.007446
1.000000
70000085447.166885
70000861133.990570
70000606552.786987
70000708486.346786
70000317936.198181
70000233207.020950
70000438327.041565
70000904635.994293
70000742607.191132
70000816198.011398
70000759578.859009
70000496783.389145
70000896736.559891
70000912795.927948
70000201753.999405
70000384495.663284
70000714296.145218
1.000000
70000069346.546234
70000302904.302811
70000583910.352142
70000243673.991669
70000313998.638153
70000717109.938263
70000027290.998489
70000907556.492096
70000198099.767212
70000170773.428528
70000292064.636734
70000975734.226410
70000135971.128967
70000981972.053787
70000147438.702957
70000723642.471848
70000898479.192154
70000727199.387161
70000355886.944809
70000320812.300354
70000907873.305023
70000121439.514282
70000866824.359406
70000076188.740768
70000435630.047455
70000977788.046631
70000120524.683014
70000216648.707382
1.000000
70000706187.926224
70000696575.919693
70000181889.457855
70000635837.412384
70000119474.452896
70000946127.349411
1.000000
70000075706.715164
70000169427.817780
70000276954.951385
70000676274.788239
70000199283.042038
70000100172.155548
70000793339.242920
70000328005.964981
70000620634.438461
70000739946.816299
70000936815.576996
70000966770.980652
70000773415.606491
70000929446.204758
70000788181.444153
70000701534.398895
70000259279.486984
70000087083.883652
1.000000
70000023247.635498
1.000000
70000599993.930832
70000981986.886322
70000817651.132141
70000608589.763428
70000709163.322800
70000964920.121902
70000180484.052048
1.000000
70000703649.083542
70000322526.560608
70000642188.563110
70000519874.647186
70000752763.195068
70000280811.110779
70000367566.451385
70000966529.392517
1.000000
70000367635.811996
70000433174.534409
70000712492.624115
1.000000
1.000000
1.000000
70000716562.048386
70000885782.900818
70000426347.635513
70000977719.265259
70000844701.438263
70000583194.338455
70000683733.518250
70000044691.385956
70000497876.896194
70000371242.620895
70000075090.485306
70000676940.369141
70000583923.754257
70000637993.116409
70000051596.473404
70000368989.386871
70000312624.370377
70000549930.149155
70000807406.519882
70000695940.185471
70000206318.000793
70000770797.129730
70000546393.676941
70000611425.949142
70000168690.972855
70000433379.063354
70000405800.739151
70000938272.213715
70000596665.538513
70000739440.839432
70000459299.175293
70000957489.971207
70000167761.338150
70000170202.257538
1.000000
70000021751.082489
70000573880.129532
70000711818.067245
70000596707.224686
70000087838.887848
70000533583.570831
70000712438.006271
70000487464.445755
70000989277.712128
70000996768.656128
1.000000
1.000000
70000993281.157471
70000267603.914902
1.000000
70000263508.438248
70000097705.174927
70000954271.905304
70000866955.846039
70000068567.635391
70000489042.987091
70000140409.365952
70000157352.784393
70000038093.981216
70000763116.075424
70000395764.645477
70000775303.683777
70000519711.743179
70000757569.554123
70000229059.295441
70000587024.800369
70000228090.127655
70000613587.925613
70000603342.000046
70000860774.748260
70000700944.409805
70000837538.198318
70000068541.443604
70000391489.361298
70000264894.230515
70000095928.400421
70000648111.968506
70000578898.979202
70000266781.998642
70000999320.474472
70000928353.159744
70000386024.616302
70000195637.368210
70000258024.812653
70000049492.458511
70000202444.513657
70000566207.536469
70000151547.106964
70000086076.397888
70000036958.978912
70000529885.663727
70000997884.880203
70000249575.171906
70000838186.782745
70000357167.066010
70000489643.804688
70000094083.171173
70000544169.941803
70000870338.348404
70000408562.742310
70000457837.659317
70000998734.191818
70000579204.096527
70000799744.560669
70000108969.850159
70000622882.530762
70000131456.740128
70000421265.218201
70000652995.342056
1.000000
70000221782.311600
70000700464.140396
70000267755.079773
70000432620.194824
70000984018.825836
70000859430.410202
70000752128.635010
70000006569.310211
70000173381.223709
70000177028.645859
70000702021.774536
70000369651.803940
70000856640.909653
70000877330.195816
70000258635.685287
70000254457.016937
70000117902.760635
70000617045.002045
70000000476.343704
70000102473.843597
70000819088.907959
70000974306.506149
1.000000
70000233889.257721
70000802004.798065
70000870370.132080
70000917561.049347
70000826806.272720
70000461904.783646
1.000000
70000529590.516373
70000227348.276123
70000117035.499298
70000015348.335068
70000715609.329971
70000281544.539612
70000412917.270920
70000385623.897430
70000752203.186020
70000309385.093567
70000957248.934250
70000292218.607208
70000881773.726746
70000902679.236023
70000036304.606598
70000133764.402634
70000402991.281815
70000620361.413513
1.000000
70000413244.487747
70000693525.357559
70000305726.053986
70000873304.527298
70000327941.878082
70000698552.747116
70000967318.365356
70000436975.025757
70000696756.386810
70000872936.322433
70000028269.157349
70000042221.968231
70000528198.641937
70000710133.116409
70000427015.266052
70000057320.274628
70000220336.965622
70000111179.865906
70000515130.947769
70000697905.021286
70000682399.123871
70000467250.755325
70000508141.720413
70000477672.888062
70000785965.115005
70000071798.744324
70000376069.940674
70000285662.489273
70000790944.145340
70000468966.662659
70000717264.184708
70000382462.171173
70000014641.811462
70000515296.904465
70000325599.629608
70000901133.389847
70000423963.854385
70000820834.103745
70000164900.925827
70000893595.632736
1.000000
70000751983.203979
70000704165.677795
70000727434.104935
70000948694.248886
70000822701.106674
70000848749.252518
70000136094.365097
70000976978.134232
70000987759.346756
70000128382.221512
70000692468.813065
70000625775.627731
70000298559.485428
1.000000
70000500994.269928
70000847741.097107
70000857686.962891
70000980768.609421
70000138928.868469
70000693169.454330
70000268331.060623
70000185210.752533
70000336575.527527
1.000000
70000851725.516998
70000379550.312119
70000982312.080948
70000542832.974503
1.000000
70000963339.364990
70000885279.611877
70000813790.697906
70000139328.217392
70000185873.180725
70000158942.515900
70000697856.350220
70000770729.035233
70000004238.868301
70000843258.472107
70000892829.953186
70000948608.336334
70000333675.295273
70000060692.662186
1.000000
70000997051.862305
70000477432.164047
70000259324.453964
70000682521.956955
70000051099.409973
70000911905.041031
70000103141.442490
70000038513.114075
70000585938.753601
70000776713.214096
70000603711.330826
70000357241.836258
70000050533.322357
70000676977.826233
70000945966.928497
1.000000
70000320974.403290
70000073578.765106
70000569035.843506
70000870665.287033
70000204009.855286
70000891805.937347
70000903064.490402
70000940624.812286
1.000000
70000331243.945480
70000999520.799164
70000979293.557129
70000262765.725769
70000473425.754669
70000371794.507126
1.000000
70000773584.399185
70000193605.851578
70000652425.708710
70000692046.164230
70000977455.257935
70000229417.588135
70000145624.442795
0.33
 0 0 0 0 0 0 0 0 0 0 0 0 0
