1 401
70000480398.123322
70000337806.473770
70000702585.387146
70000127354.440109
70000947646.576416
70000062428.928192
70000179515.984070
70000938911.648529
70000206638.216751
70000415246.570633
70000933660.844421
70000835394.088470
70000207773.225082
70000688373.804504
70000316128.118729
70000356435.830536
70000676827.392014
70000490526.764145
1.000000
70000608721.609894
70000728604.357376
70000668635.702118
70000375039.628418
70000045546.232315
70000821883.526276
70000508519.490433
1.000000
70000901645.926605
70000626149.208145
70000017876.169586
70000685823.245499
70000126310.390335
70000629788.728058
70000742498.646835
70000166432.822098
70000812324.891434
70000375817.659973
70000949853.446365
70000062445.537857
70000472376.262878
70000938356.204834
1.000000
70000120645.109985
70000873768.172714
70000356309.576431
70000624260.983398
70000729039.841904
70000996731.775558
70000485092.690033
70000236502.666397
70000975743.353149
70000389189.002365
70000769446.998199
1.000000
70000306314.282364
70000186113.152298
70000029144.476105
70000529063.740005
70000848404.509171
70000335090.649628
70000105271.442047
70000247289.387024
70000399059.741898
70000444888.828613
70000563611.745148
70000446936.852386
70000102406.661713
70000675961.222885
70000009723.708664
70000287360.293396
70000344349.082062
70000783634.673691
70000842548.473679
70000257081.311279
70000912883.384995
70000783387.800156
70000833996.914963
70000708916.919815
70000193469.142303
70000455882.598541
70000575823.368256
70000516724.960831
70000899081.224030
70000845039.579788
70000789930.958725
70000276255.651642
70000714955.205734
70000615896.602768
70000195941.404282
70000441392.900360
70000177224.992981
70000320306.655411
70000309513.487717
70000505339.151520
70000170921.567322
70000072524.199036
70000089540.422791
70000000267.407852
70000655166.346634
70000934166.440811
70000528525.597183
70000190405.514801
70000115760.137466
70000828944.333511
70000594159.666016
70000301970.170715
70000034608.789093
70000908315.255997
70000771558.681046
70000407760.256180
70000133286.832184
70000815078.004135
70000385742.386368
70000864254.301987
70000701205.258362
70000089017.022766
70000010517.537933
70000315453.365784
70000578635.796616
70000665587.879959
70000545794.931763
70000644156.365768
70000254879.294998
70000116178.143799
70000510823.353912
70000527635.803223
70000378330.506317
70000495015.589111
70000024828.296585
70000448487.810150
70000144262.567703
70000912424.956070
70000258508.601410
70000817857.286972
70000806609.780899
70000112774.010788
70000698414.787842
70000464810.736588
70000177049.120697
70000725550.534668
70000427826.411606
70000747718.758774
1.000000
70000188144.779678
70000078729.922485
70000392247.969925
70000535653.105743
70000441882.186157
70000111520.914795
70000535953.335983
70000288335.577057
1.000000
70000501934.210678
70000573112.792877
70000178527.873276
70000260827.787552
70000015416.849594
70000454650.595139
70000568662.812210
70000710416.050476
70000526565.705734
70000970452.271927
70000201316.987930
70000192757.359131
70000349414.810349
70000031713.680038
70000052028.275223
70000616292.920883
70000704492.968353
70000670852.680862
70000548284.550812
70000101818.102280
70000738951.313446
70000998149.515076
70000604647.980225
70000129997.119492
70000219247.943146
70000372844.322128
1.000000
70000316549.769943
70000146186.946411
70000796163.658829
70000051651.622543
70000002051.336594
70000359221.453003
70000917102.128738
70000001907.445251
70000089316.567307
70000258054.853317
70000302010.353027
70000593313.339951
70000666912.373566
70000757611.217117
70000170347.304626
70000902130.408035
70000351289.317398
70000777587.323547
70000530621.913712
1.000000
70000344143.675217
70000725256.641434
70000322453.372665
70000802891.186386
1.000000
1.000000
70000065869.824356
70000749301.170044
1.000000
70000866452.586868
70000949031.012039
70000921972.504044
70000849986.169174
70000221829.519699
70000586157.796555
70000029664.065918
70000224902.115814
70000154613.910156
70000587937.443680
70000100658.970490
70000271639.650223
1.000000
70000967285.182526
70000521151.041183
70000807069.255417
1.000000
70000510479.627716
70000687577.992859
70000619073.198090
70000633362.000610
1.000000
70000326016.073608
70000183572.784973
70000677228.570755
70000219030.807068
70000467485.293274
70000580341.540634
70000586544.181488
70000930260.041183
70000981152.765808
70000662985.073990
70000208240.953613
70000725206.867355
70000106090.669281
70000799156.065628
70000038688.302139
70000626388.063446
70000637502.255920
70000814265.476135
70000561142.228165
70000214679.840515
70000075396.990524
70000445163.494797
70000413476.728638
70000845747.852310
1.000000
70000358044.879791
70000536431.611465
70000287363.953354
70000962541.763992
70000470012.663788
70000222093.578079
70000840414.185745
70000813706.569122
70000715038.437820
70000292870.073547
70000945000.306808
70000099469.109619
70000111531.678040
70000181936.859985
70000627255.339706
70000121695.859909
1.000000
70000307502.085770
70000106242.613876
70000487402.723816
70000511445.174057
70000485338.522598
70000250868.311111
70000281722.510818
70000304174.528885
70000454192.691986
70000812987.709656
70000166893.965042
70000599080.484131
70000640685.177551
70000769129.921173
70000660804.619080
70000939503.006287
70000181091.754425
70000299690.694305
70000435577.089401
70000300375.358582
70000007153.691315
70000515339.336044
70000133510.275894
70000581295.773651
1.000000
70000349867.631195
70000010657.198090
70000322092.159500
70000992579.507767
70000347565.313843
70000701166.969345
70000772857.496750
70000362020.174438
70000791297.407837
70000194049.149094
70000782091.346115
70000054753.090088
70000450936.037018
70000167309.448593
70000326339.301743
70000068146.905396
70000568086.432037
70000514675.347412
70000460865.869080
70000766105.515656
1.000000
1.000000
70000533157.381409
70000526454.396255
70000991285.846024
70000031136.180634
70000473398.461014
70000309556.123932
70000231155.618011
70000119655.466629
70000062407.780701
70000427952.014252
70000404205.692230
70000690690.400742
70000434429.611267
70000359272.675644
70000507458.284500
70000801565.988647
70000725403.166046
70000247392.638290
70000097061.566849
70000304360.190521
1.000000
70000127158.101288
70000133517.251068
70000198090.998459
70000826661.375214
70000858763.305954
70000096558.185822
70000496937.312180
70000657085.703644
70000432288.539093
70000038292.137268
70000219921.803986
70000173137.259552
70000394342.616058
70000110403.833817
70000217574.876526
70000521103.039276
70000649004.587601
70000749802.092270
70000455670.993423
70000569625.898361
70000019051.879456
70000038495.330643
70000397024.074341
70000947355.751877
70000162481.140732
70000029945.888046
70000148301.708633
70000357227.457321
70000505475.734268
70000279172.424713
70000573386.294006
70000150014.064835
70000733913.084183
70000448562.532547
70000631550.017975
70000071588.449844
70000642770.590744
70000553515.273560
70000745325.677277
70000236747.464752
70000157863.997696
70000078010.162643
70000447012.533401
70000717275.944641
70000636224.103546
70000045236.708725
70000406692.934952
70000813944.678192
70000733273.412079
70000323348.427750
70000996283.798996
70000936521.944931
70000203612.925476
70000698467.269943
70000746680.575027
70000866493.472931
70000992530.517761
70000046621.891861
70000343733.185837
70000915676.277054
0.33
 0 0 0 0 0 0 0 0 0 0 0 0 0
