1 401
70000203957.918411
70000021711.563538
1.000000
70000953445.594864
70000860888.153732
70000540048.151764
70000357303.984116
70000956047.570511
70000993707.943527
70000713526.671310
70000733200.444733
70000055647.492462
70000909474.394974
70000471192.787033
70000001806.613190
70000407955.015213
70000675258.684494
1.000000
70000028723.114853
70000254834.552643
70000231299.523651
70000320743.060730
70000801160.098602
70000177610.419510
1.000000
70000141002.857254
70000843269.403824
70000698157.508255
70000977410.342590
70000050500.726532
70000674618.760864
70000780219.341919
70000048616.454422
70000052274.444443
70000498665.932083
70000861308.700439
70000751045.793945
70000708674.273758
70000631353.143463
70000134835.181442
70000832143.300461
70000508237.456421
70000792811.527527
70000580349.056122
70000103341.895508
70000210951.153137
70000184913.052246
70000523768.206665
70000237460.151901
70000790879.872162
70000956058.957275
70000865932.040237
70000394916.614578
70000611061.452789
70000181451.747574
70000254395.476379
70000468606.974380
70000869556.225815
1.000000
70000008189.511627
70000813778.556458
70000328266.305771
1.000000
70000398524.876251
70000980600.802582
70000604307.600006
70000276408.172653
70000706383.617706
70000715991.975586
70000481575.141846
70000682948.780685
70000931286.271149
70000116782.213608
70000814697.294876
70000225654.776505
70000785457.919754
70000723288.545776
70000440408.967239
70000362735.118118
70000895726.744400
70000348161.696732
70000297165.391876
70000072645.296921
70000204711.069626
70000099756.735764
70000653972.760315
70000035586.616577
70000007342.980148
70000908691.135727
70000497363.861221
70000790215.360550
1.000000
70000110433.767273
70000149772.394150
70000407135.886932
70000872073.021759
70000993032.395508
70000091176.409256
70000865651.591904
70000674684.999496
70000465947.463577
70000788553.114120
70000038460.803680
70000387299.283783
70000963418.179886
70000417068.864563
70000579386.473648
1.000000
70000271136.633377
70000098509.719009
70000497627.889084
70000959497.283142
70000215517.938416
70000366781.240356
70000282631.399155
70000788750.403778
70000815516.128418
70000702042.748108
70000002434.141281
70000018521.682739
70000290193.201141
70000100196.306366
1.000000
70000280554.835114
70000202094.128815
70000296101.871872
70000468064.584244
70000127125.769226
70000362815.174515
70000480868.309814
70000640852.079422
70000481281.182663
70000411806.191620
70000670420.310287
70000110343.404587
70000248277.263657
1.000000
70000992663.727402
70000475109.781998
70000025906.858124
70000507169.801910
70000143807.644867
70000825042.355362
70000161591.787155
70000306138.742157
70000880314.642593
70000774378.454773
70000604325.270172
70000990374.948624
70000516748.116730
70000261448.203918
70000112859.196564
70000117804.663834
70000782039.745331
70000591444.348785
70000451518.616272
70000748540.572510
70000595132.842758
70000546897.963867
70000784198.921555
70000937350.857346
70000741702.296524
70000630661.565720
70000048816.884384
70000131786.506287
70000683716.150269
70000812060.461288
70000034803.545685
1.000000
1.000000
70000277021.296936
70000810812.737518
70000519739.322296
70000351230.240875
70000786045.093094
70000288862.197937
70000584656.346161
70000093475.522934
70000943571.854568
70000426589.223877
70000089816.773102
70000528768.467590
70000170647.749069
70000637752.548233
1.000000
70000954010.209595
70000643406.260284
70000855407.073425
70000627572.749023
70000200500.880737
70000718308.990463
70000215385.520920
70000361247.528381
70000576839.275146
70000310144.473389
1.000000
70000125950.379089
70000235636.219238
70000527845.227722
70000048547.751892
70000484514.830811
70000031635.434616
70000597542.670685
70000387921.117386
70000715749.509598
70000813806.267685
70000973482.725800
70000526673.228470
70000169839.559601
70000888127.625885
70000425286.870544
70000108335.840622
70000275224.587570
70000107614.028519
70000926829.657562
70000216522.640289
70000213222.188736
70000831754.282669
70000948268.939865
70000857041.429276
70000937738.222549
70000362714.697632
70000446195.119736
70000166904.003067
70000118235.402023
70000664438.222900
70000230133.743698
70000545247.663467
70000674271.054337
70000067448.408279
70000721475.990097
70000223654.477051
70000219428.601852
70000069433.617996
70000549397.621613
70000837974.641006
70000825741.466339
70000433322.005569
70000086191.003616
70000334412.968536
70000424661.667526
70000507457.480469
70000519553.860519
70000912873.636520
70000154804.730927
70000849196.230637
70000115235.638092
70000625292.432419
70000914388.129196
70000616616.802567
70000469558.228455
70000653991.579071
70000344028.495438
70000192170.735046
70000303458.543594
70000113546.640015
70000316395.715897
70000426408.612640
70000174581.261063
70000094430.422653
70000014430.609146
70000016097.154114
70000831334.345245
70000448843.857941
70000864732.916260
70000570554.838058
70000583011.536621
70000563177.855652
70000411378.138611
70000640841.498108
70000089472.900894
70000746597.821747
70000694848.419113
70000663947.462662
70000782942.116287
70000851443.372681
70000591351.125534
70000219844.361511
70000540659.644562
70000138358.627487
70000215942.347260
70000783844.094437
70000103116.066254
70000524404.384476
70000600014.489487
70000406621.128693
70000201858.936310
70000645044.205673
1.000000
70000785117.853012
70000993247.909286
70000537460.904602
70000530884.379395
70000800390.398117
1.000000
70000643479.930359
70000705083.990707
70000446482.307541
70000835769.058060
70000033268.659210
70000130450.578232
70000855191.200256
70000486191.366714
70000910083.374191
70000827617.174683
70000710826.883118
70000343715.800095
70000412326.204483
1.000000
70000227720.940674
70000008793.865173
70000235157.614410
70000506029.747757
70000159732.223999
70000557697.133820
70000750136.471756
70000051613.534668
70000579762.097366
70000974175.962265
70000744228.389130
70000453688.066849
70000188724.317551
70000533842.893723
70000630531.978882
70000241774.635498
70000994658.933594
70000419246.819855
70000746574.452515
70000322787.656021
1.000000
70000427029.916168
70000825657.784286
70000074910.785049
70000332127.231216
70000330873.057983
70000740127.702164
1.000000
70000649769.734909
70000503224.401855
70000754914.432281
70000672334.419846
70000683451.017975
70000362024.757416
70000292206.642380
1.000000
70000436845.375290
70000631246.270233
70000758218.476624
70000290536.501434
70000143084.757538
70000411299.189133
70000843045.664581
70000723244.149750
70000991007.627457
70000605402.107559
70000381394.564377
70000533652.724915
70000253174.250732
70000843271.071960
70000062599.120300
70000881105.789932
70000838065.691055
70000543106.149872
70000616590.547302
70000026000.717041
1.000000
70000792663.880493
70000834994.449371
70000596634.408981
70000852507.585251
70000628269.727783
70000925949.384369
70000357523.681000
70000291697.635223
70000480203.966141
70000952558.635529
70000127793.687347
70000661160.814529
70000928275.027359
70000219058.254807
70000346895.679001
70000197623.323608
1.000000
70000665069.068253
70000602961.889038
70000549122.195175
70000335126.403564
70000073181.601639
70000359955.667358
70000370924.881393
70000917746.992493
70000000612.982162
70000710048.669083
70000365538.654495
70000844315.821182
70000294856.627289
70000453858.115463
70000223848.237305
70000684966.777283
70000145649.431213
0.33
 0 0 0 0 0 0 0 0 0 0 0 0 0
