1 401
70000303187.494873
70000323940.256317
70000916353.069138
1.000000
70000216784.348755
70000465531.584442
70000963019.334457
70000325078.655914
70000306261.526703
70000212997.371323
70000231048.800034
70000643770.394272
70000573305.756805
70000897666.039566
70000686805.177597
70000211123.932495
70000127035.917206
70000515131.406982
70000576431.382584
70000551585.733917
1.000000
70000234966.068512
70000572050.400726
70000016799.671997
70000487169.624573
70000158730.180191
70000772035.965958
70000537884.119675
70000327672.224380
70000562095.479996
70000080131.744202
70000973509.816849
70000881107.490128
70000724556.507599
70000754312.209274
70000218776.923309
70000019829.217560
70000582466.772049
70000320477.865723
70000339826.370987
70000736442.416016
70000004981.991409
70000542347.641678
70000201008.082672
70000761455.981720
70000627542.219757
70000070102.725662
70000075051.197784
70000545660.368195
1.000000
70000497385.578629
70000182796.049164
70000312588.213577
70000607048.058136
70000270767.295822
70000036218.961945
70000586738.222229
70000484519.440338
70000148319.640930
70000322242.355621
70000124936.591003
70000593844.473312
70000423638.278809
70000482524.108337
70000868866.149094
70000414819.074051
70000919521.911743
70000075768.316086
70000973566.794815
70000965981.172150
70000236396.480515
70000749646.188995
70000812321.244751
70000071488.617676
70000383551.611008
1.000000
70000143085.023972
1.000000
70000914546.008957
70000218569.395874
70000542941.260406
70000841870.730286
70000478138.528122
70000342727.986847
1.000000
70000442826.818314
70000396453.412399
70000235324.201416
1.000000
70000427541.578384
70000526490.616577
70000763080.394104
1.000000
70000355061.952408
70000234648.378479
70000392300.721420
70000872474.560760
1.000000
70000726184.116135
70000486079.055817
70000144497.552200
70000857313.657959
70000816154.420288
70000882231.387543
70000341628.447784
70000644060.815430
70000639084.399826
70000377031.253067
1.000000
70000580729.188766
70000901515.029404
70000467211.399124
70000665236.656281
70000868270.878387
70000874113.878403
70000720603.479660
70000067772.677567
70000584178.046799
70000220960.381088
70000791502.731155
70000041556.160324
70000516929.974045
70000885607.205780
70000262411.875092
70000409776.943512
70000938325.599106
70000191037.423904
70000041295.734451
70000738974.985107
1.000000
70000203867.841888
70000893943.624466
70000850189.623322
70000992440.049942
70000567712.237717
1.000000
70000636860.961807
70000480064.598984
70000448200.949158
70000077202.253311
70000721105.828522
70000800932.161880
70000193882.312546
70000373087.331619
70000882264.911179
70000237168.427460
1.000000
70000688811.800125
70000163446.795380
70000045061.894043
70000747548.945023
70000619503.110962
70000300769.737976
1.000000
70000289475.737045
70000319321.327118
70000503713.958496
1.000000
70000799684.062988
70000887371.459381
1.000000
70000495189.779175
70000583492.533112
70000592265.046219
70000392335.449585
70000484135.206635
70000673332.538879
70000093924.868286
70000461470.960358
70000380465.825546
70000023694.536835
70000307402.943695
70000494430.625351
70000264667.087845
70000774598.190659
70000227088.224167
70000102283.971954
70000180332.465210
70000367230.030807
70000420078.768005
70000860071.876938
70000824771.904495
70000246808.293991
70000182873.095016
70000706246.135864
70000886586.343765
70000392167.219574
1.000000
70000921003.045120
1.000000
70000600239.286118
70000594723.171722
70000658325.509811
70000589543.249527
70000064650.382935
70000841965.748764
70000012251.701797
70000440268.751144
70000112706.088760
70000404067.639084
70000644056.388855
70000004624.119736
70000787898.276230
70000495064.884369
70000021233.242233
70000681315.672638
70000161186.858887
70000176585.804291
70000407412.739044
70000144036.321213
70000306039.894714
70000383197.281189
70000239128.655258
70000241374.757706
70000051246.014496
70000197047.647827
70000714999.451584
70000589149.743942
70000474485.760773
70000319843.724503
70000452172.343369
70000080904.081818
70000615390.778336
70000858660.684036
70000605481.849945
70000216224.375961
70000617951.354752
70000398274.494629
70000231987.286865
70000621110.072220
70000905044.805267
70000254535.958878
70000464667.271591
70000707749.179489
70000074205.312485
70000437467.234100
70000932427.398010
1.000000
70000098567.730362
70000849628.153717
70000301047.683868
70000317188.691849
70000324323.134979
70000265385.752228
70000010589.240234
70000476370.630981
1.000000
1.000000
70000328053.016693
70000438431.697937
70000728784.342682
70000942857.834595
70000272692.055588
70000568201.485931
70000361126.119370
70000593583.905914
1.000000
70000966623.673447
70000288362.627731
70000657426.704391
70000093982.027573
70000086336.373627
70000589057.702042
70000318356.882233
70000292126.965286
70000671832.473480
70000768424.317810
70000468338.778198
70000318700.950241
70000238180.419754
70000168987.122879
70000845153.941116
70000829558.144318
70000194787.749100
70000108389.500412
70000927247.953995
70000022261.852112
70000946968.808884
70000145013.833481
70000944129.055542
70000240304.811020
70000862391.091003
70000996505.014053
70000664644.640610
70000065417.592575
70000714005.488556
70000565516.354111
70000214660.151550
70000334578.568314
70000222107.324966
70000628018.582809
70000844336.415314
70000834832.307816
70000891780.307480
70000753670.503403
70000495700.597076
70000714686.242035
70000714099.991409
70000708614.216614
70000693127.973404
70000969450.655792
1.000000
70000618266.757721
70000964644.048798
70000055117.481598
70000923647.953781
70000721781.328293
70000472710.217255
70000572153.029114
70000533270.114197
70000073232.658707
70000495497.328323
70000026184.456741
70000555564.797516
70000143139.027100
70000354431.325226
70000802538.707672
70000443444.509323
70000318351.941849
70000228202.677429
70000661959.201233
70000794121.894272
70000353490.072067
70000170980.095245
70000548701.794037
70000372074.274765
70000217774.155518
70000149433.261566
70000789139.659302
70000029569.126068
70000643779.518997
70000458562.155899
70000858233.700089
70000713084.986069
70000128779.521606
70000943798.594421
70000875537.796677
70000444809.798721
70000335488.810272
70000544728.101013
70000941141.305069
1.000000
70000105298.554977
70000245626.111816
70000910719.110291
70000872941.332260
70000352147.485733
70000599828.264740
70000513310.567307
70000973536.673538
1.000000
70000469698.094833
70000609206.150146
70000371134.205826
70000123390.392166
1.000000
70000910197.619064
70000545047.379395
70000726155.307755
70000464089.028488
70000068796.253296
1.000000
70000644544.805817
70000788065.971741
70000559665.762177
70000565274.020355
70000860623.917999
70000156049.577072
70000699438.389603
70000652240.844467
70000289448.151779
70000069117.883072
70000503041.910110
70000860363.058578
70000453148.537201
70000320846.675400
70000294557.680084
70000978465.047882
70000769116.826385
70000161709.854385
70000241329.517593
70000994031.411163
70000733248.871994
70000635709.148804
70000950051.708817
70000643606.013260
70000298994.500092
70000301959.797272
70000845534.020325
70000571594.617462
70000767030.195938
70000587916.538116
70000030799.909546
70000934879.822525
70000251270.019638
70000409386.881775
70000058642.062820
70000087432.364563
70000347965.410889
70000228911.227631
0.33
 0 0 0 0 0 0 0 0 0 0 0 0 0
