1 401
70000678825.615631
70000306685.836395
70000512351.348938
70000831906.461777
70000327913.937393
70000759277.320312
70000664736.647720
70000323955.414032
70000041752.075317
70000430439.520813
1.000000
70000505399.193253
70000471348.060593
70000591979.250793
70000616629.431229
70000267423.877365
70000887414.522003
70000849267.996460
70000780555.433899
70000846074.923920
1.000000
70000856296.141769
70000687243.998016
70000412737.399963
70000874635.108612
70000347243.901062
70000390083.504364
70000839150.157608
70000097222.546402
1.000000
70000215108.407166
70000645175.863754
70000771790.316315
1.000000
70000724680.869980
70000122105.243271
70000874420.640091
70000429553.694046
70000952152.098480
70000386814.261871
70000771736.104568
70000826698.311554
70000413039.567764
70000543959.176636
70000799140.439804
70000791038.832947
70000870449.375809
70000817161.290237
70000455750.672623
70000641285.295639
70000672533.777618
70000557063.471054
70000090558.284042
70000715414.044693
70000609498.891876
70000772322.798569
70000332960.941788
70000264371.782196
70000168024.789001
70000209845.652069
70000734158.866623
70000022349.808807
70000250772.152390
70000600220.968048
70000481633.958878
1.000000
70000954787.244934
70000608993.546692
70000924845.967255
70000165185.358002
70000082474.662064
1.000000
70000543489.038956
70000917683.247040
70000404852.745819
70000836614.537781
70000878667.594131
70000213805.457169
70000507996.887268
70000323632.979446
70000678488.021744
70000579798.684906
70000194122.841873
70000883521.915817
70000616504.538986
70000287667.393311
70000929945.940231
70000025351.081467
70000343016.669312
70000249019.745361
70000981670.935654
70000466131.936340
70000070392.678909
70000711891.041885
70000132635.540115
70000047771.105453
70000500993.796341
70000282616.900543
70000092860.869202
70000978810.890808
70000294123.115677
70000628681.366165
70000195701.438538
70000452168.426392
70000830998.537415
70000444172.685471
70000994686.965286
70000494179.659409
70000677269.767548
70000562409.157990
70000726546.076477
70000501287.326569
70000069309.052338
70000794934.599640
70000851979.467529
70000276035.318954
70000411815.854752
70000154129.407425
70000986867.523956
70000593536.593140
70000574956.653595
70000447613.989502
1.000000
70000679567.020172
70000721607.570343
70000964124.943848
70000308748.795013
70000908605.787750
70000810854.281616
70000139147.200256
70000473308.105347
70000403021.188675
70000816115.665009
70000931539.098175
70000356303.088364
1.000000
70000405239.815918
70000300012.984589
70000742520.326859
70000733501.503586
70000808815.051910
70000898380.700531
70000935248.678741
70000037729.965958
70000858445.233414
70000938970.339798
70000683042.839966
70000325715.990356
70000451832.570877
70000692535.785187
70000616911.703247
70000533077.261887
70000710080.677063
70000001038.905243
70000087023.848679
70000356495.096481
70000686540.243820
70000642883.106018
70000283355.207382
70000367563.823059
70000516358.012314
70000785219.881973
70000114665.543869
70000923621.978455
70000689032.282791
70000273062.859436
70000907044.620956
70000120063.297073
70000798973.903732
70000349231.688004
70000529452.266830
70000309702.673859
70000377111.907150
70000506004.172104
70000592109.696869
70000606667.136841
70000684321.717224
70000805793.857437
70000240456.745285
70000987331.894730
70000606290.386765
70000198104.073517
70000750949.623703
70000838802.248703
70000681903.009735
70000053633.547409
70000776238.088058
70000981970.566422
70000074409.131241
70000676001.936462
70000898099.083405
70000476746.356110
70000989071.177155
70000905166.472427
70000843665.178497
1.000000
70000130329.552765
70000278840.295715
70000449815.767776
70000601805.617905
70000663145.618057
70000804021.814133
70000560978.996872
70000855070.174942
70000065163.023453
70000675207.667770
70000972816.864090
70000034365.474030
70000499301.187149
70000980203.054398
1.000000
70000935275.462296
70000869229.733780
70000939869.077301
70000585741.949554
70000254396.794617
70000660736.055481
70000740560.013138
70000080360.815125
70000693174.867691
70000016984.471115
70000303557.578644
70000869848.792175
70000734140.952560
70000405955.758255
70000599531.878067
70000762489.660675
70000913104.890045
70000922967.911072
1.000000
70000247506.282089
70000614401.520706
70000156841.697769
1.000000
70000490168.870560
1.000000
70000804215.989182
70000776935.425293
70000958950.385376
70000017187.953598
70000027394.116943
70000000287.187790
70000635183.058090
70000155698.259491
70000319651.166565
70000355155.540421
70000444595.083878
70000283696.872894
70000092308.781204
70000316737.786224
70000146252.126999
70000878545.185425
70000356655.414795
70000627407.880264
70000549472.680557
70000327807.772964
70000454976.339935
70000113367.306732
70000311008.825623
70000913874.352448
70000569735.033035
70000079550.880295
70000234380.624100
70000625529.720459
1.000000
70000987405.920120
70000940741.693344
70000551023.356628
70000310699.820923
70000002631.007004
70000663241.714233
70000888062.672958
70000716573.579666
1.000000
70000262391.248138
70000665777.511337
70000440764.945175
70000289694.899811
70000138124.773209
70000950950.613724
70000118294.463303
70000487099.821823
70000502563.992493
70000366706.998215
70000199876.251465
70000199222.970688
70000127478.306030
70000755514.288330
70000372130.095932
70000070103.801392
70000585417.771133
70000206960.608505
70000436372.916138
70000689349.016998
70000828007.021393
70000797004.494125
70000000257.540146
70000973527.555161
70000412449.596741
70000583810.112457
70000861384.796265
70000179789.975845
70000852267.725128
70000056145.236191
70000495038.560440
70000095488.911880
70000883593.282288
70000439646.055740
70000791628.408936
70000900268.259140
70000790261.077316
70000929650.724564
70000023196.779373
70000794545.603745
70000196399.573380
70000665811.276245
70000160326.219299
70000283275.512085
70000382698.247665
70000008991.868805
70000127457.178955
70000444941.757782
70000446191.304642
70000189038.119400
70000537961.811081
70000511856.910599
70000515301.846085
70000771867.576523
70000248199.890228
70000890301.439270
70000234848.700119
70000507065.584854
70000546306.357330
70000562180.140060
70000065400.031784
70000791174.822174
70000209208.057220
70000192148.700378
70000713510.516586
70000542997.319748
70000943144.077789
70000451151.388580
70000742191.876709
70000065066.297424
70000154103.147400
1.000000
70000276451.731400
1.000000
70000674519.519974
70000726915.586060
1.000000
70000729678.254410
70000261326.990936
70000192666.686340
70000626787.605042
1.000000
70000959012.193939
70000839288.124115
70000069327.069458
70000688818.763992
70000803293.726547
70000471893.842712
70000401830.226974
70000381221.564316
70000554164.460648
70000298615.386032
70000364169.461349
70000862116.708466
70000716158.361755
70000244726.452698
70000628871.003632
70000184988.610397
70000977333.309189
70000808609.086212
70000529308.484818
70000009664.872879
70000426520.022964
70000946393.990906
70000989820.355331
70000316134.597168
70000502678.194534
70000841851.511566
1.000000
70000974217.816437
70000161606.975128
70000723188.108734
1.000000
70000899301.206924
70000595368.783417
70000579618.574249
70000240825.196243
70000846610.091888
70000644775.444275
70000878250.588318
70000146268.589722
70000000784.550323
70000499278.879211
70000024468.249527
70000607160.591629
1.000000
0.33
 0 0 0 0 0 0 0 0 0 0 0 0 0
