1 401
70000825719.192963
70000512169.643921
70000701125.188065
70000537172.877640
70000713200.046570
70000735440.778625
1.000000
70000160964.575821
70000634796.562119
70000507610.215256
70000229264.519699
70000013330.253448
70000150248.679825
70000290805.437653
70000093549.271103
1.000000
70000583041.604416
70000892244.485855
70000152370.577179
70000782500.587204
70000493711.155304
70000360519.725037
70000531653.282440
70000597214.367020
70000428958.863632
70000973318.142410
70000078890.879517
70000298944.448288
70000834057.176956
70000075921.572495
70000434630.229752
70000841060.500122
70000876249.498260
70000481474.255814
70000844306.386307
70000811161.737152
1.000000
70000326969.712646
70000073722.095459
70000521334.081894
70000934117.466583
1.000000
70000222678.779770
70000356552.308640
70000378319.663406
70000666083.624878
70000356911.800476
70000915256.558746
70000904264.795914
70000077725.835129
70000192612.937500
1.000000
70000392746.303665
70000960239.438934
70000206293.424728
70000937240.009476
70000214020.132065
70000013531.334152
70000910341.454803
70000585420.028397
70000118313.396225
70000873695.524597
70000308510.437256
70000284759.829971
1.000000
70000712712.598526
1.000000
70000910463.351257
70000381133.176239
70000823565.885193
70000640956.652710
70000888191.967712
70000018690.192795
70000500350.967957
70000408115.538742
70000239677.298721
70000062845.672211
70000964597.434937
70000475163.151855
70000310578.540802
70000205632.925323
70000999182.918701
70000723366.689850
70000533056.236877
70000748459.294052
70000602431.383850
70000677207.369873
70000880270.982162
70000791699.055161
70000968302.376190
70000615014.343674
1.000000
70000353691.072815
70000026076.121597
70000506219.746124
70000820084.790298
70000716906.381317
70000641068.594193
70000733255.486496
70000911093.977341
70000832914.070663
1.000000
70000906817.882172
70000975406.169998
70000953031.592453
70000964410.558426
70000899295.274185
70000370129.257782
70000312729.215530
70000970919.389801
70000812658.123398
70000065130.948975
70000749466.042038
70000262388.251785
70000864734.307114
70000502261.687927
70000634253.043335
70000537967.914474
70000399810.747070
70000179699.825958
70000818663.125565
70000982834.695999
70000611324.504807
70000758478.577759
70000366421.701630
70000044195.332336
70000953166.727020
70000715900.690109
70000381879.598755
70000480147.228287
70000910800.297989
70000944929.483521
70000687365.052383
70000121522.241180
70000848662.186172
70000362768.346390
70000449362.415131
70000301890.576859
70000093260.929337
70000874943.191452
70000563319.363693
70000439534.960938
70000451558.970718
70000723517.722122
70000656466.246368
70000954973.255417
70000905673.974564
70000240391.755646
1.000000
70000013518.416290
70000262808.778275
70000707584.015244
70000526179.235138
70000553171.623993
70000823195.481293
70000072431.287842
70000236806.829620
70000540954.048630
70000526411.982300
70000618337.317734
70000601163.187469
70000018734.276459
70000887851.993774
70000737371.436874
1.000000
70000634205.871521
70000067580.689041
1.000000
1.000000
70000522173.470612
70000707635.463181
70000305039.186707
70000041001.433472
70000941219.688828
70000295102.942535
70000252540.727570
70000862451.217514
70000670703.557755
70000904266.697952
70000560392.633286
1.000000
70000217177.794647
70000679938.800446
70000510585.943314
70000081132.502441
70000852730.294235
70000075437.929886
70000786897.570953
70000761763.941605
70000349220.333847
70000801595.592377
70000183017.502304
70000362552.942657
70000096047.325134
70000672188.098953
70000768785.081848
70000238414.927155
70000887009.556503
70000979909.700745
70000719972.871307
70000967993.541565
70000613885.515381
70000285781.325455
70000190845.013626
70000214686.518784
70000584139.726913
1.000000
70000058210.882858
1.000000
70000050029.617004
70000162191.649109
70000530864.790451
1.000000
70000328979.222626
70000148186.830002
70000442966.917786
70000872832.065659
70000810926.665482
70000149672.174088
70000493767.121429
70000381797.777679
70000320319.270126
70000960318.715775
70000848823.210556
70000664924.245300
70000837606.094330
70000289039.044724
70000037966.662033
70000022257.947922
70000645965.082214
70000393125.340073
70000134722.245987
70000511265.279282
70000425388.172180
70000305924.409225
70000797781.841705
70000127544.498352
70000610750.237671
70000602424.177185
70000293070.344299
70000851047.025055
70000449974.737061
70000402003.085220
70000362356.208099
70000787064.668594
70000728958.743820
70000792066.144333
70000577825.517776
70000813061.045639
70000766855.723801
70000305420.414597
70000815397.445206
70000687255.335724
70000002154.058441
70000681236.884857
70000658657.051254
70000465767.418625
70000795304.714340
70000924968.709152
70000539615.337173
70000844601.106949
70000591253.541855
70000133361.342773
70000649733.298248
70000425331.056137
70000498102.842712
1.000000
70000533994.905869
70000935040.956009
70000535010.678421
70000948457.205368
70000777638.566772
70000152132.413391
1.000000
70000397545.275925
1.000000
70000603573.310608
70000091489.249573
70000526622.060043
70000804768.083725
70000116056.900436
70000710569.503525
70000330098.679520
70000962434.767609
70000397802.888428
70000478330.293045
70000213314.912262
70000195641.784348
70000056839.614807
70000424307.861694
70000967075.608292
70000967521.419144
70000880374.694519
70000250311.465164
70000344137.997421
70000054634.481155
70000451995.561630
70000234198.945450
70000034669.320068
70000968208.801941
70000671309.009460
70000982194.969849
70000900358.297836
70000929551.738815
70000888682.834824
70000940443.992020
70000581179.123184
70000529176.202560
70000983475.574310
70000849588.841339
70000075131.956985
1.000000
70000197446.273468
70000940370.251572
70000551291.623962
70000668253.871719
70000037340.220932
70000422531.576767
70000288797.799454
70000510782.490036
70000841010.216141
70000241414.136703
70000525690.193542
70000203671.555817
70000193942.462082
1.000000
70000920161.908127
70000825582.455566
1.000000
70000178984.402802
70000121119.282913
70000541869.042435
70000332488.341507
70000820044.705353
70000180565.879013
70000679539.494003
70000859408.114655
70000060375.002441
70000788668.186523
70000098772.542496
70000561831.471695
70000440136.636688
70000663017.336899
70000719488.683762
70000673127.356964
1.000000
70000487520.634033
1.000000
70000105048.464523
70000860069.004883
70000215977.903793
70000798418.725708
70000123653.156647
70000126009.975800
70000102095.232925
70000157642.065125
1.000000
70000619886.224365
70000858204.565704
70000929106.371338
70000023966.028488
1.000000
1.000000
70000217080.582413
70000637528.661530
70000295012.452805
70000978760.840805
70000502783.683441
70000347161.173370
70000275022.589920
70000377366.630554
70000775051.100372
70000088618.053085
70000111257.179810
70000481006.086044
70000094488.201904
70000946338.091980
70000536347.743134
70000054333.930420
70000466511.029572
70000754393.272491
70000488326.446304
70000790372.462540
70000991719.733673
70000030692.681747
70000646694.082932
70000254804.329788
70000860102.742676
70000401444.999695
70000972652.736115
70000112836.043304
70000460167.564972
70000762114.711243
70000578613.027222
70000866023.361389
70000482226.009445
70000976253.212128
70000275940.888962
70000527390.970169
70000647667.302704
0.33
 0 0 0 0 0 0 0 0 0 0 0 0 0
