1 401
1.000000
70000617568.273682
70000616074.361313
70000434374.723602
70000016874.319641
70000665122.777084
70000428535.823639
70000083970.133453
70000656750.527573
70000036764.677216
70000423192.248154
70000527528.711899
70000386931.942551
70000335907.127106
70000243143.800125
70000448304.510880
70000954377.059830
70000931154.545715
70000840156.623184
70000308193.151596
70000853195.913605
70000577597.384247
70000303495.806686
70000702622.451660
70000338226.410309
70000741566.494492
70000110798.560760
70000816119.917511
70000273450.926743
70000350375.908554
70000068032.297043
70000026828.443619
70000174325.019669
70000753070.508774
70000596276.438782
70000004209.750320
70000201291.163605
70000878237.352386
70000996755.725983
70000414604.626251
70000310048.193436
1.000000
70000699228.859634
70000740372.526001
70000072558.713409
70000906995.061081
70000434322.245392
70000677571.983337
70000859607.477371
70000919592.616241
70000897200.535095
70000303591.662399
70000148179.624527
70000753026.158112
70000521418.241547
70000420783.192169
70000195575.753708
70000605964.004623
1.000000
70000786214.923401
70000469172.333405
70000114466.216919
70000871400.658890
70000934080.645767
70000732041.039291
70000778200.990677
70000803987.887161
70000815119.811752
70000474606.329987
70000155232.711227
70000514982.204300
70000093194.269714
70000752778.501236
70000934451.674820
70000431100.377762
70000893984.743256
70000798515.294678
70000644414.201675
70000687446.082306
70000481410.738281
70000989047.886749
70000682746.892944
70000055800.983856
70000523559.061630
1.000000
70000007314.256119
70000268561.547623
70000745068.917633
70000467560.732056
70000632040.753220
70000919253.235901
70000989519.616882
70000147652.581573
70000958757.280350
70000253633.246643
70000654375.745377
70000806203.876251
70000374984.070389
70000544457.417160
70000426886.229965
70000829946.537033
70000618809.904037
70000428365.529938
70000292206.829590
70000788798.587357
1.000000
70000280597.073288
70000375818.568405
70000029050.777344
70000486758.462479
70000485869.058121
70000627962.001175
70000246575.246994
70000827187.946548
1.000000
70000465527.364532
70000208669.153961
70000890666.147675
70000375469.922729
70000064701.366730
1.000000
70000823414.591858
70000106469.678345
70000400372.267014
70000722733.920746
70000781601.039368
70000377077.934235
1.000000
70000615471.726593
70000899550.593903
70000275779.931763
70000740561.813263
70000509943.869247
70000891941.809692
70000041131.149338
70000470538.444473
70000824666.994995
70000588498.077225
70000182063.294998
70000545766.151672
70000342883.922043
70000030003.896271
70000974855.526611
70000955112.548996
70000440813.055786
70000022834.846451
70000527118.722488
70000043014.651840
70000752540.265106
70000636405.919312
70000369021.911163
70000416238.038910
70000944343.663467
70000464312.237717
70000917527.618713
70000024626.704727
70000518283.942780
70000280607.995743
70000658730.566147
70000199742.522797
70000854763.823090
70000559671.606537
70000096105.069717
70000494957.808548
1.000000
70000806417.916962
70000721906.098999
70000372478.409760
70000315902.293381
70000549384.416336
70000732426.455200
1.000000
70000337024.341003
70000189467.342712
70000106005.930557
70000688029.290512
70000231056.683121
70000733283.114365
70000817009.366776
70000042123.199478
70000984286.033966
70000464943.993469
1.000000
70000636321.588043
70000317717.257980
70000043011.827972
1.000000
70000980953.408264
70000731581.085480
70000129922.093369
70000839432.344925
70000686647.600189
70000926648.679596
70000840528.557022
70000351885.346664
70000804979.532166
70000609224.439255
70000578748.847305
70000016332.259979
70000710311.773849
70000857904.476532
70000883363.110107
70000454207.285736
1.000000
70000524175.727325
70000111396.825821
70000913432.096527
70000656249.102112
70000815765.351349
70000508091.300507
70000997672.784531
70000690529.527756
70000933848.043854
70000192719.810745
1.000000
70000641843.262222
70000447665.233627
70000393558.337448
70000401251.454086
70000547592.804306
70000678756.289276
1.000000
70000591172.851624
70000087429.215393
70000759572.451614
70000760398.679367
1.000000
70000141162.919693
70000309444.028381
70000268542.270309
70000275597.093567
70000234063.414505
70000842339.034302
70000285454.797379
70000782248.751190
70000468465.814697
70000330228.869354
70000482102.530289
70000755938.057114
70000360371.099731
70000700473.143784
70000317971.806717
70000009824.250214
70000408934.689987
70000519370.111618
70000951214.594162
70000079330.406479
70000869552.376831
70000353099.499283
70000849745.748077
70000792700.919388
70000527701.785049
70000365076.352844
70000922633.980713
70000587800.355942
70000689253.333481
1.000000
70000914273.910339
70000012745.045654
70000041382.467667
70000067999.100052
70000814192.909882
70000419372.061142
70000115784.951477
70000383789.871323
70000468681.345093
70000886575.296936
70000659640.800522
70000953766.808334
70000037171.097610
70000692655.415680
70000083045.850281
70000190081.907013
70000401971.750641
70000527580.576599
70000899607.386810
1.000000
70000949496.611191
70000384198.320709
70000596298.135315
70000893778.278091
70000029970.179276
70000924135.593872
70000061640.406418
70000911995.149460
70000773266.117615
70000542449.271423
70000438849.124512
70000950304.217773
70000085709.661591
70000996200.734924
70000544569.144012
70000269493.957550
70000572048.186615
70000715376.152466
70000008558.769394
70000753190.794617
70000868027.011566
70000764853.986694
70000953981.799469
70000547044.665436
70000110748.952744
70000326448.720749
70000146371.019821
70000851590.785202
70000491915.579483
70000349953.004379
70000303096.164093
70000293036.071823
1.000000
70000453372.480225
70000158732.518890
70000182349.504349
70000338466.813004
70000465664.071686
70000623943.379852
70000839584.030243
70000544702.096985
70000248912.850647
70000907344.773819
70000353336.358307
70000051028.612854
70000600867.500031
70000337220.535339
70000387412.625763
70000023548.233795
70000640461.051620
70000838831.212738
70000632887.444763
70000827002.963348
1.000000
70000429270.714676
70000427010.619263
70000409612.558304
70000030504.791275
70000029718.672714
70000492482.252350
70000369741.436096
70000694783.257309
70000389640.870346
70000837702.794144
70000383951.189407
70000082947.733078
70000544476.983109
70000525772.980377
70000747980.650467
70000796838.826553
70000571167.919434
70000438785.721146
70000164378.547821
70000845969.597183
70000919288.992203
1.000000
70000065276.950455
1.000000
70000775088.945099
70000759871.492020
70000093836.536438
70000794429.103363
70000613072.014832
70000715351.911011
70000434983.959015
70000476207.868973
1.000000
70000211942.309509
70000311198.682190
70000869429.415466
1.000000
70000547534.980438
70000404666.648880
70000577700.308044
70000995894.042877
70000313293.231522
70000115945.519348
70000262016.962708
70000626598.921539
70000599989.747711
70000411742.163452
1.000000
70000719725.988495
70000213800.327774
70000501286.695480
70000372475.556000
70000930032.418472
70000706111.616714
70000883855.926605
70000948111.055359
1.000000
70000223811.057053
70000789389.957306
1.000000
70000839810.382919
70000225980.865631
70000395060.852112
70000962632.573853
70000213391.548874
70000535515.022644
70000260249.111984
70000572140.229630
1.000000
0.33
 0 0 0 0 0 0 0 0 0 0 0 0 0
