1 401
70000284861.114746
70000675352.627182
70000562136.399765
70000406504.464859
70000188442.889603
70000258588.146515
70000202918.000549
70000639300.787674
70000205527.045624
1.000000
70000405263.847977
70000171451.013016
70000216283.168411
70000397296.521561
70000029234.037018
70000330853.858429
70000597652.698700
70000757835.359573
70000502286.367996
70000938233.482132
70000634034.032822
70000577551.455093
1.000000
70000489262.700806
70000459599.554016
70000814949.541550
70000709472.049118
70000800216.130386
1.000000
70000995268.795776
70000465499.230530
70000835348.969009
1.000000
70000412864.070679
70000606315.413101
70000586542.033234
70000362208.998840
70000320214.766098
70000701737.385849
70000584194.462631
70000255446.772049
70000937369.207138
70000505183.912613
70000569109.074326
70000025483.300186
70000523885.432541
70000987464.732483
70000754942.023956
70000204140.695129
70000624247.653915
70000993061.500427
70000473925.822815
70000125608.570526
70000013764.635910
70000711887.828629
70000073643.583588
70000672440.530853
70000295316.083633
70000734846.119385
70000990814.821533
70000760880.461960
70000124270.488098
70000654754.532181
70000740626.395035
70000023196.029694
70000405169.754105
70000122399.881165
70000680769.637650
70000968957.051392
70000396741.529556
1.000000
70000014643.660873
70000873211.311356
70000280287.724411
70000823727.460480
70000488249.376816
70000605639.889267
70000310513.832657
70000707804.681839
70000691506.711975
70000528215.468231
1.000000
70000686858.387833
70000220774.396606
70000329313.367661
70000435966.491196
70000546898.239136
70000675093.841385
70000257662.014053
70000018579.005310
70000092655.304047
70000296784.059174
70000050000.879211
70000179992.072037
70000425881.839600
70000598870.704651
70000941596.463470
70000233170.320618
70000626035.429520
70000895804.357727
1.000000
70000266787.125275
70000528905.804779
70000387137.732544
70000609229.416000
70000988523.479736
70000146495.839890
70000096839.011032
70000423526.885437
70000473300.566254
70000155887.409302
70000912427.415878
70000273383.614395
70000372974.775909
70000758121.103378
70000829781.609924
70000131587.044937
70000465653.576309
70000376113.642319
70000492256.378220
70000199715.674515
70000628518.112015
1.000000
70000803549.823730
70000481081.902786
1.000000
70000663475.014542
70000918313.279709
70000726658.637909
70000774328.599213
70000452156.715088
70000619019.833374
70000132377.976700
70000160794.428421
70000645113.947067
70000160587.832550
70000711092.024246
70000894114.911346
70000707687.328232
70000386014.307983
70000700622.343246
70000921569.202606
70000981384.015030
70000716447.883148
70000349403.886902
70000968636.870956
70000699861.588379
70000435289.345093
70000939427.797607
1.000000
70000502389.562897
70000963183.023788
70000701932.924469
70000920842.772537
70000209719.039337
70000357113.546082
70000684720.887466
70000202603.763428
70000016904.390991
70000953151.603851
70000133239.738617
70000976931.343826
70000252398.823517
70000313845.345184
70000526397.888565
70000909910.537674
70000238441.515671
70000098364.052765
70000240541.413910
70000833778.194473
70000201846.102615
70000876253.759216
70000391788.668182
70000752061.921066
70000924723.090591
70000854626.377380
70000159667.370972
70000794437.855011
70000186559.205521
70000910369.758835
70000339461.393372
70000603623.759659
70000573027.964645
70000955266.998474
70000262204.380783
70000339030.311081
70000964276.689774
70000408891.566467
70000851176.713013
70000260342.959976
70000416941.539688
1.000000
70000968952.035187
70000458861.984924
70000633307.200073
70000912178.358566
70000382520.736588
70000390067.345276
70000181973.020767
70000067680.716568
70000879074.690414
1.000000
70000799716.746857
70000628150.490341
1.000000
70000852153.494354
70000944037.864410
70000208182.346771
70000876191.828629
70000092402.946533
70000219983.468628
70000872535.209351
70000310578.595749
1.000000
70000556053.194382
70000113848.314377
70000097881.725082
70000018081.530151
70000629618.402390
1.000000
70000231830.169235
70000441129.701096
70000499906.541397
70000965426.039932
70000947716.786469
70000915398.803207
70000175186.744690
70000745663.157745
70000713521.149933
70000300642.777649
70000851363.173050
70000010028.106583
70000385831.010223
70000968971.761154
70000723646.832855
70000268059.069992
70000486338.129440
70000111458.284943
70000961576.536530
70000102163.075409
70000089741.745163
70000057052.120682
70000900233.829147
70000575933.929199
70000385390.232986
70000019123.036194
70000765347.865356
70000008822.366470
70000582963.353394
70000634857.928970
70000885166.068344
70000858075.632126
70000129216.665939
70000588504.264557
70000097804.285782
1.000000
70000364725.903595
70000211277.252365
70000494129.340347
70000972528.183975
70000759480.796265
70000809819.343018
70000594591.270157
70000744409.387115
70000376652.162262
70000526737.883606
70000748853.868744
70000146855.096832
70000086251.806320
70000888218.822495
70000231849.143921
70000384445.535767
70000205677.403015
70000400176.066757
70000774386.885513
70000125756.896118
70000780229.950729
1.000000
70000530200.513840
70000675833.954056
1.000000
70000499320.189682
70000329283.851105
70000929903.563721
70000254389.493149
70000784474.431946
70000083138.954666
70000610130.269913
1.000000
70000989562.200134
70000214249.820694
70000237336.747696
70000206022.565155
70000891720.770721
70000845345.523697
70000208099.775696
70000651007.613876
70000790664.983994
70000371213.101685
70000953882.422791
70000047619.950485
70000100028.365250
70000359140.496475
70000152737.657898
70000494998.114365
70000798169.782639
70000713090.926697
70000047778.261917
70000205145.855682
70000485771.611908
70000426860.298187
70000235393.491745
70000365433.287003
70000826371.760742
70000040834.531723
70000950911.578644
70000860817.060867
70000971701.737747
70000202252.359970
70000824741.833923
1.000000
70000456993.452377
70000057884.818619
70000738677.349396
70000568786.243103
70000162215.415527
70000329166.376068
70000539587.695175
70000097769.014114
70000909114.224106
70000944011.900269
70000969655.515411
70000339518.874451
70000529847.251770
70000223934.684662
70000534842.676376
70000481906.942169
70000996239.052521
70000146324.422501
70000632487.049133
70000640936.151093
70000132583.254547
70000699395.449509
70000939685.758286
70000198171.673843
70000599884.494812
70000605460.165146
70000093896.243210
70000928381.616226
70000380602.484573
70000155055.099792
70000003623.845825
70000156783.020950
70000122555.440414
70000185078.551590
70000090756.356461
70000752859.978806
1.000000
70000890990.741501
70000775121.144867
70000885732.007523
70000438290.369461
70000123325.054016
70000054966.817886
70000848435.603333
70000795171.870392
70000121528.294037
1.000000
70000436293.378616
70000758960.542877
70000909869.247025
1.000000
70000236687.850586
70000317804.377380
70000504140.247742
70000875164.569839
70000708022.943085
70000675690.186127
70000410349.774811
70000358773.905930
70000020318.369232
70000034530.387466
70000829630.702286
70000663794.147491
1.000000
70000839638.222275
70000969873.526291
70000883344.432770
70000428233.906906
70000187530.759964
70000423176.166916
70000970582.471176
70000601459.673569
70000994834.647324
70000849706.831451
70000725644.138733
70000742330.333359
70000920890.627960
70000654212.889313
70000018981.103271
0.33
 0 0 0 0 0 0 0 0 0 0 0 0 0
