1 401
70000580941.290695
70000595725.856903
70000676635.845108
70000515234.494812
70000032028.752167
70000747161.383713
70000353657.700577
70000401935.301056
70000921564.051163
70000423611.760025
70000770390.159088
70000996414.563278
70000540885.535675
70000581212.912628
70000515087.988174
70000600832.894806
70000911121.037857
70000376699.490189
70000983097.539185
70000475409.905441
70000939722.472580
70000480708.463257
70000894552.087189
70000393030.183136
70000345837.013153
70000682010.522400
70000652832.563568
70000930092.893982
70000828045.357193
70000134156.553925
1.000000
70000535123.259766
70000011306.957367
70000674118.683075
70000508118.702301
70000976003.116302
70000977927.322983
70000142302.258331
70000654199.358719
70000341155.436966
70000039559.039291
70000161740.039902
70000091912.298706
70000389655.093079
70000021763.939163
70000882294.043869
70000891883.899429
1.000000
70000620823.376144
1.000000
70000683828.043625
70000224810.086212
70000845213.596161
70000740563.310944
70000121391.376709
1.000000
70000734683.218781
70000530150.315399
70000530435.874832
70000114758.477066
70000149165.424179
1.000000
70000584196.324860
70000841161.278015
70000417814.690186
70000823591.871689
70000038581.564743
70000926791.075134
70000828628.226730
70000491467.263260
70000775668.953888
70000287708.143539
70000254494.532288
70000141773.213516
70000967716.278366
70000374104.847137
70000860235.679138
70000070046.584534
70000031642.860443
70000891031.045746
70000506593.707367
70000154697.525421
1.000000
70000842752.170761
70000790854.366165
1.000000
1.000000
70000844377.736725
70000943073.205856
70000023307.365479
70000458925.993988
1.000000
70000697673.992386
70000203458.240204
70000639253.849579
70000238193.237534
70000533089.268463
70000269662.205093
70000781578.533203
70000440409.851974
70000192303.426041
70000274329.603653
70000923808.663757
70000432674.972229
70000155420.981018
70000070686.586594
70000673537.883835
70000810968.913879
70000990665.245926
70000175178.146774
70000385797.972992
70000500449.469971
70000125899.287445
70000750257.953354
70000805479.422729
70000293923.026337
70000897355.823639
70000931412.150360
70000323405.518295
70000776670.836823
70000755893.675369
70000736176.714783
70000926529.416077
70000742608.259720
70000782154.514709
70000273784.825928
70000639872.484894
70000557744.841293
70000253674.233810
70000550655.534119
70000220218.846924
1.000000
70000780162.451828
70000442118.830887
1.000000
70000761640.879730
70000195229.249802
70000224309.650543
70000857410.589142
70000959818.442749
70000091658.413223
70000533573.391373
70000361458.649551
70000598057.093277
70000887398.600723
70000638437.596237
70000761740.101364
70000591919.419846
70000558879.298721
70000263450.863251
70000637425.286911
70000159001.326385
70000175674.696915
70000292706.109802
70000033531.593765
70000289248.785156
70000377065.168564
70000537036.501999
70000476203.788879
70000573449.370239
70000723510.489609
70000990193.210922
70000590911.691208
1.000000
70000431451.191330
70000713405.475723
70000747990.594269
70000989952.551697
70000675118.755081
70000832217.251541
70000572012.543930
70000338034.583435
1.000000
70000609398.935104
70000789038.338715
70000516128.416931
70000090716.686249
70000372368.110855
70000629878.114624
70000759237.431885
70000037714.482361
70000533383.784546
70000892731.290771
70000342780.465805
1.000000
70000452280.492081
70000475790.621674
70000582127.247452
70000503533.258347
70000112449.294846
70000780285.861755
70000412125.010498
70000869655.331360
70000775221.778824
70000632308.423264
70000378518.786087
70000970535.390198
70000214257.388565
70000384708.734344
70000752628.554001
70000968562.382187
70000138745.334473
70000527779.391159
70000885640.309708
70000914706.675354
70000385363.589432
70000590730.141312
70000192821.011917
70000647480.499237
70000131312.132309
70000855706.706192
70000181616.685638
70000832961.546417
70000425717.136261
70000823008.529434
70000921701.733612
70000549126.675949
70000880363.020142
70000259718.523300
70000081062.727570
70000457529.112854
70000566898.776917
70000067387.797867
70000374344.694153
70000052678.570145
70000961444.482834
70000585816.654007
70000561372.871445
70000178910.995468
70000462825.856293
70000789988.343552
70000642752.267532
70000819056.995834
70000970356.637604
70000848456.043243
70000449491.998306
70000764736.459610
70000740909.497833
70000444453.590454
70000307612.209473
70000078659.923050
70000662278.342834
70000450799.982025
70000507676.127533
70000618094.660782
70000963216.960052
70000039579.490036
70000143537.721832
70000989480.955078
70000415203.828445
70000453154.688583
70000182096.820450
70000100894.614990
70000271542.121765
70000044683.833496
70000473758.223038
70000623932.030212
70000067128.163437
70000496301.101791
1.000000
70000394047.326538
70000290821.573364
70000819685.586990
70000956751.896866
70000876101.618973
70000917211.277237
70000518274.867661
70000025124.806274
70000374046.101257
70000811287.246002
70000958856.997467
70000896615.536285
70000035208.435822
70000039490.560150
70000757407.609360
70000758765.037292
70000166114.253326
70000183444.027054
70000095019.569916
70000764567.840561
70000983974.467239
70000951281.821335
70000791756.914474
70000553735.922073
70000710662.427048
70000679728.529556
70000972718.602753
1.000000
1.000000
70000808135.389114
70000629693.377151
70000812615.717926
70000246426.648666
70000932181.156845
70000616298.611450
70000034332.098206
70000678038.136246
70000111650.111313
70000399114.206482
70000072604.659561
70000233952.968536
1.000000
70000286838.863281
70000023200.372070
70000914805.229874
70000070120.311249
70000191853.936234
70000601475.128494
70000888135.821243
1.000000
70000846365.576889
70000006252.534256
70000149705.959824
70000451485.923019
70000956161.834564
70000161740.134933
70000252170.847931
70000584394.346680
70000022415.840454
70000147847.497864
70000867412.257156
70000465809.352371
70000459974.995789
70000851784.159515
70000345913.878464
70000369857.399063
70000907172.606750
70000326284.070343
70000635744.834106
70000435067.455933
70000044433.939209
70000451442.009903
70000241461.940399
70000889161.609283
70000264175.783630
70000769651.302200
70000159059.122284
70000267988.326385
70000184174.825729
70000771302.207642
70000427975.150284
70000731470.691803
70000565229.661072
1.000000
70000731419.002579
70000268570.442337
70000206235.003448
70000169565.838242
70000906579.703171
70000014620.446045
70000072236.702484
70000587684.483902
70000206355.058533
70000066750.775482
1.000000
70000820730.572662
70000418628.387741
70000260662.482590
70000045083.910919
70000919667.968552
70000314580.047592
70000044098.256805
1.000000
70000569138.795135
70000794895.008301
1.000000
70000943730.713806
70000206658.103226
1.000000
1.000000
70000464676.084457
70000006482.625610
70000726075.548233
70000490466.956558
70000317353.897934
70000170540.743927
70000896773.033707
70000585016.554077
70000532051.472824
70000164525.272034
70000992549.694290
70000217828.064957
70000553755.451706
70000654358.034470
70000852255.024307
70000955766.519180
70000145069.658051
70000744593.155792
70000719597.115967
70000452509.540924
70000991056.596909
70000091499.056152
70000218440.500946
70000030228.334259
70000467044.808350
70000229344.559357
70000870231.116348
70000729234.237488
70000382463.749191
70000979493.545334
0.33
 0 0 0 0 0 0 0 0 0 0 0 0 0
