1 401
70000524532.951096
70000071726.285767
70000706391.770798
70000492319.779694
70000300904.770401
70000352147.830582
70000413761.316315
70000105886.561844
70000766679.571030
70000627538.512299
70000788105.857269
70000574111.776459
1.000000
70000848339.946671
70000582540.882050
70000396948.504959
70000370889.227493
70000265423.839691
70000013695.441895
70000217883.644363
70000875357.893890
70000510392.940186
70000053707.172791
70000668562.614716
70000794994.221375
70000836400.713562
70000128556.097794
70000101112.565628
70000513460.096725
70000933552.631973
70000637798.866196
70000917964.760818
70000849608.484344
70000966599.706757
70000059132.328583
70000682610.356339
70000556898.711960
70000733550.701050
70000066903.800415
70000027098.503983
70000427803.549454
1.000000
70000226593.475861
70000332703.547379
1.000000
70000949391.196838
70000212225.094925
70000287078.099823
70000550014.331116
70000303177.163879
1.000000
70000052955.613678
70000385818.770599
70000596803.980331
70000654887.828964
70000996855.685211
70000964558.166916
70000206441.317673
70000110046.994354
70000818012.960846
70000815264.156921
70000288255.649994
70000995275.748611
70000682801.264359
70000111149.886810
70000927147.687729
70000483144.286469
70000283212.732773
70000315471.415848
70000324879.208069
70000147705.960205
70000889081.335358
70000023388.402878
1.000000
70000364605.857910
70000569514.801682
70000411235.910873
70000005457.910538
70000815630.934113
70000064983.263458
70000126540.225525
70000277488.806335
70000759508.955582
70000051358.869736
70000706315.283112
70000748424.773621
1.000000
70000912555.041718
70000938683.632309
70000867401.463242
70000790943.342331
70000445710.073029
70000391638.456558
70000634871.904602
70000728882.923737
70000993217.049683
70000714347.659927
70000919807.985123
70000972076.708847
70000912456.520355
70000823518.692596
70000839606.845291
70000805591.586899
70000724602.560349
70000884962.263733
70000638297.834778
70000342972.558594
70000314177.946060
1.000000
70000031722.785812
70000809453.040115
70000470466.237366
70000075943.807907
70000091834.672318
70000589845.118546
70000239133.394028
70000667017.287460
70000802756.471222
70000868310.276138
70000862003.844833
70000609006.208603
70000219174.048401
70000045634.836823
70000707051.667374
70000191886.543274
1.000000
70000324023.164688
70000686742.032272
70000155778.521545
70000297187.976166
70000085014.820587
70000454880.626083
70000803953.944473
70000078468.749008
70000413632.775467
70000468529.981079
70000016969.596924
1.000000
70000093097.057770
70000129293.712021
70000662021.385025
1.000000
70000992752.874283
1.000000
70000554390.048950
70000330158.397919
70000280192.280792
70000770311.775452
70000233738.517639
70000715812.394043
70000874066.766556
70000750708.372482
70000989679.332367
70000768669.791458
70000030654.046173
70000760556.211563
70000900038.658081
70000255430.864212
70000228374.894165
70000985706.043884
70000559666.955887
70000804759.048645
70000679064.427628
70000892879.471115
70000000967.384354
70000897441.461975
70000769666.694412
1.000000
70000376538.220413
70000666288.769653
70000539967.076675
70000949734.510681
70000906135.743088
70000330193.514481
70000784914.020447
70000472449.362534
70000867778.333282
70000339704.448822
70000190986.058914
70000621006.024750
70000276940.509949
70000952394.940948
70000584976.484207
70000823741.456985
70000344555.509338
1.000000
70000781358.606003
70000519170.185608
70000926445.474075
70000786909.981995
70000169802.015335
70000439247.758667
70000929208.958588
1.000000
70000191257.764297
70000005954.473328
70000613275.920441
70000349246.008484
70000878028.499252
70000323652.685669
70000854347.269714
70000597607.109711
70000581785.724335
70000955567.474518
70000380052.006927
1.000000
70000251364.532120
70000506533.677719
70000146875.190277
70000835993.358246
70000696931.559418
70000374592.871857
70000393702.946304
70000897716.913315
70000865291.332626
70000263524.704178
70000767928.247894
70000837502.861404
70000344171.669647
1.000000
70000116465.454102
70000784684.262100
70000145085.699417
70000291807.099426
70000398194.073868
70000278760.864243
70000646381.700607
70000471815.475647
70000818641.809494
70000958562.095444
70000579077.248138
70000318185.636688
70000046753.723587
70000992867.830109
70000355163.963257
70000933425.057144
70000121560.739456
70000623588.709000
70000321469.296021
70000176541.230515
70000832015.263046
70000121146.647018
70000794987.812912
70000878803.152710
70000037638.080948
70000316262.753479
70000051238.130981
70000452128.462601
70000327473.511642
70000697402.043152
70000070376.116470
70000214237.124191
70000871215.039886
70000826195.357361
70000553468.840546
70000258735.530685
70000393958.756927
70000027327.806030
70000425923.611557
70000979267.414078
70000967801.717758
1.000000
70000091802.274429
70000346279.428833
70000702992.900284
1.000000
70000453423.215881
70000772227.550217
70000381589.019775
1.000000
70000308866.938538
70000401601.993973
70000299670.407730
70000224341.341400
70000222955.195724
70000952370.278214
70000433237.756577
70000086600.161163
70000125646.111450
70000159407.422836
70000670712.787094
1.000000
70000095687.761856
1.000000
70000604832.362137
70000055097.063263
70000121718.862259
70000608558.690964
70000940656.641968
70000781684.407562
70000227556.749619
70000381812.950165
70000052399.743332
70000071636.100586
1.000000
70000411199.309677
70000075650.576874
70000913129.393661
70000361206.238480
70000708310.906464
70000824101.346542
70000064044.313828
70000719504.045166
70000047879.497360
70000944807.776810
70000115057.788910
70000747981.778595
70000367893.464035
70000251573.556152
70000760845.675034
70000517911.947510
70000092024.001953
70000861892.036972
70000124702.368484
1.000000
70000667869.665405
70000402060.598953
70000682087.728622
70000732912.811249
70000865998.962769
70000183720.779297
70000039696.169983
70000313546.097855
70000505558.114838
70000783849.051544
1.000000
70000445637.004272
70000760543.016846
70000410571.328125
70000034387.203186
1.000000
70000161139.035233
1.000000
70000168716.875626
70000024091.301575
70000500885.888123
70000464001.783264
70000198095.315613
70000594076.978088
70000448329.385391
70000185388.100845
70000078762.587280
70000724538.327057
70000983062.339386
70000069671.995667
70000154490.127258
70000656735.140900
70000512035.753677
70000720283.821243
70000097911.072418
70000509576.417175
70000340843.341217
70000443412.088806
70000247855.068481
70000444619.365372
70000351300.139587
1.000000
70000361407.640289
70000231197.693497
70000107927.172455
70000922677.096756
70000623797.665207
70000655454.861206
70000156016.483978
70000965772.943344
70000300128.075119
70000124703.343033
70000208301.701477
1.000000
70000022812.394821
70000107803.367737
70000691145.218094
70000207413.061218
70000468072.053238
70000192879.382965
70000365265.670853
70000436749.443283
70000207208.415695
70000792364.423264
70000371500.866592
70000759705.407837
70000384775.332458
70000529798.241501
70000654492.852676
70000397728.135742
70000686559.632980
70000844211.677399
70000945267.690750
70000629176.311478
70000059301.926743
70000968202.769180
70000102501.143967
70000130976.736725
70000580927.903122
70000150768.210144
70000557228.593353
70000764775.452301
70000302176.455139
70000727628.088303
70000955120.587799
0.33
 0 0 0 0 0 0 0 0 0 0 0 0 0
