1 401
70000808438.917999
70000170169.481903
70000551079.677902
70000198937.787125
70000080416.247940
70000303038.679947
70000170239.272171
70000034585.020462
70000962236.754425
70000665274.085266
70000884154.972626
70000746256.242355
70000207306.661743
1.000000
70000705730.148117
70000160098.360947
70000007748.449173
70000197887.866714
70000091508.320633
70000290912.591995
70000018543.699265
70000398660.156815
70000394499.493393
70000802988.645203
70000267838.939545
70000848195.037659
70000054641.321030
70000744380.800735
70000639080.773453
70000352292.436264
70000702395.959839
70000187733.259445
70000709888.600189
70000319398.585617
70000078686.177612
70000881820.920685
70000303636.973770
70000127171.159500
70000967286.038483
70000131996.885086
70000213842.706253
70000749462.805878
70000194669.185287
70000869806.636154
70000052134.851608
70000899448.531158
70000492158.005829
70000589956.102249
70000684083.050186
70000106131.230804
70000214412.594589
70000716376.451767
70000248149.733200
70000121358.460556
70000261724.946808
70000803111.266159
70000833288.772675
70000115161.995651
70000900834.560822
70000510862.517258
70000814961.634293
70000035541.789352
70000091344.197998
1.000000
70000523577.966995
70000603187.841324
70000647175.049973
70000544747.593155
70000107806.081635
70000346066.406967
70000587380.736969
70000210967.205490
70000797243.646118
70000366249.879669
70000205574.831177
70000355569.600922
70000033086.392792
70000688514.208374
70000230090.926620
70000477201.508102
70000030795.884033
1.000000
70000141814.757370
70000288109.462814
70000899089.225876
70000666195.082657
70000681565.712234
70000188417.780212
70000500760.892288
70000033438.496872
70000517059.857025
70000756350.444092
1.000000
70000261300.382339
70000839737.760834
70000724629.101089
70000191329.970886
70000724201.855682
70000058077.451187
70000928894.116089
1.000000
70000157922.473953
70000170013.176346
70000279892.925522
70000100978.934021
70000971681.002579
70000246858.264099
70000839421.469223
70000138994.091278
70000995852.450287
70000308117.249802
70000546759.144119
70000091140.541580
70000342642.980026
70000577359.446960
70000946349.745499
70000729716.011963
70000177601.759659
70000104345.159286
70000053136.256958
1.000000
70000664766.768433
70000131975.118896
70000586507.960403
1.000000
70000520858.968338
70000535281.074173
70000650679.886017
70000676576.622147
70000952123.074020
70000468823.647339
70000595668.133087
70000331609.163010
70000514585.420105
70000804878.079742
70000642454.258911
70000540544.492325
70000947282.241409
70000676908.645294
1.000000
70000828656.641022
70000015653.525909
70000669591.645874
70000835196.009705
70000848270.865356
70000925110.629517
1.000000
70000007775.269882
70000197046.083817
1.000000
70000373388.124527
70000043160.563019
70000709346.512512
70000580399.230087
70000546366.536118
70000525577.807602
70000642462.413223
70000141272.536926
70000239425.604309
70000234209.950531
70000850515.431198
70000873895.463104
70000410928.298798
70000329003.435608
70000211197.770584
70000066022.175400
70000208756.209854
70000001806.328888
70000467193.184128
70000035942.068375
70000822423.911865
1.000000
70000731632.885193
70000449322.518250
1.000000
70000756952.259445
70000260239.559799
70000931483.931793
70000553818.507538
70000828315.075806
70000675041.752731
70000822591.505386
1.000000
70000343465.062622
70000861855.361984
70000812499.869614
70000067344.529861
70000940600.985443
70000281949.153427
70000841553.023544
70000416135.091873
70000030292.048721
70000811143.673798
70000547601.208633
70000845706.353073
70000237494.359497
70000799719.238403
1.000000
70000387237.289413
70000909410.662262
70000804827.093811
70000510458.251389
70000146348.812286
70000328480.503647
70000337755.094421
70000129899.214050
70000482732.558624
70000121413.607040
70000583618.543564
70000673704.741150
70000222514.004745
70000177273.001953
70000162960.891159
70000520231.238541
70000836023.513138
70000160634.912537
70000969150.935150
70000340462.024643
70000330710.025513
70000148491.130798
70000184562.350616
70000841081.208786
1.000000
70000596008.618790
70000869426.628784
70000300290.196838
70000057003.049545
70000564273.670013
70000542771.802917
70000417086.540421
70000603083.936874
70000162521.446350
70000088570.546021
1.000000
70000534489.299362
70000264781.382843
70000468277.840454
70000107572.248871
70000321754.694092
70000967634.553085
70000431328.061813
70000802223.078400
70000078712.489014
1.000000
1.000000
70000366096.218582
70000779075.846909
70000616451.800659
70000958144.512512
70000508136.855453
70000933276.867996
70000369803.651321
70000133455.382080
70000303653.028168
70000351676.859711
70000952820.675339
70000924710.294403
70000722046.152679
70000854141.223907
70000224018.922516
70000604862.254257
70000509637.426773
70000002569.532028
70000200031.068848
70000599720.521881
70000337558.091034
70000482160.386826
70000445483.307816
70000668169.739700
70000262318.290237
70000927574.134277
70000876007.477921
70000157203.045227
70000046656.137314
70000962808.134827
70000870039.804062
70000239462.605484
70000231305.121017
70000915684.345139
70000814048.504028
70000817302.171967
70000060913.934616
70000557624.663071
70000210750.489578
70000510535.290527
70000274042.285950
70000426011.658890
70000295570.262863
70000258253.302994
70000504192.958252
70000055876.593201
70000793450.707001
70000202353.473206
70000574913.569290
70000241221.242294
70000582963.423157
70000276883.373184
70000876841.756790
70000823737.179245
70000412198.154251
70000031675.126343
70000221847.319702
70000791978.096771
70000818051.014664
70000166693.540527
70000616548.390854
70000763556.354431
70000808448.109314
70000642946.057877
70000958719.861450
70000836527.205048
70000763706.447952
70000801774.344025
70000372655.966995
70000991151.682098
70000571436.059875
70000909303.921600
70000840249.935669
70000121391.147430
70000421326.021851
70000392824.539902
70000404839.102737
70000058861.247772
70000792699.320999
70000337153.737579
70000955727.684830
70000361250.848938
70000589925.472122
70000940902.002945
70000272562.926865
1.000000
70000303730.113998
70000249710.260452
70000704428.320160
70000931387.490768
70000478113.257370
70000145500.783295
70000808934.840317
1.000000
70000973144.794632
70000095569.985367
70000293376.762711
70000569101.523315
70000866641.795105
70000851552.788147
70000954497.918228
70000634558.056763
70000761246.972321
70000372647.570236
70000137062.505981
70000048914.176224
70000732614.574631
70000983101.310516
70000480248.424026
70000656468.002792
70000598403.420959
70000663815.852966
70000961135.627716
70000098159.989960
70000709587.922379
70000896262.770538
70000360322.542023
70000814913.498917
70000292253.707016
70000560425.621582
70000640017.444183
70000179106.016617
70000974154.456894
70000420450.863358
70000466799.796585
70000527195.873169
70000747039.575272
70000005160.651428
70000457932.952774
70000773080.003632
70000096914.664917
1.000000
70000835349.434631
70000388072.005905
70000083390.095184
70000136454.089859
70000421494.587219
70000574347.265121
70000968129.310410
70000041817.798416
70000841683.478912
70000258984.776260
70000367963.746063
70000724381.472519
70000090385.479446
70000421038.490387
70000980550.809341
70000916355.966385
70000234573.511810
70000045658.503571
70000292311.368256
70000839120.947113
70000689848.528412
1.000000
70000625835.565750
0.33
 0 0 0 0 0 0 0 0 0 0 0 0 0
