1 401
1.000000
70000812238.545059
70000763635.015411
70000697838.908249
70000027287.392700
70000682784.130493
70000831573.397980
70000833765.746613
70000598654.738052
70000181359.422379
70000404296.769730
70000421255.784256
70000286491.415482
70000452095.390793
70000628501.443161
70000218975.861191
70000919194.248398
70000823254.445587
70000400948.439774
70000054952.006592
70000584757.912292
70000431029.752502
70000694518.449066
70000776834.350128
70000636689.064270
70000676755.668655
70000555951.310364
70000584508.364807
70000863735.028534
70000341067.536224
1.000000
70000429710.290955
70000092341.598419
70000001545.523193
70000325659.180634
70000286360.021942
70000622921.589432
70000848428.339600
1.000000
70000053496.530212
70000029026.841461
70000255454.584259
70000821837.815414
70000962851.117905
70000084260.666122
70000520759.167709
70000026571.419357
70000324991.916092
70000536893.058014
70000606184.764664
70000521664.578644
70000312289.376343
70000909275.872284
70000713073.761032
70000753889.282578
70000811669.735092
70000772433.776031
70000089467.479538
70000843809.947067
70000736705.305252
70000370887.249496
70000068435.108932
70000200062.229294
70000129730.747238
70000246203.502502
70000649734.288177
70000209146.968109
70000824593.117523
70000834865.545776
70000697827.478912
70000301049.640656
70000667454.737885
70000781608.302216
70000663610.913773
70000499738.669022
70000861438.803757
70000770203.843430
70000896141.256607
70000335266.034393
70000184802.694855
70000155818.846786
70000640714.746643
70000015019.127579
70000158924.666840
70000760391.749557
70000279256.320282
70000564332.650726
70000183612.809738
70000700189.531006
70000669715.052139
70000497641.103668
1.000000
70000739765.069244
70000437438.458618
70000137190.354141
70000679199.181458
70000446547.875443
1.000000
70000182690.642532
70000584756.187408
70000729611.097580
70000714972.701233
70000474622.609970
70000771140.048294
70000922400.913605
70000296499.391159
70000084011.578979
70000255023.543823
70000043181.665390
70000812997.387177
70000462260.349365
70000871319.073792
70000473918.834457
70000927754.353622
70000292967.767334
70000565057.395584
70000412715.659653
70000476779.231064
70000055637.776733
70000149716.403458
70000304600.445282
70000092587.725845
70000089335.077774
70000283349.735168
70000660693.632263
70000774601.517761
70000868235.327408
70000991473.854523
70000974839.093063
70000181095.729492
70000072293.752106
70000367667.654266
70000868509.538925
70000729577.403244
70000736917.774872
70000547851.926804
70000299192.425369
70000737207.848770
70000141596.028030
70000902061.083023
70000611696.727097
70000127009.348740
70000165477.943176
70000480491.519363
70000967000.787994
70000966049.753082
70000348215.203781
70000891091.833603
70000053357.787735
70000316627.579559
70000481638.985306
70000236416.572571
70000578854.077896
70000156657.426102
70000715776.648331
70000868356.139999
1.000000
70000856155.781448
70000102362.085144
70000197666.854492
70000308899.792648
70000717378.656235
70000855845.876221
1.000000
70000261725.299408
70000829135.455231
70000843459.731918
70000674964.836060
70000017573.264359
70000602943.605896
70000189370.527359
70000435621.146027
70000771563.559509
70000048301.921921
70000592945.220764
1.000000
70000974778.981110
70000860717.498871
70000878413.439789
70000238382.235275
70000342865.131805
70000686282.113907
70000594263.734955
70000573132.450729
70000244136.488937
1.000000
70000166478.560059
70000055767.570114
70000097273.009750
70000818048.223846
70000887329.985107
70000053644.588531
70000925801.880142
70000596570.681244
70000626159.330368
70000745333.627258
70000303798.584091
1.000000
70000705236.608292
70000653397.405182
70000071491.006805
70000502880.870621
70000903849.058838
70000051112.995056
70000200973.963882
70000569497.818542
70000800319.860992
1.000000
70000025758.758286
1.000000
70000888532.777496
70000396021.091019
70000263059.671890
70000459163.093277
70000852730.903336
70000461242.561737
70000828797.211044
70000819208.450180
70000957867.061249
70000863635.361465
70000732968.264145
70000137049.151169
70000715580.487198
70000789205.185059
70000834088.062378
1.000000
70000462289.452011
70000204722.514160
70000071499.830963
1.000000
1.000000
70000912457.388733
70000816654.613983
70000313932.889587
70000200262.053818
70000074458.441269
70000497980.295502
70000427232.705826
70000858105.985657
70000438055.297226
70000633027.076981
70000142000.189026
70000183677.904694
70000347064.131058
70000277358.655304
70000997012.614700
70000429611.507217
70000516827.382660
70000960634.765701
70000075282.712830
70000985652.521790
70000991967.674347
70000088513.129684
70000684076.788788
70000244152.246140
70000142542.286499
70000305111.283218
70000272715.107864
70000300010.467148
70000749366.266266
70000623290.320709
70000870621.620148
70000926742.212921
70000117816.769241
70000514263.846924
70000906496.890640
70000095276.133667
70000555391.067459
70000508957.958755
70000469408.703766
70000446776.361740
70000529124.443497
70000758245.388000
70000078608.987946
70000821381.768555
70000436326.150528
70000842066.122787
70000994225.326202
70000043255.551010
70000433032.527328
70000565026.155609
70000887965.962448
70000683246.428802
70000849913.161743
1.000000
1.000000
1.000000
70000796497.319687
70000580542.320297
70000599480.825729
70000368032.677170
70000297225.736084
70000017369.193405
70000973856.966980
70000794996.191147
70000789275.114212
70000616548.608063
70000963416.763916
70000917385.738174
70000085364.903671
70000126375.266495
70000272824.291946
70000139490.365494
70000793020.167404
70000077197.324356
70000462900.863464
1.000000
70000609677.115921
70000775116.539169
70000000782.203018
70000722340.416275
70000733307.051804
70000685416.754333
70000839356.945740
70000624492.647049
70000497488.769684
70000433936.474594
70000128123.875015
70000920012.958527
70000086232.962372
70000505439.799088
70000350501.932312
70000109131.544617
70000997332.417664
70000260060.210007
70000750532.938950
70000119593.940125
70000350888.310349
70000827287.879105
70000217275.744217
70000975805.280685
70000748807.470016
70000210879.160065
70000638789.817215
70000988447.126740
70000460144.200607
70000756645.652222
70000938393.952606
70000910120.514236
70000101871.065155
70000320496.740250
70000647150.868027
70000830143.194183
70000536345.314301
70000978765.350769
70000990175.370941
70000238616.527664
70000314232.640411
70000573680.650177
70000437463.343613
70000408684.004150
70000411711.054489
70000843752.348816
70000113164.892731
70000011051.585663
70000013168.620728
70000229880.201263
70000772314.466995
70000911178.809067
70000401145.550934
70000657516.871887
70000277883.614014
70000884929.015076
70000199343.528214
70000523008.752335
70000598086.031998
70000222368.651306
70000301716.815613
70000800272.924835
70000339192.263885
70000696692.047485
70000152239.665787
70000526272.070053
70000023697.904602
70000219654.447540
70000310854.765228
70000728406.885391
1.000000
70000952153.094376
70000721031.854401
70000327481.263062
1.000000
1.000000
70000436991.917648
70000413439.049088
70000139944.043350
70000241411.595673
70000874033.084625
70000056891.977798
70000106071.986679
70000999913.291168
70000938607.671829
70000957325.670837
70000247330.164001
70000908515.995712
70000023462.938034
70000441849.071182
70000025574.447433
70000638873.959167
70000728089.986343
0.33
 0 0 0 0 0 0 0 0 0 0 0 0 0
