1 401
70000039858.364624
70000521774.673615
70000040636.163239
70000618135.920258
1.000000
70000862386.271606
1.000000
70000368695.719925
70000397384.684280
70000133955.452576
70000231084.984558
70000953651.006790
70000563261.139603
70000461127.691345
70000691481.406281
70000378098.354675
70000784224.958023
70000325670.072617
70000492868.462021
70000048640.411575
70000889624.110901
70000250374.790253
70000261808.429779
70000452941.680191
70000549734.446411
70000549055.992371
70000780640.296219
1.000000
70000845086.161728
70000515604.147720
70000994670.289703
70000930230.664688
70000104845.016891
70000356795.916779
70000531324.399948
70000194129.008759
70000761033.876648
1.000000
70000041160.606400
70000892776.715637
70000993117.834869
70000968264.498367
70000818331.796097
70000176094.336761
70000842406.450500
70000038956.302719
70000773772.885483
70000993643.872086
70000031678.572983
70000493325.724762
70000131938.515732
70000001749.730453
70000355984.059387
70000013872.377243
70000354402.299194
70000121749.842758
70000396445.492310
70000453990.381836
70000781258.597214
70000871905.620178
70000933631.685349
70000365958.267990
70000372486.228790
70000906967.882263
70000262689.938400
70000390161.256226
70000923546.924332
1.000000
1.000000
70000285806.056580
70000797288.985611
70000203454.609482
70000232300.588547
70000946729.969101
70000739398.581238
70000793286.711029
70000606842.086655
70000489380.128952
70000237458.871338
70000665868.576080
70000801611.184387
70000189114.008942
70000650407.460175
70000398979.716782
70000423492.671997
70000046584.229431
70000592870.669785
70000393656.244492
70000474488.177643
70000754325.885620
70000959495.541901
70000665959.144562
70000633843.300354
70000753962.816010
70000248907.780380
70000885508.328888
70000327806.069778
70000991574.055054
70000466127.249847
70000066828.575714
70000435681.661362
70000472195.399002
70000615566.415680
70000122417.564575
70000912576.887085
70000406035.940659
70000227494.470734
70000262329.738800
70000869585.985474
70000673277.737427
70000677251.352554
70000864962.150055
1.000000
70000583948.986862
70000830379.932938
70000839586.673553
70000576189.623215
70000599573.285751
70000177449.604538
70000239513.273819
70000128652.152298
70000524183.476593
70000516666.370163
70000660923.756165
70000833421.246399
70000860068.687164
70000982718.344437
70000366110.345215
70000892541.046432
70000003001.997696
70000719337.971191
70000318528.295227
70000213885.189621
1.000000
70000890585.028168
70000761385.737930
70000252372.673325
70000657229.545334
70000798042.313278
70000393816.030380
70000362188.352402
70000502111.945999
70000343783.415680
70000690627.291809
70000213158.638199
1.000000
70000384337.906479
70000406977.646347
70000200450.398849
70000859877.598816
70000249535.676239
70000371201.571960
70000862076.405441
1.000000
70000828377.284637
70000477961.661072
70000429130.438492
70000680298.166000
1.000000
70000858423.778763
70000072802.701508
70000591579.627884
70000297275.569290
70000210609.062119
70000375179.789246
70000953655.302094
70000251853.895432
70000333465.829239
70000759092.812698
70000015031.135788
70000702896.051025
70000872426.359467
70000111195.554398
70000422865.612289
70000840669.608032
70000801312.325851
70000590683.623566
70000504609.124802
70000878107.116760
70000586067.097687
70000555069.530701
70000731530.942459
70000872573.340576
70000422029.534927
70000297367.716995
70000685040.013397
70000987601.063782
70000260745.819794
70000243076.434860
70000029919.890320
70000889244.244080
70000379517.631073
70000829455.441299
70000871945.053329
70000826860.900665
70000131116.568375
70000751251.715271
70000474310.788559
70000493563.362686
70000862952.141235
70000301530.969345
70000563769.365814
1.000000
70000553337.041077
70000230074.300552
70000543266.587448
70000090315.956772
70000605337.824829
70000634945.050003
70000595802.612061
70000168562.322891
70000924386.134476
70000641395.393143
70000102756.056015
70000146514.338898
70000242714.987656
70000645886.097290
70000684956.010010
70000033044.405792
70000232434.436188
70000846458.399353
70000361137.168411
1.000000
70000389165.281113
70000084596.717255
70000652245.246765
70000219566.495438
70000876268.882889
70000641906.937988
70000334683.166473
70000631456.302353
70000045432.894684
70000394467.353317
70000914434.233963
70000324153.528015
70000431594.083145
70000304787.089340
70000627477.315506
70000535213.624588
70000397234.823669
70000710872.394882
70000257066.012848
70000009012.228165
70000898398.629288
70000769701.494156
70000786811.465515
70000782738.095612
70000140489.010971
70000302602.548706
70000599281.397568
70000204991.359146
70000459191.018784
70000699926.837555
70000367017.914368
70000948887.502335
70000597951.090454
70000498250.817154
70000885463.138535
70000886880.253204
70000692402.358429
1.000000
70000603530.365692
70000737344.780075
70000654022.809738
70000785303.202850
70000912793.424194
70000729199.201340
70000363749.876373
70000636486.243881
70000500140.858536
70000260024.501663
70000456476.933762
70000256711.479706
70000482829.153641
70000530688.009186
1.000000
70000927370.069382
70000203251.754639
70000764930.745193
70000949419.674118
70000276555.178879
70000366286.125595
70000402233.299957
70000636884.494186
70000045272.879349
70000600341.864670
70000267352.321976
70000046477.985886
1.000000
70000095877.643433
70000019369.782135
70000155027.538696
1.000000
70000958009.598969
70000722624.762329
70000561198.489029
70000548060.075485
70000099507.383804
1.000000
70000575983.098373
70000460038.795105
70000221165.258133
70000545296.870071
70000276658.624100
70000720692.366760
70000304971.675034
70000005025.924911
70000715369.963196
70000874247.048935
70000867799.511993
70000499452.189774
70000491498.804382
70000383065.989487
70000700853.614548
1.000000
70000505366.545013
70000654261.952957
70000380446.144638
70000501213.968704
70000596117.627869
70000513594.279785
70000108025.333542
70000710659.763168
70000320748.382950
70000409474.168777
1.000000
70000959996.981598
70000865921.493256
70000806069.201004
70000805198.492233
70000424854.298859
70000901881.207214
70000261470.464142
70000935088.283081
70000676982.088242
70000470306.934128
70000544670.088486
70000702647.510559
1.000000
70000976118.766388
70000624541.894241
70000721900.765625
70000933798.353897
70000749071.925766
70000032309.656586
70000007049.738968
70000896162.700516
70000688859.941208
70000625211.411194
70000950781.025589
70000094655.547089
70000347941.727386
70000138351.400253
70000838852.262665
70000691649.750534
70000485740.154099
70000125086.711258
70000746877.894592
70000452104.292740
70000304701.423370
70000672721.037582
70000045789.385773
70000631007.643753
70000610793.223572
70000138593.879440
1.000000
70000499329.497009
70000869960.297394
70000673422.812592
70000077806.697586
70000695962.674286
70000801119.575027
70000958345.153992
70000287320.199768
1.000000
70000572690.935577
70000971173.236832
70000263777.766312
70000018913.891617
70000361348.398010
70000518989.412506
70000948824.471344
70000198443.546753
70000525765.631042
70000059674.441772
70000232560.600616
70000755689.220886
70000729630.703796
70000264926.883652
70000174185.398132
70000202629.367767
70000000158.944153
70000233164.359024
70000720974.783340
1.000000
70000921925.629532
70000363872.516800
70000217478.676727
70000206615.626144
70000254075.394684
0.33
 0 0 0 0 0 0 0 0 0 0 0 0 0
