1 401
70000351444.717743
70000891862.350388
70000362245.271271
70000834151.803192
70000862088.084106
70000324899.367645
70000194625.302933
70000036887.117325
70000300452.904602
70000761774.342651
70000450024.667999
1.000000
70000604713.994003
70000722067.446152
70000403938.746841
70000228176.180298
70000850990.800079
70000704390.230804
70000362458.186081
70000711469.667587
70000865658.971039
70000434561.941177
70000621941.273056
70000697942.002274
70000217283.686340
70000620631.049744
70000535050.176773
70000238536.066483
70000044258.801453
1.000000
70000361678.149948
70000494223.671936
70000056929.179077
70000419263.696075
70000713099.411316
1.000000
70000052798.135101
70000725355.489914
70000648688.118195
70000926276.786423
70000326150.308334
70000247662.126587
70000211606.076370
1.000000
70000826226.355362
70000810882.545074
70000618923.055420
70000298826.544144
70000058628.987686
70000132398.363693
70000479957.067078
70000278767.542297
70000555619.800827
70000714525.970154
70000327105.783981
70000345514.192719
70000312372.466904
70000974436.182907
70000239371.462128
70000253595.363998
70000665577.230667
70000352877.356247
70000245205.451355
70000521152.794662
70000508190.157318
70000465027.401108
70000310062.646179
1.000000
70000006316.566666
70000110084.269562
70000733838.680908
70000686136.436005
70000565346.440155
70000077536.092194
1.000000
70000098016.864899
70000067123.597443
70000127930.066254
70000976626.024612
70000994365.207977
70000864172.711319
70000874453.338776
70000688571.143372
70000958822.135544
70000789460.343811
70000388084.916229
70000445703.830185
70000269422.498230
70000855945.114044
70000895826.619904
70000658319.354965
70000671311.672607
70000988230.349411
70000995411.677567
70000981508.901688
70000922686.205704
70000425689.996124
70000205377.277954
70000962025.946014
70000084518.767593
70000361567.197006
70000470063.539551
70000680022.748856
70000120048.122543
70000813634.049133
70000252970.781143
70000548080.396118
70000078775.421387
1.000000
70000385947.342545
70000341311.601334
70000367637.204498
70000309867.412796
1.000000
70000832219.956406
70000755541.632812
70000245870.575180
70000359053.649017
70000450350.158432
70000350110.586975
70000129140.102371
70000268558.350098
70000287377.037582
70000841865.597366
70000053354.323639
70000410812.941040
70000150749.252060
70000940404.858551
70000920485.568390
70000196132.406647
70000519524.624023
70000337878.588150
70000390676.865356
70000151140.753128
70000582235.907867
70000606276.002777
1.000000
70000250834.104370
70000145450.609604
70000692579.106125
70000237282.435745
70000910569.324860
70000245864.402145
70000278432.467270
70000721054.284531
70000228943.043442
70000740973.766602
70000866472.150879
1.000000
70000412577.225174
1.000000
70000997066.594849
70000025299.116699
1.000000
70000599282.944183
70000983297.817703
70000974805.696533
70000385177.805161
70000529343.027374
70000762044.401596
1.000000
70000504011.482880
70000708405.077133
70000034529.170975
70000582199.939041
70000211710.108276
70000070721.538132
70000340609.104401
70000240652.311386
70000835579.191727
70000651706.556671
70000154722.421494
70000632259.267700
70000166515.084183
70000529649.810455
70000436289.580719
70000719871.575150
70000786962.587921
70000801424.683502
70000237023.408020
70000219182.200226
70000823687.338531
70000960058.689087
70000529363.893234
70000071946.266800
70000636981.571701
70000560249.882782
70000962570.227325
70000906043.585312
70000976173.268402
70000990284.179977
70000985037.351791
70000270489.665146
70000354374.555969
1.000000
70000365900.009705
1.000000
70000343795.080170
70000127717.344513
70000418055.125320
70000333673.627777
70000581355.112900
70000688387.457565
70000265309.756317
70000458067.254456
70000320217.470367
70000739087.697861
1.000000
70000835778.509735
70000745558.447067
70000414581.415390
70000972187.105164
70000634289.852173
70000590693.179642
1.000000
70000088203.975433
70000616837.473282
70000057691.493027
70000899484.531082
70000574297.339645
70000661157.263931
70000606794.499588
70000546318.935364
70000079188.664093
70000745520.125504
70000904569.872437
70000852580.142181
70000347607.092941
70000718989.981354
70000928999.631851
70000024860.898117
70000589270.952286
70000464623.823196
70000601700.939438
70000942067.474030
70000084144.596497
70000990827.851349
70000442107.601562
70000363942.513474
70000295352.385452
1.000000
70000394017.771942
70000686127.877335
70000842346.206604
70000616206.379257
70000172054.714310
70000127161.545044
70000378585.699921
70000715704.121704
70000994342.519455
70000213904.294601
1.000000
70000639311.861893
70000692845.819260
70000552896.869537
70000700056.752380
70000943419.829681
70000468833.093628
70000175145.631317
70000043438.262726
1.000000
70000134001.298401
70000348705.001907
70000721883.959961
70000420010.676071
70000656267.346069
70000711289.347748
70000551577.458084
70000102157.927185
70000341647.011551
70000904991.863541
70000235572.293350
70000204635.663757
70000198272.078323
70000183169.834625
70000198255.188568
70000934855.294434
70000460821.511841
70000408011.742935
70000712868.737015
70000524840.224091
70000540671.610153
70000130015.551575
70000425184.566238
70000109130.575012
70000750301.901138
70000741785.696930
70000434760.227539
70000809628.295700
70000538774.193558
70000869875.613129
70000312760.681519
70000567589.633652
70000414846.837524
70000523880.156799
70000776409.791016
70000245012.467758
70000910580.285339
70000641483.863052
70000609382.711761
70000940185.728394
70000056759.884857
70000141013.838425
70000139768.743378
70000480456.008377
70000489445.913300
70000533489.770920
70000068116.474640
70000332175.909378
70000674477.620102
70000199644.124130
70000235908.901489
70000737168.356506
70000985453.950027
70000081198.944702
70000386244.994537
70000551590.632019
70000133521.098679
70000939723.985641
70000866102.795212
70000887539.613510
70000746235.303513
70000080418.539612
70000770496.878693
70000776212.794220
70000586272.030701
70000657169.742493
70000452817.447678
70000624862.565002
70000056609.890182
70000433649.290329
70000533850.011932
1.000000
70000169054.359619
70000674196.947540
70000277833.568649
70000153831.317169
1.000000
70000111708.929688
1.000000
70000233971.644211
70000286688.340057
1.000000
70000767731.581284
70000779214.125397
70000571818.629166
70000018006.164688
70000138459.878784
70000338173.772263
70000957275.864471
70000695678.180420
70000340472.359268
70000001888.746124
70000655643.036224
70000278364.163635
70000917344.404892
70000416534.844116
70000604892.039322
70000914986.618256
70000509142.684464
70000438297.461624
70000567072.411926
70000084291.115845
70000376943.939255
70000515576.066162
70000270249.883270
70000328336.218613
70000417606.441116
70000274185.967636
70000057341.643814
70000159340.547470
1.000000
70000954448.039551
70000109299.988892
70000915796.774475
70000871916.266663
70000956461.792084
70000442566.551697
70000296321.997025
70000206040.076355
70000947579.270538
70000540527.397247
1.000000
70000414461.999680
70000316636.704926
70000583293.877167
70000335450.937790
70000811876.885880
70000764785.688492
70000090116.890228
70000574119.908936
70000860441.522736
70000959541.290146
70000054459.416611
70000171078.366470
70000772857.131805
70000355586.514893
70000279079.678802
70000218480.095871
70000399812.011383
0.33
 0 0 0 0 0 0 0 0 0 0 0 0 0
