1 401
70000255042.988297
70000727225.482986
70000843198.125549
70000131108.162018
70000512753.956741
70000969927.605804
70000611712.348160
70000513832.165741
1.000000
70000724734.150375
70000652890.932938
70000504680.209488
70000701167.213272
70000817607.176346
70000365227.772690
70000707905.526398
70000775642.708649
70000708371.545334
70000391028.185287
70000677628.854141
70000344174.886368
70000709237.469742
70000938731.381897
70000107021.333633
70000964915.887604
70000614294.606598
70000023403.059814
70000737849.289902
70000717276.017319
70000933352.242722
70000683779.486908
70000380664.197647
70000529150.456894
70000679771.283417
70000027815.392517
70000495997.379150
70000612591.324417
70000901381.652573
70000735431.237457
70000553977.687744
70000183510.984390
70000229045.411682
70000382579.266129
70000570426.668579
70000284861.493179
70000057117.737793
70000246350.223938
70000704100.252579
70000586137.296570
70000664269.340408
70000776425.860214
1.000000
70000366033.482285
1.000000
70000818082.141251
1.000000
70000996435.376328
1.000000
70000527592.100906
70000087585.803589
70000723028.009445
70000746014.397629
70000264864.652176
70000859444.548203
70000213224.735886
70000115252.295563
70000854719.022430
70000078692.104828
70000646634.578720
70000017784.767105
70000093231.733734
70000054508.407364
70000069411.032547
70000458907.682114
70000954366.748611
70000969495.532654
70000040333.719238
70000260613.000305
70000080132.557159
70000983970.459961
1.000000
70000699415.562775
70000331419.523407
70000768577.169418
70000510028.030518
70000517368.302078
70000603917.935059
70000779104.643784
70000406208.615417
70000264284.708191
70000094517.693649
70000963393.300446
70000930490.881943
70000567856.300049
70000673589.910889
70000396033.059769
70000866253.087418
70000974696.029251
70000716308.033844
70000191289.010590
70000968046.318024
70000898525.627380
70000996061.664413
70000091249.394669
70000920077.994751
70000104808.554794
70000173794.500488
70000292521.751205
70000818755.921188
70000184348.174606
70000436166.970398
70000586732.511520
70000556707.980026
1.000000
70000899271.719421
70000341119.499619
70000928286.584641
70000202045.389420
70000852355.571228
70000293828.538895
70000148448.397217
70000298918.481003
70000828330.312042
70000791845.817673
70000750756.852280
70000060706.963547
70000955311.248642
70000787162.554443
70000555479.630157
70000338181.938873
70000380826.239777
70000167637.758255
70000986142.665924
70000731258.061951
70000211544.485855
70000636102.274979
70000292361.860275
70000229930.379364
70000820064.992966
70000973211.836960
70000858942.570084
70000497727.171600
70000724671.210617
70000485184.320450
70000446395.924927
70000728690.500214
70000211738.506470
1.000000
70000286439.914139
70000292237.831512
70000340574.967850
70000427906.263641
70000599095.524658
70000922562.677322
70000639398.362350
70000418569.238632
70000677536.897339
70000598436.612061
1.000000
70000194238.501175
70000805763.416855
1.000000
70000602058.952454
70000736649.057495
1.000000
1.000000
70000070261.370285
70000169673.046387
70000346459.914795
70000660947.540161
70000887614.873154
70000861586.859665
70000862652.389221
70000928272.016586
70000267155.110748
70000540557.274887
70000029565.629242
70000503790.405823
70000449306.989532
70000892256.560837
70000405977.139618
70000858757.949432
70000524089.274475
70000304941.672119
70000670145.302994
70000448444.320099
70000942683.326614
70000719019.775391
70000442532.842163
70000690296.017990
70000690310.194504
70000325883.175430
70000955345.904480
70000456942.458847
70000723099.009445
1.000000
70000210628.117981
70000796299.609787
70000008679.375290
70000981592.454895
70000739968.010620
70000064679.372299
70000728086.808334
70000928842.254196
70000050130.350891
70000483097.156815
70000134790.995300
70000136757.120026
70000843802.682449
70000337682.957672
70000554013.162018
70000595885.386612
70000478747.373932
70000254220.640167
70000623443.807693
70000239493.313370
70000355210.279953
70000587288.404037
70000581340.900742
1.000000
70000152976.231552
70000493404.436249
70000868790.804947
70000791809.015396
70000763139.259766
70000201237.237137
70000995730.422470
70000813246.116760
70000216184.879669
1.000000
70000394392.514694
70000765035.518417
70000075954.001404
70000917681.740341
70000876035.633209
70000150006.678055
70000512170.275116
70000785014.461700
70000184060.555161
70000490692.460876
70000864472.030746
70000907621.493729
70000115272.810440
70000739570.645523
70000054452.057770
70000564948.486923
70000227090.981125
70000802996.774231
70000095953.314957
1.000000
70000159134.391006
70000796298.468811
70000075788.230774
70000678693.765366
70000107733.864151
70000933374.606644
1.000000
70000777826.369125
70000046253.652237
1.000000
70000875491.504257
70000211354.093338
70000557240.482162
70000664956.682434
70000229067.083588
70000039589.493698
70000928145.173126
70000079922.363159
70000366755.326843
1.000000
70000759109.635849
70000648187.574966
70000867647.326660
70000660366.971558
70000854472.315506
70000114662.716797
70000088776.666397
70000926610.925415
70000958395.104645
70000869921.731003
70000070278.307678
70000163994.628784
70000370979.105881
70000375641.309769
70000418775.062073
70000066976.410812
70000506891.422424
70000888958.564194
70000418423.754913
70000451624.315552
70000495567.159454
1.000000
70000101594.919952
70000177634.743835
70000134769.532425
70000806066.663025
70000725893.423508
70000049305.674774
70000766981.799377
70000451617.750473
70000348619.000900
70000907564.640808
70000212665.441711
70000841076.198547
70000950390.824585
70000049126.096893
70000884145.395126
70000177316.841202
70000843591.907928
70000274599.013245
70000869681.799194
70000462548.390472
70000558806.266846
70000471213.925446
70000575938.035950
70000110291.594055
1.000000
70000037268.077133
70000680644.667114
70000083203.791061
70000205347.171799
1.000000
70000186834.923721
70000149714.536011
70000335527.674606
70000055800.670441
70000206963.565826
1.000000
70000601452.061554
70000722245.271393
70000109700.743332
70000199802.209442
70000601337.976517
70000332741.481003
70000403597.879578
70000836022.627869
70000450524.719452
70000027842.076157
70000666680.607819
70000083976.021866
70000540974.444000
70000998651.563354
70000129107.535599
70000057246.214279
1.000000
70000007872.687012
1.000000
70000940443.654541
70000339316.444016
70000602949.971390
70000491420.611420
70000962002.751938
70000077335.178574
70000001885.035187
70000359423.696548
1.000000
70000071514.840912
70000765792.110123
70000534691.333939
70000809725.328857
70000910596.514069
70000181947.473709
70000420953.934891
1.000000
70000406452.063858
1.000000
70000320381.315750
70000521244.987778
70000608677.417709
70000931383.923813
70000760418.363525
70000993311.881104
70000134305.588730
70000629169.058685
70000965383.361389
70000093568.370941
70000844504.327896
70000237849.203796
70000754345.336151
70000265487.881790
70000925548.433029
1.000000
70000621289.934952
70000791919.243042
70000561303.900009
70000071452.640778
70000937153.702179
70000238769.946701
70000602638.235199
70000277990.155624
70000830990.098938
70000484560.446121
70000862835.299683
70000100940.894073
70000520465.313919
70000859406.493439
70000250387.362549
70000320989.289230
70000081353.629593
1.000000
0.33
 0 0 0 0 0 0 0 0 0 0 0 0 0
