1 401
70000999026.814667
70000955006.019730
70000015298.220245
70000358489.739639
70000130877.047653
70000409767.160706
70000194852.702042
70000907388.059021
70000530788.997864
70000197868.890167
70000557721.423386
70000199066.824524
70000394813.384613
70000885645.266815
70000662526.135208
70000781267.867233
70000086025.063629
70000660344.000061
70000644035.816452
70000621820.117828
70000177060.849518
1.000000
1.000000
70000433605.198807
70000600569.847717
70000111891.591583
70000936271.557175
70000255486.246582
70000704345.575317
70000233155.642822
70000654216.258316
70000578189.624420
70000381816.828461
70000272436.362823
70000279660.585602
70000485045.232452
70000459687.776764
70000457911.463928
70000466030.006439
70000879036.524078
70000016846.657303
1.000000
70000361471.888626
70000778805.554199
70000444240.199234
70000513812.739639
70000203952.502213
70000390749.342529
70000956865.968384
70000432165.129547
70000527037.549866
70000857904.354065
70000439151.582703
1.000000
70000883995.631729
70000283757.550690
70000247970.251740
70000610476.228638
70000722114.953018
70000441594.794678
70000460053.388550
70000996864.509338
70000794388.089035
70000306622.247223
70000172054.267044
70000786536.135620
70000649872.234711
70000799753.560379
70000824887.094040
70000971843.708176
70000307526.591675
70000259970.272812
1.000000
70000941522.712906
70000084035.023010
70000200709.911636
70000459029.269104
70000432487.961166
70000097220.589066
1.000000
70000593942.252151
70000239300.084793
70000909284.490494
70000741618.502945
70000429327.498734
70000626452.910919
70000156406.581192
70000622750.435928
70000065213.427811
70000389343.353348
70000879422.382584
70000985542.796097
70000085099.132004
70000680619.205612
70000313284.411209
70000178696.683701
70000169188.156479
70000496792.864044
70000065025.701370
70000315992.891464
70000401240.698044
70000461539.682434
70000569306.865967
70000573833.013000
70000605819.393005
70000143833.509552
70000824936.682755
70000714751.492493
70000777463.725403
70000178711.634216
1.000000
70000610935.581329
70000612391.599136
70000760414.884079
70000617942.409012
70000145142.866730
70000900925.384598
70000744927.891983
70000130844.831207
70000267376.163269
70000227254.109039
70000269570.091934
70000759320.817535
70000089053.930756
70000868442.178177
70000598080.693588
70000601658.607666
1.000000
70000593459.079926
70000932876.080109
70000664169.486984
1.000000
70000183088.652802
70000514130.562805
70000265964.876755
70000808736.449615
70000505779.124832
70000842073.946838
70000230855.081650
1.000000
70000346509.641327
1.000000
70000122088.346512
70000724630.205734
70000069319.036865
70000086715.563446
70000874791.542862
70000310744.315216
70000678677.184006
70000163336.399567
70000583958.709198
70000941495.668274
70000855002.854935
70000868863.891205
70000712705.765839
70000312319.404648
70000340499.417404
70000169454.451019
70000392173.157074
70000072747.682816
70000768532.410431
70000746518.777832
70000906770.419281
70000160779.121170
70000033249.238190
70000201817.639938
70000949178.858582
70000528882.657135
70000850235.514099
70000778490.868988
1.000000
70000755204.477219
70000041773.157715
70000628760.431641
70000531909.266449
70000890309.094727
70000879651.397278
70000474839.323700
70000845032.005844
70000668025.954575
70000846024.127945
70000429691.102768
70000051695.650574
70000260576.694962
70000520695.549316
70000220134.150360
70000933585.163635
70000018036.957840
70000077576.365616
70000945720.885223
70000749465.327164
70000319413.073654
70000364029.086258
70000950054.585678
70000496965.078171
70000086056.850830
70000986099.196075
70000478070.347153
70000736272.307602
70000049308.283844
70000042037.163223
70000189177.779114
70000002732.654480
70000926537.114685
70000051556.376282
70000919059.409271
70000094719.800964
70000119725.876785
70000662360.749710
70000318805.394470
70000430469.076508
70000528654.882446
70000500620.415527
70000003729.326172
70000659533.506516
70000607380.903381
70000196857.645325
70000812214.385330
70000852106.206635
70000613997.354477
70000225724.495956
70000389604.999527
70000435294.684891
70000572528.599625
70000346512.981049
70000491778.119934
70000260555.464340
70000619632.848404
70000220951.000916
70000726554.656296
70000656196.664902
70000624660.176910
70000240349.384689
70000954767.146515
70000424609.541183
70000609816.431992
1.000000
70000515057.948959
70000412521.987137
70000584829.092438
70000725483.475281
70000055062.557526
70000171129.410980
70000709740.298416
70000809487.517242
70000702475.355255
1.000000
70000599842.061798
70000960585.569366
70000843740.801834
70000943499.013947
70000241507.447510
70000976264.931168
70000711670.013199
70000255958.138168
70000642682.006470
70000831697.753616
70000013320.970581
70000537052.436478
70000096040.089661
70000859085.693909
70000389307.619995
70000454952.158356
70000606534.531570
70000989081.118378
70000032423.700790
70000273106.789780
70000333521.159409
70000800509.911087
70000598521.952866
70000589597.007202
70000657864.937531
70000917253.158569
70000738417.707901
70000933218.773071
70000201075.115204
70000729665.094833
70000049654.499878
70000399819.803406
70000753260.211960
70000147675.048798
70000991573.708008
70000947771.729202
70000221113.467148
70000250270.258469
70000098163.108582
70000246849.177414
70000241087.637512
70000156289.526657
70000754078.222351
70000072701.106995
70000005241.109619
70000106184.248306
70000879953.315689
1.000000
70000107483.857010
70000575647.682404
70000800010.703506
70000900870.078293
70000330415.720551
70000467969.158569
70000275136.392502
70000143093.892899
70000232984.304413
70000331978.655548
70000212209.325699
70000199479.880219
70000919063.352432
70000893084.356476
70000340558.402130
70000443157.709457
70000932404.424896
70000277173.053940
1.000000
70000247420.100082
70000652838.013123
70000015802.365051
70000082972.093353
70000413412.389664
70000015687.712509
70000122136.324188
70000316997.419754
1.000000
70000318862.056351
70000820122.433029
70000224268.071320
1.000000
70000594867.912994
70000537999.969879
1.000000
70000328261.878220
70000127425.651199
70000633986.974289
70000695705.118774
70000995659.045822
70000023148.825241
70000648553.196625
70000715780.232239
70000143078.719986
70000466651.491776
70000330090.390900
70000661214.914673
70000304564.877151
70000671123.538345
70000654720.416229
70000441171.720184
70000902074.531708
70000204910.120926
70000352276.589966
70000338235.460754
70000903595.168335
70000567445.960983
70000460402.044983
70000414895.438919
70000406781.040176
70000983280.261322
70000705785.265411
70000128442.027786
70000032477.789124
70000533379.459259
70000703494.226547
70000418423.187943
70000586713.915573
70000865234.443512
70000685700.274857
70000146238.350998
70000450660.307388
70000327752.552078
1.000000
70000821276.681412
70000371085.137527
70000835154.403519
70000140629.472458
70000115651.956436
70000818476.244720
70000573362.160522
70000910131.585907
70000629541.584229
70000459613.794724
70000324921.326950
70000195964.705185
70000758179.274551
70000762302.356689
70000840769.521835
70000345229.719772
70000260090.700699
1.000000
70000150601.671844
70000259140.580460
70000285230.821930
70000827104.847931
70000597070.543518
70000604700.523102
70000067823.937759
70000177266.669296
70000309675.912399
70000836201.531937
70000234125.002197
70000630948.065918
70000659884.842941
0.33
 0 0 0 0 0 0 0 0 0 0 0 0 0
