1 401
70000700724.263351
70000827307.406860
70000031269.110733
70000941933.103455
70000624305.366058
70000326875.540588
70000806652.242004
70000077879.444595
70000203710.810760
70000840287.841660
70000297285.842209
70000074494.983276
70000352025.339798
70000221758.803406
70000375433.813278
70000167033.988556
70000242298.586349
70000158290.269775
70000222813.997406
70000819702.671982
70000626891.857056
70000708501.814011
70000830607.464432
70000568539.383484
70000178816.608826
70000720214.510849
1.000000
70000024030.458649
70000431902.811844
70000393480.683899
1.000000
70000616671.545563
70000649442.848862
70000186106.884659
70000182059.760712
70000309008.386917
70000418118.010788
70000366536.729980
70000240459.448456
70000028489.226318
1.000000
70000202442.171860
70000547279.620056
70000281519.527817
70000778748.046783
70000425033.179276
70000596763.452927
70000702017.436279
70000445903.586655
70000108642.032211
70000679283.676605
70000387686.189804
70000096524.355316
70000175428.139145
70000631538.417099
70000532013.267105
70000451325.545731
70000939846.444199
70000893258.466400
70000771966.617767
70000807307.953232
70000074309.275803
1.000000
70000314737.648041
70000198741.269470
70000350587.459656
70000644985.483231
70000478073.295120
70000119282.379120
70000586081.492065
70000157606.487076
1.000000
70000349502.440536
70000394115.405060
70000200597.215042
70000925554.943542
70000221139.892990
70000627530.055420
70000642173.217758
70000521777.800400
70000405025.651993
70000275049.232162
70000960006.538864
1.000000
70000527986.686356
70000175478.203751
70000829579.082306
70000763596.975632
1.000000
70000480923.636902
1.000000
1.000000
70000921363.681229
70000330725.771194
70000229802.627960
70000008694.644577
70000213172.665741
70000528706.190994
70000462435.310745
70000952864.395264
70000536170.521072
70000547687.857925
70000970710.124695
70000726983.568573
70000362474.612595
70000149839.327988
1.000000
1.000000
1.000000
70000515497.376450
70000905781.355438
70000778436.614624
70000491325.027664
70000207381.334015
70000279504.468811
70000269688.895477
70000192785.211426
70000406367.342072
70000837686.861313
70000113817.400482
1.000000
70000303869.957916
70000922054.993088
70000549352.858032
70000144191.869598
70000197783.246506
70000010134.674286
70000008116.404175
70000943462.099701
70000856273.118149
70000529299.728699
70000817750.835220
70000750304.926010
1.000000
70000422961.911163
70000742867.102768
70000458018.007645
70000821139.509644
70000131394.881989
70000270215.551743
70000749051.966049
70000307128.109756
70000691907.481262
70000013823.787704
1.000000
70000913450.596527
70000328374.767929
70000857841.622803
70000057035.608246
70000897651.496338
70000334591.593094
70000438103.173279
70000675304.565842
70000747170.202866
70000532126.010315
70000929158.018463
70000673056.278931
70000658325.794937
1.000000
70000632841.709641
70000484983.834549
70000107975.107590
70000200661.917816
70000207367.638077
70000683119.246140
70000957528.814117
70000725758.392731
70000162205.104614
70000750720.594315
70000967635.045685
70000038264.272156
70000318706.159470
70000860343.550552
70000706457.229843
70000811356.880020
70000690425.668106
70000998408.725281
70000298474.296707
70000017506.288849
70000409427.123260
70000057302.665009
70000830287.236572
70000911234.490372
70000135914.463867
70000340035.604492
70000614375.687485
70000055791.203857
70000173108.850037
70000261009.031433
70000135227.695831
70000608147.905716
70000394161.062256
70000825392.268097
70000029463.157578
70000042779.296570
70000056813.174911
70000096061.440231
70000124124.951660
70000930302.245453
70000048199.235107
70000904794.832230
70000554613.751358
70000797999.634415
70000770386.599960
70000449906.562897
70000205935.919189
70000367554.115036
70000229088.780960
1.000000
70000195185.823471
70000826379.683624
70000411447.103561
70000817567.519821
70000464313.453125
70000292429.907990
70000993302.912552
70000656189.006592
1.000000
70000603401.783020
70000663878.955414
70000318125.541290
70000407322.604324
70000106308.013138
70000081933.603348
70000934145.331680
70000379285.745468
70000859820.635788
70000558382.164230
70000829536.777618
70000852592.658630
1.000000
70000640561.979996
70000696756.985458
70000688967.084305
70000208318.460541
70000854983.983795
70000962473.839020
70000489738.308502
70000903334.825058
70000483766.301590
70000490633.620743
70000792553.740753
70000423533.885162
70000024727.789780
70000740670.686844
70000508979.336609
70000166455.517212
1.000000
70000512428.845200
1.000000
70000742385.520859
70000854470.724915
70000301342.004333
70000240616.500153
70000449262.597137
70000503115.964676
70000610593.749878
70000066300.764023
70000736415.936249
70000988574.589645
70000318952.654617
70000131799.725220
70000810511.610092
70000546253.111343
70000693506.257004
70000491227.959335
70000529063.144516
70000042081.866379
70000430697.124863
70000853395.068329
70000653428.908859
70000380474.730530
70000665868.910126
70000415910.557556
70000799928.270920
70000320575.847946
70000585074.888153
70000384359.619110
70000294763.778931
70000976135.986542
1.000000
70000523700.152405
70000908578.926682
70000497626.363541
70000713598.920609
70000859500.489944
70000678353.341873
70000081074.555771
70000232493.085388
70000033652.470078
70000042864.237000
70000067218.883270
70000215275.652084
70000798528.510437
70000044568.520081
70000513920.192596
70000401222.313004
70000830129.569397
70000035474.764191
70000584255.819382
70000886728.809418
70000187798.345474
70000784171.697678
70000181972.652832
70000896356.087189
70000009009.951050
70000111056.532257
70000098129.243896
1.000000
70000381990.574280
70000051745.601730
70000713979.046478
70000996321.695999
70000459347.662598
70000076815.609543
70000704582.883011
70000091599.745712
1.000000
70000472129.129944
70000835344.624100
1.000000
70000340043.592361
70000831052.941605
70000229725.065536
70000562195.602768
70000353257.119583
70000143732.771057
70000970726.300171
70000463131.447510
70000897666.870041
70000018885.744278
70000252433.115936
70000816046.475021
70000964375.168060
70000453378.400238
70000092700.517090
70000468540.672150
70000114919.946533
70000169990.332718
70000883389.318619
70000198390.834763
70000348647.093750
70000102977.744385
70000023600.816727
70000119792.180679
70000490565.094833
70000929195.466217
70000466297.826141
70000500573.609818
70000515110.570312
70000120205.643829
70000125071.424789
70000813790.140717
70000491373.851074
70000404144.125839
70000937146.412689
70000149049.248169
1.000000
70000089959.672287
70000510263.257965
70000878654.394455
70000021010.050476
70000397110.029602
70000552689.018784
70000768418.875275
70000270038.821320
70000780904.291931
70000166812.854370
70000960411.036392
70000950353.734375
70000210191.030029
70000406163.572678
70000930303.384094
70000163130.894684
70000285072.433197
70000994897.754639
70000619406.268326
70000625035.881699
70000365287.271378
70000672618.675339
70000510125.621124
70000371348.039749
70000746983.645172
70000987724.493912
70000448441.002304
1.000000
70000438566.417923
70000360162.177521
1.000000
70000337514.186249
70000950526.336746
1.000000
70000884000.662750
1.000000
70000716092.663315
70000305832.549698
70000043080.912155
70000102560.770767
70000917928.262924
70000114299.427338
0.33
 0 0 0 0 0 0 0 0 0 0 0 0 0
