1 401
70000192766.070572
70000936484.690643
70000608731.288864
1.000000
70000458769.082245
70000784208.041992
70000593214.909561
70000989024.044373
70000656657.792068
70000726466.662827
70000611084.813721
70000969573.753571
1.000000
70000979400.567062
70000953561.328842
70000313913.990219
70000039070.147934
70000554851.388321
1.000000
70000982922.664520
70000982339.723862
70000003025.710449
70000102150.822372
70000730130.870102
70000249842.096298
70000822728.266876
70000011344.860825
70000968045.135818
70000202655.103638
70000028687.165985
70000073775.031128
70000133666.158966
70000111277.493713
1.000000
70000147669.389694
1.000000
70000615772.620041
70000465191.212173
70000335442.354691
70000293945.164642
70000172594.951645
70000522661.113617
70000072000.128891
70000298127.189240
70000813602.477051
70000828317.145218
70000161948.204742
70000575988.314240
70000840395.217407
70000971673.635483
70000308396.860809
70000397052.852142
70000405843.647507
70000353907.032516
70000953135.474747
70000267137.361938
70000153204.218338
70000523784.018250
70000968926.676086
70000539840.415649
70000400589.606537
70000429584.504181
70000559910.629623
70000403543.267944
70000171798.308060
70000057188.416550
70000713033.205933
70000928752.823624
70000441699.173248
70000811155.675461
70000901879.371628
70000215092.162262
70000763737.422333
70000735938.924927
70000040026.235107
70000092472.581039
70000675631.543488
70000651925.270142
70000088569.800461
70000695798.663803
1.000000
70000341789.821716
70000653607.144958
70000218884.495758
70000202381.015137
70000762237.033905
70000262440.572296
70000101248.711685
70000302008.922043
1.000000
70000005735.617294
70000253894.998016
70000412893.695648
70000925040.011841
70000351887.445282
70000192054.809586
70000555965.960556
70000719854.892548
70000705003.792633
70000108465.129730
70000770710.561310
70000202246.491058
70000696447.533722
70000101250.883377
70000353819.880341
1.000000
70000039608.697662
70000437835.416077
70000093695.452087
70000621014.715500
70000187467.317993
70000260949.767120
70000340579.991852
70000746159.201370
70000617325.731781
70000632711.641800
70000549227.546249
70000613493.383972
1.000000
70000099630.730591
70000099048.337616
70000439208.951782
70000636820.869812
70000848799.614395
70000184343.696701
70000208490.586014
1.000000
70000756438.314590
70000817338.196716
70000395071.793320
70000208738.988144
70000477823.536911
70000505026.481415
70000663746.577698
1.000000
70000048970.559555
1.000000
70000213339.761932
70000365827.101807
70000141480.167160
70000239616.392136
70000499540.200943
1.000000
1.000000
70000225256.900925
70000629734.053589
70000770758.561722
70000587571.143387
70000385850.505356
70000121129.248978
70000361135.142792
70000447525.654297
70000828987.840195
70000776200.270050
70000543646.972610
70000544184.883148
70000183262.193649
70000023191.631485
70000907421.349136
70000337434.293442
70000616259.716476
70000926995.536530
70000938750.791870
70000995954.298096
1.000000
70000733435.331787
70000877059.183792
70000674814.381699
70000083835.205215
70000195622.611526
70000179795.616714
70000057219.304886
70000815313.969666
70000012539.351776
70000888639.452301
70000264406.748657
70000270255.923569
1.000000
70000089054.677094
70000782557.309555
70000511635.658524
70000201560.285370
1.000000
70000794205.852783
70000126164.673141
70000956333.233963
70000917322.834198
1.000000
70000668499.755539
70000003309.192352
70000784651.770325
70000963663.056808
70000708001.342316
70000858844.988510
1.000000
70000045459.038345
1.000000
70000955042.750793
70000313761.727539
70000566815.646851
70000273580.110779
70000115530.871078
70000540686.463684
70000838922.913605
70000084752.717941
70000045890.159027
70000073217.413040
70000997838.011734
70000418009.267929
70000508002.926529
70000546714.956558
70000829646.952118
70000486354.751907
70000057248.071411
70000312824.742065
70000552242.221832
70000379790.670303
70000862850.504425
70000925600.770157
70000052105.466980
70000032955.721741
70000400566.551483
1.000000
70000399548.384552
70000230236.965042
70000232581.991409
70000890677.028976
70000249555.406006
70000190841.846161
70000424295.897217
1.000000
70000637643.288147
70000927357.849457
70000418366.215500
70000459407.822937
70000035982.296997
70000993233.169434
70000238141.538925
70000307410.657745
70000089361.305405
70000622260.776031
70000513028.780655
70000867188.729538
70000748968.033432
70000603625.073425
70000860536.158432
70000578638.745819
70000518277.947662
70000035432.285965
70000488606.447021
70000303897.417114
70000361033.568237
70000046859.927856
70000039754.327591
70000525951.284103
70000743819.028625
70000923245.019287
70000837972.466827
70000657274.928085
70000834208.525757
70000363277.197128
70000739525.482956
70000683323.786011
70000787095.349060
70000364989.815964
70000747655.342239
70000331743.409271
70000604608.856735
70000583588.794144
70000691960.699753
70000187282.274811
70000066814.749680
70000570331.369186
70000294745.437851
70000407034.062363
70000782463.630035
70000231555.716385
70000681208.083649
70000085877.466522
70000938339.053558
1.000000
70000135998.358643
70000130313.185272
70000067613.056183
70000701991.501328
70000270007.675598
70000017112.254578
70000870776.857391
70000990014.016190
70000115184.245544
70000198763.071655
70000702860.686234
70000538018.600662
70000404019.922287
70000411791.790787
70000580274.775757
70000590539.461670
70000896388.003616
70000632166.774109
70000868026.712387
70000775557.707626
70000262725.247787
70000869026.140015
70000808049.581604
70000208833.514893
70000867556.760559
70000962818.762405
70000077305.141708
70000823625.470795
70000548241.062485
1.000000
70000494146.830170
70000727788.348190
70000187431.283920
70000812166.978256
1.000000
1.000000
1.000000
70000801453.807281
70000632171.202087
70000163798.576279
70000650993.594177
70000864331.251999
70000400129.511566
70000085003.820816
70000884359.565475
70000038480.990341
70000973979.182281
70000375360.358810
70000589504.912827
70000385296.558060
70000444598.029312
70000939006.756332
70000212001.229416
70000742300.940399
1.000000
1.000000
70000380871.888214
70000637129.081223
70000536228.485138
70000047402.025803
70000056256.124130
70000552084.362595
70000497419.682327
70000200998.303085
70000117621.065369
70000564227.209595
70000729397.827927
70000101005.889221
70000562050.247253
70000410090.710464
70000442930.891418
70000848595.776245
70000216172.154175
70000616366.601166
70000394074.223511
70000504836.576309
70000580915.858551
70000789321.422729
70000179575.799210
70000864215.277054
70000618061.720352
70000480447.341858
70000228970.700256
70000836402.479477
70000719741.824142
70000852994.583725
70000414613.777725
70000288307.130234
70000047514.234528
70000049967.516159
70000091183.253555
70000904055.239243
70000251702.829407
70000443710.323792
70000607939.751907
70000485948.299393
70000869199.979553
70000187047.782166
70000976721.084793
70000390940.730148
70000109457.018494
70000285947.991180
70000699145.415970
70000685199.203735
70000806888.890198
70000302795.980820
70000366715.069839
70000314744.275711
70000221868.973755
70000678810.704117
70000232287.746689
70000798478.871582
70000078290.022369
70000611624.610779
70000542949.348877
70000135407.891678
70000169433.725021
70000308042.142715
70000309621.087067
0.33
 0 0 0 0 0 0 0 0 0 0 0 0 0
