1 401
70000580974.396744
70000214116.339630
70000251646.410095
70000469235.934113
70000649165.581543
1.000000
70000315637.910461
70000585141.478577
70000261088.056686
70000988285.188583
70000040550.468399
70000249821.283737
70000519731.376373
70000867267.730865
70000410834.033676
70000803234.943741
70000985297.359604
70000742068.190308
70000939366.407669
70000617332.788712
70000025035.724091
70000684036.584335
70000949395.836548
70000959521.604340
70000728843.300720
70000646474.760590
70000220271.317795
70000379533.189484
70000234435.506744
70000318788.873642
70000235174.714462
70000787956.957703
70000733177.959976
70000663582.195023
70000582361.527237
70000855508.470261
70000197161.044388
70000520638.140900
70000343537.635803
70000658432.343826
70000941780.213791
70000874068.540344
70000135056.929001
70000859335.344009
70000494654.151123
70000491315.769073
1.000000
70000777218.494400
70000266401.892075
70000868691.475494
70000043684.316071
70000768993.703629
70000990811.408356
70000530357.459473
70000740261.833572
70000225528.577164
70000752813.870621
70000850651.460342
70000277953.596619
70000302204.309677
70000284058.881683
70000602566.369537
70000849900.378448
70000314842.525269
70000569527.708389
70000708023.407730
70000578549.370071
70000903179.684326
70000634612.121063
70000607999.830719
70000249280.323730
70000019415.683792
70000093401.161133
70000121493.491653
70000200850.405548
70000958544.300156
70000087214.733765
70000064173.067307
70000959763.786545
70000393189.668884
70000378475.284363
70000150859.598404
70000101032.925003
70000223202.294876
70000283322.335541
70000059396.849365
70000056933.616806
70000703130.244659
70000124833.593323
70000796448.429489
70000235984.454620
70000333455.786789
70000252094.716522
70000833742.371109
70000881493.684128
70000152914.019714
70000631917.750961
70000403888.868454
70000006278.751709
70000034333.342499
70000856782.385818
70000187724.915833
70000084771.202118
70000670672.445541
70000691312.466705
70000727017.022339
70000393529.126495
70000614840.640594
70000447701.042450
70000600194.735001
70000016805.000824
70000306944.371750
70000976991.973831
70000497357.888504
70000783760.780777
70000879192.087875
70000039156.547256
70000086441.904984
70000471707.908569
70000214687.658173
70000660860.886215
70000328282.004242
70000141807.701111
70000995503.787781
1.000000
70000773566.205933
70000297286.097580
70000145893.744843
70000241391.068237
70000116299.853363
70000222212.788712
70000973737.979218
70000820797.049454
70000685493.456711
70000693837.447708
70000479264.427658
1.000000
70000355246.114975
70000596276.812241
70000228559.764252
70000361358.736237
70000704388.924942
70000872578.261902
70000416886.062164
1.000000
70000081286.793686
70000146127.478897
70000660825.866165
70000043893.318405
70000919569.711273
70000142396.272751
70000283360.042770
70000814689.842896
1.000000
70000393685.510742
70000201706.918259
70000265408.461731
70000775995.022186
70000562485.627823
70000662497.199219
70000384322.915131
70000925393.649963
70000027376.974060
70000126832.027145
70000917645.566162
70000835453.163925
70000760265.708511
70000561708.990189
70000005251.856583
70000915354.447723
70000127390.390335
70000366754.107010
70000872206.614120
70000445203.073471
70000713744.089630
70000129123.967941
1.000000
70000803271.895798
70000527458.885056
70000135879.229889
70000811669.110962
70000054517.474442
70000193498.987991
70000536855.726807
70000432440.526230
70000790641.511902
1.000000
70000990890.527939
70000490134.540253
70000038512.371780
70000022725.565842
1.000000
70000252218.669586
70000877409.492401
70000721151.148270
70000324007.458878
70000408546.881622
70000101796.006226
70000935530.251480
70000503376.757095
70000435220.268723
70000604843.529083
70000109689.398849
70000534928.387039
70000255430.924698
70000307020.090454
70000909103.010605
70000819149.584488
70000137952.360123
70000821625.203613
70000837307.452713
70000055154.938538
70000658442.575912
70000396969.086502
70000604870.339142
70000867649.891159
70000707371.858032
70000568205.241516
70000978173.069519
70000463468.006912
70000436761.639618
70000532232.743179
70000171556.295410
70000234360.246063
70000948110.464096
70000532558.139038
70000792639.446152
70000712887.116425
70000567469.134064
70000926828.428787
1.000000
70000439602.132767
1.000000
70000418097.290512
70000007403.877701
70000365019.291306
1.000000
70000177196.993469
70000975231.280701
70000540563.464050
70000298814.969040
70000711014.721405
70000420917.781479
1.000000
70000875907.263931
70000844944.679520
1.000000
70000000594.670883
70000398254.163696
70000140930.990204
70000760582.572571
70000153868.698044
70000505714.019791
70000558831.231949
70000240424.504959
70000148103.580200
70000507596.298111
70000661245.436493
70000566227.280167
70000943867.349472
70000322039.380310
70000665612.079498
70000086809.751205
70000485539.083832
70000177562.439178
1.000000
70000024463.279465
70000452897.069214
70000894791.563278
70000014803.713028
70000486846.655334
70000549714.627777
70000105052.908234
70000889728.446304
70000393463.105194
70000570422.257004
70000735069.588394
70000065581.076691
70000029906.204666
70000470788.678940
70000330782.016174
70000045745.598190
1.000000
70000506868.398499
70000143357.857407
70000426185.388702
70000870134.838776
70000521966.134430
70000143364.091461
70000588858.946793
1.000000
70000148104.780899
1.000000
1.000000
70000643073.290039
70000820283.175430
70000912125.193954
1.000000
70000618163.473801
70000081667.533264
70000007316.109634
70000361788.617844
70000290511.865433
70000608177.510422
70000288711.335236
70000977143.618698
70000618614.788528
70000022184.422409
70000982822.379868
70000090012.812683
70000307089.958313
70000859528.177582
70000370175.701248
70000135203.854889
1.000000
70000273235.556702
70000249410.189331
1.000000
70000347885.368607
70000213505.070038
70000584697.299774
70000219195.448898
70000731089.435379
70000622245.989792
70000544304.497101
70000660829.490829
70000164269.087555
70000474380.055313
70000872887.343475
70000853004.406067
70000029729.812088
70000330385.894791
70000910729.882187
1.000000
70000752096.179733
1.000000
70000425846.652054
70000059331.822342
70000589926.436722
70000992628.741623
70000148348.535217
70000391645.150864
70000851505.039017
70000046879.552658
70000337495.071487
70000719767.304565
1.000000
70000774493.563858
70000723118.631256
70000520235.418213
70000508101.606827
70000359473.871185
70000381100.934387
70000650996.428696
70000572802.274109
70000013893.195297
70000610647.395340
70000564516.008453
70000273357.379547
70000349533.945404
70000030137.372589
70000200504.277130
70000310772.515686
70000283459.142456
70000046680.841354
70000194522.569138
1.000000
70000790479.192017
70000584127.714127
70000645814.378174
70000123735.709045
70000221966.549240
70000965502.544159
70000019419.074081
70000346873.094452
70000721362.351471
70000801213.528137
70000433570.896683
70000979829.886429
70000539660.961761
70000258179.945984
70000272654.310028
70000183894.572342
70000984941.000137
70000024548.460602
70000115452.067856
70000294265.275864
70000585053.038208
70000281618.344147
70000355971.048325
70000016245.310989
70000710818.612854
70000495051.007126
1.000000
70000424067.872116
70000350155.403107
70000529665.261093
70000027543.752121
70000639249.071777
70000103179.551865
0.33
 0 0 0 0 0 0 0 0 0 0 0 0 0
