1 401
70000663750.846375
70000698206.652802
70000881828.839905
70000700703.730392
70000591859.976181
70000508840.166718
70000055360.656570
70000752503.777817
70000520844.456909
70000409839.820862
70000695231.393311
70000321306.192642
70000179794.979797
70000490800.169464
70000107418.020966
70000800402.773087
70000761604.547348
70000585796.496811
70000294755.824112
70000363486.804962
70000426404.114517
70000968901.621429
70000624639.294739
70000387760.675018
70000397243.797440
70000493470.273849
70000034955.982300
70000843753.097061
70000602355.824982
70000495690.425125
70000843440.368103
70000637923.158676
70000370246.590775
70000125226.263672
70000750602.536697
70000288610.567261
70000123016.689957
70000297272.857666
70000698981.842667
1.000000
70000775114.244431
70000621272.471680
70000130296.963760
70000839276.785889
70000214926.241776
70000418924.807846
70000034946.094543
70000849738.258102
70000556819.093155
1.000000
1.000000
1.000000
70000858316.379837
70000734088.265976
70000404870.940277
70000278624.688416
70000615825.327682
70000500353.720840
1.000000
70000014311.964981
70000675001.635361
70000831972.461029
70000831915.498795
70000626247.692734
70000604289.560043
70000480616.194855
70000153168.578400
70000096695.809280
70000309411.528473
70000211059.857971
70000844610.658936
70000890516.376266
70000936865.103607
70000666659.671997
70000226863.733582
70000102577.789886
70000446649.272995
70000769323.502640
70000723973.173676
70000399616.035614
70000001654.521652
1.000000
70000678570.571838
70000073071.902512
70000219027.126343
70000929378.112564
70000947449.629196
70000376988.184433
70000796770.414978
70000071444.132584
70000311572.005127
70000981561.823792
70000314148.557205
70000804256.439148
1.000000
70000576500.488007
70000334384.788788
70000516482.250229
70000764168.368866
70000561590.867523
70000295381.720001
70000692793.722702
70000568719.207870
70000961139.164337
70000116674.453613
70000156525.443222
70000023816.674866
70000524214.087463
70000492383.776810
70000188018.768692
70000789231.060471
70000064821.474747
70000998023.339615
70000673912.923065
70000109954.504745
70000232332.551132
70000046392.170609
70000006235.936737
70000781688.962311
70000345913.700928
70000312901.496902
70000031261.379166
70000452613.228027
70000162778.148087
70000629922.768097
70000887839.525894
70000407747.637375
70000423612.885361
70000788810.340256
70000194258.187744
70000630195.836029
70000230828.959854
70000074517.149139
70000502734.926910
70000132719.777161
70000660721.610703
70000436105.023315
70000278206.836197
70000745288.231995
70000860628.074463
70000767473.879639
70000835363.200912
70000822724.068512
70000474896.145569
70000274721.166565
70000568577.813248
70000214028.875351
70000033841.463974
70000518907.998352
70000360160.127945
1.000000
70000043668.310074
70000274575.436798
70000733894.607819
70000278365.429092
70000350365.215927
70000693667.080505
70000375855.920013
70000939520.564651
70000527547.660797
70000299539.708176
70000281753.366135
70000085454.357727
70000870157.748734
70000002083.765671
70000638702.437439
70000834753.093613
70000519660.823715
70000896346.200500
70000126969.859314
70000767124.495773
70000545987.600128
70000855342.915741
70000835070.476944
70000423583.875519
70000235363.172256
70000808040.513351
70000487434.041748
70000166953.725998
70000322026.859497
70000733928.038666
70000221352.126999
1.000000
70000791389.668137
1.000000
1.000000
70000726686.101028
70000867947.808258
70000597354.108871
70000718012.656372
70000080527.670456
70000922836.814697
70000571006.675095
70000334522.677338
70000660743.924545
70000680891.085587
70000445874.799393
70000074790.549850
70000704792.759567
70000988157.875320
1.000000
70000517019.909409
70000146353.714706
70000020892.639008
1.000000
70000022677.258636
70000183926.240021
70000541994.522430
70000504841.535233
70000410261.069168
70000314760.505737
70000991023.435028
1.000000
70000735493.597488
70000554521.543259
70000964495.116165
70000405691.592926
70000969714.403305
70000957825.215042
70000855085.347260
70000712337.471054
70000344366.657944
1.000000
70000296237.249481
70000479196.592484
70000795605.903061
70000149191.367859
70000908370.234924
70000019411.096329
70000201184.272659
70000499930.864929
70000435874.331406
70000222857.953506
70000211826.513977
70000214154.891632
70000015637.094910
70000370928.499619
70000173634.123169
70000995783.560318
70000669693.272675
70000799213.696472
70000421286.376617
70000788388.668289
70000424178.803925
70000069826.408463
70000964238.252762
70000817056.314178
70000536473.155594
70000365467.693298
70000695819.406631
70000628490.979843
70000930528.345444
1.000000
70000717073.983994
70000278984.053772
70000943234.868759
70000432112.838043
70000041985.996780
70000034083.411880
70000228945.732941
70000508243.687592
70000701629.025635
70000521464.717636
70000638727.496857
70000943634.147354
70000171571.482315
70000518119.718658
1.000000
70000079813.414825
70000484148.526367
70000825521.876419
70000532749.937469
70000042949.829483
70000917922.458618
70000913938.204559
70000288462.789841
70000560812.861816
70000295217.050949
70000500200.379791
70000261982.616287
70000745180.663330
70000937443.820419
70000081987.336273
70000076436.178680
70000486961.313614
70000546257.483093
70000784524.884308
70000825695.151794
70000435981.081421
70000872525.136887
70000722053.808304
70000480797.102798
70000165555.874649
70000022519.770416
70000576712.501343
70000853915.098724
70000091542.848465
70000217942.346222
70000403076.510223
70000292587.018890
70000940719.965073
70000115438.700150
70000137223.181503
70000370869.752029
70000146273.109497
70000890179.846756
70000252814.083862
70000042097.586517
70000709383.886993
70000184271.396790
70000008403.386490
70000497114.575302
70000914855.605270
70000303903.667084
70000777666.077377
70000665549.492294
70000656059.819870
70000084206.316711
70000840796.674759
70000855745.676086
70000530411.708115
70000584692.290543
70000378517.993988
70000658019.093124
70000302548.927429
70000459522.008347
70000572927.134613
70000631121.826218
70000962364.808304
70000803266.092743
70000273997.231979
70000615807.045135
70000106280.363815
70000922345.015961
70000862653.796585
70000611187.190262
70000250933.823990
70000929888.354248
70000944003.672180
70000868804.505753
70000993839.678543
70000440040.637878
70000690865.815216
70000968425.330200
1.000000
70000435476.967468
70000463030.970230
70000826576.112991
70000914648.105515
70000530510.634399
70000382241.679779
70000538420.560242
1.000000
70000529665.911346
1.000000
1.000000
70000593957.302734
70000806550.614182
70000715156.112213
70000329694.026382
70000446273.792526
70000579048.919388
70000455694.156204
70000773193.452805
70000635989.461777
70000327759.392136
70000817469.851776
70000119283.024582
70000736597.798920
1.000000
70000580404.973236
70000893059.684052
70000109275.606873
70000545163.920547
1.000000
70000371100.465408
70000087938.100021
70000759437.603226
70000470246.834457
70000202064.248688
70000442462.283051
70000770418.621567
70000215306.565979
70000783394.689713
70000351350.205841
70000768229.024948
70000583318.121078
70000000095.447632
70000167137.251099
70000169120.929138
70000978722.978333
70000957186.441925
1.000000
70000455785.039871
70000475538.421631
70000355088.559311
70000364191.120041
70000506781.403061
70000023148.703812
70000112450.270340
0.33
 0 0 0 0 0 0 0 0 0 0 0 0 0
