1 401
70000333267.217545
70000307105.628006
70000829239.640533
70000017829.880661
70000275527.802002
70000945018.825760
70000350956.439682
70000659774.663879
70000307110.760422
70000266904.099014
70000015729.108368
70000158726.335358
70000906180.510361
70000069095.993118
70000890762.221603
70000292734.961807
70000459863.070923
70000403102.545822
70000790365.154770
70000073060.528061
70000762335.746124
70000018839.529953
70000377676.056702
70000772952.078827
70000488771.526825
1.000000
70000125043.210968
70000090043.208420
70000334741.680435
70000675269.332489
70000046939.717285
70000381445.727417
70000788665.569717
70000666355.556244
70000818969.357635
70000592476.045425
70000090715.885803
70000756656.370987
70000272649.679932
70000710866.890289
70000959721.420868
70000081319.148621
70000217920.197006
70000899931.719589
70000010010.510681
70000270030.716278
70000553885.454651
70000566113.366669
70000647446.091599
70000699270.399384
1.000000
70000178374.752777
70000426376.359634
70000576607.424011
70000370834.928024
70000358275.437912
70000006765.897232
70000065978.201843
70000540905.968155
70000623689.549210
70000220411.020462
70000231245.013962
70000794972.395172
70000795255.030914
70000977400.886734
70000557717.356125
70000115812.875015
70000886590.304749
70000767045.579346
70000460204.216125
70000727817.748795
70000536759.483795
70000924367.340424
70000330704.991272
70000783610.506470
70000017937.099960
70000479161.563400
70000070743.092392
70000691537.147873
1.000000
70000369992.032791
70000304256.533936
70000081218.922073
1.000000
70000671616.153687
70000969773.200333
1.000000
70000648930.333923
70000821289.665176
1.000000
70000951365.251434
70000317678.295059
1.000000
70000962577.343826
70000194278.986786
70000960419.589630
70000820064.150894
70000668824.290771
70000019589.534164
70000320894.763016
70000585851.875549
70000593449.980530
1.000000
70000515144.645279
70000143432.859161
70000984609.941345
70000493033.253174
70000238544.855225
70000167948.063995
70000585078.495956
70000989731.739258
70000939539.861725
70000536047.508713
70000809442.809479
70000108270.514297
70000262452.662476
70000600738.280090
70000678157.882721
70000058628.582947
70000889640.963745
70000856098.184738
70000485960.255081
70000952442.630630
70000066613.234039
70000414232.996002
1.000000
70000688452.448135
70000673257.752029
70000452951.291641
70000325318.556625
70000687364.176239
70000809916.337280
70000628439.493454
70000065815.979141
70000119443.945831
70000738632.898361
70000476753.314667
70000076022.378113
70000518889.608612
70000109574.226624
70000615112.838440
70000703070.028397
70000294907.980133
70000337138.609421
70000071930.220749
70000817784.800812
70000332963.790085
70000117239.864105
70000592866.144241
70000115791.590042
70000995209.492569
1.000000
70000821956.841873
70000010146.150650
70000770082.518005
70000587847.301270
70000598207.994003
70000744458.559937
70000511878.489716
70000840440.886307
70000450188.240829
70000433523.251221
70000520801.837936
70000721759.566376
70000216986.134262
70000171642.571518
70000689698.549438
70000834370.958008
70000748253.832275
70000848221.039261
70000055164.388824
70000288699.726105
70000581953.666855
70000790595.473114
70000924132.195724
70000633673.453613
1.000000
70000785166.659592
70000982988.781036
70000261566.620605
70000724782.349411
70000357424.786819
70000458953.549194
70000104993.707794
70000597103.213577
1.000000
70000102102.948669
70000902351.025101
70000745406.108154
1.000000
70000535564.717010
70000987453.449692
70000445844.401245
70000627578.540115
1.000000
70000045621.413239
70000202811.441391
70000163954.767075
70000573862.917053
70000378163.926819
70000725650.825546
70000350888.664627
70000844362.584854
70000100007.397339
70000294403.512131
70000011800.761368
70000550057.895584
70000174987.838272
70000198014.437119
70000439881.491211
70000511017.220566
1.000000
70000384583.611206
70000457552.828247
70000242268.108536
70000975063.869675
70000072863.981201
70000167149.007019
70000591980.458511
1.000000
70000908808.395660
70000100309.209656
70000677713.515808
70000038860.942673
70000635860.852264
70000456821.322906
70000418210.059799
70000250109.519302
70000446570.020187
70000427693.802765
70000375596.952255
70000744182.329407
70000750067.298370
70000112268.208237
70000756907.274826
70000425846.645905
70000711485.469589
70000951931.434952
70000082450.044144
70000932235.136719
70000358801.944000
70000197853.773666
70000667595.692780
70000137934.283417
70000872443.481369
70000742491.457626
70000156938.347122
70000698915.580078
70000796181.780960
70000996189.787598
70000987408.084244
70000811036.133575
70000984833.622620
70000677811.714783
70000255809.972763
70000058997.254150
70000001421.476273
70000060214.326859
70000047158.074005
70000928671.142136
70000357439.576508
70000515542.340805
70000022361.814606
70000641001.264435
70000633070.494293
70000909924.684128
70000445934.088852
70000430618.873520
70000554276.221161
70000251988.780029
70000051712.411285
70000606138.677719
70000034207.010696
1.000000
70000788762.189346
70000871713.680298
70000337693.081558
70000929777.598389
70000055824.739288
70000372431.579376
70000071209.868286
70000488939.443573
70000512351.431335
1.000000
70000401088.517349
70000944395.250824
70000726076.981842
70000386201.817062
70000054777.411636
70000477609.998627
70000746348.503922
70000761545.685867
70000642379.526230
70000012334.626541
70000891560.231537
70000133906.350586
70000900871.870728
70000867004.573364
70000056534.308746
70000730125.998047
70000005766.252609
70000716552.331894
70000584022.854721
70000556670.707169
70000931604.083893
70000150624.763702
70000369911.727814
70000993195.710632
70000979008.409348
70000655273.458206
70000218646.301224
70000215777.171677
70000250219.836746
70000758377.354523
70000943584.530792
70000792853.191635
70000327558.318054
1.000000
70000710891.435516
70000903677.586349
70000139949.311356
70000126712.399246
70000269905.250092
70000811312.629364
70000931512.206802
70000091374.934464
70000736809.967773
70000022784.060486
70000006023.258423
70000038776.650726
70000978247.739410
70000949170.972534
70000625451.858017
1.000000
70000741075.182434
70000764486.259720
70000848949.275604
70000188229.764069
70000701483.608887
70000049929.306274
70000845077.398056
70000559160.211121
70000217547.820160
70000039108.651505
70000779146.661972
70000100715.112305
70000705176.066177
70000141093.192642
70000543654.341812
70000142485.222473
70000955418.652771
70000964714.036041
70000612382.031113
70000969411.506073
70000302404.846375
70000213455.600906
70000244529.555908
70000160171.903229
70000518587.387909
70000789985.954819
70000809164.488937
70000850869.378143
1.000000
70000497050.932358
70000536208.912842
70000378787.884354
70000562420.598740
70000940104.698410
70000510056.686615
70000636578.199112
70000942068.100143
1.000000
1.000000
1.000000
70000343308.897278
70000992958.184158
70000629264.076370
70000500943.454483
70000911430.548538
70000997340.602676
70000246812.444092
70000924238.078064
70000442719.003677
70000175975.816818
70000009779.235748
70000386591.963272
1.000000
70000005190.479294
70000715808.009323
70000912420.030273
70000392539.956909
70000894525.612076
70000040543.166168
70000223118.935455
70000783291.257309
70000231726.877441
70000910931.389359
70000437132.532028
70000411005.797089
70000240960.045761
0.33
 0 0 0 0 0 0 0 0 0 0 0 0 0
