1 401
70000189640.804474
70000296221.362396
70000539281.112228
70000518036.779083
70000191634.331360
70000020931.269882
70000313010.567581
70000521248.112015
70000357419.036041
70000308041.170334
70000052515.158279
70000503034.039474
70000975675.030563
70000510638.576355
70000381484.297409
70000188846.842743
70000680236.040451
70000139280.173172
70000276478.796295
70000587483.172409
70000235309.745529
70000193605.050751
70000054637.219818
70000527149.534912
70000246214.907181
70000032725.258942
70000454123.069580
70000957672.447067
70000374127.400040
1.000000
1.000000
70000769786.201309
70000741404.407578
70000107077.670212
70000567699.848785
70000298223.574417
70000090258.706192
70000110252.512131
70000931880.696198
70000909356.959900
70000683776.586929
70000652585.481567
70000539472.685104
70000596148.636932
70000962932.672348
70000764788.786423
70000473111.160919
70000898836.005600
1.000000
70000074021.366592
1.000000
70000633238.828934
70000121907.051392
70000801649.995789
70000249351.222275
70000382207.740631
70000448897.731812
70000283191.095993
70000591230.055817
70000528208.313034
70000893969.216187
70000137180.548233
70000891888.006378
1.000000
1.000000
70000974574.515152
1.000000
70000340941.782455
70000727284.597107
70000318337.721603
70000372816.796829
70000334557.036469
70000897229.245300
70000400817.685471
70000660179.269592
70000558121.646667
1.000000
70000771753.942581
70000088188.256454
70000118338.335846
70000325311.354980
70000428637.436646
70000364714.940964
70000705121.006149
70000033756.123138
70000034097.241547
1.000000
70000403220.485046
70000126468.494919
70000872705.262207
70000458309.463013
70000947818.721436
70000354090.070190
70000276691.921387
70000080916.417572
70000128239.825409
70000981655.238174
70000548002.582611
70000023323.558807
70000470037.456299
70000460977.804810
70000996815.069214
70000398915.140259
70000861058.430557
70000357975.880936
70000872937.060974
70000843047.092148
70000547812.631271
70000112317.750656
70000498234.672073
70000580550.840042
70000775526.929688
70000733738.314438
1.000000
70000441198.234909
70000629509.513077
70000590863.195572
70000967330.847488
70000571535.220581
70000512761.043121
70000362572.081879
70000579185.881836
70000894706.903778
70000264129.339294
70000097034.061203
70000227632.555832
70000261153.481995
70000277715.057602
70000325905.683228
70000553839.207626
70000750713.319519
70000415773.239609
70000592379.937241
70000025884.259644
70000667523.422089
70000059011.682831
1.000000
70000468293.105179
70000613805.798233
70000974935.004959
70000247898.352020
70000259116.319397
70000875902.764969
70000617630.762375
70000028917.648499
70000561718.330521
70000979983.154449
70000269769.335403
70000331458.002350
70000354979.819839
70000847901.012589
70000104585.535553
70000032301.042358
70000770921.351105
70000663483.211365
70000653871.515594
70000999549.797516
70000656172.596008
70000976830.373413
1.000000
70000477558.372696
70000420884.107513
70000519028.800705
1.000000
70000718927.894806
70000565907.434830
70000850991.753616
70000615088.739960
70000080318.896484
70000269113.415390
70000473013.438095
70000435940.223969
70000549784.521301
70000942505.416183
70000079810.294739
70000647704.272263
70000783575.013412
70000877910.776184
70000592033.651520
70000195510.725983
70000647516.884338
70000974021.104584
70000603983.995377
70000564198.483154
70000405293.647873
70000931589.953247
70000823103.564194
70000162462.509048
70000298503.942932
70000297067.463821
70000292703.601227
70000764561.389359
70000480227.209534
70000469233.492615
70000498117.804443
1.000000
70000557228.489777
70000771396.455338
70000086862.113495
70000503977.191132
70000591525.319534
70000586022.211670
70000995799.284256
70000323827.483643
70000150551.502686
70000953286.318481
70000678874.277481
70000531936.962875
70000004177.230392
70000661885.126068
70000184173.691193
70000505897.737015
70000765424.761581
70000098452.130920
70000671434.715561
70000297485.178070
70000127255.223373
70000427365.216568
70000037548.465836
70000422631.826294
70000922421.563522
70000444258.193420
70000403350.149338
70000872097.939484
70000546396.685486
70000517923.941711
70000596023.709167
70000548692.101944
70000689473.800568
70000928627.482315
70000768699.677490
70000793027.585739
70000432599.058075
70000273187.347717
70000171399.505890
70000931465.835175
70000416393.323868
70000237761.472061
70000456310.958740
70000759063.202103
70000891921.724365
70000796115.806229
70000029234.471146
70000109536.878860
70000404010.441971
70000590716.332657
70000022231.550125
70000442130.755249
70000064795.586411
1.000000
70000580741.157745
70000381755.185120
70000684892.525299
70000252920.093567
70000833929.203369
70000620007.514389
70000372440.010330
70000178921.027328
70000141303.829987
70000306577.456421
70000894009.564835
70000406846.022812
70000234716.509018
70000254200.287064
70000458817.568512
70000998984.857925
70000662596.830933
70000282284.680313
70000361815.737305
70000588771.942749
70000507097.140564
70000396598.836868
70000033600.935104
70000962301.855850
70000201214.857697
70000959839.775146
70000203182.918823
70000494762.589172
70000465528.429428
70000947226.042023
70000240457.291824
70000514205.261612
70000044463.838959
70000287252.888885
70000528928.960861
70000511022.114929
70000534058.032806
70000425631.374893
70000381582.116745
70000374767.559769
70000107837.073990
70000980935.744629
1.000000
1.000000
70000313371.270462
70000587496.565002
70000572203.345154
70000446286.517563
70000758793.829224
70000942601.832245
70000153965.779236
70000156798.317108
70000406575.350479
70000986676.430893
70000421396.313782
70000132124.000473
70000689278.819855
70000122898.576202
70000731809.229721
70000186331.341522
70000710012.406403
70000606145.241867
70000639776.245544
70000798099.242828
70000065899.259583
70000032176.676376
70000789425.907928
70000787929.206406
70000399905.184387
70000001552.536484
70000378370.399094
70000605382.333984
70000069741.171158
70000384540.729141
70000519168.404144
70000192492.990982
70000598629.255249
70000977411.346359
70000931354.384109
70000355215.061218
70000647927.808594
70000299408.884247
70000777303.533646
70000494219.019348
70000640926.154556
70000367316.296661
70000470113.304184
70000473239.568771
1.000000
70000065181.374802
70000329474.663315
70000629120.878845
70000493800.196350
70000756400.956833
70000172620.650711
70000548789.288773
70000720224.905060
70000964179.656097
70000950540.388214
70000278766.025742
1.000000
70000978693.013092
70000219795.798813
70000525326.297531
70000278859.293549
70000382158.346634
70000737123.930099
1.000000
70000348073.926712
70000650111.596786
70000457580.258652
70000843139.211349
70000833350.184387
70000009257.073242
70000278478.778168
70000819522.979980
70000830083.597580
70000370441.980957
1.000000
70000482593.193130
70000370240.928940
70000047751.825684
70000062615.695282
70000748705.802795
70000144567.512024
70000379300.558685
70000298655.047867
70000749516.573196
70000226534.061935
70000199857.194870
70000269919.864258
70000818014.053436
70000743245.820297
70000295750.460754
70000103079.832153
70000879062.191727
70000206830.266403
70000720548.305359
70000878336.568680
70000241658.787125
70000693338.848907
70000652417.805466
70000218528.939636
70000697619.949585
70000902026.395950
70000570585.048050
70000147512.958801
70000932729.006210
70000719692.420685
70000606371.457230
0.33
 0 0 0 0 0 0 0 0 0 0 0 0 0
