1 401
70000938759.976852
1.000000
70000593327.931458
70000718038.302353
70000832405.635056
70000004758.185989
70000654709.276321
70000565449.543091
70000870618.684418
70000835729.426880
70000896238.906631
70000643219.108032
70000127101.115555
70000375145.040146
1.000000
70000373698.624908
70000778269.110001
70000217773.881165
70000797997.777695
70000429688.964127
70000348740.704849
70000880691.004440
70000623284.838821
70000372878.632690
70000028518.832428
70000832181.194138
70000088768.586029
70000506421.475372
70000377931.626526
70000559619.994583
70000544933.215836
70000902560.438629
70000735687.690750
70000508629.118729
70000640134.809082
70000997495.402893
70000445187.504791
70000218394.586380
70000994616.391632
70000360572.464050
70000869497.379913
70000128786.780930
70000399346.873169
70000574668.504074
70000866043.845184
70000982189.870209
70000482741.737427
70000385657.975128
70000768515.327194
70000907425.331757
1.000000
70000984584.533264
70000986649.523438
1.000000
70000697105.999039
70000157532.504501
70000001402.511032
70000432196.881668
70000120135.748749
70000771377.965836
70000436934.237823
70000022250.704636
70000648213.765106
70000034408.293610
70000169145.944382
70000593890.685883
70000587280.682327
70000355893.869247
70000441762.667877
70000942896.453491
70000626960.303726
70000800649.380951
70000183072.615814
70000485268.072433
70000189375.684433
70000551297.060471
70000928033.912277
70000619131.200821
70000552406.229752
70000981676.368347
70000730300.678650
70000654999.342041
70000727276.636978
70000102095.281906
70000774628.331802
70000970368.287338
70000627437.607819
70000793987.042953
70000136827.643585
1.000000
70000369266.773743
70000499303.540222
70000500309.001343
70000142061.636520
1.000000
70000751581.988693
70000759183.493073
70000824794.322723
70000414043.999725
70000095123.643478
70000880752.292969
70000621645.047546
70000587394.518021
70000571859.704712
70000429685.568695
70000781693.992294
70000494141.254364
70000651442.518143
70000659826.529556
70000713546.018600
70000554387.288330
1.000000
70000420450.031097
70000132948.117233
70000849855.454590
70000861565.245453
70000742111.936096
70000648684.139145
70000898867.523712
70000880304.986145
70000433738.194702
70000751041.788620
70000018864.021469
70000870843.610046
70000074621.989227
70000826206.190659
70000786343.946594
70000201517.001266
70000940606.995010
70000611794.417465
70000634963.094330
1.000000
70000031581.830536
1.000000
70000265454.506363
70000740961.149780
70000958376.801956
70000925242.881699
70000362619.209824
70000787943.202423
70000506532.991425
70000004337.345413
70000443465.864868
70000671571.565063
70000364188.740433
70000086894.414505
70000070880.474487
70000500694.173035
70000955587.941254
70000581457.897858
70000251658.768021
70000094275.058060
70000527578.306107
70000785969.202820
70000527913.268616
70000542043.390930
70000924116.043289
70000562448.788803
70000446743.382050
70000604520.845062
70000154203.883377
1.000000
70000243650.042038
70000608436.982193
70000589963.799011
70000125120.344513
70000075641.149475
70000326782.846451
70000366678.496216
70000268262.363098
70000196011.333618
70000575032.157394
70000856004.391678
70000994662.421890
70000054003.356949
70000261627.744995
70000276995.641251
70000923345.877090
70000760822.029037
70000386567.462524
70000871702.912369
70000102533.528641
70000450835.865372
70000699449.005600
70000559262.019348
70000004367.643814
70000104795.414215
70000906250.735962
70000805330.471298
70000582723.705093
70000273936.491745
70000771378.093536
70000837772.438446
70000732736.160324
70000584439.948303
1.000000
70000785764.015259
70000598666.199295
70000434040.920090
70000581089.937454
70000406891.238983
70000085254.393661
70000466892.618301
70000657995.409241
70000367032.602295
70000933536.882507
70000884247.297836
70000875930.663589
70000581900.071350
70000385475.548080
70000259320.757202
70000185322.815506
70000652133.237701
70000899217.149765
70000935513.580338
70000634443.411270
70000299814.230896
70000604133.409302
70000943724.933914
70000449997.762100
70000757170.174133
70000650436.910187
70000202316.703049
70000510160.666962
70000993742.493393
70000767785.346649
70000463813.619278
70000682684.480957
70000484815.439056
70000827477.126709
70000163326.933334
70000774141.813644
70000973572.666656
70000877874.799606
70000057525.059158
70000963256.325760
1.000000
70000109313.307755
70000177469.116379
1.000000
70000101394.141724
70000610535.673004
70000605543.801437
70000634501.197586
70000755373.191269
70000605169.978958
1.000000
70000787165.165009
70000223414.504883
70000329109.626846
70000303683.020554
70000546249.220978
70000152275.888840
70000041390.055786
70000798693.237076
70000972919.664581
70000965493.540680
70000113663.330246
70000660750.035507
70000317341.330612
70000380747.618530
70000705922.728760
70000536185.126175
1.000000
70000111513.734833
70000089584.352631
70000661754.082962
70000115504.180832
70000905695.694427
70000910933.601242
70000770358.890945
70000824341.498917
70000036546.693954
70000355088.572021
70000112750.108200
70000950192.424866
1.000000
70000771843.755768
70000197108.494202
70000930466.015091
70000671133.559967
70000072339.465454
70000632703.227493
70000563940.492325
70000067151.928940
70000028658.647934
70000281507.340240
70000092625.521713
1.000000
70000674834.429947
1.000000
70000735229.368774
70000266555.307907
70000014439.652832
70000472403.423477
70000770143.651199
70000545638.962418
70000338246.417023
70000893605.510498
70000271985.840057
70000412613.907852
70000102148.245605
70000295731.847656
70000962264.095261
70000065465.406815
70000363201.101578
70000319608.450531
70000463042.982422
70000275548.860825
1.000000
70000081374.522339
1.000000
70000154303.114822
70000994411.979309
70000151984.016983
70000163703.397675
70000041421.133453
70000180063.242950
70000452666.177917
1.000000
70000898220.028961
70000338376.322693
70000131924.926270
70000447192.530991
70000826350.805817
70000161990.342590
1.000000
70000107010.126785
1.000000
70000695203.591446
1.000000
70000979858.724487
70000433857.308105
70000216852.097137
70000449156.360062
1.000000
70000759265.238907
1.000000
70000928618.135696
70000046835.979813
1.000000
70000265270.038193
70000720749.281677
70000151498.346588
70000963914.189072
70000893645.051910
70000941927.372223
70000601874.251831
1.000000
70000320277.774277
70000162168.868652
70000374468.606308
70000462257.599014
70000393948.059967
70000424953.755493
70000113220.596466
70000437879.975800
70000104264.178986
1.000000
70000417709.313583
70000576681.416306
70000008154.998871
70000766611.286499
70000829589.690079
70000623770.743088
70000243763.177124
70000298192.984695
70000170743.800903
70000712431.822525
70000034044.295471
70000981134.889130
70000693292.683533
70000038953.874802
70000841833.134094
70000994926.731445
70000278853.270370
70000528753.705261
1.000000
70000258664.809265
70000643352.413528
70000620934.974930
70000119656.143158
70000491221.822189
70000094188.299255
70000480901.327896
70000995519.293564
70000470043.841095
70000794002.827866
70000281009.227417
70000051610.999863
70000958453.426315
70000111005.116272
70000912433.476181
70000527443.534866
70000847044.519882
70000154810.867813
70000221190.465439
70000843671.123245
70000689096.086212
70000593354.678970
0.33
 0 0 0 0 0 0 0 0 0 0 0 0 0
