1 401
70000963839.610641
70000004540.062347
70000640418.002914
70000318450.038086
70000048508.549057
70000337047.226913
70000323297.609756
70000841530.042480
70000779443.593338
70000782275.244354
70000174547.421814
70000442608.441238
70000222885.850159
70000890251.851654
70000194166.257828
70000944527.147614
70000106959.406296
70000961535.203339
70000838572.732819
70000397315.389618
70000594623.205170
70000018402.328827
70000684103.450592
70000803809.796219
70000231468.451447
70000664724.679245
70000862287.002243
70000033778.364517
70000591142.787109
70000757544.827072
70000940499.634399
70000294366.526291
70000895816.960098
70000751985.650665
70000385623.405075
70000367308.991776
70000772514.865585
70000732366.916245
70000813343.810562
70000239279.005966
70000837348.989700
70000874527.940735
70000751755.475525
70000477267.800720
70000964896.408325
70000891737.981964
70000601877.109207
70000152976.134659
70000018111.824448
1.000000
70000138875.812210
70000048699.649796
70000473141.449448
70000593639.914536
1.000000
70000926526.027084
70000504541.754471
70000523274.206772
70000126300.022720
70000163876.033600
70000799959.466171
1.000000
70000567346.805237
70000939468.450638
70000444157.772064
70000490083.822052
70000728455.905716
70000905784.218460
70000493968.147446
70000125934.888260
70000093591.175766
70000989742.837952
70000318829.502533
1.000000
70000839753.583740
70000695929.701813
70000928530.747025
70000429016.827866
70000316224.521988
70000578338.420013
70000495330.368530
70000213515.839081
70000429815.082947
70000746828.028152
70000410945.283798
70000272326.425446
70000477133.425522
70000989134.949615
70000047231.438995
70000443276.368271
70000634022.407394
70000611742.556030
70000762417.209412
70000266043.148819
70000898801.320145
1.000000
70000769571.201630
70000299551.200272
70000586953.481537
70000972609.788040
1.000000
70000991822.636459
70000089732.469238
70000105664.473633
70000978705.907364
70000171457.705063
70000531520.609451
70000184225.056870
70000757502.239700
70000460035.231613
70000888562.163986
70000642588.982040
70000790326.133667
70000503343.097198
70000246240.588898
70000363297.296524
70000491666.260101
70000374884.680115
70000108738.547684
70000628073.965805
70000491852.204651
70000455717.754013
70000336046.400421
70000984031.756317
1.000000
70000151704.800354
70000318327.655441
70000794374.924988
70000940285.426529
70000645503.484116
70000182906.106079
70000861917.647690
70000913759.201004
70000818551.897324
70000519265.599426
70000621464.858368
70000927884.946136
1.000000
70000134919.592346
70000429895.371918
70000697349.833008
70000712871.541580
70000315195.784653
70000946521.942657
70000161104.356018
70000434519.157959
70000658558.886566
70000384309.501328
70000271198.430893
70000655566.797836
70000127677.827942
70000392300.128967
70000514104.934830
70000089509.233047
70000226928.869827
70000174420.264389
70000916367.158188
70000374038.829376
70000010447.643906
70000920846.500946
70000314529.952805
70000989590.391617
70000304412.651001
70000335742.061432
70000174373.150345
70000306405.547440
70000563621.772064
70000362387.482239
70000220917.434631
70000650932.688065
70000496639.285950
70000181241.350220
70000143721.229065
70000811472.045410
70000823406.906326
70000661090.328033
70000614318.576981
70000032663.205399
70000337348.747696
70000600855.000046
70000342446.887375
1.000000
70000911131.150940
70000910724.917313
70000076042.892166
70000946021.913040
70000342819.412354
70000781725.577942
70000031242.361130
70000282503.193054
70000892875.559174
70000827775.872543
70000298392.218536
70000655160.934189
70000274814.142914
70000028990.115799
70000674662.881226
70000015798.809433
70000918381.315536
70000001454.334457
1.000000
70000112129.974258
70000802050.678970
70000821665.168365
70000249307.673645
70000709719.223816
70000231632.743027
70000559984.632980
70000717023.198532
70000338139.811081
70000938211.858185
70000917676.083252
1.000000
70000286347.670975
70000944396.878174
70000175472.892914
70000979636.230957
70000464252.444565
70000803552.642075
1.000000
70000035170.814163
70000800971.772522
70000490521.005432
70000250812.037979
1.000000
70000117007.683899
70000405230.677933
70000158270.460938
70000106662.071686
70000634911.212326
70000841426.440369
70000430682.608292
70000318804.323288
70000971709.280746
70000695855.322723
70000873297.187302
70000296503.751480
1.000000
70000163749.943848
70000923935.441650
70000737518.358948
70000947094.073730
70000513659.703964
70000045003.538605
1.000000
70000726238.522827
70000374954.855286
70000110235.467300
70000323028.988449
70000082605.849289
70000659415.599411
70000418303.139145
70000898991.202759
1.000000
70000556312.055344
70000705755.722076
70000599962.754852
70000313714.385742
70000545326.101456
70000353694.151596
70000097534.821976
70000382668.526901
70000320273.855408
1.000000
70000573077.338272
1.000000
70000396288.517288
70000626490.377548
70000854812.487564
70000535972.580002
70000658584.950089
1.000000
70000652453.146805
70000656629.193970
1.000000
70000838315.613098
70000336402.640564
70000778937.842773
70000059048.426483
70000930434.235123
70000227619.126709
70000660365.518448
70000113824.657516
70000142534.831619
70000708374.125946
70000433603.696426
70000831266.819901
70000027454.855713
1.000000
70000907922.520676
70000443095.589813
70000269222.120804
70000081416.481323
70000618822.833145
70000397754.692429
70000024177.840851
70000716621.262680
70000470653.848083
70000309453.637482
70000476054.631042
70000164117.553619
70000393269.029495
70000709538.905411
70000817410.652573
70000489000.693817
70000187492.448746
1.000000
70000435497.952042
70000451026.251862
70000393415.227997
70000617199.421494
70000754428.619278
70000312849.750778
70000959114.776047
70000026711.329742
70000079809.863388
70000619654.501450
70000481516.028931
70000978986.661301
1.000000
70000000020.285538
70000962617.968887
70000540500.802567
70000250421.493469
70000148728.020020
70000432053.168015
70000410064.253113
70000793336.565414
1.000000
70000133964.407471
70000354866.776947
70000251254.627274
70000624890.563705
1.000000
70000830015.816452
70000418604.168442
70000581553.882874
70000101575.979065
70000157203.420654
70000415684.983124
70000862168.175247
70000959720.811203
70000030243.876114
70000746349.899704
70000280805.004837
1.000000
70000191003.058365
70000146599.445435
1.000000
70000474596.724915
70000060871.809097
70000193271.929108
70000229929.237442
70000586442.351395
70000332471.778275
70000470078.731094
70000150849.633270
70000074838.060226
70000356142.170593
70000302398.270782
1.000000
70000022557.354568
70000924864.525269
70000661202.346924
70000464160.125381
1.000000
70000605225.237396
70000002825.079681
70000054716.416580
70000183581.335037
70000017829.120209
70000621549.623016
70000522276.898453
70000169155.511078
70000525726.490082
70000363409.917252
70000723803.246323
70000007429.976181
70000237035.493408
70000202325.982773
70000033548.522720
70000687938.432495
70000048165.162888
70000281204.007263
1.000000
70000069045.859879
70000752361.406982
70000666811.425797
70000565368.822937
70000160370.225479
70000290030.405533
70000569735.716187
70000905428.526611
70000627730.003357
70000901250.944519
70000494421.248764
70000946105.765411
70000574995.861694
70000445486.634918
70000889661.495392
0.33
 0 0 0 0 0 0 0 0 0 0 0 0 0
