1 401
70000886792.998474
1.000000
70000850106.758560
70000748257.210632
70000611126.224136
70000191168.263657
70000892134.641235
1.000000
70000731185.081192
1.000000
70000624977.526093
70000993466.299896
70000946071.140228
70000118054.088013
70000827850.792358
70000624651.932846
70000670006.173080
70000943102.783173
70000984018.528183
70000251774.392380
70000848167.264709
1.000000
70000999093.952072
70000876036.238297
70000301989.994141
70000036676.973312
70000270854.233673
70000505053.115570
70000899807.166489
70000078812.584778
1.000000
70000063516.491302
70000315642.797928
70000722977.910614
70000357092.422028
70000425757.340363
70000671018.159882
70000574578.258148
70000676344.993286
70000545801.093018
70000683761.985779
70000857303.832306
70000012790.853729
70000233079.422195
1.000000
70000599790.437668
70000771885.048218
70000582769.562057
70000723779.634918
70000882052.302811
70000807051.178635
70000418523.777405
70000252457.904922
70000368514.955719
70000958660.662766
70000985085.199295
70000902748.243759
70000464982.296371
70000461318.360947
70000171307.999832
70000668555.289795
70000747449.206940
70000408486.793381
1.000000
1.000000
70000166107.359192
70000665558.399124
70000436414.654739
70000008366.540573
70000874507.820358
70000253813.337860
70000810300.953415
70000727214.696640
70000174927.796707
70000787094.743851
70000986482.522919
70000456026.890045
70000510294.791336
70000230090.024445
70000825261.402695
70000414791.718536
70000022278.818893
70000617353.210678
70000811460.161163
70000650293.862152
70000158930.797028
70000050362.925354
70000138620.809662
70000884549.431961
70000642609.599548
70000922531.891647
70000536747.852829
70000548056.387894
70000373438.728592
70000936733.507568
1.000000
70000770165.741333
70000156225.708298
70000980047.746887
70000093102.705887
1.000000
70000075465.143188
70000190903.533691
70000514213.255371
70000123447.285461
70000051570.811615
70000541275.659271
70000707500.779510
70000399142.704239
70000052024.589127
70000379478.955978
70000762409.878632
70000637955.753235
70000723175.124481
70000246721.321350
1.000000
70000683643.764908
70000893524.336884
70000423678.509460
70000761074.608154
70000408012.123550
70000171348.731873
70000879800.581421
1.000000
70000757277.054657
70000742512.312485
70000785831.139877
70000039598.194626
70000118533.278320
70000104537.834900
70000852144.683655
70000131215.060532
70000033076.126129
70000411427.319855
70000956147.607391
70000790979.223206
70000971373.627975
70000765670.082626
70000156802.340332
70000390482.708374
70000956611.221909
70000398174.430267
70000212321.157944
70000686530.516678
70000412447.713928
1.000000
70000429025.929230
70000286430.308243
70000931475.304245
70000743440.800095
70000641984.495056
70000697190.595062
70000104465.330307
70000590327.394592
70000321963.976410
70000982536.028427
70000067139.015259
1.000000
70000373867.050537
70000110210.454422
70000136638.939514
70000840129.288345
70000169342.154419
70000410441.103210
70000736635.208511
70000537337.716080
70000493159.054077
70000990297.343445
70000633492.910278
70000071869.672852
70000175004.864609
70000709227.173370
70000595452.355255
70000926017.951279
70000100189.080078
70000729193.252029
70000026670.699265
70000310042.639755
70000279009.926544
70000706469.642181
70000902394.132950
70000625966.840927
70000561786.735672
70000852835.194229
70000421502.314133
70000821033.778900
70000807637.631912
70000976583.421387
70000050555.322571
1.000000
70000479479.480164
70000017624.227692
70000026890.717926
70000582353.716141
70000568915.253204
70000128050.570145
70000230849.727219
70000450755.824829
70000071866.774078
70000315816.086868
70000207284.319763
70000683181.962128
70000146248.955704
70000141554.970795
70000584567.981216
1.000000
70000464138.665146
70000106857.211899
70000983458.629257
70000858805.442398
70000208925.876999
70000299612.658310
70000020849.706253
70000132154.268234
1.000000
1.000000
70000682697.626740
70000566665.916672
70000896435.113037
70000977385.281784
70000306277.610458
70000274373.904877
70000096270.079422
70000260379.991440
70000068875.320160
70000896558.206757
70000057833.806793
70000372307.639023
70000738201.243179
70000085825.177521
70000045792.143600
1.000000
70000518249.404144
70000495172.669235
70000213755.145081
70000423929.244400
70000227325.627975
70000418135.089417
1.000000
70000772216.595306
70000013851.194641
70000502987.585190
70000659167.678986
70000122914.741196
70000066297.675751
70000787625.107361
70000730449.229126
70000860415.439255
70000589706.567886
1.000000
70000454325.168396
70000877311.100906
70000579548.562500
70000713635.540680
70000116528.468628
70000905812.615936
70000333888.073990
70000504964.031540
70000755691.612579
70000399306.789810
70000227812.533920
70000039844.707611
70000745382.163025
70000536958.953445
70000182177.903366
70000616949.708038
70000350428.495956
70000551385.561417
70000596843.104828
70000858083.047073
70000264622.808624
70000724414.171280
70000412755.624130
70000101141.829315
70000131721.264053
70000490725.776031
70000581819.304794
70000205505.121292
70000042991.005615
70000499693.732239
70000915260.742020
70000653413.062622
70000447565.957993
70000333336.606689
1.000000
70000057246.230942
70000513553.092941
1.000000
70000560658.356354
70000452656.162521
70000258252.857239
70000913938.523895
70000270120.130035
70000816219.074081
1.000000
70000259806.369247
70000019690.262619
70000612267.171539
70000756270.068192
70000345803.077362
70000747766.191437
70000271544.111893
70000803519.894974
70000533565.401779
70000464725.923645
70000760014.168991
70000851958.598511
70000842606.529938
70000759567.264664
70000108441.988998
70000865548.890015
70000828800.221359
70000368840.790787
70000990351.460617
70000485083.108490
70000304844.029938
70000111934.267807
70000325298.363022
70000885776.998489
70000224637.511124
70000613781.073654
70000877091.510468
70000443121.656509
70000911102.918167
1.000000
70000070931.720627
70000455948.487244
70000762331.000305
70000276548.151749
70000219633.937149
70000653519.344284
70000260807.413605
70000738393.037354
70000631837.475662
70000165517.258133
70000922963.298157
70000555906.484970
70000247027.739975
70000568370.438324
70000325690.607574
70000979514.100067
70000514542.997116
70000013165.668030
70000838675.350082
70000144784.563980
70000675942.474304
70000212297.413727
70000653591.244354
1.000000
70000580608.446732
70000007004.556168
70000562060.011047
1.000000
70000227397.313171
70000368796.799484
70000076909.163177
70000358319.226257
70000118686.903381
70000058986.763290
70000171407.670944
70000526149.643280
70000083591.055695
70000986680.445572
70000762747.473694
70000420845.008850
70000589959.413330
70000327837.711044
70000304067.126144
70000715760.055374
70000786234.393799
70000654192.567841
70000213348.961975
70000506200.055206
70000748638.113495
70000572436.394714
70000150276.034500
70000988138.136871
70000518462.885666
70000535426.651047
70000967389.824112
70000750176.956161
70000316368.026077
70000514228.949463
70000642279.408539
70000275119.522995
70000836974.073608
70000872921.343933
70000110978.953644
70000995033.900620
70000983076.079025
70000208316.162796
70000858376.601974
70000135876.884491
1.000000
70000832170.786850
70000004817.378342
70000239679.584305
70000279134.784088
70000583626.672882
70000225907.222992
0.33
 0 0 0 0 0 0 0 0 0 0 0 0 0
