1 401
70000594171.328873
70000170577.404251
70000825485.102844
70000132259.014954
70000542814.383255
70000513018.307281
70000436610.349670
70000332389.732330
70000000257.302216
70000557344.826050
70000416069.082855
70000080119.790878
70000932712.463501
70000945660.731445
70000925507.869049
70000116589.436523
70000222119.507751
70000866731.499863
70000269194.225159
70000653825.907379
70000615975.141663
70000425656.827637
70000989098.242355
70000160438.090103
70000062734.185486
70000796571.970016
70000332530.109161
70000189088.652863
70000068053.651108
70000740044.473343
70000427906.708710
70000439423.172775
70000413267.754562
70000900076.721527
70000548127.850937
70000576762.466980
70000140049.096741
70000207267.615936
70000578853.865997
70000814454.859833
70000003522.371857
70000129364.272400
70000586148.203796
70000325941.364777
70000832715.993637
70000460347.013474
70000225960.859909
70000897693.317200
70000055666.267136
70000755607.258911
70000695896.017365
70000321320.865967
70000689774.181259
1.000000
70000713703.972565
70000056861.187576
70000783891.864365
70000337637.544022
70000377853.340683
70000268089.369293
1.000000
70000683304.013046
70000543968.448212
1.000000
70000114887.664337
70000937700.214035
70000802055.784912
70000771936.080154
70000010230.162659
70000897741.165070
70000213746.557098
70000128771.913040
70000166788.100983
70000413867.947144
70000419545.086044
70000651132.338074
70000191840.561447
70000116741.332336
70000155673.885956
70000910899.684692
70000985683.974564
1.000000
70000065549.025024
70000230932.660690
1.000000
70000053500.737427
70000307490.732513
70000129940.607880
70000375410.980179
70000402727.607941
70000846688.073990
70000565335.450806
70000069634.359573
70000249323.651474
70000554768.832703
70000043353.336960
70000164983.360550
70000390259.683701
70000415917.073883
70000772861.409180
70000322959.084259
70000258541.660843
70000796762.056244
70000397486.324814
1.000000
70000176005.165512
70000725757.031754
70000438269.088898
70000652811.592896
70000019122.178909
70000714999.741592
70000792125.941483
70000680182.030746
70000607211.542603
70000710334.893311
70000271903.515152
70000976173.598175
70000990315.607010
70000232419.353546
70000976151.199524
1.000000
70000380169.951370
70000425007.851868
70000760726.413315
70000406085.966675
70000293779.775406
70000194833.372284
70000868242.032150
70000786405.135971
70000949098.445099
70000159336.575882
70000408273.868988
1.000000
70000550364.565704
70000401895.754181
70000522005.437897
70000121055.639877
70000367775.454208
70000743972.019150
70000724821.633240
70000527595.641342
70000218286.613754
70000834045.569611
70000332042.140869
70000964382.993149
70000011978.702682
70000811068.304489
70000872700.372360
70000297863.749344
70000698257.261887
70000243789.490250
70000978603.615707
1.000000
70000384068.085724
70000121744.913437
70000985264.805725
70000025390.730225
70000346346.400330
70000485806.061371
70000215307.797836
1.000000
70000083844.917648
1.000000
70000227455.785095
70000804701.827438
70000627756.056152
70000615368.684708
70000534790.029068
70000046582.438629
70000105818.194641
70000217041.420334
70000775926.277374
70000650278.216095
70000194381.099182
70000345556.102814
1.000000
70000912432.043579
70000782399.051880
70000556506.217773
70000678721.562119
70000458333.393753
70000486237.197021
70000113058.697906
70000904422.970047
70000652940.755157
70000059668.288712
1.000000
70000622291.984314
70000743950.202057
70000813797.883423
1.000000
70000392799.106323
70000475534.156494
70000588783.637207
70000779012.656601
70000879683.185684
70000065829.917969
70000600562.259613
70000523498.874313
70000286786.069473
70000723642.167923
1.000000
70000327955.094894
70000664822.030899
70000104915.867767
70000663948.352188
70000177227.485046
70000869891.797775
70000965682.095505
70000361405.106491
70000514634.644058
70000732826.791428
70000745290.868820
70000473819.199722
70000795090.566742
70000118101.575104
70000093393.026443
70000929269.685562
1.000000
70000548351.900986
70000285885.311584
70000539149.493790
70000970677.252472
70000293280.143723
70000504061.121536
70000862169.953674
70000486276.158005
70000672827.043701
70000122489.723282
70000993774.079865
70000854376.455521
70000566021.615921
70000161567.763916
70000649624.160522
70000474684.513977
70000409185.716064
70000578824.140884
70000354060.045013
70000169217.264557
1.000000
70000740502.572250
70000725788.345688
70000837076.174347
70000611965.300385
70000109815.693817
70000532971.598312
70000843460.497437
70000146220.816238
70000631317.843277
1.000000
70000591506.262756
1.000000
70000479714.429642
70000079929.727066
70000923763.394821
70000080042.630188
1.000000
70000173236.474731
70000991058.518951
70000536802.071167
70000019383.956818
70000267528.389313
70000755953.292343
70000200822.347977
70000002352.206253
70000771108.439667
70000853694.831757
70000383305.379196
70000151120.800812
70000932843.384109
70000215289.677353
70000515755.268646
70000400865.676315
70000723061.105728
70000766941.736771
70000401443.820358
1.000000
70000742872.588974
70000754074.756912
70000758444.186234
70000550445.796539
70000654894.945328
70000470688.044952
70000694247.232986
70000200899.763016
70000881218.509995
70000204860.511993
70000886344.269089
70000598119.925400
70000040590.258514
70000157848.971634
1.000000
70000124932.050156
70000364133.224091
70000219607.729034
70000265443.952103
70000972805.759369
70000385071.744354
70000028779.779510
70000260976.235291
70000699996.711075
70000785237.231598
1.000000
70000262327.994080
70000950646.297424
70000119307.102631
70000667123.546295
70000493356.862778
70000783311.450211
70000418646.923141
1.000000
70000756013.880814
70000919265.071716
70000985125.048416
70000269189.127487
70000531854.966873
70000253175.191452
70000172253.340103
70000869798.498383
70000380226.739716
70000007356.125839
70000334799.087036
70000271200.089767
1.000000
70000587647.471664
70000262442.411133
70000701410.154663
70000951642.969376
70000984666.770004
70000486878.350906
70000075636.741730
70000193271.386856
70000177295.726044
70000286311.261795
70000163512.932205
70000614626.994476
70000940872.131866
70000518962.108643
70000344722.716492
70000107272.055511
70000842425.858688
70000732067.348480
70000299985.308075
70000707541.079239
70000255804.291885
70000759052.766388
70000083686.925583
70000665761.764786
70000279576.054199
70000721459.995361
70000789405.756699
70000662124.416824
70000816445.108765
70000605015.562805
1.000000
70000653175.778793
70000826330.841614
70000953754.135559
70000630175.710281
70000502181.566238
70000607267.444672
1.000000
70000246433.589111
70000604017.010376
70000483269.905365
70000394448.753662
70000853460.880402
70000041732.041656
70000679204.331879
70000910227.476990
70000156755.445618
70000056766.680893
70000325690.265274
70000694737.091568
70000136532.955902
70000531741.503723
70000983710.565704
70000565455.828247
70000886760.007874
70000664001.892410
70000792262.436081
70000461813.828430
70000030625.688690
70000406141.824677
70000658053.466064
70000603142.728165
70000171256.204575
70000563353.271164
70000736505.065781
70000226230.110489
70000915533.010849
70000876428.448029
70000219869.029297
70000590847.881638
70000600597.969406
70000013839.175034
70000015983.309540
70000785577.156357
70000165428.597061
70000270177.679337
0.33
 0 0 0 0 0 0 0 0 0 0 0 0 0
