1 401
70000827972.104279
1.000000
70000060566.256851
70000444138.748398
1.000000
70000209793.204117
70000813153.651352
70000072761.920944
70000812605.339615
70000238622.868744
1.000000
70000890194.045563
1.000000
70000863233.384689
70000527661.732468
70000061064.044968
70000242450.766846
70000699749.576553
70000342923.628754
70000553200.118225
70000837068.679794
70000466886.534210
70000826127.945908
70000075259.466995
70000802581.264603
70000346851.280045
70000724692.859818
70000632034.932495
70000664436.973526
70000639088.301437
70000153746.089264
70000753889.884827
70000522660.755127
70000282243.412186
70000407862.235107
70000065590.766129
70000842763.174927
70000867983.506027
70000450234.966354
70000716280.108765
70000101636.339111
70000053044.964783
70000404721.545059
70000678610.441971
70000036874.344681
70000576950.036118
70000097638.821701
70000557869.534256
70000884355.205795
70000094875.507446
1.000000
70000222248.999680
70000196609.951233
70000488757.944275
70000599556.195816
70000329440.770615
70000331862.495697
70000938724.484802
70000950809.945450
70000467104.437469
70000766221.136734
70000318039.180847
70000435856.758667
1.000000
70000815458.001053
1.000000
70000037354.347183
70000903581.790955
70000427643.838821
1.000000
70000500377.955765
70000372467.560165
70000011260.428406
70000523471.442139
70000987749.553406
70000928323.381271
70000865863.336243
70000105365.889481
70000581504.118958
1.000000
70000512030.406708
70000886481.918137
70000965531.475861
70000578613.985901
70000588522.251022
70000633412.942291
70000697228.118896
70000857827.618698
70000764793.220398
70000023349.502045
70000178175.511475
70000842590.736282
70000440959.245026
70000271026.114334
70000196804.842560
70000247569.523087
70000599435.138046
70000882951.288284
70000335317.594849
70000028511.449371
70000106228.956512
70000277569.316299
1.000000
70000127642.219482
70000459766.602600
70000172925.373734
70000008014.031555
70000751638.874725
70000416799.409210
70000873104.779221
70000879976.170547
70000365898.048813
70000682639.643417
70000310468.038788
70000941130.187912
70000655825.432617
70000323605.312500
70000799781.022217
70000072202.958145
70000241242.769775
70000841589.340530
70000573237.993317
70000903120.391907
70000660478.866943
70000108585.822327
70000561865.063843
70000516389.300919
70000447890.700211
70000703517.683807
1.000000
70000811200.952362
70000118995.496597
70000370844.479797
70000793202.844055
70000091014.751541
70000033013.119949
70000690655.745010
1.000000
70000077256.393585
1.000000
70000686808.896393
70000564135.134262
70000297737.725082
1.000000
70000130463.931259
70000324824.304565
70000970708.805923
70000666067.176468
70000132158.046082
70000759298.622833
70000472971.339355
70000132548.866943
70000213131.397705
70000123741.089691
70000109848.062225
70000527661.499237
70000131452.687256
70000958692.049744
1.000000
70000434646.357498
70000679593.755051
70000831496.115921
70000985562.426315
70000661131.102173
70000584024.435959
70000337402.004013
70000878203.338928
70000348580.950180
70000981659.743622
70000445121.515717
70000901491.288498
70000231419.928833
70000857740.811386
70000001575.785400
70000003566.025314
70000073086.780106
70000005358.354294
70000157149.849396
70000522521.594849
70000398183.927872
70000458709.911270
70000540073.473175
1.000000
70000631957.513809
70000956066.981644
70000305075.856796
70000136148.744980
70000392136.226944
1.000000
70000172458.023056
70000160553.654144
70000059238.323685
1.000000
70000953257.807297
70000806342.521286
70000328145.648209
70000732418.201706
70000837254.971756
70000301406.431976
70000202245.240005
70000870494.174988
70000009285.378540
70000106724.067429
70000043602.699677
70000601819.996704
70000548450.773483
70000999708.382568
70000781778.263962
70000061925.723999
70000056453.040192
70000750085.370102
70000879725.266907
70000374173.588074
70000165714.452301
1.000000
70000179056.854599
70000065098.043015
70000411464.914444
70000608296.325928
70000259440.676834
70000628162.791367
70000734764.963181
70000618470.154877
70000131851.170349
70000664088.888443
70000232645.613419
70000680644.314590
70000762520.896347
70000680529.363831
70000010345.033844
70000855499.221115
1.000000
70000949614.272308
70000966745.012680
70000754889.530258
70000515462.748749
70000278403.883530
70000582965.765549
70000586717.424011
70000006738.541534
70000106653.860016
70000074474.907776
70000096352.303436
70000158016.858017
70000852890.911667
70000109214.515823
70000998764.908600
70000439091.539490
70000387651.883270
70000142858.818420
70000869530.094879
70000125582.782104
70000138568.745163
70000160232.111481
70000959569.916214
70000384728.548386
70000765114.840454
70000825931.241226
70000915609.243942
1.000000
70000657141.408493
70000164550.184921
70000101259.575790
70000312899.997101
70000969847.976364
70000894913.735428
70000768737.285873
70000415738.332809
70000120749.128922
70000813973.049484
70000252786.117401
70000310811.117920
70000566100.180511
1.000000
70000699841.583298
70000877743.339798
70000725176.884125
70000857534.255630
70000932975.148056
70000359677.789322
70000619080.250259
70000354504.029083
70000967565.307983
70000977411.443970
70000640943.044632
70000569885.469940
70000064022.580444
70000611850.920044
70000729777.879959
70000696521.638794
70000926547.958862
70000900698.642242
70000359068.523804
70000662919.013367
70000707493.352707
70000785047.946045
70000602902.047333
70000737658.561676
70000905623.295105
70000789849.820663
70000253339.084091
70000232953.313202
70000565440.488937
1.000000
70000520940.223785
70000029662.095230
1.000000
70000786574.826935
70000960341.605453
70000519706.744080
70000999545.757889
70000809656.282181
70000339740.080673
1.000000
70000481004.724289
70000134733.547745
70000732357.442352
70000889256.826630
70000735275.800262
70000631404.963593
70000554083.268707
70000901380.459061
70000137422.782806
70000446895.330643
70000497805.513412
70000145542.460434
70000558428.510117
70000640718.361938
70000991358.007980
70000071408.811859
70000630220.926956
70000248602.390915
70000963531.291885
70000431648.502747
70000317258.235031
70000835416.713486
70000364976.357254
70000919573.029449
70000404866.414658
70000917922.806427
70000199076.653229
70000655529.703201
70000594988.825150
1.000000
70000033971.605927
70000341152.490952
70000904916.225952
70000699260.521942
70000429303.938324
70000700292.849075
70000115577.844009
70000700036.097198
70000272341.999191
70000868251.682037
70000887466.715851
1.000000
70000338074.071121
70000876272.779907
70000625367.518677
70000855499.972092
70000011558.917526
70000047528.882050
70000113671.192413
1.000000
70000155063.283005
70000721746.936508
70000116681.420410
70000441697.760895
70000023107.578171
70000601542.145538
70000083143.985977
70000553553.870605
70000298472.595474
70000115332.907562
70000337935.017899
70000342325.407120
70000541144.169067
70000114755.706604
70000013879.579330
70000694006.619476
70000061192.227661
70000500404.632828
70000804128.296768
70000478508.328644
70000487140.751740
70000968687.944763
70000081715.891464
70000286776.188522
70000163750.087601
70000700285.415497
70000958523.081100
70000742520.492233
70000497194.767670
70000870576.906281
70000043892.815628
70000977680.629044
70000693389.136856
70000428025.638107
70000362918.835480
70000191249.694366
0.33
 0 0 0 0 0 0 0 0 0 0 0 0 0
