1 401
70000334595.938629
70000745856.537338
70000130393.708893
70000001654.185181
70000326072.290649
70000789602.681442
70000893531.151169
70000410504.593643
1.000000
70000460724.089645
70000957699.438431
70000148250.816956
70000851016.566681
70000662075.211700
1.000000
70000289289.163971
70000830026.882126
70000982021.107224
70000236960.749237
70000301117.662888
70000683033.995499
70000861657.517960
70000616440.345474
70000427483.207001
1.000000
70000978780.599304
70000122292.650253
70000184118.159149
70000657518.283020
70000526733.683609
70000471701.211227
70000575273.060532
70000234803.985062
70000708146.148361
70000591564.290024
70000864321.754028
70000299578.176804
70000201773.300354
70000585879.343887
70000564850.623825
1.000000
70000316674.511078
70000623994.416443
70000856741.905518
1.000000
70000275815.255035
70000450374.934555
70000015301.592575
70000626824.393738
70000769444.640457
70000760346.393951
1.000000
70000407956.579300
70000312911.932144
70000076080.880814
70000931858.252304
70000384585.935211
70000446788.790726
1.000000
70000398254.130219
70000522251.352676
70000028574.912216
70000280540.591370
70000326216.949051
70000965142.199142
70000182100.766937
70000653899.057861
70000512420.950882
70000118722.700684
70000091499.453064
70000165001.543900
70000425248.332367
70000558521.923584
70000705444.909622
70000028322.434509
70000569532.779144
70000459784.063629
70000283944.399033
70000062224.799042
70000068160.080582
70000409003.097244
70000865926.893219
70000401151.788162
70000164733.862793
1.000000
70000921554.311264
70000256108.864014
70000248026.908936
70000821463.749130
70000786116.968933
70000762949.101135
1.000000
70000931827.875488
70000862380.740677
70000378865.283371
70000685344.393585
70000494306.649307
70000801317.312714
1.000000
70000821536.231705
1.000000
70000300706.662750
70000926718.822052
70000570512.860016
70000826508.345688
70000880355.663132
70000598814.865875
70000538079.974213
70000164357.951813
70000493175.513214
70000825099.990723
70000756332.378616
70000508127.210709
70000106281.096268
70000495366.034805
70000930530.218506
70000645269.768875
70000585328.380554
70000658481.381897
70000374138.129608
70000721243.556412
70000732792.612549
70000056773.924347
70000591419.110489
70000803414.253738
70000942436.431580
70000285143.568054
70000666535.911880
70000128251.370895
70000341201.724548
70000932641.949936
70000121741.533417
70000656116.777328
70000238251.926865
70000176286.558701
70000348269.841324
70000865638.256943
70000963933.792419
70000926185.697510
70000452394.045776
70000974852.905396
70000362234.929474
70000848452.989288
70000044409.999771
70000251539.784637
1.000000
70000553804.456802
70000952867.951935
70000630809.452301
70000891230.361710
1.000000
70000549603.566071
70000801096.244370
70000511209.363281
70000439321.923325
70000735749.458603
70000214117.574921
70000952181.980377
70000388186.225708
70000585999.493103
70000717952.408401
70000937870.355682
70000160855.562271
70000265749.255844
70000196365.918808
70000839673.207993
70000021779.352936
70000994673.758621
70000305242.355103
70000975390.155930
70000811118.641495
70000496196.560638
70000287244.339859
70000215512.326202
70000115567.870499
70000607085.739456
70000621907.982590
70000992946.830170
70000897684.123245
70000259400.604797
70000904063.382492
70000982818.942169
70000350529.934982
70000228365.903870
70000971984.527573
70000139254.110825
70000562478.366501
70000037568.083801
70000708048.091309
70000282568.710754
70000383268.180603
70000230409.190201
70000421601.119476
70000710842.049057
70000935727.887634
1.000000
70000280664.784073
70000152740.682419
70000412719.863632
70000777435.304535
70000974455.606384
70000746578.827698
70000333454.791290
70000531174.926682
70000897340.205994
70000845304.336761
70000931117.799683
70000622662.777924
1.000000
70000001817.932022
70000336338.057648
70000800893.270279
70000469748.536652
70000349941.146805
70000619877.745010
70000086203.768219
70000672241.642792
70000396036.449890
70000914266.791962
70000000268.556839
70000889164.322632
70000081104.640015
70000030305.802643
1.000000
1.000000
70000664687.359695
70000609823.747711
70000392287.648621
70000962470.737396
70000431525.115784
70000580098.126572
70000425744.304398
70000349468.549164
70000053438.405762
70000323198.520233
70000783451.262466
70000210153.670944
70000800727.361664
70000877261.326401
70000076985.824646
70000918557.409409
70000538065.180450
70000841840.363007
70000105901.074463
70000215204.206024
70000382314.007965
70000942842.928925
70000600074.408646
70000449308.488052
70000981145.051849
70000888401.745331
70000658114.619766
70000258793.239624
70000186989.191498
1.000000
70000994046.152481
70000442570.826126
70000699000.189896
70000799110.165710
70000003495.086533
70000074514.363052
70000695338.112488
70000304616.259476
70000202057.939362
70000975340.057724
70000434021.100739
70000037594.259613
70000932589.321884
70000605684.060150
70000380587.230484
70000988823.304306
70000352810.340149
70000584609.647476
70000836666.648926
70000387573.810562
70000990344.334564
70000256754.780045
70000669286.186218
70000347305.612244
70000982362.869431
70000085319.796829
70000981729.431549
70000643566.548569
70000516264.565460
70000643593.129333
70000267139.084991
70000056096.546051
70000012224.655670
70000735066.963165
70000554443.232361
70000923253.767014
70000533741.109924
70000150771.207458
70000075331.884766
70000803688.412369
70000946733.801682
70000070758.054230
70000004019.880600
70000672338.606506
70000679149.804138
70000236166.817276
70000187914.297134
70000732527.360565
70000223428.468277
70000453250.666916
70000164688.659134
70000448839.334030
70000613954.890839
70000395022.724258
70000771481.638504
70000571873.003250
70000519391.925201
70000858395.037537
70000858719.524094
70000833093.582626
70000167252.434616
70000648358.136673
70000373595.606476
70000030728.841629
70000385378.120422
70000270875.804733
70000386728.699341
70000624850.958649
70000085766.704590
1.000000
70000873312.094666
70000530547.187454
70000950290.110245
70000872524.273560
70000407478.082855
70000413353.000351
70000146664.581436
70000210970.854767
70000267338.238708
1.000000
70000592197.645004
70000721259.783905
70000459874.349442
1.000000
70000374702.244003
70000886949.958878
70000116247.459091
70000817990.617294
70000209241.774261
70000208348.565872
1.000000
70000546796.333160
1.000000
70000205471.084045
70000363880.223099
70000354561.364746
70000486267.329620
70000851166.960663
70000506215.383789
70000792233.752274
70000914497.277710
70000633104.200607
70000463671.716797
70000170139.739304
70000815689.519257
1.000000
70000474798.150421
70000556432.260910
70000890329.700821
70000409307.598953
70000941398.095825
70000341041.023514
70000742413.312363
70000320128.471848
1.000000
70000517775.927963
70000341035.513092
70000522257.117996
70000935455.168610
70000795998.913437
70000300752.501114
70000451095.934052
70000553783.449280
70000408011.569458
70000930665.916428
70000225995.212418
70000255146.364075
70000110582.658981
70000556228.541916
70000751822.168930
70000389301.355972
70000002339.810913
70000921826.833893
1.000000
70000422029.066223
70000441200.573517
70000064148.752914
70000762565.888550
70000086816.761337
70000817593.606689
70000695340.568420
70000386626.358170
70000062652.687241
1.000000
70000275430.861237
0.33
 0 0 0 0 0 0 0 0 0 0 0 0 0
