1 401
70000641638.005875
70000739531.416611
70000944988.483276
70000196198.676804
70000527456.201645
70000425093.214737
70000064810.079712
70000891099.300415
1.000000
70000448354.923660
1.000000
70000372938.454727
70000468914.357803
70000519903.979126
1.000000
70000949498.895004
70000244527.397888
70000071724.726349
70000987839.599884
70000459667.950043
70000776035.972733
70000524819.543839
70000966059.860718
70000405721.815277
70000733510.193588
70000429063.737244
70000976825.792252
70000720959.158905
70000885646.596817
70000233174.837219
70000164235.880951
70000722648.703064
70000326373.964767
1.000000
70000891555.229843
70000354778.798523
70000246128.701645
70000473794.976334
70000147494.768814
70000423883.915848
70000030311.082275
70000359125.999313
70000733536.716431
70000496704.842514
1.000000
70000041807.138214
70000394857.359207
1.000000
70000635554.685822
70000969984.997513
70000629193.510254
70000734220.405533
70000031261.677231
70000409562.882370
70000063757.872849
70000780023.181427
70000349020.643387
70000568733.383606
70000484589.387878
70000904056.249680
70000658432.468674
1.000000
70000499981.595322
70000741967.148911
70000026544.414352
70000108101.026871
70000087214.518005
70000117756.981873
70000702403.363937
70000433192.570099
70000706711.143051
70000598779.215057
70000559714.035416
70000153709.091568
70000025518.416351
70000918008.093262
70000966642.991241
70000671337.184097
70000873849.610764
70000238711.207703
70000044119.752090
70000951775.088226
70000958753.140182
70000189749.323517
70000395057.111496
70000378690.876068
70000970210.170502
1.000000
70000965304.123932
70000663697.333511
70000473824.192230
70000322911.790329
70000909922.899979
70000556086.892975
70000859879.095093
70000458085.964935
70000691689.262482
70000948681.341537
70000825281.230560
70000835837.652740
70000481192.579803
70000418701.032745
70000598412.809738
1.000000
70000452627.495361
70000074963.982986
70000260333.789093
1.000000
70000401723.205353
70000659255.337570
70000021477.314377
70000967540.070251
70000641380.828766
70000227875.095215
70000606622.283310
70000738898.045914
70000514030.888687
70000382414.570923
70000088756.578705
70000093337.393326
70000865173.161697
70000809166.505936
70000270074.251511
70000836095.929474
70000263208.451447
70000365876.755264
70000033493.591553
70000171942.702209
70000096311.977051
70000312519.944183
70000679042.982986
70000365965.200882
70000919285.380661
70000065404.019440
70000830556.920395
70000635085.576904
70000098463.767746
70000372711.852280
70000526164.944977
70000893937.185150
70000754719.350693
70000389126.201553
70000416038.631348
70000250962.478943
70000241149.457428
70000849217.438568
70000772575.435028
70000813668.250824
70000927970.653992
70000901013.033707
70000392199.593719
70000981776.852127
70000027914.888611
70000359976.763412
70000598794.335785
70000947905.025772
1.000000
70000359618.695526
70000683460.468903
1.000000
70000821891.186050
70000058957.441559
70000409586.805954
70000375433.094467
70000848310.560837
70000467276.712891
70000209881.664169
1.000000
70000170124.085281
70000470434.977158
70000197632.037933
70000057361.935883
70000051390.918152
70000103314.743118
70000792492.048416
70000024247.372787
70000160973.409058
70000771196.961151
70000843989.488541
70000606870.635864
70000467047.393463
70000843195.998138
1.000000
70000541316.581543
70000688477.494827
70000375262.265121
70000831567.420578
70000861031.636032
70000383345.481445
70000069228.475159
70000434131.970520
70000201516.535248
70000487884.815033
70000537982.595673
70000087959.696808
70000155403.113892
1.000000
70000297941.332458
70000461865.842117
70000453495.819092
70000918625.377365
70000547447.551254
70000326974.765610
70000524379.653732
70000403896.994843
70000902057.255035
70000600754.468109
70000213969.403000
70000546709.282074
70000866360.715820
70000344255.729416
70000732276.710648
70000931048.285446
70000128378.602280
70000674875.097870
70000511567.390137
1.000000
70000546903.299469
70000719563.073868
70000182203.134262
70000702934.819443
70000484287.779556
70000616650.616791
70000065044.010437
1.000000
70000315584.026703
70000028373.774719
70000279096.001450
70000924724.722610
70000901474.805771
70000138093.801758
70000853685.776199
70000732701.355179
70000311750.043808
70000516748.328491
70000880693.013733
70000873319.073685
70000592949.376312
70000386887.067398
70000571892.746490
70000745401.066620
70000004345.633957
1.000000
70000492721.531357
70000882488.608231
70000781678.220963
70000953246.664673
70000943273.232285
70000864460.149704
70000981187.738480
70000756553.442261
70000816348.134552
70000047757.056076
70000653839.771988
70000441065.174194
70000191759.728287
70000943786.480423
70000065529.281174
70000251671.679626
1.000000
70000984330.644943
70000306021.071335
70000777716.889496
70000002068.222137
70000731131.576248
70000111873.973465
70000920985.458038
70000696472.497589
70000520691.292847
70000912485.525711
70000849508.575684
70000361881.343979
70000694223.614807
70000550260.684784
70000842530.495895
70000836003.545670
70000067391.915176
70000522673.482239
70000744459.234528
70000160394.935242
70000256095.951920
70000498583.662292
70000678507.210434
70000109701.802185
70000551027.015671
70000325094.600464
70000955077.941574
70000621781.358765
70000678521.257339
70000202268.143631
70000280223.029083
70000533591.301300
70000886426.740234
70000692592.912262
70000280657.143967
70000297188.922775
70000987770.566650
70000789273.801041
70000441645.548569
70000710934.847855
70000450737.370667
70000549177.074463
70000514250.584854
70000104542.562836
70000103344.652252
70000984482.026520
70000343206.988541
70000267858.627625
70000082586.636139
70000819534.145599
1.000000
70000741439.734238
70000541497.822540
70000059540.546158
70000095010.146790
70000369630.417648
70000009126.845322
70000690931.538879
70000301646.356186
70000477117.502319
1.000000
70000898025.823257
70000970276.988266
70000076761.898575
70000855372.301025
70000824713.373444
70000339833.394684
70000899766.450317
70000435714.413727
70000029187.670105
70000320902.639862
70000319711.341171
70000177221.131531
70000624619.530731
70000664743.398636
70000729814.442215
70000033728.638535
70000243689.136307
70000994607.309586
70000172000.725464
70000880153.047150
70000540882.256912
70000078902.095139
70000438115.566635
70000577723.709213
70000817298.608536
70000746173.597153
70000581197.099655
70000953888.072647
70000121174.302246
70000029155.390656
70000292955.690109
70000436111.415115
70000352498.159515
70000337480.708588
70000267498.025848
70000617442.370102
70000971435.872482
70000528616.601089
70000522102.148926
70000939695.549805
1.000000
70000237713.173035
70000432384.592056
70000080661.468765
70000346837.369843
70000822514.937241
70000970465.741608
70000276610.384583
70000268530.527390
70000647086.587341
70000582591.719345
70000439289.149612
70000224130.735580
70000425071.139053
70000530301.489227
70000384364.427170
70000921356.702087
70000907196.281464
70000740311.688522
70000554523.035980
70000421601.938431
70000888450.671310
70000179631.232864
70000939864.000992
70000546275.548019
70000730968.111450
70000796716.605331
70000645044.517151
70000194381.201843
70000313658.182220
70000774142.632080
70000608564.978561
70000692178.709732
70000298558.148956
70000800799.672684
70000069420.866379
70000666016.502884
70000254650.566116
70000360268.650223
0.33
 0 0 0 0 0 0 0 0 0 0 0 0 0
