1 401
70000942531.697342
70000314383.045639
70000235075.051895
70000163001.501465
70000772604.396835
70000957468.561508
70000628344.801498
70000826670.973984
70000623103.357300
70000573374.004883
70000370949.323624
1.000000
70000134718.423965
70000026723.832733
70000397054.971252
70000620929.546143
70000784489.184509
70000993117.632812
70000667412.536102
70000207880.271805
70000181644.875580
70000829414.259003
70000237808.942627
70000402693.574219
70000383731.388565
70000593524.520081
70000565124.763733
1.000000
70000338764.844635
70000450257.950531
70000000065.297058
70000245269.985901
70000139275.258438
70000726646.476318
70000792279.579895
1.000000
70000034408.959213
70000752343.828705
70000551332.104324
70000758551.794174
70000451295.319336
70000183118.590317
70000600547.628021
70000116317.691025
70000986819.296082
70000088472.360382
70000869468.894012
70000198635.597748
70000200082.163605
70000257022.289536
70000899271.878937
70000112284.083679
70000967144.981339
70000113374.987869
70000267778.397690
1.000000
70000829402.480194
70000207114.515305
70000837929.061646
70000351555.129517
1.000000
70000336883.261963
70000795499.549622
70000068724.739685
70000864586.569931
70000334867.479660
70000845968.709778
70000777524.892303
70000299763.437668
70000013801.770798
70000393569.446854
70000554019.681839
70000816173.580338
70000649327.184525
70000308769.703278
70000995069.734375
70000316713.899231
70000167648.435760
70000803134.530396
70000859328.593887
70000456143.705582
70000129928.540588
70000243379.586044
70000685477.031036
1.000000
70000694571.483002
70000944853.919098
70000601823.920715
70000194447.308899
70000752966.877213
70000947171.321945
70000705226.665085
1.000000
70000581526.198013
70000428535.309235
1.000000
70000758170.164108
70000969387.480377
70000189626.682129
1.000000
70000029697.289001
70000354483.547897
70000219795.825287
70000628165.308853
70000282317.725006
70000205166.595200
70000413551.111786
70000508813.931808
1.000000
70000129297.058319
70000463672.023132
1.000000
70000333883.218765
70000562554.341553
70000585788.047531
70000571633.913269
70000318070.889374
70000883626.930237
1.000000
1.000000
70000415802.926117
70000365214.971725
70000943614.890991
70000531734.738602
70000757577.262756
70000789887.282928
70000448043.754150
70000072575.697830
70000024575.174683
70000204483.036530
1.000000
70000144253.430237
70000947315.051117
70000901819.655426
70000624502.139603
70000051093.806625
70000962800.784210
70000330333.844376
70000363634.725342
70000689421.286087
70000857851.723434
70000109360.876740
70000868429.136627
70000378337.786758
70000819227.089859
70000322919.297623
70000614258.548386
70000803881.443527
70000635083.598236
70000245725.934357
70000692588.911057
70000740655.951294
70000156735.700745
1.000000
70000223000.452850
70000671460.085281
70000109273.676300
70000176313.647110
70000186273.947479
70000288135.051270
70000846768.413940
70000278585.918900
70000112627.208008
70000032101.031677
70000027250.634583
70000679529.175415
70000991589.621231
70000940393.111801
70000953926.697235
70000886929.894318
70000994259.711502
70000703397.083466
70000162935.031082
70000934903.597290
70000644996.508820
70000322399.252670
70000363532.151749
70000475917.879303
70000993710.330139
70000363128.315933
70000019613.889999
70000155833.593414
70000786804.640503
70000266615.424744
1.000000
70000735408.744400
70000789313.595886
70000267418.763306
70000265429.701294
70000889542.516891
70000398123.412216
70000161771.210709
70000137710.224274
70000157174.426971
70000879886.831406
70000557576.913818
70000898239.908676
70000074231.067581
70000843585.801895
70000978393.327591
70000076251.837387
70000527712.711197
70000282140.695328
70000590844.934647
70000224431.823959
70000574670.864868
70000019247.571747
70000921261.920578
70000948797.810349
70000249007.465118
1.000000
70000158141.899384
70000963998.524963
70000277834.641373
70000229638.355133
70000871630.497650
70000666574.680130
70000772457.698120
70000497083.951401
70000877341.498260
70000793021.276306
70000819566.007874
70000229172.636765
70000299449.486343
70000983558.996429
70000247525.449615
70000069919.225845
70000845565.783890
70000051790.933975
70000676518.211380
70000752663.302963
70000459144.311539
70000191571.170227
70000866724.162994
70000262240.614929
70000948495.925156
70000225703.543137
1.000000
70000113213.557693
70000040410.487106
1.000000
70000691017.963135
1.000000
70000746555.466125
70000637864.256531
70000558674.479416
70000843812.393845
70000399816.024231
70000551005.200150
70000565982.001740
70000405775.968491
70000175314.453262
70000749931.228958
70000846821.640305
70000179917.566635
70000845184.299026
70000923990.647186
70000749944.917465
70000230940.210709
70000144043.675125
70000493293.384079
70000952123.069290
70000083707.032761
70000158590.176056
70000200556.104950
70000267280.004776
70000434478.800095
70000992619.794220
70000487363.783966
1.000000
70000172875.876633
70000747407.589752
70000938519.390579
70000203861.831680
70000816064.967957
70000087333.089218
70000317047.708267
70000642058.663467
70000045681.343781
70000407084.301056
70000814835.990128
70000653721.361603
70000235813.954514
70000762565.227753
1.000000
70000442107.543076
70000993341.513367
70000100712.550735
70000371780.259613
70000504788.940903
70000236119.558990
70000722664.367874
70000888107.477509
70000430920.806900
70000641159.720306
70000292883.527985
70000710980.436127
70000625082.431702
70000013988.107162
70000318974.324692
70000150703.221649
70000663275.137711
70000433283.142151
70000221597.757874
70000615773.570969
70000777937.328644
70000019668.150726
70000420315.725540
70000708942.035629
70000059870.903473
70000619315.935120
70000791083.769363
70000916354.342636
70000552376.596924
70000814449.951599
70000322108.768738
70000137314.192047
1.000000
70000135222.816498
70000619177.410416
70000799039.476273
70000653873.980988
70000480780.789856
70000118650.131821
70000159298.923340
70000288307.037888
70000285860.974075
70000050247.940018
70000019856.519257
70000027304.358749
70000511144.403580
70000737025.168503
70000316738.567764
70000017798.365265
1.000000
70000131274.451569
70000728673.689514
70000530559.882568
70000987658.796280
70000514354.478546
1.000000
70000014073.825058
70000249426.405106
70000183036.341080
70000011288.003372
70000553343.828583
70000275494.760376
70000823094.805557
70000831407.632843
70000995344.984482
70000991894.895737
70000344928.641663
70000582698.241470
70000118775.662155
70000394297.715347
70000449884.370087
70000995514.033569
70000936208.463379
1.000000
70000844246.537048
70000378930.264069
70000081061.309921
70000993443.464722
1.000000
70000017884.134552
70000121791.156448
70000396040.153442
70000619588.718979
70000573964.952240
70000297541.826096
70000965130.014465
70000075741.059952
70000310334.269394
1.000000
70000568075.115387
70000476647.803650
70000372040.871170
70000270124.475983
70000377143.521866
70000437403.568787
1.000000
70000739736.790390
70000984199.176468
70000368345.387115
1.000000
70000457796.325394
70000035199.423065
70000810102.557236
70000626576.285583
70000120416.305618
70000013066.474503
70000579577.671371
70000073684.179260
70000144627.652390
70000442890.681732
70000999935.569046
70000284163.681229
70000527395.175201
70000711710.200928
70000592930.119324
0.33
 0 0 0 0 0 0 0 0 0 0 0 0 0
