1 401
70000812937.546051
70000424518.280426
70000821322.188583
70000091362.332336
70000041218.679474
70000878936.694092
70000940089.830917
70000752316.922699
70000581234.891357
70000499331.208069
70000544788.912659
70000895651.341232
1.000000
70000433285.769989
70000563711.454178
70000196937.933853
70000371978.999268
70000526605.827774
70000747499.068253
70000798126.476929
70000993508.138474
70000807677.261414
1.000000
70000147569.100250
70000148549.022156
70000539351.243896
70000551496.232758
70000082890.078629
70000676417.258926
70000224104.527618
70000653183.292542
70000217493.681473
70000985138.814468
70000990701.981155
70000204862.224396
70000464346.132797
1.000000
70000067201.667084
70000054542.698593
70000121825.479492
70000365649.391418
70000168917.597427
70000709708.086914
1.000000
70000131740.658737
70000675984.710800
70000382949.699768
70000633507.275238
70000826172.622513
70000999841.719635
70000300178.917419
70000456397.973831
70000466801.301346
70000531679.500107
70000556140.818863
70000689554.862244
70000490031.122192
1.000000
70000916252.082397
70000229933.350235
70000852553.634125
70000711392.675858
70000050609.149323
70000471645.071259
1.000000
70000607586.646698
70000225708.303101
70000213715.119522
70000065610.946381
70000112583.162018
70000509682.475784
1.000000
70000172836.094437
70000658066.007156
70000020590.689728
70000369517.650803
70000356286.384430
70000363781.549576
70000440692.694458
70000795874.307068
70000019385.977875
70000874554.211304
70000498852.365845
70000606607.037964
70000937951.335388
70000717544.861649
70000302082.443619
70000812277.935196
70000707397.509476
70000498379.524612
70000216739.907471
70000814146.715805
70000234736.328156
70000018797.533844
70000088914.360703
70000845419.866318
70000951840.123245
70000028172.133179
70000850525.717758
70000659710.242020
70000521622.356003
70000934666.166626
70000716949.869415
70000725629.840591
70000320371.251526
70000701405.941574
70000566983.967102
70000164933.361908
70000039437.189499
1.000000
70000252620.851440
70000186838.845917
70000549795.645584
70000201491.262054
70000694795.798874
70000879573.727310
70000661389.890640
70000970124.557632
70000523706.710648
1.000000
70000025646.158768
70000854764.295212
70000339469.601379
70000639467.995117
70000460572.375458
70000936137.154282
70000408670.693756
70000986616.825470
70000139606.049606
70000358717.338470
70000527070.791046
70000208343.259460
70000255048.394424
70000348913.432053
70000048677.637344
70000160918.453583
70000563031.357040
70000580301.526184
70000930666.690781
70000812285.694199
1.000000
70000007628.841248
70000295478.781189
70000245953.466476
70000803897.362762
70000375958.279160
70000616871.983627
70000224461.317184
70000235956.969650
70000663293.523285
70000433939.153809
70000729457.815109
70000950958.315216
70000752452.581223
70000956761.452301
70000027656.763779
70000714310.880936
70000915034.960556
70000421560.570831
1.000000
70000347634.912979
70000147497.067764
70000527336.505295
70000984347.248154
70000674286.537445
70000209453.279556
70000126018.182846
70000706552.674545
70000085023.082993
70000640954.280762
70000005161.572067
70000294960.269974
70000885496.333588
70000841258.988510
70000329735.284149
70000531360.394394
70000233729.038742
70000328577.017471
70000401825.151581
70000953792.907364
70000437331.737289
70000632351.537247
70000195107.133026
1.000000
70000712428.198380
70000196742.819809
70000698990.913925
70000830981.212219
70000973246.527359
70000089393.047440
70000427114.417221
70000855136.988464
70000805730.872055
70000427491.833420
70000556352.427124
70000271568.752060
70000109827.757370
70000760677.654526
70000715790.635300
1.000000
70000602654.827057
1.000000
70000730024.069870
70000013321.958206
70000685225.220749
70000677485.723572
70000079954.329651
1.000000
70000389504.099640
70000010268.201630
70000627128.919312
70000207045.378616
70000040053.802277
70000820816.090118
70000067542.624344
70000732244.071075
70000879929.137482
70000928202.935349
70000279571.677032
70000250139.920502
70000505605.390991
70000466482.387802
70000082210.991913
70000905231.309479
70000869124.140549
70000516208.526566
70000676734.037155
70000038263.714432
70000679228.336929
70000249909.946304
70000479004.549744
70000669434.237869
70000926738.127121
1.000000
70000926833.252701
70000151971.383728
70000351241.661972
70000423914.829361
70000653651.388077
70000559746.510590
70000190787.679138
70000563828.436340
70000284028.962097
70000347268.190842
70000381322.561401
1.000000
70000944191.072479
70000446298.104263
1.000000
70000677764.730118
70000589067.690109
70000959665.134201
70000823680.633835
70000928910.565414
70000702766.870438
70000510860.310547
70000792097.046463
70000012860.126617
70000365821.053009
70000960789.741211
70000418386.698486
70000106927.339020
70000783554.771515
70000824528.071609
70000515434.222504
70000301572.746994
70000259498.689102
70000486251.828705
70000851509.832733
70000549594.651428
70000227270.140488
70000289429.631393
70000862455.883331
70000269435.883926
70000396202.447754
70000654329.954407
70000983429.375214
70000808884.073593
70000121681.020615
70000774652.210663
70000008523.227844
70000780933.044052
70000972164.819199
70000626789.337936
70000369437.807770
70000888507.408463
70000357511.810028
70000666406.890945
70000412639.676895
70000855858.150574
70000751118.863251
70000611177.664719
70000980760.060471
70000133535.742828
70000433259.219589
70000718022.965866
70000384770.490540
70000330904.896744
70000921072.632416
70000474110.807007
70000771723.766815
70000494661.377136
70000453344.868118
70000859823.718246
70000008053.810852
70000785233.621719
70000614398.996399
70000138403.167511
70000019574.553101
70000143847.979782
70000347653.870300
70000232671.324127
1.000000
70000196812.876968
70000134972.535217
70000931978.202682
70000102738.175873
70000425314.263153
70000660435.243530
70000961700.664017
70000227470.985184
70000170879.860428
70000166914.503189
70000950101.200333
70000190635.565170
70000315263.080246
70000653366.904892
70000838853.648041
70000222668.624817
70000482548.009903
70000375974.852783
70000051570.145355
70000885868.587189
70000838261.398926
70000737470.000595
70000379801.738815
70000976362.908829
70000933412.935516
70000746287.808441
70000390682.686859
70000620660.352875
70000585467.818466
70000908381.964279
70000213901.346725
70000204902.793411
70000007308.871719
70000967851.259644
70000783145.009171
1.000000
70000824882.507599
70000076177.359085
70000084683.729050
70000723216.752136
70000898222.744995
70000743200.602310
70000210978.831604
70000714734.133743
70000704326.051361
70000362721.584961
70000522212.759399
70000673467.456741
70000972286.939651
70000342350.895111
70000701663.680023
70000383056.646637
70000956954.131927
70000865154.055252
70000725534.241531
70000435250.384155
70000999586.918304
70000541227.304626
1.000000
70000467124.091949
70000618835.825470
70000098281.778656
70000120944.390961
70000875501.333450
70000414372.778641
70000263990.640259
70000502568.832748
1.000000
70000448412.431702
70000147944.127426
70000033133.375519
70000808213.966324
70000847182.864777
70000446594.489624
70000019883.918503
70000078972.000534
70000769919.276688
70000071817.157913
70000844776.556854
70000961573.107376
70000464957.819778
70000837232.039078
70000204003.937286
70000223978.356125
70000392588.089142
70000757950.211380
70000915909.648087
0.33
 0 0 0 0 0 0 0 0 0 0 0 0 0
