1 401
1.000000
70000257063.855331
70000146409.191208
70000083124.300903
70000689593.247665
70000953327.557617
70000161509.071976
70000592138.591156
1.000000
70000558852.028992
70000532516.945755
70000772481.911026
70000824240.856232
70000849471.453491
70000043064.882675
70000271076.126556
70000084011.126328
70000865188.542679
70000617698.682404
70000507576.983856
70000823612.873505
70000164926.768906
70000668392.481903
70000627064.142319
70000459657.809616
70000022213.064087
70000576587.994995
70000334981.040085
70000338366.027054
70000623482.721252
70000241746.349350
70000859861.181473
70000509335.874130
70000916757.955124
70000768449.050385
70000522479.639526
70000353540.748352
70000302135.976059
70000095093.671707
70000230219.502014
70000693940.659775
70000012058.051361
70000981917.807404
70000172127.365433
70000522496.846024
70000652915.579086
70000829945.884262
70000083288.062988
70000124055.314835
70000841714.622086
70000659882.878464
70000977034.106949
70000690117.818497
70000343291.080353
70000092636.102875
70000098325.527237
70000277494.384338
70000716681.921707
70000851998.993362
70000452925.866440
70000943284.956329
70000808569.947311
70000225583.401672
70000022213.926559
70000393476.262238
70000426038.847366
70000345918.028778
70000047492.447388
70000284364.647781
70000656184.456360
70000614840.875977
1.000000
70000781621.213348
70000454894.860703
70000743969.009964
1.000000
70000006841.901566
70000545668.180405
70000019559.939362
70000095130.769638
70000587615.838196
70000171514.124603
70000737801.104385
70000261426.263687
70000705646.720413
70000796926.488541
70000780969.143738
1.000000
70000808076.091400
70000754551.664810
70000306038.484604
70000642016.516647
70000158059.154526
70000135479.380936
70000088299.842041
70000611371.633148
70000927760.599487
70000421897.158051
70000920388.235092
70000110106.330826
70000612769.284042
70000488244.899124
70000717546.986465
70000760647.274109
70000176615.806763
70000455042.166992
70000028161.958618
70000586184.384338
70000261544.331757
70000845217.143936
70000224049.022278
70000503733.800156
70000011537.749023
70000765161.145096
70000301852.106506
70000813553.274506
70000202726.163132
70000843932.794464
70000876971.703461
1.000000
70000147483.467728
70000968613.139679
70000400838.166885
70000403814.828613
70000445876.643951
70000695365.720779
70000276430.379959
70000989665.921875
70000942844.032379
70000636789.468277
70000791069.736206
70000855085.011108
70000067690.009796
70000528036.374954
70000497173.040878
70000637490.194427
70000531767.565170
70000596143.117493
70000742499.242996
70000220762.252975
70000846652.874741
1.000000
70000013943.569809
70000433213.418732
70000931363.059219
70000932888.502304
70000286274.050797
70000723973.874542
70000130905.927780
1.000000
70000700185.392975
70000135184.396057
70000481492.885147
70000097846.149887
70000393553.188660
70000891077.018326
70000946807.900742
70000918638.739990
70000806891.820206
70000410749.266479
70000016812.016159
70000326551.495438
70000295420.105011
70000683852.529037
70000568064.026489
70000003330.828415
70000545299.919968
70000236595.764038
70000859711.552185
70000516737.547348
70000511852.199432
70000775377.425537
70000575950.725708
70000732143.574875
70000564369.545197
70000570530.323105
70000264593.657349
70000933336.226944
70000557322.639511
70000567384.592728
70000484487.288467
70000466606.513031
70000506285.780945
70000934274.952499
70000850430.116486
70000274173.206192
70000129666.640579
1.000000
70000818002.525604
70000076806.170151
70000845377.689041
70000532195.810608
70000573401.185120
70000345387.022125
70000425726.332794
70000488063.494690
70000766311.542587
70000756978.736465
70000912915.928879
70000795248.730713
70000934559.323502
70000463508.070862
70000544048.574127
70000544431.562302
70000449142.845947
70000286006.606766
70000073744.233459
70000451973.180908
70000582401.352188
70000159909.773911
70000559578.736694
70000360809.508026
70000272482.546661
70000546347.940186
70000384028.052032
70000871949.477310
70000655023.001816
70000020413.800903
1.000000
70000909998.400558
70000406271.859543
70000258432.176590
70000909927.761139
70000400799.762573
70000046931.046082
70000664127.911758
70000633628.023499
70000697924.193390
70000796081.231506
70000150850.546509
70000309785.414825
70000743194.329865
70000331172.813614
1.000000
70000661468.092133
1.000000
70000428505.248856
70000978872.841980
1.000000
70000474335.171036
1.000000
70000359767.117508
70000502022.883896
70000592527.668259
70000542777.632477
70000479755.949402
70000937646.178757
70000586922.671661
70000968814.991928
70000179796.435623
70000372840.659103
70000543024.976288
70000132349.566162
70000000818.151093
1.000000
70000283074.938507
70000139451.408264
70000717897.900833
1.000000
70000833489.065353
70000789878.848297
70000788651.157547
70000464827.653809
70000806976.372437
70000250576.078949
70000048210.786301
70000855232.531662
70000158631.619324
70000328663.647598
70000184465.065048
70000243124.984329
70000227447.175385
70000593265.650711
70000108166.225952
70000135974.171127
70000381526.134995
70000184909.813934
1.000000
70000961087.005203
70000010885.634155
70000369687.553665
70000828515.635132
1.000000
70000161451.087738
70000007247.382370
70000201948.680756
70000698997.647125
70000500190.663147
70000587466.233826
70000322015.416565
70000395247.141159
70000042580.748016
70000543715.661758
70000328860.819382
70000853690.484100
70000803779.971008
70000994959.791901
70000868089.672348
70000037874.475754
70000962671.664261
70000724919.645432
70000732216.908890
70000496583.030457
70000028923.542816
70000641975.813232
70000590733.726776
1.000000
1.000000
70000451459.485214
70000001324.142014
70000585250.003738
70000345297.661743
70000143445.701721
70000400458.716415
70000502083.308868
70000269129.894424
70000918600.281891
70000963662.820999
70000492213.299881
70000177218.856033
70000503481.436478
70000305297.632217
70000785991.365768
70000832864.526901
70000242168.055984
70000442032.956818
70000625697.780075
70000886033.862579
70000162538.075607
70000089021.259384
70000201640.363678
70000416547.269821
70000460541.040588
70000195638.612762
70000950180.274612
70000481660.794449
70000682452.292740
70000688712.652145
70000655376.400970
70000539445.154739
70000325149.277161
70000475335.020584
70000208817.678116
70000218258.008987
70000847027.220535
70000933912.747299
70000315795.158478
70000494761.828949
70000907585.817734
70000312219.834641
70000221501.636475
70000025728.828156
70000067788.418335
70000312501.242371
70000503674.321548
70000209646.883041
70000250292.551804
70000189184.944000
70000620242.442139
70000186861.386169
1.000000
70000759351.467880
70000717726.423553
70000798952.283432
70000792963.840012
70000938992.390076
70000462619.936050
70000692961.589783
70000965646.837143
70000014414.230133
70000955471.878906
70000967492.771973
70000107031.706146
70000075342.071243
70000085540.812866
70000374211.419830
70000743157.189087
70000676331.294678
70000853648.280228
70000816073.866821
70000637981.035782
70000792365.136398
70000831663.520355
70000333298.444580
70000887456.390808
70000038433.624939
70000169291.765671
1.000000
70000136987.687653
70000784389.514175
70000525019.854782
1.000000
70000032731.629883
70000261957.353424
1.000000
70000252995.942505
70000138643.050140
70000725405.802948
70000017886.565414
70000475005.804733
0.33
 0 0 0 0 0 0 0 0 0 0 0 0 0
