1 401
70000641422.129272
70000409312.292679
70000638537.663925
70000285641.376617
1.000000
70000957035.771729
70000059001.676529
70000372335.782791
70000162911.974121
70000358767.189941
70000077446.312088
70000785193.783737
70000741195.977554
70000899919.214203
70000170515.626968
70000139441.666565
70000717712.945465
70000235109.185608
70000661529.832275
70000573943.553421
70000879085.504623
70000398234.137451
70000260105.755569
70000496602.927170
70000961473.877441
1.000000
70000554223.174103
1.000000
70000383111.357315
70000018181.949661
70000977397.278778
70000941355.230927
70000488224.399551
70000172062.690170
70000762903.479050
70000464576.175262
70000768581.777969
70000059031.266891
70000450979.254456
70000623532.114441
70000898812.740906
70000643782.590103
70000129260.435379
1.000000
70000202578.170959
1.000000
70000024165.211288
70000974544.258774
70000683348.110397
70000586298.175644
70000726528.585861
1.000000
70000257268.956711
70000394884.142776
70000049355.033539
70000739643.094498
70000117461.473755
70000698157.201599
70000891045.931183
70000329578.427780
70000744359.509033
70000565926.382462
1.000000
70000252047.914017
70000698086.519196
70000078491.960358
70000167057.432037
70000253096.261581
70000811130.732559
1.000000
70000321929.055740
70000324706.351181
70000907734.536346
70000928011.031342
70000111720.197876
70000801184.992188
70000656314.548935
70000681006.532425
70000850985.855804
70000045193.590408
70000393431.888123
70000205708.870270
70000145177.799332
70000616296.216309
70000037920.508347
70000169472.997559
70000857399.092026
70000764939.442673
70000761101.768158
70000384002.063965
70000635698.711990
70000505669.982697
70000759993.088074
70000984227.285660
70000682814.560959
70000171412.657089
70000805004.514969
70000582740.590027
70000732807.744156
70000629997.383560
70000445011.962616
70000208591.981674
70000267351.431702
70000069673.253738
70000744297.619446
70000897152.611023
1.000000
70000832598.192947
70000684208.002838
70000565920.373962
70000277267.493713
70000310205.343338
70000418750.254883
1.000000
70000351116.860825
1.000000
70000983000.573532
70000516443.676636
70000372042.839752
70000220396.935196
70000071526.115280
70000535794.293884
70000250494.048264
70000872448.758270
70000798967.193222
70000412856.185364
70000696462.404968
70000043145.629242
70000470934.706085
70000014849.062576
70000359338.051544
70000919513.227676
70000776135.064468
1.000000
70000869812.481781
70000574745.924103
1.000000
70000972720.005264
70000276569.339539
70000033304.001068
70000209011.219330
70000932024.629654
70000002762.278214
1.000000
70000322472.304977
70000018825.771255
70000502211.818649
70000309253.496964
70000055312.917114
70000584998.911438
70000955422.828812
70000471988.169510
70000973638.608475
70000940921.665237
70000223987.685349
70000632641.297516
70000521888.597336
70000882974.621277
70000729852.635635
70000742319.632996
70000609542.475281
70000879308.165497
70000368990.394852
70000497252.677963
70000199790.790619
70000963260.278244
70000909963.832214
70000245348.705917
70000006571.822113
70000188090.337097
70000284301.755402
70000108352.780548
70000683392.136429
70000917564.908661
70000069188.570190
70000374304.302124
70000475510.176285
70000965933.954895
70000933252.157104
70000186070.235855
70000394426.520340
70000825776.554062
70000793866.359833
70000635308.919540
70000388119.956192
70000474767.787949
70000054730.185532
70000235854.355057
70000754938.502106
70000833582.725662
70000837244.355408
70000233785.734482
70000965134.824295
70000249115.098328
70000043938.785843
70000829633.165161
70000008698.544052
70000813870.086243
70000149276.272522
70000331710.459076
70000163555.083725
70000429403.970367
70000279399.873627
70000797946.286484
70000110512.928650
70000964022.240280
70000777036.703781
70000736525.674881
70000364709.950836
70000266756.231827
70000261417.652939
70000425009.721741
70000319673.065369
70000392880.679398
70000183156.997360
70000457236.980789
70000623316.708389
70000425103.652954
70000141809.555511
70000810397.565948
70000992768.119492
70000402870.601501
70000667949.587128
1.000000
70000872916.658295
70000376706.276154
70000609881.007156
70000554907.637604
70000314592.591949
70000401311.690353
70000688658.190689
70000358002.064255
70000075549.222931
70000719680.993759
70000436184.594269
70000121608.009003
70000490090.629623
70000808478.501556
70000448433.642471
70000743361.050323
1.000000
70000711787.850937
70000159404.253220
70000361165.336761
70000754177.441589
1.000000
70000433884.445694
70000798015.362854
70000733725.566528
70000276591.213089
70000626953.317032
70000333801.283813
70000115400.671326
70000214758.245987
70000594706.376328
70000841699.662857
70000669937.002869
70000487601.945190
70000134122.767288
70000176110.923325
70000188008.141617
1.000000
70000081497.808640
70000480097.101547
70000153904.046875
70000400282.079437
70000879625.249847
70000697947.560425
70000384471.807510
70000710305.885895
70000446102.905853
70000002035.095566
70000761119.599518
70000104195.119385
70000971850.960129
70000197327.618866
70000099121.899139
1.000000
70000076233.095154
70000248574.585297
1.000000
70000306485.397964
70000993972.913528
1.000000
70000211574.887314
70000672258.629791
70000915195.449036
70000062880.866318
70000954422.045380
70000637563.486298
70000897980.376556
70000253791.684296
70000693267.785385
70000611087.469238
70000352661.005615
70000366684.811768
70000610248.889587
70000386304.926422
70000612440.831360
70000997423.710114
70000615111.858871
70000565077.902542
70000513306.399689
70000683139.148331
70000813822.581573
70000096791.161041
70000334955.794540
70000254299.084198
70000312420.324432
70000233596.353638
70000174148.346695
1.000000
70000328036.093491
70000911250.533340
70000512275.375000
70000496344.742828
70000560537.643768
70000278511.381302
70000272532.804520
70000951985.317963
70000577692.094971
1.000000
70000186398.657410
70000780518.141571
70000148066.123398
70000250913.582382
70000236463.593964
70000280374.580154
70000292515.734070
70000649891.890610
70000167982.497711
70000266132.450165
70000926068.739548
1.000000
70000672203.130310
70000930100.140900
70000711230.069382
1.000000
70000835188.795303
70000907182.456757
70000952570.577103
70000332513.741470
70000509936.540894
70000697378.464645
1.000000
70000235569.140274
70000630156.844025
70000313922.034210
70000501164.249207
70000453176.733826
70000203389.948135
70000052431.479584
70000017373.413071
70000450496.965576
70000845975.835754
70000382849.749146
70000113028.577164
70000094568.700455
70000399860.314056
70000377770.787766
70000202058.653076
70000935255.084198
1.000000
70000349468.437225
70000686149.790237
70000265845.473816
70000542328.425278
70000407026.234497
70000440105.339859
70000570363.659134
70000877931.851913
70000988171.692093
70000826552.779541
70000222851.121017
70000075593.075562
70000236177.591202
70000645197.609268
70000769678.335175
70000072598.039185
1.000000
70000355986.545624
70000577584.775116
70000877639.043610
70000013924.039886
70000138337.594177
70000937787.405151
70000182785.744110
70000745500.266251
70000888522.985306
70000945735.535614
70000273024.246185
70000754657.535919
70000729602.996887
70000880837.225327
70000915362.390656
70000389701.421661
70000629007.835022
70000874790.646896
1.000000
1.000000
0.33
 0 0 0 0 0 0 0 0 0 0 0 0 0
