1 401
70000298403.316055
70000175361.323807
70000622433.910812
70000272833.773880
70000844654.134705
70000031960.105865
70000525731.247345
70000649952.305923
70000533143.350616
70000540852.883606
70000246036.106216
70000313104.420425
70000153744.864807
70000091653.683975
70000385335.968246
70000512795.615570
1.000000
70000648903.150528
70000308286.495193
70000601805.525558
70000057763.619324
70000993455.086929
70000288031.321213
1.000000
70000418722.330093
1.000000
70000075820.038864
70000019707.556793
70000104489.788544
70000015068.891769
70000469861.458328
70000127026.812958
70000752164.851730
70000165735.592224
70000914577.186646
70000726892.666351
70000528626.174072
70000877818.780762
70000347059.316513
70000495472.952606
70000088458.390259
70000384233.274887
70000567011.730560
70000202792.968201
70000174602.209076
70000727900.051987
70000105641.254990
70000506566.793213
70000957933.837540
70000819091.756073
70000871467.722870
70000911456.321121
70000348453.985596
70000046784.167999
70000313802.286163
70000676653.115799
70000744512.369324
70000673110.285400
70000874560.472427
70000007315.683884
70000592373.631210
1.000000
70000196433.270493
70000120312.706223
70000963660.673416
70000972178.943619
70000228317.406006
70000409052.196167
70000840223.563004
70000875057.018997
70000793772.143585
70000698679.882004
70000750162.621994
70000386612.534836
70000912728.516861
1.000000
70000931815.800522
70000572344.291962
70000787520.550629
70000918443.743088
70000478780.915619
70000006280.047150
70000200992.084091
70000199437.073059
70000466818.838638
70000358790.228882
70000262870.731445
70000014841.425186
70000562342.138031
70000736088.109161
70000683547.901031
70000839707.699127
70000941842.696381
70000322303.203766
70000348899.146729
70000796319.514008
70000857351.370392
70000802537.497070
1.000000
70000267134.274796
70000242253.087769
70000489072.715866
1.000000
70000706282.868195
70000234512.490372
70000488236.155090
1.000000
70000695028.690399
70000588505.826828
70000692211.157547
70000067947.358856
70000671133.243591
70000954162.698395
70000879682.804398
70000836059.929581
70000429271.337036
70000664777.769257
70000621990.044678
70000794983.136505
70000312688.069809
70000781017.135010
70000075407.844955
70000676591.503036
70000705889.435791
70000513625.818985
70000515799.976089
1.000000
70000916741.127960
1.000000
70000273827.418228
70000608604.428680
70000932702.528519
70000940861.540131
70000916102.746124
70000791782.655121
70000017640.136124
70000535678.774277
70000598077.271454
70000279540.356064
70000040618.565933
70000591519.289322
70000284071.861191
70000148133.457260
70000027430.533707
70000780278.551178
70000522661.786545
70000041322.849564
70000736147.870041
70000909522.124496
70000553360.628525
70000485229.995056
70000095040.833908
70000830838.647842
70000834978.052811
70000131796.894135
70000533713.490311
70000109782.709732
70000256309.817154
70000701374.979645
70000743048.127670
1.000000
70000534239.198456
70000388995.704712
70000215648.520111
70000029478.407242
70000425296.558578
70000893104.940323
70000814356.805923
70000521172.902145
70000513577.513641
70000347031.944611
70000111533.878815
70000207209.223068
70000930423.179810
70000861132.572327
70000380734.561783
70000067008.228714
70000647630.183228
70000418976.702087
70000534218.197601
70000488833.066772
70000109928.077164
1.000000
70000688760.307312
70000377418.289200
70000731015.146027
70000447067.934631
70000796283.298737
70000443576.512619
70000871002.570831
70000956863.023773
70000350495.176254
70000140080.658066
70000270046.769485
70000956061.899231
70000569352.550095
70000732627.471298
70000666089.920120
1.000000
70000465845.493423
70000946764.768204
70000484292.345963
70000799307.829987
70000090336.289886
70000720048.959213
70000030119.992676
70000838320.729324
1.000000
70000345616.642197
1.000000
70000517276.216263
70000028654.411240
70000286068.823578
70000102903.255875
70000866416.118362
70000723321.716476
70000244204.585953
70000556065.458527
1.000000
70000295881.189087
70000491977.027328
70000279877.989532
70000140419.858459
70000515113.291107
70000783952.499344
70000169574.469528
70000876799.950394
70000319622.959824
70000052715.940353
70000531821.625793
70000630413.386703
70000825440.871445
70000392243.217331
70000946189.559402
70000107220.366348
70000238357.316330
70000033611.481888
70000698953.746994
70000847198.846405
70000648847.721344
1.000000
70000372819.381851
70000231078.118774
1.000000
70000562821.548050
70000513243.126434
70000485943.798843
70000454571.072968
70000974798.387390
70000387939.306152
70000398438.131180
70000199421.262436
70000549818.900131
70000531127.177170
70000897720.170364
70000217614.166382
70000859616.328766
70000065713.815918
70000401707.078384
70000473088.867218
70000276849.061356
1.000000
70000853041.554306
70000362702.524139
1.000000
70000211153.216431
70000042593.712296
70000968926.276215
70000040002.066818
70000522357.762756
70000963090.577316
70000489698.620743
70000669172.334106
70000966634.292999
70000720626.733597
70000317229.546753
70000176208.350922
70000376794.822357
70000177727.075500
70000298820.759445
70000337449.129654
70000007233.467957
70000303958.869583
70000655405.855560
70000251979.319504
70000184339.536957
70000480372.564072
70000682687.209366
70000950702.348328
70000942718.856277
70000993545.988327
1.000000
70000357319.495178
70000986316.864655
70000727332.301804
70000640743.865662
70000682475.076675
70000900417.469086
70000904589.595245
70000082410.671387
70000123076.813751
70000975270.253647
1.000000
70000468420.981934
1.000000
70000615627.207718
70000761206.962860
70000607933.456512
70000252665.745148
70000359926.267822
70000934051.828369
70000453241.380722
70000898972.324554
70000275382.238937
70000081431.002579
70000081017.618073
70000595945.646088
70000679709.292969
70000935707.629898
70000366212.637451
70000816686.817017
70000951120.726517
70000847064.851700
70000099689.073547
70000293916.401184
70000245193.764084
70000305658.971985
70000812631.124161
70000637056.880768
70000468478.377502
70000662436.998795
70000745722.328522
70000189276.016800
70000503657.599808
70000984659.156876
70000406303.049698
70000232347.226395
70000300725.205231
70000739109.909225
70000681689.335663
1.000000
70000161449.343552
70000207931.457001
70000546419.263367
70000404337.891937
70000695492.633499
70000466785.593460
70000883384.266586
70000952040.980423
1.000000
1.000000
70000472866.262268
70000110591.584610
70000543010.767746
70000861559.058121
70000219577.699036
70000010117.726288
70000117248.901459
70000696118.405212
70000429320.474808
70000164733.930252
70000347177.312698
70000707999.266556
70000663334.891876
70000867674.904022
70000129391.595276
70000789318.506897
70000072164.703568
70000221134.710449
70000148777.532394
70000298038.689056
70000678245.620758
70000462444.437439
70000163481.747162
70000850176.221451
70000435844.854141
70000421756.479645
70000815729.893890
70000073809.924255
70000713825.014999
70000834028.876556
70000557388.274841
1.000000
70000188006.290466
70000400403.316788
70000068473.601364
1.000000
70000265086.657883
70000673670.364166
70000305186.628159
1.000000
70000698757.017105
70000610523.121796
70000361186.307037
70000517987.466919
70000261427.308212
70000040018.870178
1.000000
70000709715.115387
70000603085.710464
0.33
 0 0 0 0 0 0 0 0 0 0 0 0 0
