1 401
70000409025.954025
70000771408.849380
70000263956.875992
70000678555.059601
70000746478.267105
70000058641.386536
70000615344.096603
70000690173.090881
70000742304.147232
70000894430.449356
70000859028.753082
70000724898.633469
70000218383.657135
70000028120.885666
70000329654.601517
70000859522.589874
1.000000
70000269793.447205
70000962708.251328
70000091475.744461
70000189991.331024
70000467348.090683
70000411902.199631
70000305507.466537
70000860900.244019
70000521439.878433
70000140464.774902
1.000000
70000046393.534622
70000836806.233734
70000832616.222809
70000690883.273346
1.000000
70000192600.407822
70000563143.261078
70000718543.637115
70000773190.115005
1.000000
70000317319.904907
70000895198.640900
70000859213.661636
70000817297.046402
70000757821.590820
70000019103.948853
70000790571.787415
70000484966.123093
70000272175.177475
70000121078.619858
70000196490.456360
70000432983.000793
70000563922.334412
70000477723.287140
70000421528.737961
70000186509.226761
70000496200.637589
70000004669.198395
70000042287.885452
70000061975.175842
70000423854.582977
70000267702.858490
70000456079.202332
70000153805.650589
70000106600.725159
70000073138.983459
70000277753.615784
70000530042.373779
70000185335.239868
70000190883.808594
70000176859.312759
1.000000
70000080066.321289
70000194699.938904
70000008384.550751
70000853455.667542
70000688950.606598
70000355195.569763
70000469696.652054
70000970064.547607
70000742597.711273
70000300066.352554
70000358807.180038
70000085602.833481
70000704402.737106
70000713621.309265
70000974103.872620
70000968854.576309
70000516062.788605
70000448003.363907
70000791751.319763
70000281085.133560
70000479020.796051
70000623822.916473
70000229510.142319
70000260693.685776
70000539391.707642
70000847354.661469
70000328836.100647
70000858761.527206
70000448895.464020
70000828638.348526
70000023417.762100
70000955877.533218
70000914394.969086
70000886430.279892
70000375778.723068
70000200653.030685
70000111385.603622
70000467891.492950
70000415565.806671
70000461797.935837
1.000000
70000664621.726868
70000022790.102264
70000410311.827988
70000224095.211044
70000482621.085663
70000623323.657089
70000596478.655380
70000691300.445999
1.000000
70000115596.233536
70000089731.905197
70000531836.905518
70000612840.378845
70000438485.702560
70000394096.081680
1.000000
70000066213.339828
1.000000
1.000000
70000384688.186462
70000431152.663361
70000406301.016678
70000644856.541245
70000995811.203156
70000970914.032822
70000941583.027542
70000287687.361588
70000995798.256744
70000314836.331055
70000726240.560425
70000237719.726929
70000499309.083267
70000261500.638260
70000345244.648102
70000482014.740433
70000552663.077850
70000995225.046234
70000713606.751068
70000833617.772720
70000344791.164368
70000770779.900314
70000930878.149292
70000767064.627319
70000663396.396729
70000356690.951431
70000810275.468353
70000413485.281784
70000266810.377869
70000193251.224808
70000485077.690125
70000912976.636230
70000810432.245178
70000417704.651825
70000312015.221237
70000644160.038010
70000535014.514267
1.000000
70000917928.170624
70000252840.308594
70000311766.572113
70000281339.015457
70000161881.997650
70000163752.736359
70000989799.269150
70000637090.625763
70000989200.100433
70000644864.778778
70000318051.426346
1.000000
70000345199.194641
70000919037.887878
70000294710.676025
70000189582.965591
70000035909.232971
70000252705.543198
70000677303.276703
70000961420.691849
70000957375.224197
70000069584.097931
70000274811.919327
70000664704.438660
70000647344.316437
70000666552.912750
70000130552.066284
70000287800.133560
70000320598.672714
70000483820.544937
70000392741.085754
70000207812.204254
70000874257.098083
70000886063.617310
70000716379.330322
1.000000
70000108705.188034
1.000000
70000651596.885147
70000427994.994659
70000871949.505890
70000495899.060150
70000391455.685562
70000396534.397659
70000295172.151031
70000260704.165207
70000681143.519333
70000094023.213959
70000977207.887009
70000672640.835785
70000235759.496307
70000830235.824783
70000121635.509552
70000834530.833862
70000662128.423203
70000374953.613831
70000743886.940689
70000547718.267944
70000512585.367966
70000855756.936172
70000382605.207001
70000875017.176163
1.000000
70000024364.298447
70000499795.390274
70000600191.534088
70000263576.438599
70000415897.021652
70000202388.784637
70000126155.862976
70000523218.155670
70000314308.797424
70000591011.456375
70000837022.793533
70000534568.092896
70000958758.434860
70000146867.114273
70000939657.514587
70000217910.254547
70000469626.770462
70000231212.561661
70000821559.230453
70000077240.585632
70000808375.354431
70000115720.075653
70000760014.519730
70000599879.066467
70000097883.023499
70000281643.667145
70000281122.327164
70000506500.505249
70000921599.153976
70000858476.764496
70000512800.101624
70000907312.632095
70000163020.533997
70000816639.668808
70000287713.320145
1.000000
70000467408.179535
70000890784.110031
70000615885.419861
70000063940.008881
70000467860.949463
70000484435.700836
70000165431.144333
70000752966.756973
70000783896.905289
70000257353.531113
70000518790.590225
1.000000
70000858265.572205
70000769071.681503
70000785381.882141
70000235404.163483
70000126970.122391
70000204838.985092
70000973930.293991
1.000000
1.000000
70000208258.941101
70000249324.380188
70000367301.958206
70000070183.420471
70000604347.647400
70000654623.241486
70000124457.709793
70000761421.581848
70000718047.104645
70000096287.481339
70000484808.459702
1.000000
70000425465.723785
70000775152.142700
70000278675.429504
70000385277.916336
70000936916.411758
1.000000
1.000000
70000162402.360214
1.000000
70000522195.342575
70000388762.323608
70000787287.681747
70000835609.329956
70000295712.171982
70000502640.400818
70000847205.567856
70000901282.297348
70000441166.420639
70000869474.086792
70000498007.970413
70000482345.809204
70000162691.664139
70000885752.056503
70000937295.986633
70000934263.408325
70000658219.891953
70000738238.140518
70000886921.650589
70000459558.065842
70000077410.410004
70000691051.130234
1.000000
70000415981.507492
70000823517.521271
70000624010.911880
70000059673.936707
70000090219.965271
70000264166.427734
70000948650.745880
70000290505.564835
70000651136.563858
70000083789.628174
70000411337.321030
70000722885.577637
70000231038.268661
70000211538.365463
70000695655.960373
70000457985.349426
70000343007.324860
70000149462.981873
70000468906.342010
70000056273.554886
70000826340.133469
70000219184.177048
70000176201.959137
70000798080.284592
70000018163.549210
70000291547.362030
70000288778.849945
70000926780.497833
70000853714.334625
70000876369.992294
70000560501.626022
70000069530.322464
70000840924.446213
70000840298.302032
70000900033.466171
70000896829.144318
70000893662.807220
1.000000
70000558351.578995
70000869933.123840
70000788452.395630
70000801976.680573
70000059369.232468
70000432657.198318
70000378731.167862
70000756761.299881
70000611621.758408
70000940545.912003
70000447682.375168
70000265066.403244
70000344388.288803
70000601152.092529
70000180921.170166
70000318564.397415
70000650935.723343
70000297532.834030
70000680161.133942
70000798121.370605
70000373536.615601
70000099879.715836
70000145368.820389
70000997450.319763
1.000000
1.000000
70000401998.404861
70000685134.502579
70000705492.346451
70000006997.746033
0.33
 0 0 0 0 0 0 0 0 0 0 0 0 0
