1 401
70000825125.076508
70000186752.688904
70000635278.875427
1.000000
70000408196.942764
70000650896.231750
70000256673.082092
70000073928.374298
70000909376.082123
70000916683.075272
70000287498.622925
70000057218.244720
70000801434.554565
70000636566.823166
70000350804.197968
70000503951.800934
70000505742.487030
70000352233.501999
70000406019.003265
70000878780.866257
70000196141.671432
70000707534.733475
70000724391.320206
70000142110.798141
70000583676.241241
70000968323.099823
70000485985.009171
70000427618.852158
70000014696.304672
70000074537.274933
70000001257.496658
70000336460.336746
70000647223.966095
70000026995.976425
70000343907.300613
70000359278.182556
70000994651.151993
70000274287.082077
70000040995.627502
70000347835.568069
70000790418.480728
70000301414.183929
70000576842.388535
70000368133.898972
70000924020.613937
70000397708.641068
70000978820.080078
70000076470.810242
70000249780.001968
70000721088.874252
70000465532.216553
70000931907.925858
70000843859.342682
70000694221.110428
70000902041.809219
70000217759.912308
70000916335.569229
70000732261.825607
70000253180.990112
1.000000
70000922602.732239
70000600462.380966
70000619015.693497
70000447902.060532
70000213345.877274
70000143219.992035
70000036707.593964
70000898612.836243
70000614589.745193
1.000000
70000040807.816025
70000137256.566833
70000513985.946701
70000618088.122787
70000726127.802307
70000221579.468964
70000475549.279602
70000228459.044952
70000139840.830658
70000177878.518478
70000004253.266129
70000429802.365738
70000041115.108536
70000652976.638458
70000813807.807709
1.000000
70000642631.238770
70000494789.543793
70000487949.587708
70000577222.093170
70000974561.470505
70000647498.605606
70000195811.749802
70000777526.819138
70000726235.547775
70000453466.798599
70000449797.925049
70000636577.198486
70000385957.776871
70000585605.016449
70000014529.264267
70000696595.623856
70000152412.598755
70000444038.974960
70000276700.463806
70000286892.313797
70000303018.478012
70000255716.697525
70000061518.205627
70000435057.947617
70000715748.836349
70000844581.135483
70000175242.930267
70000370535.834564
70000040993.835709
70000180023.319489
70000146560.907059
70000734205.426498
70000829006.213577
70000426854.638046
70000202832.772461
70000295360.622269
70000087466.502930
70000482169.681519
1.000000
70000100642.664352
70000533007.101227
70000669458.087082
70000838130.904343
70000198459.617447
70000141965.223419
70000760460.980759
70000110169.538406
70000963324.176849
70000597721.220673
70000653581.731674
70000846174.786682
70000787636.344101
70000954858.881012
70000905876.859482
70000796533.301727
70000100379.148132
70000810867.173553
70000840638.177353
70000902076.286606
70000650329.557846
70000149283.071976
70000051393.837997
70000673105.275620
70000742286.431320
70000311219.014404
70000604246.140106
70000112421.109619
70000409226.639618
70000273968.615616
70000515380.795273
70000770249.400726
70000428424.971832
70000074006.668671
70000607983.288528
70000484159.221085
70000314771.376144
70000793367.045746
70000906899.681046
70000155058.148148
70000371987.643753
70000965935.047241
70000022320.910889
70000786230.671249
70000265988.509888
1.000000
70000463799.032745
1.000000
70000545486.417191
70000042413.740295
70000704054.545288
70000164256.643372
70000451929.178482
70000058729.280502
70000891823.270218
70000339438.488998
70000238533.857819
70000696129.984146
70000492497.149963
70000573477.938782
70000962917.793640
70000095071.851074
70000689568.658920
70000787310.331116
70000468694.075226
70000700932.643982
70000305339.537018
1.000000
70000921818.996964
70000437841.398376
70000472641.632828
70000815092.103653
70000991019.008865
70000934943.507217
70000008167.843460
70000464351.804810
70000499554.473831
70000310301.147842
70000758889.351990
70000414002.741837
70000673813.469620
70000250603.522858
70000326385.512360
70000223253.982361
70000307069.846924
70000777786.617508
70000804759.298676
70000647441.357559
70000544890.220291
70000209027.391205
70000227662.226395
70000243478.875046
70000128183.829407
70000694674.253357
70000159516.021713
70000811904.221130
70000514386.560928
1.000000
70000353712.394897
1.000000
70000857117.252686
1.000000
70000877783.898132
70000006141.958252
70000310539.092896
70000791810.149353
70000108792.927490
70000169357.879059
70000087535.688400
70000691301.468948
70000961678.191422
70000103145.211349
1.000000
70000949422.656921
70000786864.404968
70000974808.959015
70000769277.370636
70000567339.734207
70000522961.351532
70000443936.788773
70000156481.984406
70000111767.414505
70000234787.667770
70000583811.472809
70000831585.142487
70000106138.475769
70000495140.613419
1.000000
70000566139.756409
70000528512.875992
1.000000
70000611051.089294
70000230728.126633
70000729198.930527
70000847559.236130
70000031481.230133
70000058055.302383
70000212346.293701
70000383029.958145
70000266463.031235
1.000000
70000591848.467804
70000063549.069641
70000890933.224762
70000809426.298737
70000354945.346146
70000661425.650558
70000193616.297897
70000034936.984985
70000694749.990280
70000846774.005676
70000235931.460587
70000711214.611664
70000610273.959473
70000868268.568405
70000534329.449799
70000928122.718491
70000738347.448257
70000824680.672562
70000217588.449707
70000794077.068161
70000957759.787888
70000101571.300064
70000672790.886963
70000770549.367996
70000209179.002991
70000502937.036926
70000632145.783310
70000990538.283585
70000805642.089676
70000868904.150742
70000575809.174911
1.000000
70000063232.607819
70000672290.427704
70000148471.857040
70000862708.506973
70000215247.186691
70000549991.430542
70000906548.187790
70000102197.253342
70000621014.068542
1.000000
70000027484.580643
70000199895.068298
70000932952.751740
70000729265.408539
70000994486.737885
70000865768.030762
70000239013.491043
70000551247.940292
1.000000
70000444616.924103
70000205592.703537
1.000000
70000821652.767822
70000287498.125046
70000470106.810089
70000928908.506317
70000325705.431671
70000057893.890915
70000858277.748764
70000955880.497940
70000776490.756592
70000274069.755569
70000566640.857101
70000604276.661224
70000318795.987061
70000571229.489349
70000819610.532394
70000446318.543976
70000713150.739624
70000767266.616531
70000138578.762939
70000849925.596619
70000041501.450302
70000954100.281830
70000452939.980179
70000705989.227219
1.000000
70000565063.527115
70000917763.034332
70000857064.876389
70000152875.589981
70000317519.546692
70000613145.061768
70000174580.890488
1.000000
70000075259.029190
70000609098.630905
70000857025.696777
70000484581.157516
70000897438.985855
70000655308.519745
70000259555.570480
70000508155.401932
70000170904.569168
70000477855.901855
70000562851.436569
70000654460.857101
70000580113.633575
70000295725.833023
70000216161.825211
70000339351.382172
70000508128.001877
70000971279.769882
70000557352.677048
70000058868.800690
70000246907.560242
70000393755.194885
70000315176.556351
70000553168.278259
70000898939.878021
70000455114.966965
70000059709.060181
70000105896.589386
70000369190.447342
70000690123.711472
70000833037.607941
70000065146.320587
70000937749.114655
70000810138.383072
70000494343.069214
70000408967.277084
70000823605.169373
70000026116.077942
70000799951.855988
70000271955.154861
70000172080.310074
70000640074.895020
70000734454.395905
70000025351.191055
70000979848.753326
70000024998.175934
70000800459.413727
0.33
 0 0 0 0 0 0 0 0 0 0 0 0 0
