1 401
70000412056.031693
70000542137.120102
70000340311.121841
70000898351.450073
70000573364.642899
70000834072.309357
70000667881.700485
70000936135.833527
70000044053.920258
70000123103.011765
70000162988.875565
70000186292.964096
70000841111.502304
70000359431.882111
70000307078.964996
1.000000
70000528100.610718
70000389093.577759
70000711885.831802
70000703550.809784
70000655274.237717
70000362672.611191
70000686492.066544
70000608992.092712
70000159416.289093
70000181599.919327
70000440127.497604
70000154850.668030
70000107394.486267
70000386277.163391
70000849132.642197
70000707575.030762
70000877147.459991
70000267001.232635
70000327923.520889
70000986131.787933
70000317027.658005
70000915777.986008
70000300774.662399
70000108308.142487
70000484163.694138
70000210736.698669
70000565088.076752
70000264584.695740
70000712841.475143
70000001486.175720
70000405922.341705
70000170408.852325
70000180503.602051
70000349600.846237
70000998423.420074
70000651417.607285
70000057106.636902
70000108012.333481
70000951028.784866
70000731687.426483
70000794237.352707
70000592311.653473
70000905094.096008
1.000000
70000828158.388626
70000144994.710251
70000111594.530090
70000514212.243408
70000590467.573792
70000052746.058975
70000965110.991928
70000028727.151199
70000799476.100739
1.000000
70000102529.651215
70000706168.641022
70000312628.791214
70000506806.141434
70000070170.067612
70000184894.544434
70000660823.097504
70000142282.947403
70000056067.851135
70000157746.528000
70000964327.453278
70000835816.153549
70000499246.174713
70000196379.298508
70000126321.591660
70000997521.762924
70000787048.631866
70000845975.673111
70000824807.804565
70000968707.072998
70000228798.495865
70000238070.269836
70000564245.768814
70000884587.731888
70000090275.764740
70000368116.947052
1.000000
70000352618.400238
70000739950.177261
70000695743.642258
70000432396.647186
70000267667.308243
70000285394.397598
70000204677.129532
70000127559.357559
70000858114.092102
70000506590.718521
70000902402.904053
70000262634.298950
70000668745.385880
1.000000
70000559424.382645
70000542441.870850
70000156149.546143
70000506815.727371
70000803987.573776
70000150061.968414
70000043980.328751
70000652804.286255
70000706680.901840
70000010150.671249
70000851395.337814
70000271622.668137
70000078356.934357
70000519061.902451
70000620515.662704
70000106599.366699
70000977244.987335
70000293782.570099
70000125794.925629
70000680753.869873
70000637910.517365
70000379507.750351
70000330331.623718
70000109993.429153
70000628801.476059
70000591010.309540
70000173095.760422
70000059688.539551
70000083033.838074
1.000000
70000006276.393356
70000082119.820663
70000094722.862045
70000695971.879013
70000239564.153030
70000674355.203934
70000629920.582245
70000141211.750137
70000701601.628342
70000789862.222809
70000483698.826599
70000143176.681290
70000306465.832520
70000086974.861267
70000526566.564102
70000210805.467194
70000628502.632507
70000084865.824463
1.000000
70000304047.660385
70000154308.257889
70000458321.194199
70000542447.601761
70000774947.341110
70000985477.223297
70000520927.475662
70000807476.510773
70000428916.559692
70000060385.615829
70000379224.005646
1.000000
70000394777.865982
70000862013.272537
70000791242.858902
70000994788.560394
70000904764.949371
70000046255.869705
1.000000
70000263296.000641
70000649052.449585
70000020853.835861
70000472038.480225
70000905137.388733
70000419189.765335
70000517326.975677
70000937404.103149
1.000000
70000443928.135086
70000973799.247849
70000244029.994492
70000222837.802582
70000972866.266266
70000544403.128448
70000085225.923676
70000863606.503616
70000533107.684402
70000026536.933792
70000654455.953094
70000869644.723892
70000207194.077011
70000986078.577301
70000928328.412796
70000880380.166046
1.000000
70000985321.842834
70000512989.198242
70000199193.558258
70000116504.704147
70000778870.002304
70000571150.020020
70000491080.218262
70000532583.302048
70000149969.846024
70000318678.951630
70000731079.565643
70000568337.617050
70000171337.345856
70000314354.811157
70000612204.942795
70000138006.340912
70000790917.698318
70000146594.639832
70000976685.272079
70000935358.616516
70000341296.227188
70000209422.705917
70000592042.804642
70000107026.856003
70000107752.586136
70000936546.193481
70000470169.113052
70000478644.398636
70000854438.196732
70000211155.137100
70000879089.328201
70000597697.007965
70000771683.137527
70000404326.183945
70000771849.155167
70000969723.080109
70000457177.996155
70000374992.409180
70000211410.036789
70000780938.506683
70000500443.514191
70000642735.605972
70000185729.011597
70000552162.319855
70000844848.213318
1.000000
70000472709.846298
70000336636.329788
70000410132.699432
70000671019.307968
70000381711.896133
70000901712.870026
70000618188.068756
70000696478.077179
70000222093.610580
70000322698.443390
70000730009.365677
70000209614.131805
70000582387.589737
70000888047.391418
70000983726.093063
70000509470.696411
70000567854.968246
70000105587.412308
70000837505.864548
70000160448.471085
70000817180.118881
70000771152.414703
70000098528.406937
70000268675.972595
70000421643.945511
70000925722.959778
70000251646.870911
70000045306.608994
70000951035.111572
70000872708.488419
70000497198.390182
70000336570.146576
1.000000
70000009371.501144
70000800820.300766
70000488454.886612
70000687401.650894
70000211377.102554
70000316198.484970
70000741941.345535
70000222199.107727
70000014855.005066
70000442730.018875
70000018275.197433
70000258107.728882
70000391563.607590
70000837413.545319
70000264271.243042
1.000000
70000896989.075928
70000836882.605453
70000162507.641785
70000112109.888550
70000421198.850555
70000647554.810150
70000849645.633759
70000911585.224365
70000419137.104691
70000660955.017578
70000460458.420319
70000694167.823090
70000755082.745117
70000627999.672943
70000539513.617004
70000194145.058060
70000615316.305817
70000309643.383896
70000893055.391693
70000594012.185669
1.000000
70000289030.075272
70000545345.845795
70000597112.428085
70000845624.826447
70000682616.372269
70000732170.611496
70000627462.691757
70000836594.659683
70000715661.246658
70000641265.116653
70000339413.391678
70000230418.564270
70000411054.107071
70000123735.220215
70000125778.435333
70000331700.339691
70000793089.653427
70000751103.876511
70000042887.476868
70000052540.354874
70000572636.684830
70000132161.278595
70000226194.805786
70000297463.862625
70000317840.440033
70000180789.225418
70000632117.647949
70000996347.426224
70000018876.555298
70000102417.964249
70000184683.986160
1.000000
70000028392.379410
70000541299.898621
70000367910.760712
70000021624.954208
70000681777.661499
70000356630.212341
70000389844.964172
70000231896.131516
70000902879.386032
70000087278.771866
70000768319.990402
70000328899.600723
70000182035.624908
70000986935.610672
70000518551.455521
70000491684.876190
1.000000
1.000000
70000849212.111969
70000178204.831696
70000104932.065369
70000235895.827072
70000470178.691025
70000407959.860413
70000428955.932327
70000445191.113922
70000031956.240952
70000155626.421234
70000218345.480820
70000046320.558105
1.000000
70000438064.760101
70000654927.178741
70000686499.989685
1.000000
1.000000
70000893050.755508
70000271630.325897
70000721923.259415
70000815727.790344
70000053772.748062
70000995953.369949
70000029366.867813
70000581626.361374
70000583997.997894
70000608810.014435
70000258578.722717
0.33
 0 0 0 0 0 0 0 0 0 0 0 0 0
