1 401
70000944205.213943
70000152102.682373
70000073631.052856
70000525671.557068
70000758113.827698
70000218368.223755
70000146943.105606
70000886107.385803
70000649601.829575
70000147525.521469
70000278638.617157
70000899339.103653
70000388606.827591
70000248996.669617
70000934708.959824
70000700348.312164
70000597998.814575
70000055753.531219
70000017998.469452
70000327958.453583
70000508531.818085
70000708869.354706
70000541695.252197
70000108758.164337
70000209378.448166
70000905271.443558
70000568834.647568
70000598056.828201
70000861745.875229
70000033386.021561
70000664326.032410
70000188066.006958
70000794822.866364
70000707674.235153
70000476717.034256
70000673279.204590
70000992102.472794
70000661119.081055
70000878920.493210
70000054772.182419
70000771138.081924
70000304351.933929
70000159256.236404
70000958074.916183
70000089307.994980
70000543532.175827
70000805336.234268
70000518042.635956
70000134406.381012
70000706079.940414
70000589481.628021
70000445542.875198
70000725334.058334
70000872889.371796
70000145316.349121
70000000953.237183
70000894197.193054
70000187231.972488
70000874115.577301
70000018658.922852
70000844116.986115
70000352361.447632
70000853736.225296
70000329246.502777
70000027917.475006
70000896005.839417
70000416780.184113
70000591422.729202
70000201819.649734
70000812317.620087
70000622607.987457
70000146239.904572
70000998888.568329
70000804900.471390
70000929606.220337
70000876518.314575
70000546410.449341
70000081648.338165
70000284928.263718
70000006463.142288
70000948540.306366
70000517756.214188
70000654039.315842
70000375991.932098
70000514760.852371
70000084336.707550
70000268027.204254
70000693792.408463
70000353731.647385
70000329973.478409
1.000000
70000302007.007294
70000357284.403534
70000414915.690323
70000782815.424545
70000903219.369873
70000267623.751877
70000105247.693390
70000573745.651871
70000327997.578094
70000237708.332199
1.000000
70000170143.715118
70000780223.713364
70000071946.562134
70000961982.414459
70000139084.156708
70000115766.050797
70000334866.748047
70000099551.639343
70000769669.092056
70000508685.672592
70000703228.393112
70000768250.369446
70000971491.778427
70000440773.671921
70000854078.657623
70000829543.824005
70000037597.823868
70000742056.563416
70000231478.493988
70000324233.826111
70000002253.526978
70000137421.808075
70000032715.402039
70000481478.977325
70000791694.468979
70000211712.716064
70000941388.932129
70000422370.884201
70000903304.111633
1.000000
70000325446.052094
70000996167.925751
70000263551.556793
70000828141.029846
70000915476.626434
1.000000
70000843054.475296
70000135596.357727
70000876051.136673
70000321408.450378
70000825588.719360
70000762400.829315
70000664900.289368
70000479960.901001
70000375948.265045
70000982130.604889
70000697317.038605
70000017784.961761
70000590395.657394
70000415080.803543
70000642254.936020
70000869446.846054
70000576872.108597
70000918449.883896
70000580718.161606
70000621566.622559
70000663895.606201
70000289280.980774
70000529129.675888
70000745127.330841
70000884373.228363
1.000000
70000615675.841644
70000931485.140656
70000433757.445984
70000574909.711441
70000806251.909042
70000552844.948120
70000357395.480682
70000677306.013016
70000411577.499466
70000456397.457214
70000465013.946991
70000731114.559647
70000173488.289062
70000369974.242935
70000854191.678406
70000056027.492752
70000788210.506378
70000674308.486633
70000742384.895874
70000421095.117264
70000225251.275696
70000819644.960663
70000193362.780960
70000055144.738556
70000398851.468185
70000661204.997757
70000372884.419769
70000862164.557770
70000775996.215454
70000204684.020416
70000613427.878220
70000150804.431381
70000398046.483932
1.000000
70000375766.984421
70000979678.167313
70000546990.020020
70000411804.383453
70000947527.978088
70000018182.326324
70000060283.197968
70000400787.261826
70000373332.546875
70000924543.359207
70000952281.157852
70000590032.962021
70000309601.521194
70000276428.177643
70000968681.680603
70000453059.041321
70000744969.370010
70000813107.262924
70000110309.718704
70000515727.925812
70000017013.088730
70000629379.152039
70000556721.742615
70000003809.305435
70000813155.551346
70000625761.401001
70000035213.013901
1.000000
70000306218.890579
1.000000
70000591610.636917
70000691890.273392
70000206634.341370
70000751062.613388
70000153638.519836
70000533638.308777
70000950255.209702
70000106151.722900
1.000000
70000966608.687576
70000213819.817703
70000671741.713135
70000537956.176254
70000322553.175323
70000933176.022415
70000675183.300476
1.000000
70000147160.107590
70000966778.393127
1.000000
70000202845.610275
70000988339.249527
70000377594.510193
70000255856.438095
70000785312.029404
70000332078.232407
1.000000
1.000000
70000859211.979095
70000906245.673920
70000451518.850647
70000144772.137390
1.000000
70000492914.362686
70000132510.883850
70000019483.575821
1.000000
70000870290.039200
70000564936.215347
70000684468.251312
70000360143.579849
70000279309.075836
70000637899.930862
70000628132.704742
70000676786.003906
70000133349.776596
70000326380.540970
70000555396.790192
70000388330.292862
70000752549.979645
70000833982.089264
70000791624.947311
70000987016.550766
70000422865.126678
70000878052.497833
70000327631.725525
70000160844.616348
70000030907.885605
70000796422.734451
70000809078.031036
70000399481.151062
70000415729.519424
70000339632.062546
70000116799.311890
70000325591.629990
70000911859.000351
70000761383.664856
70000106711.976532
70000608024.632217
70000445755.287460
70000286125.080322
70000665297.884705
70000259751.554291
70000556476.552322
70000354250.079285
70000515615.213959
70000988261.353729
70000260154.529907
70000690112.631042
70000117498.860733
70000883192.514725
70000781592.568130
70000278576.581512
70000390128.266769
70000020050.485138
70000256940.397461
70000115819.753265
70000153909.988205
70000838973.620514
70000770849.609390
70000418790.984024
70000260674.413727
70000414032.803650
70000480243.285156
70000257266.271286
70000990800.925766
70000113935.243759
70000697428.964996
70000452158.566238
70000489556.316452
70000944087.650772
70000756377.534943
70000713694.973953
70000347950.123886
70000496584.319336
70000845477.747833
70000368760.558609
70000969127.944626
70000696599.152954
70000408221.145691
1.000000
70000029793.925644
70000718382.344406
70000638560.994675
70000243147.518997
70000523664.511505
70000200372.062592
70000730063.771225
70000685790.958298
70000731554.567535
70000193831.587021
70000044200.257523
70000559038.399277
70000639849.139038
70000638055.531601
70000953887.024750
70000597458.369980
1.000000
70000764699.667404
70000914932.080521
70000409174.635544
70000752953.744415
70000732676.741318
70000228857.679932
70000678194.163605
70000581138.962036
1.000000
70000672155.293304
70000789750.206100
1.000000
70000838048.101273
70000467182.808182
70000854430.050476
70000413495.108032
70000969184.914276
70000576250.267578
70000242276.507980
70000034364.236023
70000549581.749283
70000978863.859024
70000190347.723389
70000154225.911652
70000437952.239578
70000626960.653259
70000653901.180252
70000061242.408752
70000892809.146988
70000955357.054825
1.000000
70000481576.794220
70000120772.362244
70000830851.225555
70000018773.428940
70000568918.264175
70000443027.465866
70000159375.826553
70000826096.527679
70000479015.579865
70000535927.222382
70000251998.690720
70000249885.984543
70000597235.076431
0.33
 0 0 0 0 0 0 0 0 0 0 0 0 0
