1 401
70000722301.940353
70000772584.144272
70000293886.803299
1.000000
70000768968.176376
70000746839.470581
70000521396.415848
70000084432.326553
70000113609.104279
70000312490.550369
70000505145.462540
70000872747.089752
70000154188.044571
70000316554.691010
70000345479.704315
70000919169.200226
70000630659.906067
1.000000
70000969904.837265
70000235276.645584
70000423566.061234
70000550326.227249
70000749405.347977
70000078353.374756
70000361767.442978
70000548041.321182
70000489159.672134
70000571503.860001
70000075750.749008
70000473597.584030
70000062657.013519
70000624591.365829
1.000000
70000238723.795746
70000695515.684250
70000388011.743561
70000475988.635483
70000448802.462158
1.000000
70000020091.213959
70000677190.110260
70000401656.254120
70000856098.966278
70000794351.712234
1.000000
70000076097.261215
70000478093.964218
1.000000
70000960460.936707
70000298615.657440
1.000000
70000940192.861557
70000382254.685608
70000860029.570374
70000455733.940750
70000497099.685593
70000061798.310745
70000808989.787643
70000325091.371307
70000665886.939484
70000698404.999176
70000576388.890747
70000340630.662094
70000217370.874969
70000017099.280334
70000445794.455841
70000614511.436066
70000995869.552444
70000548348.973099
70000091564.566055
70000917604.504105
70000214808.796341
70000122831.832993
70000014990.801498
70000908778.673782
70000854670.326157
70000579822.282013
70000588097.137329
70000036721.448990
70000923342.700577
70000708829.875061
70000060864.727875
70000707123.022995
70000641674.360214
70000022712.337830
1.000000
70000968911.493073
70000354274.114700
70000594967.959778
70000426562.091919
70000506510.359711
70000566783.253876
70000332049.709930
70000291884.707214
70000732360.970123
70000559076.512833
1.000000
70000901647.771301
70000481526.468170
70000695503.734055
70000002411.450668
70000726460.502533
70000822075.895905
70000161399.841980
70000113884.583939
70000984072.322403
70000339445.583588
70000589341.866852
70000792122.862778
70000445314.669907
70000875704.910751
70000389334.197647
70000225108.873947
70000645587.437180
70000627581.088455
70000920604.898148
70000929232.807098
70000534888.969269
70000154414.479492
70000287095.545837
70000192265.580353
70000830338.656296
70000844425.457428
70000993694.685516
70000783346.898499
70000964596.341019
70000313367.531708
70000487112.561310
70000553297.145294
70000039573.885254
70000694546.158936
70000068815.349869
70000522117.546860
1.000000
70000842773.435928
70000230481.158432
70000581148.348785
1.000000
70000756658.532776
70000271651.584259
70000779139.123062
70000018738.082413
70000863498.727966
70000980772.645279
70000776652.752579
70000991919.995087
70000896477.435791
70000893191.114578
70000075758.005188
70000130334.582336
70000533417.475677
70000476797.009430
70000495511.781738
70000238725.879074
70000576236.340805
70000977342.168518
70000547103.356598
70000510296.700119
70000989478.858154
70000122230.320099
70000020115.863754
70000017087.460098
70000835658.551926
70000424178.739365
70000201754.978302
70000588984.110596
70000672621.893250
70000273857.398727
70000795553.549103
70000953939.272171
1.000000
70000916731.733444
70000796961.015594
70000533596.587769
70000003031.732422
70000815793.216812
70000058390.821548
70000559754.361786
70000287940.298157
70000442839.524063
70000198097.636002
70000897627.863907
70000656076.436844
70000586797.361206
70000697481.977036
70000499569.694763
70000054369.887009
1.000000
70000832093.818604
70000796506.517181
70000110330.040039
70000061090.228485
70000565925.615799
70000758509.344818
70000747769.213638
70000323672.048294
70000855732.481308
70000386176.569412
70000081940.446365
70000963823.533432
1.000000
70000639732.651154
1.000000
70000806636.577957
70000984867.143341
1.000000
70000963359.427811
70000420940.400208
70000052284.704483
70000333870.484909
70000929344.997559
70000331619.337631
70000633405.316711
70000420357.342072
70000553166.593506
70000087881.661575
70000060885.761505
70000572713.222839
70000488585.956924
70000725302.489838
70000712660.059479
70000053608.097687
70000672293.695694
70000203811.643951
70000521496.267517
70000441152.353531
70000075163.191269
70000491625.822495
70000710459.678009
70000412913.516342
70000831421.981262
70000593951.021927
70000852497.164764
70000445789.607254
1.000000
1.000000
70000165361.452637
70000608240.601746
70000150803.488785
70000680637.043411
70000099305.964676
70000990358.388641
70000639056.117828
70000739835.688354
70000843082.332352
1.000000
70000741025.375336
70000047795.495956
70000586665.512955
70000684426.786697
1.000000
70000663887.756592
70000485978.696106
70000429263.119202
70000462017.394272
70000713600.336014
70000914047.998367
70000943460.267487
70000326679.470901
70000367788.163818
70000574392.448868
70000814751.500778
70000358658.352737
70000882399.024628
70000640554.538849
70000812122.810226
70000314014.847656
70000487096.083099
70000906110.038101
70000046271.669678
70000045878.200958
70000036650.753952
1.000000
70000486106.540833
70000751406.352768
70000411170.541428
70000342093.643906
70000687892.581879
70000721960.643066
70000510426.912231
70000331099.150787
70000364903.609268
70000604965.498596
70000135682.010849
70000691013.531296
70000116021.475098
70000581293.206055
70000810763.052780
70000713352.832565
70000796115.106247
70000286124.643829
70000935926.200485
70000373843.804352
1.000000
70000586172.015778
70000875215.179520
70000588959.244095
70000824899.454697
70000687959.035858
70000507228.411118
70000794864.877411
70000502278.900040
70000571335.461670
1.000000
70000191805.502686
70000335852.845398
1.000000
70000804526.432617
70000549824.491180
70000062783.417099
70000001050.904343
70000330538.592972
70000168795.110718
70000711672.614273
70000700520.443497
70000863691.638290
70000164192.703949
70000308032.306290
70000473265.264313
70000626251.585907
70000871807.421951
70000329266.305939
70000453077.944183
70000779189.061172
70000993335.548477
70000313065.819336
70000133257.860977
70000256480.714478
70000131170.249466
70000001912.111465
70000578916.679672
70000748086.286682
70000912446.461945
70000848939.998993
70000398150.094452
70000058397.666428
70000690622.632599
70000635339.371750
1.000000
70000954022.561234
70000629880.557602
70000871075.871689
70000981848.873199
70000606264.640808
70000884892.932861
70000321792.616257
70000964149.740524
70000572536.231140
70000345869.266373
70000813415.094162
70000655655.383408
70000610871.648056
70000207464.205643
70000105399.261414
70000610249.976791
70000889292.732025
70000790965.546097
70000391039.231354
70000983327.188782
70000511031.020004
70000871731.805038
70000645075.609772
70000254551.349854
70000177455.587311
1.000000
70000387573.721771
70000020932.968658
70000306685.119186
70000284366.427246
70000985316.309418
70000260878.468323
70000597697.531708
70000100894.714386
70000165090.903687
70000256182.209030
70000620178.998306
70000270680.416122
70000541740.065338
70000578248.009979
70000779843.935303
70000223405.213165
70000582075.924088
70000967384.049393
70000032695.771698
70000986768.576508
70000171245.268387
70000837429.488068
1.000000
70000163409.374985
70000288296.323120
70000153867.233276
70000675208.848129
70000816895.669525
70000769131.350510
70000183093.184311
70000321611.942764
70000662931.441895
1.000000
70000463375.946732
70000873814.419418
0.33
 0 0 0 0 0 0 0 0 0 0 0 0 0
