1 401
70000224032.129120
70000365723.608261
1.000000
1.000000
70000686565.817520
70000481806.729935
1.000000
70000898168.095154
70000809586.286804
1.000000
70000823327.715988
70000916222.816864
70000335135.740082
70000583668.523514
70000194567.083923
70000407231.414978
70000790530.315018
70000744996.063477
70000371916.878098
70000991458.112823
70000264218.234818
70000252631.750916
70000179911.220825
70000198933.847961
70000883438.479996
70000601217.861130
70000449648.704269
70000924787.036316
70000525608.770859
1.000000
70000165242.260803
70000957658.210632
70000073169.553299
70000629603.006287
70000727993.461639
70000229812.350021
70000808121.578354
1.000000
70000676105.833725
70000184741.775909
1.000000
70000267527.554291
70000208107.274734
70000398307.834991
70000929948.891434
70000795993.348938
70000265184.442032
70000077308.143387
70000462845.558685
1.000000
70000656382.159500
70000485203.556702
70000158154.803513
70000912473.120102
70000991445.036835
70000019627.333313
70000891185.439255
70000046654.433182
70000839834.630371
70000218704.464340
70000377378.278061
70000797317.399231
70000147927.280121
70000877790.700470
1.000000
70000413949.683945
70000554912.790054
70000554523.190491
70000232651.594833
70000685145.699844
70000590081.649246
70000305059.570129
70000969982.058594
70000428403.418869
70000222612.226685
70000900459.061050
70000571251.638824
70000093566.153046
70000963458.527954
70000166216.895523
70000872128.627579
70000703763.878540
70000423975.328247
70000513379.352417
70000224131.619873
70000525028.447937
70000431631.980621
70000443271.268463
70000482243.082001
70000456745.453110
70000582100.627380
70000817708.954941
70000714868.473236
70000733432.137863
70000589655.315063
70000397209.407196
70000079069.208771
70000033307.958176
70000547542.557007
70000403111.932541
70000320130.774704
70000979597.432877
1.000000
70000591734.115814
70000378539.011780
70000976956.060043
70000291264.767548
70000724995.709778
70000476043.842163
1.000000
70000770034.868484
70000193378.068649
70000396213.703323
70000143033.811371
70000354608.407104
70000522974.947617
70000384047.021027
70000443842.546509
70000209470.227020
70000367139.539276
70000489013.479889
70000024311.543503
70000499504.495224
70000273146.080307
70000209293.728195
70000453796.899780
70000345377.350449
1.000000
1.000000
70000009435.799728
70000854182.242432
70000698745.840683
70000902375.817047
70000696904.380554
70000997016.872467
70000014770.455429
70000168078.353363
70000340261.322571
70000490002.412216
70000627908.003220
70000503427.968475
70000174082.675400
70000863983.631516
70000854873.401764
70000136908.992950
70000759774.546600
70000012132.879333
70000297355.260803
70000446902.247910
70000138433.813919
70000273651.255386
70000915040.282349
70000707713.034470
70000000846.636719
70000705765.656738
70000922668.434799
70000908499.665390
70000076478.179626
70000477768.927582
70000914356.372086
70000923420.136597
70000107936.525986
70000634691.119003
70000577074.241974
70000319682.566299
70000649475.653519
70000006357.261826
70000471848.404861
70000429182.264420
70000127695.991989
70000293860.851501
70000217296.142319
70000714061.740265
70000943113.585587
70000930214.563431
70000027916.372925
70000315770.533768
70000100019.144226
70000713078.901291
70000802267.779282
70000013401.326370
70000551274.125656
70000464779.222641
70000917160.095612
70000817925.870468
70000480010.981934
70000069459.773499
70000012050.823074
70000480601.405121
70000800378.270142
70000537256.866531
70000510055.562393
70000320105.561218
70000775074.467834
70000168738.501297
70000100700.298416
1.000000
70000604857.121078
70000229079.221619
70000634765.103195
70000429644.811600
1.000000
70000497425.914520
70000361520.318893
70000391125.069412
70000310473.548080
70000401649.937241
70000469068.828522
70000693764.658539
70000872016.723694
70000889841.335617
70000256743.276993
70000080781.593750
70000880640.986847
70000351946.099594
70000227701.646530
70000571317.910599
70000550270.826294
70000305887.980423
70000504361.817261
70000064100.292847
70000684821.441711
70000606100.071060
70000508249.346085
70000353969.238083
70000738057.078247
70000575754.950912
70000967694.543640
1.000000
1.000000
70000645682.414474
70000575465.799896
70000216315.142120
70000666247.474442
70000883341.279709
1.000000
70000147738.032944
70000114268.214920
70000860832.861923
70000082750.833893
70000720049.804428
70000853432.211777
70000209697.898682
70000096779.767426
70000848583.474838
70000851486.387070
70000111653.859879
70000326073.834122
70000356778.598724
70000712353.724289
70000787721.017975
70000207272.573868
70000703041.695938
70000795917.543640
70000519428.747513
70000058408.808792
70000806446.372498
1.000000
70000397596.819016
70000098605.779724
1.000000
70000997405.727676
70000488575.982162
70000791791.430450
70000026069.814148
70000250067.804108
70000866222.411316
70000494017.385162
70000317594.408585
70000189818.000015
70000666001.078430
70000103054.140839
70000818157.207733
70000590021.887711
70000796605.115265
70000804131.053513
70000013818.814514
70000897309.646118
70000810100.884369
70000740252.072998
70000678087.732971
70000456186.588196
70000843972.506683
70000129019.520279
70000619797.858215
70000397765.551575
70000943481.864410
70000449062.423050
70000110511.376129
70000609650.183319
70000521647.467896
70000819329.401276
70000727748.672913
70000266190.640472
70000542040.543564
70000424273.661713
70000656271.415680
70000321121.274536
70000618783.367157
70000409350.093445
70000708440.451538
70000241801.092697
70000135591.055176
1.000000
1.000000
70000116283.893784
70000272333.429260
70000815173.825836
70000888443.743027
70000301065.617065
70000256520.338013
70000641649.794769
70000786482.960953
70000106485.485733
70000045230.673035
70000608757.721039
70000895177.745499
70000056743.975693
70000100813.045364
70000626100.224564
70000936878.946655
70000241538.867813
70000187513.697464
70000079936.355453
70000620192.931534
1.000000
70000082179.060257
70000442333.230576
70000102749.212433
70000959296.407944
70000380454.259644
70000797389.663147
70000154193.082153
70000795166.534637
70000564036.510132
70000397657.281219
70000692108.502792
1.000000
70000206229.075500
70000895637.396561
70000910859.811600
70000318515.569473
1.000000
70000089609.445038
70000628751.577621
70000614956.567276
70000478572.109879
70000733578.431458
70000148693.777206
70000530061.534088
70000673722.954697
70000399529.431015
70000053688.066223
70000751881.805862
70000433310.039246
70000596610.939850
70000786428.073486
70000551369.375870
70000501149.859909
70000200717.011673
70000289522.176086
70000541933.339859
70000392796.129944
70000140641.111526
70000442221.926392
1.000000
70000127261.342743
70000800063.461166
70000201358.911102
70000475776.168015
70000700379.955612
70000061809.702850
1.000000
70000105373.897797
70000272450.762924
70000081697.809662
70000443489.000580
70000337855.162872
1.000000
70000580648.272385
70000231190.951065
70000336820.719894
70000149847.032120
70000637892.372314
70000184399.466919
70000688850.580154
70000146048.821625
70000757576.798279
70000762863.915237
70000126871.367676
70000733532.227875
70000743620.763611
1.000000
70000965974.883911
70000630094.705841
70000054652.968643
70000926475.896271
70000197698.490463
70000251980.289429
70000915241.821640
0.33
 0 0 0 0 0 0 0 0 0 0 0 0 0
