1 401
70000271042.916733
70000405979.902145
70000839165.081009
70000023207.351257
70000979646.878479
70000943579.574402
70000015920.215698
70000370663.899292
70000567583.092514
70000876316.985535
1.000000
70000095376.737885
70000525486.972473
1.000000
70000868668.104187
1.000000
70000477927.034439
70000749586.879013
70000610830.000793
70000681789.153168
70000920245.816208
70000282597.458954
1.000000
70000167552.726227
70000494904.815140
70000159359.018448
70000005880.075241
70000430240.981918
70000085025.181152
70000866540.833786
70000600899.005676
70000984692.919540
1.000000
70000234601.908401
70000128585.806381
70000605740.964203
70000115632.537674
70000639757.446732
70000219567.778473
70000925753.724808
70000307867.735413
1.000000
70000446096.981155
70000497822.257217
70000892054.146973
70000717496.820923
70000714253.398590
70000067438.290115
70000806915.060791
70000077751.270721
70000720221.428055
70000707373.007935
70000581984.046234
70000801195.539139
70000361417.754578
70000533220.021576
70000478368.777939
70000399023.405487
70000111131.579819
70000426213.271210
70000860986.574600
1.000000
70000810554.306961
70000839236.375992
70000639447.747696
70000330675.763397
70000273926.958160
70000634010.229309
1.000000
70000319535.263733
70000575265.568375
70000445602.641327
70000679631.058731
70000050230.866196
70000717294.539291
70000282337.771530
70000585269.020859
70000408309.229187
1.000000
70000544921.831802
70000833932.833145
70000439930.096054
70000778206.706467
70000715431.906036
70000802514.842987
70000388096.196701
70000897107.571701
70000322103.427475
70000485670.787720
70000622317.480850
70000210974.487473
70000078971.702652
70000935548.121338
70000580545.013931
70000916596.148178
70000377020.232224
70000969518.004440
70000128410.895264
70000799469.938705
70000320705.633896
1.000000
70000357896.063736
70000798012.078781
70000754643.542618
1.000000
70000806613.330444
1.000000
70000614358.382706
70000488159.097992
70000498179.730225
70000514448.587692
70000718670.756668
70000419558.741180
70000307031.963150
70000157365.955612
70000316968.379303
70000147647.193802
70000495972.769974
70000165476.133514
1.000000
70000023925.548431
70000654960.343979
70000836426.265976
70000616628.130386
70000212784.429657
70000067813.316635
70000375628.047729
70000939240.836548
70000936166.879181
70000972692.026657
70000074531.094330
70000290669.171844
70000146953.983612
70000345400.053299
70000117348.059128
70000939621.301712
70000764437.587219
70000154017.441971
70000522717.738876
70000520682.678375
70000186467.495453
1.000000
1.000000
70000194941.232025
70000034459.145020
70000637087.988739
70000876545.360046
70000008919.519257
70000735206.233566
70000431137.715515
70000965013.455887
70000124296.222137
70000507705.924606
70000026783.010788
70000199983.077179
70000211239.088089
70000767288.271423
70000278560.448883
70000078637.896454
70000447301.028870
70000800064.899506
70000476106.206619
70000192851.812790
70000040779.131912
70000302094.227524
1.000000
70000144129.400757
70000039326.072525
70000121321.961868
70000228759.594391
70000699610.120148
70000217423.988846
70000934632.553131
70000823777.460266
70000080216.059937
70000900231.249680
70000046916.880783
70000602519.942719
1.000000
70000861791.619843
70000883240.850250
70000993314.705780
70000832738.716919
70000326364.347046
70000257395.519501
70000982809.529556
70000958504.516663
70000668005.021317
70000631563.022125
70000170457.564941
70000638129.473190
70000724940.369171
1.000000
70000432511.472855
70000790003.972763
70000763120.592346
70000894436.967102
70000902208.656952
70000599249.100342
70000086866.484055
70000496131.154617
70000832212.429092
70000318777.207718
70000440129.989899
70000153648.977234
70000552018.448120
70000032625.436218
70000503380.885361
70000690958.917969
70000330030.493317
70000686198.645203
70000156483.718094
70000522898.765991
70000766835.024246
70000133816.733398
1.000000
70000398124.257156
70000318707.433563
70000520370.130173
70000009720.094421
70000827655.975296
70000456347.742630
70000400261.022766
70000662445.021347
70000099368.119019
70000030913.506973
70000017796.958511
70000737112.551849
70000812080.801636
70000173543.865677
70000484028.898499
70000949115.669891
70000493300.194626
70000602981.902130
70000986094.296768
70000351012.136963
70000799666.795609
70000300167.792068
70000036100.819077
70000375968.859848
70000364502.244080
70000925063.050003
70000048735.642258
70000064610.031265
70000300159.361710
70000724779.495667
1.000000
70000093521.129730
70000768406.547607
70000572399.676407
70000502263.790482
1.000000
70000297077.560806
70000309717.777664
70000324947.755585
70000480938.685638
70000163843.645157
70000062410.684479
70000084993.204132
70000287727.644150
70000101649.344009
70000569434.322021
70000278005.584641
70000330102.465622
70000947805.914780
70000042418.498825
70000924318.884232
70000598980.068893
70000276282.441010
70000913667.374039
70000035998.177261
70000561067.136429
70000744455.418335
70000303383.313385
70000255981.239594
70000078610.779541
70000250394.095627
70000159678.213974
70000086881.937729
70000262597.950165
70000260480.664154
70000609425.315201
70000078191.432953
70000102504.414459
70000544883.360184
70000441272.917343
70000308200.966278
70000751687.738083
70000762795.186783
70000934906.300980
70000813749.278442
70000528663.515564
70000579523.397049
70000394251.645599
70000122792.027252
70000699337.276154
70000501849.745972
70000897940.454102
70000447720.568665
70000282481.916336
1.000000
70000809035.228729
70000608339.818100
70000197839.836365
70000262380.227249
70000198849.923508
70000727729.173096
70000313822.442001
70000436242.422424
70000245741.407272
70000975193.917099
70000061711.872314
70000293766.107147
70000581005.304916
70000394879.487289
70000807636.285385
70000436087.501053
70000228219.692062
70000417808.569199
70000004079.214432
70000724701.030655
70000934817.415604
70000118946.843307
70000626407.107635
70000368482.056808
70000303101.172256
1.000000
70000942584.353409
70000475033.173279
70000736338.651794
70000674389.096436
70000597320.486221
70000350436.182266
70000851814.052322
70000511218.412918
70000561735.498154
70000543270.325836
70000934753.624115
70000941230.758347
70000678999.623245
1.000000
70000523698.263687
70000005750.887573
70000573349.152985
70000731842.231216
1.000000
70000643729.673386
70000183092.362091
70000670385.683929
70000515292.053375
70000098303.649216
70000511371.502716
70000468412.948654
70000290466.546783
70000768032.151367
70000479140.795105
70000956548.915848
70000016296.786270
70000958941.703827
70000972744.086639
70000806544.460861
70000505913.742401
70000957028.295990
70000763137.313126
70000976702.892059
70000450776.086334
70000928794.531845
70000693792.609344
70000313641.413101
70000339310.692474
70000306733.885742
70000944844.048096
70000176818.463791
70000874660.087830
70000648384.844101
70000868454.907410
70000096243.625305
1.000000
70000856727.019745
70000663422.701447
70000347812.677979
70000589198.945862
70000633491.247986
70000484274.155334
70000331328.339081
70000087946.433716
70000272820.161163
1.000000
70000260059.442291
70000544066.819794
1.000000
70000133467.064316
70000323776.156265
70000036240.184219
70000663183.195694
70000185207.043869
70000314293.915344
70000657325.126358
1.000000
1.000000
0.33
 0 0 0 0 0 0 0 0 0 0 0 0 0
