1 401
70000484286.184769
70000503663.225479
70000973168.635773
70000361565.207458
70000080099.039505
70000615454.006744
70000838624.299118
70000173552.572891
70000877704.150742
70000706787.259354
70000758744.975525
70000576770.917038
70000051724.088043
70000351553.425415
70000649517.986420
70000413680.720184
70000433045.359558
70000579115.616867
70000376570.990250
70000546789.894943
70000460405.499588
70000658135.970230
70000980285.452576
70000108755.391342
70000952442.600037
70000399584.990433
70000376224.101501
70000853810.328720
70000696006.383957
70000079380.951233
70000705581.656631
70000400249.567444
70000836064.507523
70000820661.488251
70000152460.531769
70000013429.598892
70000218633.653976
70000936746.390381
70000010934.335205
1.000000
70000150980.963669
70000734445.595520
70000009075.774765
1.000000
70000168109.582489
1.000000
70000565372.249054
70000740422.645020
1.000000
70000752985.231552
1.000000
70000938150.427917
1.000000
70000879450.387085
70000154267.881668
70000917053.495102
70000311118.994370
70000215421.544281
70000904292.889206
70000152546.617432
70000187530.209198
70000675755.719925
70000317377.676010
70000000590.191467
70000927724.966446
1.000000
70000969605.295258
70000796178.808426
70000426518.614639
70000360964.205826
70000566043.192490
70000405900.449860
70000170297.347809
70000466637.820160
70000741417.733459
70000601091.700897
70000449445.741104
70000357150.293198
70000562896.908981
70000329869.904388
1.000000
70000706791.999832
70000240209.654297
70000894983.207718
70000976894.039444
70000610557.776627
70000706816.619217
70000090398.329468
70000486952.018112
70000094519.281174
70000664639.306610
1.000000
70000343195.729477
70000397175.457626
70000117891.567001
70000094148.599335
70000434375.358215
70000324941.651352
70000297014.018936
70000395208.216614
70000700877.953827
70000721054.530670
70000028764.257324
70000417209.122803
70000737825.030396
70000076714.541916
70000670889.722061
70000246084.475769
70000922821.268341
70000015530.707703
70000069866.721146
70000222151.639130
70000156780.194611
70000285030.757889
70000709364.513870
70000363604.764343
70000293055.883560
70000430104.872971
1.000000
70000992838.334259
70000750376.193115
70000716106.110626
70000174042.478546
70000520343.504349
70000222877.307358
70000224756.312866
70000347061.105392
70000050976.630005
70000349461.883835
70000494207.653336
70000042716.408585
70000440718.654724
70000950308.644836
70000335391.874832
1.000000
70000967648.337250
1.000000
70000618180.967285
70000341909.789719
70000050735.245438
70000482783.604355
70000460843.250824
70000093730.854507
70000195027.052353
70000812455.310364
70000968489.660950
70000928796.543945
70000577250.583084
70000529185.383057
70000877107.157547
70000256574.610428
70000551685.138763
70000332203.042633
70000042122.443954
70000496859.027069
70000728314.282944
70000875381.582489
70000315135.138916
70000231970.456619
70000337185.228241
70000015459.816559
70000238153.393829
70000771077.010040
70000359783.068573
1.000000
70000116930.041199
70000070415.333282
70000988540.941269
70000214468.886902
70000787370.058151
70000663183.719025
70000861218.247681
70000908109.021790
70000037698.589066
70000125656.780075
70000314903.525742
70000963004.041138
70000607912.432709
70000967132.384521
70000746697.007889
70000811659.482498
70000433117.874664
70000786345.363403
70000974678.019913
70000435628.494278
70000797443.261307
70000763903.780075
70000114796.182831
70000807837.870346
70000283713.406113
70000803295.493011
70000477281.847534
1.000000
70000047248.174774
70000027481.445709
70000941493.835922
70000885819.339935
70000717331.674210
70000160255.940521
70000054809.326691
70000153393.259872
70000370934.739670
70000894066.614365
70000304598.155594
70000430924.022888
70000112079.926102
70000333110.912491
70000728861.121384
70000798691.781128
70000883591.959213
70000956686.336151
70000388707.589081
70000333297.002411
70000030436.564072
70000569044.940475
70000662679.098251
70000287773.337967
70000576114.560089
70000442091.829330
70000012348.926147
70000148321.903992
70000194929.932190
70000549650.375656
70000140506.078049
70000139257.955063
70000641730.112656
70000317825.497421
70000438008.436188
70000011454.204254
70000900548.544159
70000333022.074020
70000834853.350601
70000274541.112274
70000330386.897186
70000983177.600769
70000569900.103668
70000778977.821869
70000646357.273178
1.000000
70000513527.469467
70000220394.553055
70000749533.566406
70000514174.350098
70000130437.563889
70000881719.667801
70000360746.965973
70000700306.453156
70000055159.854752
70000142425.644318
70000742411.554077
70000132100.528336
70000887629.200134
70000825964.426971
70000592920.248169
70000380232.730911
70000409284.887833
70000451632.921097
70000146329.683533
70000429452.480392
70000292045.566193
1.000000
70000505876.359268
70000518174.609451
70000145722.297882
70000839752.580093
70000349718.616806
70000957234.156036
1.000000
70000606562.267563
70000477546.212555
70000049571.711380
70000249213.335846
70000201750.474808
70000858054.862045
70000482249.299622
1.000000
70000524547.044769
1.000000
70000338898.594391
70000653380.414062
70000223601.128433
70000729411.256088
70000182248.771500
70000407783.589783
70000144677.874176
70000410678.576080
70000308589.302795
70000435746.145309
70000607450.711639
70000956248.928986
70000669298.151123
70000165596.147400
70000841378.881454
70000605454.108658
70000288955.770325
70000417369.343613
70000428497.088181
70000934534.993866
70000692395.702835
70000602606.012421
70000008944.585602
70000726125.096573
70000860032.939117
70000773374.962555
70000645176.898300
70000484406.054962
70000354276.197357
70000766778.416656
70000724001.844437
70000537678.725449
1.000000
70000159759.848679
70000618365.708740
70000835095.814865
70000677893.123520
70000085114.916855
70000045093.015579
70000708947.741470
70000256145.806763
70000836384.152237
70000261772.108887
70000256155.556015
70000461339.664825
1.000000
70000528442.560181
70000190215.933609
70000550679.813599
1.000000
70000446012.528412
70000966055.549042
70000432779.744720
70000536307.746017
1.000000
70000659935.382477
70000467742.083755
70000901431.283005
70000225461.669632
70000901719.807358
70000141959.758881
70000147841.748718
70000086875.688522
70000124041.837997
70000725372.132156
70000895650.732819
70000656174.536179
70000552214.695465
70000730069.674118
70000331786.122757
70000090801.427750
70000623669.935043
70000064849.544708
70000828369.419083
70000546752.339676
70000384053.229752
70000652011.062347
70000652995.900055
70000315003.897034
70000668701.543427
70000933025.290375
70000039198.744415
70000352266.723465
70000455634.043442
70000410921.012527
70000807752.659927
70000087558.219238
70000204352.398422
70000651829.479477
70000690828.822968
70000899360.845810
70000464870.119843
70000937108.607376
70000901377.477112
70000545001.277725
70000711384.186172
70000395264.789871
70000792137.556580
70000939559.501068
70000219073.647964
70000204601.985840
70000254843.921509
70000537004.372543
70000635484.215820
70000750702.306107
70000970606.538910
70000020332.774979
70000698384.097305
70000657943.026047
70000878490.202469
70000693192.834595
70000511343.616089
70000910674.293365
70000676141.401917
70000668980.529999
70000071778.082047
70000935901.637985
70000794882.794510
70000898015.489136
70000354271.283508
70000925172.744339
70000987917.384750
0.33
 0 0 0 0 0 0 0 0 0 0 0 0 0
