1 401
70000375271.689087
70000569015.539124
1.000000
70000708717.827728
70000851472.540100
70000186484.610718
70000792624.841339
70000225267.425308
70000748339.570389
70000642660.437820
70000986927.556396
70000886362.342484
70000585524.164902
70000752897.353226
70000752494.379822
70000310903.129211
70000394627.868454
70000334096.146423
70000956741.442123
70000545122.904510
70000009545.851013
70000658949.522736
70000685156.303955
1.000000
70000958268.873627
70000982192.953659
70000322880.764847
70000001076.154175
70000389628.542984
70000993910.583664
70000611226.336533
70000333921.013763
70000916675.054260
70000927416.097336
70000136966.228653
70000989433.726715
70000548925.639435
70000210900.412460
70000652601.946167
70000298380.673187
70000229766.163025
70000387392.099274
70000740441.708450
70000075367.620163
70000870153.821411
1.000000
70000013216.379913
1.000000
70000730088.055466
70000698857.872833
70000161757.615692
70000200719.125290
70000399469.427826
70000522602.206589
70000412542.066666
70000738389.354202
70000581390.578003
70000331592.696320
70000212948.447433
70000555944.287567
70000095329.548950
70000125410.666290
70000669808.456207
1.000000
70000848365.509506
70000916860.041367
70000064770.514908
70000596527.891098
70000077097.862579
70000635922.488708
70000413492.434555
70000779470.991043
70000131985.067673
70000908515.430481
70000914431.971008
70000703764.141113
70000713819.046432
70000906480.991196
70000226630.181107
70000095679.303711
70000605525.158340
70000628946.758698
70000102721.209961
70000856109.613312
70000440937.003708
70000769209.576752
70000451684.299927
70000371864.883881
70000222084.866165
70000693056.643845
70000004859.835739
70000093358.468491
70000921484.126358
70000848538.171677
70000969407.754303
70000077318.681442
70000169868.673386
1.000000
70000206654.983170
70000663937.878571
70000990588.835266
70000565254.747421
1.000000
70000448224.834061
70000195943.309265
70000198055.530716
1.000000
70000970000.992310
70000903590.954514
70000852596.609756
70000358203.952225
70000868781.752853
70000970868.622131
70000268515.933350
70000895049.146286
70000984298.422897
1.000000
70000243186.294830
70000265611.037735
70000620975.398682
70000181206.900238
70000852064.870544
70000000882.007904
70000018437.940323
1.000000
70000967801.900497
70000683474.239899
1.000000
70000988551.857422
70000125007.073807
70000420646.806671
70000377446.377380
70000728251.636230
70000942635.204834
70000845611.784790
70000408670.656723
70000597560.488510
70000299425.606705
70000375743.190765
70000000318.228683
70000700530.914490
70000641873.907532
70000509659.590439
70000718232.329086
70000302378.200958
70000994748.279999
70000623569.534088
70000307688.981461
70000953747.937912
70000397191.569870
70000212293.296341
70000614414.331924
1.000000
70000297444.966705
70000338782.690704
70000880151.186447
1.000000
70000067997.567444
70000823161.278183
70000102001.759399
70000580920.913864
70000950028.982803
70000200362.965500
70000916773.351654
70000452813.567596
70000436238.264130
70000955761.804855
70000443548.181412
70000129523.503555
70000797036.574387
1.000000
70000945384.761917
70000896302.608795
70000676127.091690
1.000000
70000372156.908920
70000574639.057144
70000538532.254288
70000540408.061005
70000741769.167755
70000680967.579010
70000725617.994995
70000765594.220612
70000711145.267731
70000635145.630173
70000757785.120468
70000777429.927368
70000737817.930771
70000739800.081543
70000832418.992874
70000868702.877960
70000789970.888138
70000314219.961044
70000070816.186752
1.000000
70000013571.313675
70000139591.618286
70000705176.719666
70000042626.945557
70000673187.085632
70000584795.851334
70000042396.288300
70000737600.970566
70000614360.015137
70000704399.502823
70000636931.400696
70000555265.413895
1.000000
70000918192.495163
70000838512.508957
70000440065.219254
70000395067.160355
70000253032.161926
70000166682.922592
70000658966.059113
70000423069.410828
70000904194.376190
70000718090.775085
70000561649.097443
70000257200.305939
70000718444.653030
70000361447.990692
70000502687.554123
70000866674.172165
70000789396.776505
70000316809.438354
70000901203.512268
70000878540.229858
70000165210.714996
70000113761.766418
70000054035.580704
70000340490.439621
70000177760.371140
70000111304.362686
70000374847.970825
70000630150.602737
1.000000
70000924250.669128
70000669882.431396
70000662766.483337
70000718763.245316
70000229144.791962
70000807733.974304
70000475390.983475
70000290420.392960
70000144149.554260
70000374074.722519
70000500908.269394
1.000000
70000027028.039124
1.000000
70000678854.005798
70000923749.474304
70000859918.588715
70000018499.929779
70000011030.195587
70000901405.570267
70000347612.530380
70000177696.816772
1.000000
70000484724.337128
70000302138.276352
70000307943.294250
70000651504.981567
70000303951.483292
70000104496.649292
1.000000
70000548185.633301
70000404019.116425
70000529525.775681
70000809810.646927
70000355044.673477
70000629006.604965
70000085439.934265
70000905313.119171
70000530835.521042
70000262699.093475
70000009082.366608
70000866314.696503
70000442186.179657
70000017185.598923
70000333349.724075
70000395940.011810
70000185664.897125
70000911338.907883
70000578218.111938
70000996234.425690
70000297433.071793
70000879951.286942
70000044666.734558
70000466287.747360
1.000000
70000295188.450378
70000351314.802261
1.000000
1.000000
70000025066.368332
70000765519.985214
70000422547.362564
70000165449.001160
70000984854.889648
70000609593.053528
70000432163.389633
70000057625.508209
70000345811.483704
70000029355.119888
70000539649.757034
70000661734.956085
70000616575.572464
70000835099.264053
70000949232.119568
70000759888.077805
70000585834.156998
70000900930.946487
70000423417.453629
70000282468.487747
1.000000
70000124542.530807
70000897467.709610
70000603150.211197
70000907244.785995
70000420491.418167
70000991430.654541
70000189710.412094
70000762380.073990
70000695820.827789
70000849245.317490
70000290430.642792
70000590330.191940
70000084529.529312
70000709478.467865
70000493024.316971
70000173194.773041
1.000000
70000797396.314926
70000327688.292068
70000436075.461563
70000444624.341461
70000885893.217270
70000440564.317642
70000338791.707626
70000339783.284912
70000519656.866791
70000183672.011047
70000315729.192261
70000665850.619522
70000110737.712830
70000711649.872849
70000773945.089523
70000962442.092224
70000726840.782288
70000401205.640427
70000459576.452744
70000305955.338760
70000976525.139328
70000267646.934875
70000008135.640915
70000051667.468857
70000539491.297699
70000938450.081848
70000283096.785233
70000563285.345856
1.000000
70000857396.968826
70000499625.157944
70000094559.629883
70000152346.372101
70000399521.409607
70000988704.232651
70000122884.419952
70000996594.592514
70000900671.323944
1.000000
70000602599.159195
70000919437.658875
70000508174.737335
70000118797.896240
70000130031.484650
70000513428.334427
70000701282.232224
70000679016.190613
70000993649.862839
70000995319.376450
70000569703.536697
70000897574.356277
70000996191.239487
70000337627.410080
70000754456.872864
70000351391.068771
70000742181.881180
70000158987.490829
70000754553.861893
70000453117.343765
70000896029.936691
70000194778.725037
70000567721.510834
70000154490.538300
70000821626.133743
1.000000
70000650651.196426
0.33
 0 0 0 0 0 0 0 0 0 0 0 0 0
