1 401
70000627503.324326
70000651721.935883
70000222887.765503
70000451320.505035
70000649529.598358
70000527809.751648
70000007300.756805
70000194968.797974
70000550498.932663
70000824428.833755
70000558013.391037
1.000000
70000644723.517395
70000778284.721405
70000528895.305466
70000363783.080383
70000872316.694336
1.000000
70000235307.994034
70000074756.988754
70000934505.078674
70000826324.826797
70000836563.324081
70000361705.417633
70000535743.544922
70000216010.427567
70000674588.960251
70000201625.878586
1.000000
70000853905.981949
70000499500.126938
70000111789.085724
70000058167.364532
70000317955.668991
70000147832.315598
70000092902.848175
1.000000
70000366937.245392
70000053062.390015
70000010681.578766
70000866893.449158
70000521892.369171
70000068221.966400
70000605088.037842
70000390702.805832
70000666699.111450
70000262803.229645
70000437186.818024
70000669850.097351
70000857354.748215
70000066262.169678
70000354529.602310
70000024158.673737
70000716948.637054
70000521835.117508
70000253075.360519
70000128801.097778
70000689160.679825
70000443840.769135
70000945428.907684
1.000000
1.000000
70000200474.599625
70000233174.307846
70000192316.522018
70000950841.644775
70000220640.291092
70000730374.716949
1.000000
70000698720.919189
70000041793.689301
70000676593.423492
70000452596.637405
70000594759.933167
70000548756.934891
70000552468.868835
70000437444.696732
70000955411.328278
70000291200.042191
70000312315.124832
70000365464.502243
70000839366.277679
70000439051.673370
70000191327.963379
70000481076.028519
70000673613.053757
70000651527.169647
70000178505.095581
70000573381.326843
70000999866.119247
70000442214.658752
70000435905.824631
70000812774.456619
70000852126.266052
70000479686.214661
70000497024.024948
70000404979.924667
1.000000
70000147424.123154
70000759196.898376
70000483256.383865
70000924695.087906
70000932166.824738
70000939516.157654
70000619066.546021
70000635579.677124
70000367721.316116
70000851920.044678
70000660069.932068
70000569982.660477
70000027633.323669
70000160647.694366
70000641306.044907
70000498139.823669
70000739905.156921
70000346881.807205
70000064337.810318
70000092887.182449
70000706292.609177
1.000000
70000618646.396255
70000688185.196426
70000423130.251480
70000281843.916351
70000941457.191650
70000580372.999786
70000703972.567474
70000500712.693756
70000532947.841019
70000916584.158234
70000347517.812134
70000957081.813995
70000899592.536179
70000644728.605164
70000934915.148941
70000378611.488327
1.000000
70000709258.135147
70000556961.817337
70000312830.404373
1.000000
70000987462.307922
70000889703.076431
70000913799.247345
70000056612.202286
70000809535.458084
70000715526.474670
70000817271.312057
70000950147.593109
70000991632.913986
70000574526.913071
70000747538.439362
70000199324.743301
70000924290.867355
70000503312.365234
70000210264.367172
70000574015.181564
70000527200.848328
70000602836.769577
70000255949.082108
70000839338.399521
70000931688.377426
70000377218.577469
70000681088.582428
70000278525.187988
70000963313.999191
70000049406.585541
70000048464.082092
70000418727.907501
70000821946.658875
70000372642.771317
70000847173.004318
70000166396.365219
70000748416.959991
70000506670.062790
70000527730.765106
70000231621.324188
1.000000
70000880886.876572
70000515967.343918
70000087565.960632
70000011957.052277
70000460753.093491
70000221526.310455
70000328848.466049
70000742260.682983
70000399217.821060
1.000000
70000198369.996353
70000955675.937042
70000562455.273727
70000664788.984116
70000006380.783951
70000730868.655060
1.000000
70000964716.876953
70000672950.896622
70000315050.364578
70000010451.764465
70000557313.250351
70000933653.456192
70000742058.464172
70000767702.023178
70000061033.421829
70000836706.766113
70000902717.821198
70000629799.382660
70000321767.939285
70000253804.709671
1.000000
70000686639.315399
70000465500.723618
70000942285.163422
70000889824.877045
70000134868.042770
70000616686.988235
70000573471.270950
70000716681.450439
70000796071.324402
70000679551.001495
70000493240.449722
70000208723.101257
70000287420.753922
70000965975.005447
70000445781.517105
70000563960.294006
70000431075.891434
70000049121.138443
70000258320.511337
70000261106.269104
1.000000
70000249215.366882
70000812458.800552
70000206296.826416
70000786626.498642
70000596681.678421
70000872025.512955
70000341255.052444
70000419402.322250
70000675608.780029
70000677201.345200
70000353392.082336
70000779320.265717
70000103179.085007
70000951778.803085
70000990900.899918
70000896821.811386
70000369392.293930
1.000000
70000580214.002426
70000007974.679947
70000860666.723877
70000504487.609070
70000422516.707550
70000610774.433334
70000410559.055725
70000122508.265549
70000618128.758514
70000373418.168015
1.000000
70000680012.675201
70000421593.349014
70000148749.971848
70000201191.087906
70000098739.106339
70000214624.134415
70000240122.839569
70000827944.356445
70000571713.939667
70000360594.300003
70000551986.207367
1.000000
70000070272.397324
70000087874.406723
70000661281.181686
70000479241.456543
70000515358.068008
70000981341.153305
70000656513.302139
70000336234.112534
1.000000
70000848685.662094
70000186559.736084
70000087934.116348
70000319856.265350
70000061839.217361
70000014402.396042
70000311346.333725
70000560313.195663
70000591272.939880
70000613107.522430
70000059715.882584
70000713484.473999
70000265383.467651
70000478144.370117
70000491547.378906
70000359353.701370
70000714471.186142
70000169413.722214
70000097664.987900
70000446244.010788
70000601741.540787
70000579127.575470
70000030075.328140
70000075540.590942
70000853564.668259
70000958747.766602
70000366596.859985
70000130822.846970
70000682207.460266
70000802208.025284
70000254687.566513
70000620468.532944
70000291518.253754
1.000000
70000905977.988235
70000208222.789841
70000036465.917542
70000626842.172394
70000025284.119202
70000917508.469315
70000859692.717468
70000662737.772079
70000211964.428970
70000051254.034348
70000773607.408585
70000581623.819229
70000440108.330307
70000012663.364548
70000488255.210419
70000431009.009079
1.000000
70000336780.831879
70000227564.158768
70000584962.998032
70000445606.991409
70000772610.369492
70000007649.833633
70000247367.814896
70000163804.056488
70000589302.088226
70000072139.804703
70000037195.065308
70000533782.077805
70000032654.965851
70000374976.706818
70000360673.823807
70000549213.781509
70000857213.066116
70000457174.904968
70000421641.315369
70000317819.769241
70000983368.028687
70000974530.662918
70000410151.513596
70000389773.870010
70000484700.585846
70000139003.684494
70000051599.131439
70000441965.633057
70000353005.478531
70000023232.445465
70000290299.097610
1.000000
70000260822.970978
70000224216.500641
70000247924.678772
70000936978.097260
70000490947.489059
70000607560.792007
70000529614.978165
70000401615.468887
70000120325.344620
70000379171.927231
70000946300.467102
70000602376.110703
70000522271.939865
70000676509.522171
70000910926.865204
70000048227.611374
70000042923.220200
70000171298.983643
70000941623.251007
70000806265.563492
70000943079.439682
70000292735.147964
70000506905.308640
1.000000
70000322589.611649
70000618821.422073
70000814333.730438
70000355743.448929
70000266995.612076
70000398019.805695
70000977477.669220
70000585856.039688
1.000000
70000430278.408844
70000413839.365189
70000423955.930679
0.33
 0 0 0 0 0 0 0 0 0 0 0 0 0
