1 401
1.000000
70000213647.554810
70000540731.346878
70000265756.289047
70000128469.268982
70000109250.116104
70000622843.697098
1.000000
70000108986.633942
70000350603.209305
70000751039.690704
70000369601.763824
70000912502.712021
70000294402.477325
70000162953.363388
70000715103.359650
70000711520.319733
70000479060.559479
70000473116.665176
70000455539.466949
70000167023.531387
70000777889.825882
70000307677.045380
70000015378.127792
70000770388.114975
70000264854.902985
70000845833.969772
70000692634.236374
70000667443.295929
70000462992.870010
70000000042.917053
1.000000
70000823738.384567
70000145539.842636
70000784088.194046
70000545390.678680
1.000000
70000622929.361969
70000641572.340042
70000895769.310364
70000393506.089417
70000517138.946671
70000280944.181870
70000719396.658966
70000642820.237625
1.000000
70000655500.293655
70000720848.135239
70000432086.548920
70000015030.919403
70000290950.258453
70000292186.250351
70000589447.031418
70000264721.682587
70000388114.767761
70000496966.115845
70000376206.138321
70000991405.826538
70000654306.285858
70000458318.478928
70000206467.755203
70000676809.600800
70000093935.606552
70000875137.621445
70000292551.055511
70000155672.213669
70000222888.341034
1.000000
70000548256.398849
70000165861.675354
70000043368.848877
70000850533.500549
70000936262.354980
70000837154.256134
70000023353.437378
70000355513.468384
70000479748.350296
1.000000
70000689222.683105
70000722809.889969
70000629047.500748
1.000000
70000736670.051300
70000881371.776657
70000080170.543060
70000338879.725998
70000428441.004898
70000471325.380524
70000730276.360779
70000556391.556793
70000979805.313782
70000001216.982132
70000028515.915314
70000555938.674545
70000321011.207932
70000872614.702698
70000374064.086380
70000139334.192307
70000489352.176315
70000660456.286163
70000694609.420959
70000706228.671860
70000991081.848465
70000738655.920151
70000623616.677643
70000988832.510345
70000286723.615997
70000923326.301468
70000979848.152893
70000779478.087311
70000943734.038589
70000658770.663986
70000177415.729889
70000187863.971039
70000596742.334671
1.000000
70000872017.831741
70000318961.134613
70000790990.536163
70000663458.378830
70000453502.458084
70000829216.950943
70000755394.378433
70000825258.435013
70000740174.643127
70000038374.411102
70000049852.025940
70000269800.392471
70000600572.972427
70000761329.484268
70000001333.289291
70000738331.292664
70000587057.834061
70000038407.779831
70000058838.057495
70000236683.077179
70000796449.522476
70000029891.875198
70000419414.221405
70000433191.638214
70000436374.105865
70000998684.061691
70000314354.496567
70000482000.308762
70000790180.109360
70000582581.986450
70000283706.392258
1.000000
70000204534.391037
70000505144.657928
70000550275.608307
70000129130.849289
70000928187.168289
70000310119.781982
70000554237.840881
70000492154.857910
70000594472.786438
70000401708.691818
70000797093.933868
70000192417.658844
70000303642.766327
70000337040.934494
70000127503.073578
70000867462.611023
70000711626.617661
70000394254.009354
70000273558.030914
70000194815.576324
1.000000
70000205424.182526
70000182662.025345
70000883575.855850
70000038624.331970
70000303969.068298
70000113408.193054
70000807542.523560
70000755200.502029
70000524642.459961
70000449190.712845
70000617765.709167
70000144736.900589
70000233880.036102
70000976363.804871
70000570721.505463
70000927167.598450
70000021525.527100
70000813833.388596
70000989266.775085
70000548516.552231
70000478724.443359
70000839537.606247
70000414600.286621
70000266473.520660
70000315592.955566
70000584704.590561
70000868337.942322
70000214919.240601
70000810149.021255
70000674008.529678
70000566551.963593
70000261837.167099
70000703019.908783
1.000000
70000833097.712021
70000847678.324173
70000553481.814865
70000802323.235687
70000566562.739670
70000931039.942703
70000563684.548523
70000869853.864594
70000933758.931488
70000536639.303146
70000181483.894440
70000992549.921860
70000316003.924088
70000685420.231247
70000407451.441757
70000841707.093246
70000801762.713303
70000675003.566208
70000340638.667526
70000449364.804596
70000402007.120590
70000203905.952133
70000832445.271713
70000750380.766434
70000196344.613113
70000362453.339325
70000852236.929474
70000962690.210526
1.000000
70000054658.768219
70000690524.032974
70000410812.864807
70000286323.264832
70000303437.633133
1.000000
70000293104.699249
70000443221.378891
70000867961.208710
70000810000.012161
70000511158.567551
70000754140.290024
70000325990.767563
70000474149.828690
70000474600.981750
70000869177.945648
70000605145.850037
70000707242.476883
70000408768.515335
70000186214.743210
70000703195.157532
1.000000
70000909325.391281
70000323786.375717
70000717012.684677
70000363641.893860
70000449609.337723
70000319902.929840
70000239641.931244
70000173407.776321
70000755077.097809
70000421721.491684
1.000000
70000215737.396576
70000651305.018066
70000475087.439667
70000070409.178284
70000855936.237198
70000210995.684235
70000801485.246765
70000895267.982712
70000351737.116974
70000766787.488251
1.000000
70000313996.403137
70000717422.136612
70000545255.497375
70000348284.599686
70000152794.802979
70000165558.472595
70000976519.626312
70000448667.325409
70000475286.643982
70000659286.662476
70000996249.797699
70000727071.353867
70000281788.450577
70000296083.736130
1.000000
70000767656.310486
70000967706.436798
1.000000
70000351136.088837
70000445004.881165
70000527822.296051
70000451603.740097
70000569529.228439
70000600276.920685
70000252228.012817
70000344960.622406
70000043788.436462
70000232847.516479
70000249534.932617
70000119073.786682
70000979074.339478
70000554138.869904
70000711745.456223
70000393235.644409
1.000000
70000671905.914032
70000381162.109756
70000113715.036224
70000090048.804138
70000971166.991302
70000406545.855988
70000776199.738266
70000025039.015762
70000770890.388779
70000835473.626312
70000896216.442871
70000798458.926987
70000554134.250839
70000365161.678879
70000845839.731491
70000056669.354034
70000925966.671341
70000920657.407333
70000926572.930893
70000264803.491684
70000400294.827103
70000946140.455063
70000136686.135345
70000213449.551239
70000772077.554672
70000464707.237015
70000769677.115356
70000518893.243698
70000226308.358353
70000682344.059326
70000564473.781387
70000981933.049301
70000848806.445999
70000791359.382721
70000617344.025574
1.000000
70000818172.368744
70000901799.093719
70000123638.717361
70000419369.409363
70000100247.304184
70000245661.497269
70000528643.565796
70000514949.626205
70000056215.483170
70000229677.153717
70000284824.209747
70000580491.317841
70000239053.978561
70000923752.786835
70000283704.298645
70000788882.571091
70000128213.594162
70000600764.997726
70000121331.242676
70000583933.094574
70000528602.422958
70000510819.114685
1.000000
70000845187.991470
70000520177.639023
70000920906.223007
70000259089.250122
70000953329.746124
70000938277.236542
70000806066.252930
70000509349.859207
70000635198.893311
70000900992.837509
70000879185.623825
70000301183.354752
70000513250.855698
70000604687.783279
70000517798.479462
70000723801.397125
70000287800.398148
70000978675.530243
70000741252.492554
70000095052.352539
70000492042.149414
70000269430.532745
70000077103.979431
70000688146.186020
70000297734.327240
70000739766.718750
70000460464.104218
70000823654.933929
70000404465.753815
70000044918.352402
0.33
 0 0 0 0 0 0 0 0 0 0 0 0 0
