1 401
70000345328.280258
70000203037.126160
1.000000
1.000000
70000277003.566254
70000349891.191467
1.000000
70000175434.368973
70000581678.929306
70000589055.757950
70000400603.610077
70000503700.958511
70000741793.039841
1.000000
70000490719.153152
70000964446.659073
70000106395.644836
70000474905.966721
70000280138.356003
70000368167.388748
70000342116.216553
70000023506.892166
70000301019.410904
70000757679.998352
70000434533.200958
1.000000
70000697477.593979
70000934770.876236
70000139384.817230
70000028139.374237
1.000000
70000011980.587830
70000494258.484573
70000105158.884445
70000033890.267349
70000682829.702271
70000311887.377975
70000154700.389938
70000052345.216248
70000947063.140335
70000992616.698776
70000506031.516312
70000715051.877533
70000124360.827576
70000683813.794983
70000728615.829468
70000429698.953461
70000689816.043610
70000779376.084747
70000114822.429947
70000247517.359039
1.000000
70000154728.740921
70000807742.262238
70000977283.866959
70000722827.331451
70000825676.513168
70000919215.081039
70000677064.765900
70000384472.632614
70000980476.778427
70000808266.199600
70000022847.207199
70000589128.510498
70000255014.301575
70000451811.207977
70000403381.067413
70000423257.369888
70000668176.585083
70000447235.350525
70000366806.594345
70000260829.337418
70000142885.139404
70000868441.690811
70000645636.560989
70000741778.470642
70000590218.988022
70000791082.243073
70000172788.124847
70000543783.634521
70000865672.147293
70000715595.160019
70000811622.076874
70000038166.690186
70000839554.519745
70000322464.838470
70000916228.941040
70000681087.725006
70000935025.397781
70000872353.770874
70000195550.727722
70000545583.134216
70000941775.237640
70000561491.165909
70000242836.761459
70000699213.103378
70000009779.873505
70000948112.474579
70000100317.983643
70000922950.475327
70000001724.144989
70000416316.955902
1.000000
70000778481.822937
1.000000
70000568344.944931
70000878743.480423
70000966247.401291
70000526183.112442
70000240951.572418
70000922609.363495
1.000000
70000960163.713501
70000893255.491348
70000675039.414124
70000324098.103485
70000496447.747726
70000764152.554535
70000057828.068893
70000141556.472488
70000943617.823242
70000916772.275665
70000238202.937668
70000899517.888992
70000147524.002106
70000616126.313873
70000199574.647507
70000710818.814667
70000926663.532028
70000331771.238251
70000335763.344040
70000836724.861023
70000653753.114563
70000208305.476318
70000079093.571487
70000259812.537003
70000327915.809616
70000868416.594269
70000715683.880569
70000616420.192307
70000526457.046371
70000190492.896744
70000510698.200256
70000532737.071075
70000712654.735458
70000383510.181412
70000037096.407013
70000042074.369019
70000922948.871368
70000135640.526337
70000805177.989090
70000213957.417953
70000973045.922897
70000068834.487671
70000863945.641541
70000478431.541992
70000872117.429398
70000283740.211029
1.000000
70000895747.792847
70000853357.375854
1.000000
70000679669.901245
70000584788.261139
70000064801.725449
70000586875.490707
70000471836.658859
70000514377.517044
70000670866.751419
70000817986.683563
70000975155.787674
70000897821.107147
70000733498.589401
70000947270.535645
70000993691.228546
70000404704.533096
70000707576.741150
70000862848.685226
70000237996.582809
1.000000
70000412890.577866
70000827928.258820
70000382073.843994
70000034505.232529
70000640335.190491
70000301652.420288
70000426895.083786
70000113063.596252
70000173943.603577
70000735574.137009
70000132840.406952
70000249875.120895
70000217558.301666
70000125500.712921
70000894165.130341
1.000000
70000578038.938736
70000425740.853149
70000963846.567444
70000033896.629242
70000530437.496552
70000064669.572311
1.000000
70000091517.295593
70000940662.110214
70000435650.529312
1.000000
70000720939.223068
70000315904.525558
1.000000
70000006127.491196
1.000000
70000239038.398407
70000620767.556519
70000925992.663910
70000037768.988937
70000012651.054596
70000312572.089127
70000909873.680389
70000725580.128235
70000679291.650375
70000148063.043396
70000236258.541351
1.000000
70000772373.400909
70000509541.890289
70000897712.044510
70000964469.670868
70000538700.248413
70000139096.383698
70000802179.811584
1.000000
70000951907.834213
70000160683.066727
70000683812.395218
70000459324.603439
70000890058.338303
70000559896.211090
70000500104.022339
70000902432.175125
70000776581.192642
70000248419.741821
70000933338.387833
70000294816.994888
70000750812.199615
70000172447.312759
70000786980.656006
1.000000
70000026031.779617
70000649059.680313
70000766517.948425
70000184379.975479
70000680931.440460
70000286352.699051
70000860975.787445
70000962641.078964
70000858188.810226
70000048983.275070
70000144375.423203
70000395626.792831
70000561008.208023
70000299350.684418
70000822741.118866
70000062831.729431
70000165615.118378
70000749839.806671
70000172823.586319
70000025851.742050
70000862001.729752
70000475893.765579
70000951813.264313
70000936825.360428
70000024433.292297
70000521913.606689
70000857515.040482
70000177142.631805
70000346667.511917
70000805969.702026
70000604432.386978
70000223296.184753
70000525902.015427
70000279724.420441
70000590385.849731
1.000000
70000719404.318222
70000539203.215729
70000787195.663757
70000312298.422241
70000667632.531357
70000557429.105896
70000726984.127472
70000980261.657303
70000173299.365875
70000905768.648224
70000264812.728821
70000976816.455200
70000098002.461258
70000252357.877380
70000653799.734909
70000222012.559937
70000026213.566483
70000954971.595490
70000131797.232224
70000355839.714890
70000879471.696152
70000391345.939392
70000279773.037430
70000207896.193848
70000686304.219345
70000397470.813202
70000115443.020828
70000232650.444214
70000719000.213669
70000758738.004745
70000028371.345154
70000977050.210602
70000078796.617081
70000515370.481827
70000742653.478638
70000590877.955627
1.000000
70000777310.830338
70000858273.097214
70000931434.462616
70000277389.378387
70000250833.113647
70000940258.434601
70000351146.903732
70000220005.878036
70000302402.407990
70000289450.247482
70000124233.260284
70000334164.174667
70000381030.308670
70000538260.885452
70000475560.170715
70000897443.219559
70000583987.255707
70000891920.866669
70000779570.751083
70000540539.993210
70000922466.416077
70000707627.634247
70000718923.925522
70000588305.396591
70000098825.620483
70000190583.118439
70000014140.958313
70000640857.426514
70000366209.200439
70000078016.663498
70000597050.261993
70000350776.374741
70000242366.584900
70000161300.794510
70000183079.467133
70000530942.512177
70000660736.879837
70000505736.283508
70000715995.579498
70000272133.034592
70000259008.982132
70000157332.002731
70000608435.140564
70000090664.976334
70000808738.477066
70000577344.001724
70000097456.504333
70000174818.601700
70000214481.683456
1.000000
70000435287.497131
70000170633.785522
70000184862.248978
70000035779.642426
70000038086.566467
70000294625.004135
70000790120.134140
70000322883.637192
1.000000
70000737153.066544
70000091213.709839
70000769138.631714
70000309855.469452
70000096190.656433
70000189175.760162
70000139402.542725
70000989339.195602
70000167224.010880
70000568674.681946
70000502950.927719
70000162534.699203
70000593714.332550
70000085558.624710
70000459934.564865
70000937675.747116
70000093097.512711
70000950153.781693
70000740792.577332
70000869754.405029
0.33
 0 0 0 0 0 0 0 0 0 0 0 0 0
