1 401
70000716197.158264
70000228713.717072
70000232465.778214
1.000000
70000879680.984634
70000142159.621231
70000487857.722809
70000185236.430634
70000423374.998260
70000124997.397156
1.000000
1.000000
70000423757.197449
70000907872.185974
70000532564.431381
70000394968.898087
70000336554.383377
1.000000
70000562944.885590
70000556153.025452
70000288382.829590
70000041755.656570
70000246267.748810
70000350049.575470
70000124426.985474
70000738560.833374
70000704001.982727
70000261802.256348
70000009768.043350
70000788356.276627
70000508582.691422
70000791689.352295
70000076783.219116
70000649467.666443
70000224184.811295
70000099938.329636
70000915936.367523
70000660643.587006
70000482630.558655
70000414371.583664
70000278641.921371
70000815193.703659
70000886500.506607
70000126610.350662
70000169780.296661
70000838188.963211
70000442147.091766
70000031401.182114
70000984933.947739
70000028948.049530
70000558325.690170
70000745824.488647
70000456537.668823
70000346376.279022
70000151993.785553
70000479485.810715
70000228768.444412
70000821417.582489
70000145583.480347
70000983551.740875
70000940165.574448
70000401150.823441
70000167674.372620
70000565388.226791
70000779420.829330
70000163649.381927
1.000000
70000347156.491302
70000410239.802368
70000961405.778702
1.000000
70000907953.921295
70000712532.531693
70000305325.317703
70000152276.969467
70000786377.645386
70000935212.007111
70000062640.812622
70000218966.403336
70000972030.555573
70000811298.178452
70000683321.490585
70000810602.054749
1.000000
70000053773.193695
70000173834.080765
70000144052.873871
70000932776.687042
70000473063.014709
70000863927.605759
70000392074.457367
70000969984.875092
70000650452.033325
70000519008.264526
70000720108.523972
70000030984.789200
70000867445.545898
70000955223.160263
70000939239.071182
70000998301.470581
70000547700.594559
70000249036.965820
70000145592.949738
70000972462.808716
70000285314.731689
70000566475.390732
70000105232.215103
70000152248.626266
1.000000
70000445661.248795
70000102424.323471
70000796137.008698
70000821737.465576
70000736663.783508
70000386119.349640
70000311545.275360
70000335167.720047
70000278470.397659
70000811741.192856
70000315838.370468
70000644306.721817
70000483921.271713
70000063963.133316
70000958184.237656
70000425444.535339
70000310397.412369
70000164919.292633
70000496301.757202
70000415240.530182
70000550769.455032
70000663004.039917
70000194092.423050
70000258663.942093
70000826952.333084
70000511314.182175
70000570011.626892
70000600898.089874
70000134094.361618
70000059748.510071
70000737283.975479
70000015962.374146
70000158864.884125
70000875453.393982
70000138835.773773
70000127510.779556
70000000876.186508
70000668143.970978
1.000000
1.000000
70000097599.956741
70000402038.127304
70000038364.297226
70000162295.112701
70000009754.286469
1.000000
70000952120.365082
70000932259.951385
70000726489.078903
70000306460.531570
70000091706.371536
70000654935.145035
70000301267.131165
70000539226.860321
70000777783.226303
70000793850.449295
70000432777.405396
70000501351.128998
70000618408.420334
70000987593.864609
70000830784.546738
70000648824.003830
70000384257.717926
70000836920.720261
70000373706.136200
70000025110.539352
70000538443.678238
70000224884.669464
70000258701.313461
70000265613.694656
70000797406.405807
70000674000.851288
70000871031.400253
70000961020.788284
70000837626.203247
70000394897.217178
70000915071.218765
70000207701.047363
70000604472.010010
70000845863.675873
70000825776.555557
70000039947.252502
1.000000
70000105328.082321
70000183187.332123
70000823137.582809
70000218534.362946
70000224904.858566
70000666190.667542
70000876814.030869
70000460563.883575
70000749429.219986
70000732272.752686
70000480367.512894
70000431560.933685
70000900257.594406
70000620186.822052
70000585749.190521
70000007780.824799
70000830437.043335
70000850666.985855
70000662028.705246
1.000000
70000570378.600693
1.000000
70000548398.644073
70000839199.515244
70000140555.324081
1.000000
70000279028.321671
70000101203.617966
70000638667.188950
70000873395.274933
1.000000
70000248340.531281
70000438342.390533
70000144108.173508
70000359971.746887
70000914702.411011
70000925418.420441
70000706838.249680
70000000445.263657
70000714007.324539
70000647282.739899
70000173244.100143
70000991290.991074
70000656581.849060
70000896422.003021
70000099296.525467
70000907401.177948
70000581365.464981
70000399161.751236
70000388889.767746
70000600589.121353
1.000000
70000694507.074265
70000622643.091995
70000330227.464828
1.000000
70000329011.541779
70000570688.250534
70000498575.207703
70000390995.541901
70000521509.907166
70000769746.536850
70000240069.213913
70000588109.892059
70000742515.846390
70000503948.375595
70000089613.488754
70000014693.914032
70000911737.732834
70000744472.900986
70000441211.116653
70000075338.872635
1.000000
70000171466.936523
70000949868.400406
70000637673.222809
70000480882.019928
70000755426.902313
70000703254.804260
70000663613.602875
70000264627.519867
70000148945.547165
70000261116.262238
70000862673.334091
70000811419.392273
70000572904.011230
70000464625.760788
70000019174.270004
70000072702.080276
70000207088.325256
1.000000
70000012423.942993
70000618117.400421
70000824584.921219
70000553042.831039
70000764012.894775
70000995178.542160
70000162763.058105
70000704276.974182
70000256750.814606
70000264325.234909
70000420107.813751
70000920622.700439
70000279570.899734
70000792719.311111
1.000000
70000100111.581604
70000904638.090988
70000453734.734512
70000585791.970016
1.000000
70000503762.677933
70000548210.362900
1.000000
70000618306.561234
70000925569.396606
70000637287.637634
70000566861.313583
70000380071.402969
70000993134.469513
70000048097.681580
70000477373.020966
70000472551.386536
70000676167.241531
70000357896.988220
70000544739.519669
70000431999.974701
70000203429.041290
70000963225.524689
70000166850.710831
70000947158.340378
70000401356.622391
70000541284.640564
70000213660.762039
70000826419.376648
1.000000
70000419681.388611
70000057575.105438
70000318379.868927
70000760545.516479
70000535151.996429
1.000000
70000395735.764847
70000424546.656555
70000537328.766617
70000215939.338852
70000286856.495621
70000167574.140533
70000114350.252655
70000869322.621063
70000640120.461105
70000720679.989029
70000751620.312317
1.000000
70000824088.286972
70000017649.375916
70000661188.538315
70000360652.716263
70000287646.186371
70000143488.623779
70000525235.213806
70000245629.460663
70000542951.032455
70000784649.534958
70000040674.358154
70000158471.926392
70000472481.254776
70000740969.592560
70000687299.884659
70000586679.063324
70000727918.854996
70000764763.484650
1.000000
70000971696.927200
70000099671.456650
70000511054.044632
70000548155.243256
70000086837.232864
1.000000
70000891581.907578
70000233627.755707
70000139012.663223
70000196353.318924
70000787598.408081
70000480331.397385
70000752627.753250
70000830885.801926
70000595620.190079
70000397284.439941
70000421315.347672
70000915731.670502
70000831212.043671
70000113491.614868
1.000000
70000749025.857956
70000118866.334412
70000739463.289017
70000001769.866562
70000896365.972046
70000603989.476089
70000753036.023773
70000632628.340103
70000863267.105255
70000444967.852875
70000114233.323105
70000300338.672729
70000937141.195511
70000065086.509857
0.33
 0 0 0 0 0 0 0 0 0 0 0 0 0
