1 401
70000466177.219803
70000020610.464157
1.000000
70000993841.579849
70000640909.137482
70000069037.621552
70000681887.212936
70000369542.678360
70000225504.899063
70000512243.729706
70000885341.638977
70000652235.001419
70000120156.757767
70000604111.730865
70000230573.437668
70000043123.309082
70000847911.750854
70000143567.007324
70000505069.800735
70000474116.490204
70000258565.774323
1.000000
70000149779.045502
70000239129.800293
70000942134.692108
70000257508.139694
70000711640.360062
70000597073.948883
70000875636.436279
70000156885.993179
70000100113.100128
70000807926.809418
70000078676.778488
70000199728.884277
70000382403.804214
70000970982.100342
70000366792.460312
70000498833.781128
70000829673.203613
70000854951.191254
70000655410.633362
70000876180.081467
70000871623.065399
70000456264.930618
70000965411.626862
70000520119.159637
70000810345.951630
70000411047.947876
70000088326.279617
70000634484.915558
70000793083.694290
70000535567.697739
70000665454.739502
70000616369.113739
70000189346.801254
70000526022.316498
70000829933.934219
70000386702.066635
70000856934.275070
70000558844.641220
70000671454.284134
70000306251.187500
70000951749.345123
70000541245.499649
1.000000
70000432126.369400
70000981144.843842
70000829668.764664
70000822605.474945
70000245581.487228
70000457103.070862
70000363683.072708
70000017319.913513
1.000000
70000264006.046173
1.000000
1.000000
70000738055.286728
70000944479.593933
70000067474.484970
70000010770.384247
70000356167.971817
70000353856.152222
70000699729.212250
70000269269.394714
70000469038.994843
70000098150.086609
70000905920.664032
70000021295.635956
70000391932.111725
70000030042.769592
70000297487.129669
70000952020.900650
70000252072.566223
70000517062.921051
70000050774.195618
70000422378.276947
70000855530.296738
70000319242.640808
70000226540.507004
70000362842.968338
70000668757.356812
70000833119.891724
70000409601.925339
70000287802.763077
70000627529.390106
70000566725.153351
70000372793.241486
70000798773.935608
70000152716.468750
70000750026.550598
70000721306.863159
70000275757.748184
70000483309.705734
70000942384.142227
70000063725.212799
70000688479.294312
70000167967.695038
70000097219.272858
70000071507.284439
70000201470.737244
70000818400.347717
70000073033.947083
70000308741.995224
70000535407.701401
70000443774.387772
70000864689.797256
70000213826.711441
70000970158.849167
70000143553.568878
70000809879.810822
1.000000
70000525408.295502
70000587812.885452
1.000000
70000823566.435852
70000456578.454742
70000527666.919907
70000163308.936188
70000605671.105042
70000919417.207169
70000180698.647476
70000410777.656815
1.000000
70000281039.163879
70000972561.183014
70000993672.344330
70000195661.406738
70000763334.963470
70000877235.971176
70000183573.329742
70000589581.320007
70000125723.566574
70000897314.310379
70000821637.063889
70000474570.808304
70000636940.937363
70000371065.539658
1.000000
70000218108.929733
70000889925.782669
70000369063.857910
70000718731.277786
70000846157.347595
70000572862.953827
70000382200.946487
1.000000
1.000000
70000982087.980392
70000448060.055038
70000942271.020096
70000765700.971481
70000054420.778778
70000764633.033401
70000037844.755051
70000874703.687943
70000172977.186600
70000803984.194992
70000442611.374741
70000787169.313461
70000900532.085236
1.000000
70000277354.351791
70000570061.457336
70000939376.003922
70000412736.943619
70000076138.530029
70000767324.038895
70000638763.479965
70000364714.940247
70000732945.272018
70000020672.169647
70000465460.978149
70000232388.224152
70000407446.385605
70000724319.257828
70000292933.890152
70000116515.935959
1.000000
70000049445.998459
70000225260.017395
70000695782.534088
70000358673.509644
70000518576.315933
70000652634.089035
70000610481.858582
70000655701.601791
1.000000
70000783907.673813
70000535334.979889
70000398844.134125
70000728917.429047
70000592520.617798
70000624913.088821
70000444184.426254
70000454452.772369
70000314622.136032
70000437215.870468
70000452534.643036
70000092506.532822
70000007190.826126
70000584367.205261
70000217159.673416
70000220775.127151
70000228104.160217
70000507607.895706
70000246906.245972
70000958801.954636
70000464694.119995
70000006713.747421
70000764242.252426
70000862158.218811
70000172301.497833
70000163104.722214
70000724607.501282
1.000000
70000052768.254517
70000224050.279068
70000445667.952515
70000820379.194870
70000448079.199020
1.000000
70000521788.257141
70000944686.368973
70000421221.733429
70000590525.576294
70000927593.636093
70000440190.103760
70000614499.737854
70000254200.072784
70000242744.203369
1.000000
70000327982.077011
70000392835.675934
70000406256.288315
70000952704.083527
70000094960.903122
70000524225.301346
70000070123.874207
70000341555.742111
70000712354.859482
70000015895.622696
70000798203.133118
70000003353.823853
70000845100.659714
70000628230.508041
70000782321.087219
70000028955.292633
70000899100.201584
70000661072.748016
70000385119.467346
70000735191.685593
70000862566.613571
70000993022.909882
70000920558.640594
1.000000
70000624019.433304
70000442815.151047
70000633286.079636
70000383331.193710
70000023794.866440
70000916937.886398
70000926508.552597
70000199451.424194
70000899672.004257
1.000000
70000289597.119110
70000033633.084564
70000266830.861465
70000112830.781357
70000939676.491577
70000871713.225769
70000126553.676285
70000951853.554001
70000166225.237701
70000053647.300491
70000489998.424042
70000513758.366760
70000989488.616211
70000820631.954315
70000164746.734726
70000209012.866837
70000974718.210754
70000361541.255875
1.000000
70000886720.683670
70000059266.977829
70000923443.544250
70000737703.637650
70000369264.683380
70000663710.362976
70000384165.698837
70000963337.032089
70000871336.374786
70000963649.130524
70000646567.415634
70000285689.709869
70000387857.080643
70000075737.161591
70000357973.936646
1.000000
70000239203.407883
70000002346.531860
70000886140.425064
70000342027.163589
70000304792.996124
70000660114.682617
70000091774.802444
70000373770.405289
70000956213.600525
70000634394.324387
70000171061.268585
1.000000
70000456436.282242
70000981124.961227
70000333397.426697
70000117480.943298
70000318651.060745
70000163081.462250
70000064252.175171
70000408009.318146
70000832409.512863
70000136700.794434
70000624989.842667
70000373321.720093
70000206702.690048
70000003224.698700
70000510768.429245
70000872042.326614
70000415243.965164
70000264142.758942
70000862942.876999
70000217161.054840
70000546766.865479
70000629390.100311
70000657840.179947
70000825942.956009
70000983393.358826
70000524074.168442
70000131268.080765
70000636311.749878
1.000000
70000816594.986115
70000965750.916611
70000687379.382278
70000671720.401367
70000258193.446243
70000428910.001328
70000078938.082932
70000140815.277557
1.000000
70000148278.067551
70000093143.120331
70000214681.914001
70000942287.175354
70000260295.280014
1.000000
70000368947.034515
70000805922.057587
70000188719.681320
70000617209.714569
70000395577.750366
70000189772.502808
70000808638.438004
70000137179.532990
70000567763.060638
1.000000
1.000000
70000660144.525909
70000514531.339874
1.000000
70000996390.479156
70000684671.596436
70000981315.516190
70000011095.017349
70000260865.792984
70000287069.475479
70000330079.964691
1.000000
70000441166.689087
0.33
 0 0 0 0 0 0 0 0 0 0 0 0 0
