1 401
70000298497.106491
70000418937.433319
70000128526.244492
70000072918.415024
70000853340.905746
70000099655.939240
70000192508.757462
70000294265.837570
70000528425.876053
70000451936.118423
70000271991.065277
70000539642.048004
70000774204.492233
70000169748.701767
70000619713.903854
70000888762.542908
70000171718.374481
70000044408.079712
70000513998.826355
70000187347.119476
70000599702.019699
70000272941.644333
70000708376.087585
70000304141.368240
70000754064.194046
70000012621.797546
70000160294.631531
1.000000
70000607594.449203
70000138510.334000
70000675407.116928
70000409043.519730
70000689332.293518
70000731864.847565
70000016145.546539
70000630730.545029
70000061312.977036
70000102466.865112
70000407701.770538
70000445111.474518
70000732803.415695
70000341249.067734
70000466858.481491
70000469544.609131
70000837901.498581
70000296845.964554
70000003164.871201
70000842238.785553
70000162794.982819
70000055887.717667
70000148452.248291
70000156801.632523
70000618019.619278
70000013771.639877
70000539416.992950
70000056243.482666
70000970767.917725
70000357579.103683
70000626574.966507
70000853967.834473
70000097251.576141
1.000000
70000107303.495911
70000400667.849838
1.000000
70000776384.817703
70000777407.282791
70000248695.400208
70000901276.522247
70000086672.835938
70000271074.779526
70000044591.571213
70000524490.212936
70000044475.893173
70000341105.146286
70000235090.512146
1.000000
70000101106.168732
70000342978.768311
70000889735.266785
70000924350.775284
70000604303.139359
70000574588.196381
70000275934.249847
1.000000
70000143031.657608
70000655331.172150
70000982776.846954
70000533284.526321
70000575445.278870
70000954327.972473
70000680200.984055
70000896803.536835
70000354437.078079
70000980329.362976
70000195614.843506
70000221786.337479
70000506416.670547
70000266332.100128
70000503188.858063
70000888648.961014
70000010206.013260
70000396208.442017
70000786374.590179
70000647856.233795
70000649702.618317
70000360757.335373
70000243270.087265
70000276639.974747
70000455569.741592
70000538931.669647
70000536955.124115
70000479647.434402
70000583902.782791
70000791449.174591
70000548109.538132
70000725086.300766
70000379606.541031
70000608890.057083
70000942617.035614
70000573178.484818
70000923168.020111
70000883451.718048
1.000000
70000662368.119827
70000212245.555450
70000011278.061676
70000883610.576660
70000004001.251450
70000503580.973450
70000269222.143951
70000086373.799881
70000092288.348083
70000376826.685028
70000266374.477066
70000049398.924210
70000944254.579239
70000468678.333145
70000321078.618179
70000860126.774124
1.000000
70000124471.970337
70000450960.255600
70000940518.040833
70000259437.568558
70000516616.129135
70000239707.349304
70000590700.427582
70000183771.505142
70000041336.536652
70000958988.228561
70000381816.855545
70000787791.798447
70000128553.293427
70000269562.672852
1.000000
70000263470.787125
70000957823.380173
70000595033.105942
70000142039.568634
70000929896.411972
70000812893.728592
70000621066.220734
70000563698.403824
70000270532.091690
70000707693.710754
70000113991.269547
70000187886.478973
70000054300.481689
1.000000
70000777006.264282
70000426780.985291
70000749512.700302
70000801229.082581
70000163487.708252
70000525771.374161
70000794457.298431
70000784966.810486
70000125370.210419
70000294180.821274
70000797132.036102
70000102078.197403
70000920751.695541
70000430427.304443
70000663867.748428
70000423760.955933
70000146475.366837
70000498105.502014
70000772317.797089
70000038014.880875
70000993628.481430
70000574345.189560
70000255356.709518
70000984825.278046
70000905673.938599
70000657820.565506
70000639362.909393
70000949430.503799
70000588799.803589
70000961461.794769
1.000000
70000912226.481796
70000502361.671219
70000619540.334183
70000257945.099915
70000437316.321320
70000491409.313980
70000287836.690933
70000855397.617981
70000467805.980499
1.000000
70000344909.090790
70000942315.042526
70000412733.684265
70000501977.412704
70000658558.589706
70000857683.502274
70000982243.854019
70000991936.606781
70000621506.005142
70000207931.969467
70000536831.417175
70000621576.122284
70000651878.002396
70000543472.379639
70000956552.711334
70000361424.283798
70000535151.199768
70000109443.849838
70000765231.725525
70000130788.379425
70000270082.169952
70000334013.454315
1.000000
70000728464.113297
70000230127.367645
1.000000
70000181581.321823
70000574416.358429
70000200681.014618
70000772436.082336
70000900146.199371
70000381489.447571
70000984967.734116
70000201286.115341
70000413925.060043
70000220053.572037
70000949051.545822
70000898627.763031
70000383245.393341
70000907378.475418
70000930727.640167
70000485109.334686
70000151520.521408
70000326597.154068
70000124600.181442
70000217750.792877
1.000000
1.000000
70000108141.339081
70000938884.220673
70000284264.695404
70000334581.511292
70000876613.363403
70000303791.301193
70000542454.946274
70000814560.405396
70000830039.543564
1.000000
70000477440.156784
70000962155.020660
70000002447.421417
70000959158.940536
70000168897.575455
70000189787.865112
70000388925.330551
70000325786.017593
70000973752.351334
70000111516.942169
70000306079.026566
70000841281.612411
70000068960.277634
70000858110.897964
70000826832.835922
70000192942.394241
70000205921.640305
70000648603.643524
70000895402.474731
70000381465.793533
70000643232.415817
70000808144.983704
70000233324.332886
70000279166.983200
70000767240.155258
70000185770.641464
70000322318.284836
70000058850.096176
70000068847.179459
70000676424.752991
70000268789.876358
70000122819.920227
1.000000
70000185862.640457
70000016873.333557
70000005672.463852
70000247797.372162
70000544265.974472
70000575387.161575
70000734649.620987
70000209229.102539
70000219642.340439
70000967795.717300
70000989381.801285
70000299360.270477
70000147616.050049
70000264005.735962
1.000000
70000303377.233749
70000151480.810318
70000676229.347656
70000353945.032394
70000532021.885925
70000964150.693954
70000067540.340454
70000829751.473785
70000652965.234634
70000856539.793777
70000609997.275421
70000016263.357895
70000306206.669876
70000970409.069199
70000357443.118530
70000794108.283508
70000458053.916672
70000540294.877853
70000604819.707016
1.000000
70000957908.206787
70000136044.821320
70000067891.609085
70000765260.733322
70000867375.857819
70000939355.171188
70000916060.721527
70000679609.417236
70000480625.766495
70000625174.449341
70000054912.647720
70000376177.306168
70000100043.932648
70000626142.585342
70000468558.456894
70000594594.242828
70000836572.608322
70000049594.648468
70000758006.324722
70000611143.185089
70000217810.128235
70000316704.157227
70000860186.350952
70000275926.998505
70000112558.123154
70000506182.295273
70000647241.430725
70000482640.990662
70000226259.061951
1.000000
70000097942.750504
70000906541.965988
70000505597.362518
70000778805.973602
70000869068.149429
70000313087.708084
70000548169.372772
1.000000
70000707931.931961
70000614403.907974
70000454268.205368
70000149579.514572
70000227903.716309
1.000000
70000693621.122025
70000950268.835373
70000999908.286774
70000028707.532837
70000092964.079727
70000422415.844986
70000281564.266373
70000160250.674667
70000177881.977783
70000478133.964340
70000268272.900803
70000945098.527374
70000472276.374329
70000484174.820511
70000446162.793747
70000486560.208374
70000836053.166504
70000279556.804382
70000629469.221756
0.33
 0 0 0 0 0 0 0 0 0 0 0 0 0
