1 401
70000675176.552109
70000793265.817276
1.000000
70000158471.162994
70000197529.586761
70000657082.579483
70000102756.806320
70000183918.212830
70000437803.000885
70000605962.875214
70000440880.793015
70000109109.387741
70000412426.072372
70000250016.884552
70000796169.138168
70000525432.970352
70000427126.060242
70000225702.340530
70000562114.445297
70000457835.128937
70000546110.429901
70000773933.754013
70000113828.517654
70000533232.725204
70000336669.006256
70000394628.425034
70000734521.248154
70000939317.617203
70000323137.897064
70000236913.377960
70000109152.166809
70000926245.222931
70000046343.499329
70000063746.652664
1.000000
70000628793.352478
70000126681.492432
70000077644.730118
70000825873.904007
70000053025.513321
70000953357.630676
70000176583.862595
70000855841.509216
70000527086.860153
70000057213.087646
70000516301.406860
70000820906.709335
70000803472.290985
70000707734.301605
70000307687.909714
70000243362.421829
70000652360.590744
1.000000
70000878843.247070
70000006301.240601
70000527341.674408
70000734464.723724
70000799200.755112
1.000000
70000910065.145615
70000876003.116409
70000713279.633423
70000255384.524948
70000188380.260971
70000089466.378830
70000920589.344284
70000233896.035339
70000858840.628494
70000035971.718384
70000968296.978699
70000502353.099640
70000558485.898544
70000444646.108047
70000541750.069489
70000294380.477783
70000285998.402023
70000287028.570496
70000863027.715149
70000862511.292496
70000151075.709625
70000275490.186478
70000785036.152039
70000731306.166901
70000817363.887177
70000533741.941650
70000746473.183212
70000852339.047287
1.000000
70000445933.790482
70000204882.610641
70000611704.957214
70000575438.347229
70000739494.949478
70000368420.988373
70000132445.663467
70000518234.590607
70000366063.835724
70000083899.617722
70000496524.182922
70000830189.882202
70000612588.812103
70000139187.821335
1.000000
70000976037.347778
70000885445.886215
70000020334.701889
70000227370.486771
70000233152.117783
70000201881.665039
70000657957.226120
70000079442.290298
70000544031.151031
70000681637.681580
70000904809.004242
70000014621.182785
70000611608.824326
70000270579.213150
70000584085.992035
1.000000
70000340521.183136
70000380679.486328
70000619976.079102
70000584491.255966
70000924732.995483
70000141488.422852
70000765487.916565
70000955424.927658
70000736560.916992
70000348747.277527
70000707033.429947
70000424303.584579
1.000000
1.000000
70000724169.655228
70000749771.257462
70000513208.696564
70000158115.337845
70000877040.891876
70000461338.924286
70000714661.718246
70000681474.882980
70000253417.673920
70000809200.629608
70000370072.218903
70000130645.862793
70000816864.386978
70000850553.474823
70000470189.085983
70000103436.890808
70000127123.878845
70000963109.402817
70000635529.469009
70000656922.894821
70000942428.602188
70000474714.148636
70000821629.974365
70000158450.050446
70000000109.257141
70000262591.528183
70000505983.048264
70000974898.233490
70000989537.444107
70000491619.373367
70000259157.459351
1.000000
70000177011.394150
70000357170.707870
70000434573.149124
1.000000
70000635376.763580
70000825094.341263
70000641224.521057
70000521772.697006
70000643355.581665
70000303799.601273
70000620105.660950
70000990743.806854
70000301192.711884
1.000000
70000975210.581985
70000773386.392578
70000171446.346817
70000743873.883392
70000550353.759644
70000883562.054825
70000325513.384689
70000407557.974625
70000165025.389526
1.000000
70000428336.408859
70000003235.810028
70000328367.329208
70000957161.678482
70000634075.815445
70000553665.020630
70000919716.459702
70000258463.987244
70000548678.419128
70000985342.380997
70000237975.792130
70000667394.069336
70000373139.874344
70000555963.702423
70000021770.281097
70000810364.415405
70000860556.774216
70000811821.527725
70000913696.202652
70000229540.500626
70000834091.699844
70000355748.782761
70000736024.762665
70000588124.110519
70000354148.057465
70000673746.323822
70000406483.495163
70000174548.305405
70000807432.245590
70000001590.563934
70000225407.914993
70000741120.416504
70000646777.804901
70000858610.018448
70000755052.995438
70000306654.145432
70000756418.942841
70000986660.116364
70000078345.031189
70000241226.959412
70000446434.509521
70000196046.553589
70000863148.981262
70000937759.261810
70000643101.790741
70000866111.163773
70000637447.689316
70000296166.587158
70000744665.305496
70000902080.848129
70000885049.286209
70000328541.676575
70000178718.955643
70000701010.221161
1.000000
70000312327.036758
70000938649.166763
70000375791.553284
70000800276.483261
70000451549.979111
70000519828.720566
70000306248.402115
70000571676.148407
70000373474.075012
70000687666.162064
70000836689.865555
70000703484.676239
70000074313.405258
70000050523.541504
70000711701.160889
70000890064.676971
70000001604.323868
1.000000
70000581988.225800
70000446076.699005
70000535101.813766
70000031690.623398
70000539022.656693
70000295445.324692
70000229528.420197
70000038390.181366
1.000000
70000826088.969360
1.000000
70000528283.093842
70000788788.610443
70000764555.633636
70000753182.908463
70000812860.334412
70000784107.002502
70000687345.588333
70000342995.600693
70000990930.322037
70000269276.573792
70000338491.092438
70000690496.771957
70000255895.360641
70000160393.613083
70000737261.095474
70000405604.949646
70000224940.184219
70000591603.546509
70000071092.373276
70000258340.787140
70000932159.679886
70000863870.724579
70000574469.154556
70000612339.608063
70000304072.471252
70000485308.815384
70000505804.650208
70000815351.578766
70000157432.214508
70000260693.423019
70000689108.558960
70000167857.188797
70000707949.204010
70000390894.559204
70000598738.243927
70000151594.114777
70000137865.131485
70000363467.417252
70000045759.116501
70000724032.419418
70000830445.263687
70000497888.627731
70000229953.873779
70000070554.352798
70000113380.631760
70000523160.078979
70000485450.025085
70000868699.481110
70000077684.321564
70000752991.269653
70000043145.444977
70000802359.205109
70000674469.692322
70000636698.817917
70000050172.465530
70000322685.111084
70000707638.062012
70000710216.772079
70000867907.400803
70000302589.797379
70000432883.307495
70000685800.270065
70000989022.200638
70000389600.794846
70000778752.863663
70000412380.906143
70000436077.674835
70000286044.523834
70000865655.215042
70000520932.493652
70000137154.792755
70000888413.624039
70000947689.467178
70000984217.507278
70000997721.316681
70000238221.089722
1.000000
70000838341.026443
70000628787.535431
70000701840.887451
70000304411.663147
70000639399.277313
70000594685.086746
70000730198.788116
70000814952.835358
70000301613.332001
70000088230.300629
70000870007.518005
70000967571.806717
70000076865.600067
1.000000
70000354605.496338
70000283030.982224
70000178310.976624
70000819685.741592
70000332745.005066
70000314836.536530
70000200203.352859
70000328647.549133
70000047473.212219
70000695156.292572
70000007290.285370
70000839837.393219
70000892848.790283
70000940470.766922
70000413973.342041
70000268272.950790
70000216940.640991
70000694745.448914
70000231114.926437
70000880037.401489
70000275558.387756
70000914281.310287
70000123978.819794
70000093913.868484
70000259115.030975
70000410262.177628
70000888628.845474
70000218109.861526
70000575382.418777
70000353446.281006
1.000000
70000510074.741211
70000920097.030075
70000064173.204300
70000277283.877228
70000666047.385178
0.33
 0 0 0 0 0 0 0 0 0 0 0 0 0
