1 401
70000629639.000565
70000967028.334106
1.000000
70000499999.037521
70000153589.570526
70000592930.796051
70000152532.140701
70000647389.507523
70000403180.566681
70000277473.555344
70000133673.346542
70000835017.365784
70000627251.519257
70000879365.775482
70000750434.120941
70000117071.275803
70000282670.986649
70000205893.516800
70000073462.409805
70000782482.096115
70000725879.038193
70000386234.396561
70000276959.610489
70000669299.962708
70000527092.387497
70000508865.530457
70000770097.847855
70000880072.393265
70000322082.400116
70000915116.324875
70000335439.579361
70000550505.765289
70000491334.896103
70000149821.279984
70000713803.405426
70000189469.274292
70000918236.287354
70000513698.552231
70000680099.063354
70000963382.305435
70000878999.343140
70000157010.440887
70000790668.647736
70000163837.856979
70000129687.142456
70000897270.817993
70000418261.520737
70000417010.281876
70000327794.956390
70000084449.342346
70000120066.611404
70000668548.930923
70000647196.707550
70000791353.425934
70000286433.366928
70000876112.673309
70000483683.621140
70000437109.069580
70000295160.804916
70000675372.501740
70000252425.845062
70000429399.648712
70000968754.184677
70000400184.395264
70000191240.963959
70000666500.509628
70000927544.231293
70000064666.808105
1.000000
70000625800.237244
70000821891.421112
70000412538.185547
1.000000
70000623218.128372
70000583678.632446
70000262997.255737
70000387715.576050
70000159380.067734
70000712751.365524
70000442593.048050
70000313886.214417
70000445295.961960
70000218754.108917
70000546416.416779
70000785046.883789
70000291136.877548
70000759334.653351
70000217121.695602
70000031367.475601
70000782944.189133
1.000000
70000730225.271698
70000939070.155914
70000534739.573837
70000331412.830490
70000369810.770081
70000008874.829224
70000914040.017471
70000133798.990356
70000177284.562439
70000122894.178162
70000662785.851700
70000510135.560760
70000240020.775467
70000124152.508301
1.000000
70000405186.651535
70000687993.251144
70000170719.048660
70000593808.963928
70000202395.287857
70000384396.154266
70000286253.272644
70000240205.235748
70000387479.538651
70000771005.858978
70000810049.242508
70000897379.307220
1.000000
70000643195.819000
1.000000
70000101878.817276
70000441360.640259
70000184134.232224
70000384873.751892
70000035144.024857
70000188767.208374
70000486308.783142
70000216809.943298
1.000000
70000217381.410034
70000811670.578339
70000566398.342163
70000118259.000488
70000214650.537155
70000970022.742310
70000041435.397141
70000324854.932846
70000690845.995819
70000335868.080399
70000425539.457230
70000333990.506149
70000862078.794479
1.000000
70000488246.366440
70000737984.990524
70000964225.162079
70000944390.634430
70000932036.399673
70000726157.692581
70000272743.981155
70000429259.534500
70000283516.302917
70000971696.695007
70000702941.972565
70000605126.093201
70000857515.301941
1.000000
70000670703.729080
70000553781.812286
70000310891.523270
70000025572.220718
70000280900.731018
70000610916.065735
70000846122.014420
70000361470.175262
70000810334.579422
70000338741.133881
70000074986.192535
70000583051.732300
70000025213.490219
70000220104.591660
70000384709.829071
70000181879.931549
70000917477.849701
70000047899.777512
70000351658.120575
1.000000
70000586235.581894
70000892036.057800
70000329307.770752
70000825258.150818
70000836239.123047
70000067998.704529
70000412977.636627
70000175210.521194
70000266710.776749
1.000000
70000180260.709503
70000785964.089172
70000548367.472504
70000948291.470871
1.000000
70000429204.525818
70000689514.397461
70000027369.382874
70000915622.454407
70000298519.007706
70000006259.139786
70000721001.960876
70000825929.930939
70000950100.517609
70000551605.990906
70000216335.541245
70000722994.396912
70000394912.716354
70000492836.498260
70000571477.846054
70000341033.949554
70000103251.180893
70000969805.637421
70000843750.324265
70000849218.099487
70000099065.094147
1.000000
70000445692.518036
70000416198.259552
70000417047.683823
70000948557.261963
70000623343.187286
70000074320.785141
70000901745.336197
70000078908.426605
70000027214.080460
70000107767.575699
70000963493.627457
70000539551.420761
70000861094.681015
70000056370.801239
70000734970.528931
70000762573.251770
70000509540.988022
70000137649.176392
70000363366.098373
70000186150.342041
70000666501.465393
70000551518.039810
70000818581.746902
70000704844.412338
70000113890.581970
70000766065.301407
70000605343.479599
70000387070.719681
70000181084.123871
70000739799.671188
70000438094.774139
70000853314.246902
70000835325.358246
70000444145.629471
70000857302.076645
70000534899.623093
70000947527.923950
70000499675.289200
70000516434.698959
70000984138.672882
70000873110.525436
70000340222.313461
70000998486.934235
1.000000
70000487388.460175
1.000000
1.000000
70000563794.200012
70000680748.077911
70000594376.989746
70000829664.112534
70000143719.770508
70000970018.297424
70000406677.300003
70000615276.891312
70000048714.174423
70000558344.588074
70000658665.644745
70000589326.548737
70000558933.455673
70000223786.632980
70000635462.022064
70000502362.867157
70000860180.750504
70000819804.583389
70000011239.912079
70000182758.627701
70000846080.659836
70000288058.229340
1.000000
70000492192.322159
1.000000
70000556348.200134
70000713932.571594
70000396012.324097
70000340825.766205
70000671594.854401
70000208235.323029
70000056992.725677
70000017201.577362
70000025624.704544
70000966962.722061
70000600157.388290
70000151317.611755
70000456108.279663
70000032330.503357
70000140478.494034
70000165833.913910
70000856137.760437
70000530723.128204
70000211829.385025
70000830900.872528
70000185164.164017
70000964832.761185
70000225612.637177
70000432589.893524
70000927576.051208
70000390074.971100
70000664276.826096
70000185817.770706
70000991499.643143
70000662071.870377
70000394058.929214
70000903972.714859
70000256928.872650
70000195500.377914
70000465060.015259
70000133097.390762
70000025785.970581
70000682307.054092
70000988620.895706
70000171847.991287
70000680420.918488
70000586649.910294
70000394477.370514
70000107127.646133
70000571396.348022
70000829255.081573
70000028660.797485
70000909692.319183
70000822623.162643
70000302993.054947
70000833349.676285
70000100026.893646
70000370850.477264
70000158812.287094
1.000000
70000852931.764923
70000768968.348999
70000155480.778061
70000832005.459137
70000290782.847458
70000920229.813797
70000474127.951950
70000315307.770828
70000636233.877396
70000862956.471878
70000659989.706284
70000049158.681808
70000597867.188080
70000606136.554291
70000254678.624207
70000611655.189438
70000898743.262589
70000856343.901154
70000454843.126663
70000961706.860550
70000250594.324448
70000751252.648682
70000041675.477051
70000162130.566177
70000737930.551163
70000419564.387375
70000458780.063065
70000087950.955658
70000131886.122177
70000603616.740555
70000298082.622314
70000274805.353775
70000052818.624054
70000774136.873291
70000728784.849289
70000892214.334610
70000231284.355820
70000178576.577545
70000410625.262314
70000245389.492691
70000173421.758408
70000480396.053146
1.000000
70000292127.188248
70000177170.331833
70000435718.132980
1.000000
70000135952.573563
70000512468.994965
70000359030.875748
70000162210.982285
70000176844.285172
70000674062.808899
70000500385.627640
70000063449.461563
70000871326.187851
70000078376.019470
70000378375.084213
0.33
 0 0 0 0 0 0 0 0 0 0 0 0 0
