1 401
70000152897.053207
70000000272.768967
70000550705.758820
70000450604.675232
70000471966.052948
70000361892.511932
70000053998.248032
70000610217.478271
70000122477.099655
70000212671.087631
70000725377.954742
70000646724.989700
70000831558.370590
70000618223.081512
70000047881.106705
70000793544.241776
70000242625.677399
70000887826.047699
70000668872.888702
70000212721.819290
70000668863.735107
70000592630.056610
70000360038.514877
70000405607.318909
70000256237.070740
1.000000
70000583587.102509
70000506270.906265
70000689011.567642
70000798642.941299
1.000000
70000818917.356842
70000516376.320099
70000208108.240173
70000215928.026642
70000379554.259201
70000706660.813553
70000911663.323593
70000936179.091492
70000330304.956116
70000055538.396790
70000116354.688004
70000223323.913849
1.000000
70000509070.355698
70000005138.762131
70000113693.330093
70000379777.493317
70000369684.546127
70000799407.628693
70000553221.782379
70000647618.670181
70000523052.444733
70000633756.610397
70000250299.597336
70000614244.682526
70000443453.793137
70000970270.354416
70000868538.369675
70000905054.130585
70000223136.764954
70000635714.194656
70000370347.816299
70000820291.415222
70000121938.666473
70000643419.799835
70000276544.430435
70000082079.271454
70000398585.091202
70000533066.457764
70000495338.592529
70000764949.640533
70000028429.080994
70000784137.391129
70000155630.164703
70000700400.469589
70000663090.061569
70000731587.915207
70000895056.207809
70000907107.239868
70000660828.443466
70000629274.336426
70000328435.833740
70000983573.725143
70000146104.177383
70000695360.584534
70000173154.746735
70000348901.146027
70000130455.694016
70000669225.981476
70000074952.466385
70000543641.330811
70000028934.179443
70000675014.091827
70000160405.580048
70000599776.142197
70000086088.094421
70000162359.403320
70000677051.502914
70000143227.632889
70000266934.439667
70000816421.234879
70000828485.783859
70000204310.009598
70000176677.855072
70000648465.903610
70000529206.188538
70000318939.459320
70000824091.582367
70000052651.558746
70000421854.644943
70000291382.209106
70000991482.688644
70000883141.283127
70000401297.301163
1.000000
70000883718.550934
70000132181.905685
70000884217.825195
70000663535.308884
70000618479.804840
70000912031.179123
70000567251.776871
70000606819.589447
70000151991.387772
70000947480.375214
70000642383.275177
70000654751.631744
70000355890.937988
70000043052.335495
70000526202.795990
70000510139.682800
70000467907.294113
70000291163.633560
70000368442.766602
70000719518.423508
70000672406.010925
1.000000
70000166571.635254
70000007579.558990
70000304391.311142
70000919760.593292
70000811971.649734
70000827650.808197
70000275397.664001
70000212819.159760
70000915961.507294
70000522057.827301
70000405929.514038
70000879135.550735
70000715024.509613
70000546714.770386
70000333421.204224
70000057203.342529
70000123498.168945
70000958013.212830
70000332450.986008
1.000000
70000965651.671890
70000517434.991394
70000950511.063705
70000220825.309067
70000645626.233521
70000625244.379807
70000560878.441345
1.000000
1.000000
70000837517.949493
70000030908.676010
70000165062.561035
70000746446.086304
70000413954.227432
70000338818.566879
70000157468.569489
70000529985.673218
70000581860.502548
70000234513.699722
70000167618.664474
70000395113.294525
1.000000
70000845288.154434
70000479971.383438
70000656888.135498
70000188907.100021
70000672751.673630
70000599514.001129
70000298766.978546
70000085394.145386
70000289852.652176
70000167357.507889
1.000000
70000182279.143082
70000751109.307144
70000550440.141708
70000541606.752579
70000131798.594833
70000409413.952209
70000022951.756699
1.000000
70000810053.976212
70000137294.033646
70000890284.449539
70000890562.371826
70000899643.130463
70000237088.768829
70000495735.196518
70000066452.672974
70000539785.636337
70000660550.585983
70000692605.173279
70000878984.616394
70000805349.019730
70000420000.976486
70000299671.315292
1.000000
70000178018.590561
70000890001.640274
70000360668.279968
70000500918.695709
1.000000
70000530467.856171
70000845766.736984
70000655719.259430
70000562481.943665
70000494723.379257
70000876003.539688
70000564609.479568
70000996504.778061
70000705394.430206
70000947841.113388
70000795503.167038
70000134676.882797
70000957437.418228
70000759291.024429
70000380607.703125
70000319669.305481
70000312116.734009
70000344180.627045
70000920540.382614
70000180697.199646
70000044133.785812
70000985459.934357
70000393671.037415
70000199530.481079
70000211099.213074
70000448078.319214
70000782583.705933
70000778163.143799
70000738225.838165
1.000000
70000935705.227524
70000883881.245132
70000336857.233093
70000505222.517883
70000973829.123123
70000653340.800598
70000075924.107300
70000118389.388321
70000957655.834320
70000125078.883148
70000484238.539062
70000823470.070511
70000812713.166885
70000531366.964508
70000722803.468246
70000596572.664932
70000804317.879425
70000971128.269547
70000933546.220551
70000895017.453827
70000043828.907974
1.000000
70000746208.971237
70000412941.276382
70000403988.928467
70000421623.245834
70000078753.176682
70000212946.248566
1.000000
70000256350.113235
70000147805.941574
70000070502.471878
70000145008.940079
70000014373.934402
70000803390.616119
70000318603.817459
70000013629.906219
70000620578.783249
1.000000
70000323342.250168
70000767061.737061
70000523485.883179
70000193685.474640
70000877509.804611
70000047473.314438
1.000000
70000586313.503296
70000729896.454559
70000885691.989197
70000420292.593689
70000399601.438507
70000639952.499344
70000337234.980789
70000392179.711197
70000928894.355927
70000698469.017105
70000510679.637558
1.000000
70000994976.141861
70000207945.641876
70000583913.877960
70000223986.690079
70000990409.810837
1.000000
70000458088.450104
70000178863.897415
70000671271.454025
70000329751.067947
70000395354.639008
70000929937.298416
70000391584.084610
70000432852.560287
70000377754.371323
70000438226.585983
70000085921.237366
70000920644.905716
70000010628.541321
70000698228.311615
70000436818.027435
70000653515.751846
70000420663.770325
70000511948.526764
70000614152.923965
70000721652.672180
70000526410.981461
70000601852.866211
70000151326.005219
70000872232.640259
70000945101.965591
70000720333.210449
70000507012.310684
70000406972.432281
70000966316.671753
70000879968.060501
70000261428.100159
70000132214.118729
70000371085.445175
70000712863.686935
70000687717.987762
70000172091.152924
70000423069.274399
70000298702.471008
70000658058.453079
70000132077.737000
70000950876.536697
70000282175.297745
70000048547.627335
70000121444.278580
70000269670.552246
70000121853.958405
70000987315.709473
70000250915.164734
70000674106.644226
70000300504.436996
70000665477.956131
70000294624.669205
70000735620.948151
70000957386.418991
70000986908.056580
70000844131.551117
70000147252.445908
70000022526.081406
70000360846.605713
70000673144.170197
70000466714.759583
70000484375.369934
70000622270.232971
70000494288.334183
70000683261.906876
1.000000
70000542963.517654
1.000000
70000759357.449478
70000804547.969559
70000821634.951614
70000611054.610245
70000116121.952103
70000314638.849930
70000970443.902054
70000270167.302811
70000864709.561722
1.000000
70000882753.064743
70000723629.775360
70000115243.540451
70000289104.602127
70000780070.167862
70000025063.260834
70000874621.204132
70000225155.970917
0.33
 0 0 0 0 0 0 0 0 0 0 0 0 0
