1 401
70000666742.521820
70000772147.144363
70000765076.962234
70000849313.095901
70000290823.566147
70000404551.695755
70000107690.137756
70000787822.497452
70000801846.146423
70000406398.903473
70000486488.775955
70000390200.362030
70000110056.239273
70000932916.274979
70000956201.924683
70000732333.079147
70000919003.329025
70000080991.834549
1.000000
70000619259.516418
1.000000
70000150922.266922
70000023332.048752
70000882449.461761
70000126789.500137
70000682060.649399
70000071339.573181
70000493305.299744
70000418892.867111
70000492862.673767
70000306758.377747
70000032945.706253
70000634003.959839
70000576260.581879
70000867809.797501
1.000000
70000305257.871628
70000287126.609711
70000795448.209778
70000548505.585098
70000474704.234970
70000672574.008316
70000777468.539978
70000213591.298737
1.000000
1.000000
70000929282.848495
70000602974.805496
70000470588.847717
70000311878.060516
70000078264.571243
70000219187.422058
70000942621.239746
70000267265.504333
70000743230.411530
70000577499.026199
70000919956.874146
70000753671.509018
70000903652.986557
70000341351.929367
70000149937.778000
70000617649.720245
70000992538.777420
70000282546.360504
70000634117.821884
70000370823.406509
70000677220.808365
70000822681.170425
70000291566.306686
1.000000
70000285071.362823
70000932803.592972
70000040121.558548
70000515700.024185
70000339428.130554
70000426606.262726
70000411164.624084
70000623520.619324
70000723519.757294
70000258291.942719
70000564094.216446
70000460028.376801
70000899752.217224
70000032403.536118
70000785484.222824
70000610282.063690
70000644302.212860
70000090312.119247
70000833557.612961
1.000000
70000311079.440109
70000995709.622452
70000801226.088455
70000181675.923141
70000971286.352783
70000033899.541611
70000615703.476562
70000796373.578629
70000760154.194504
70000760611.815125
70000961463.125107
70000023492.061844
70000383785.308014
70000257302.048294
70000618610.860275
70000208483.673111
70000204901.564682
70000369848.005035
70000625713.409897
70000758060.268066
1.000000
1.000000
70000269797.675964
70000553169.813843
70000329724.353271
70000113301.583939
1.000000
70000447779.358551
70000411271.441162
70000934567.537354
70000916288.451584
70000013939.426529
70000633184.414413
70000968698.060654
70000065431.076584
70000959331.926758
70000912137.433609
70000169706.465424
70000937217.860703
70000216266.582916
70000510890.945938
70000324263.259262
70000818720.262070
70000895641.971222
70000950457.541260
70000586824.942978
70000100085.452057
70000461022.479218
70000859022.402588
70000995829.183258
70000576477.249283
70000511909.075348
70000107412.310287
70000953868.081940
70000506736.425873
1.000000
70000162412.247574
70000269572.115921
1.000000
70000172016.292847
70000125004.212387
70000528040.975021
70000969127.293121
70000765006.918777
70000650277.551971
70000360754.924133
70000776910.425888
70000361664.058182
70000592687.433350
70000264448.269836
70000610316.862961
70000287463.862946
70000422984.384109
70000414203.906601
70000560321.370346
70000223202.279282
70000189133.118271
70000982834.942154
70000591447.593033
70000426462.377533
70000781931.681061
1.000000
70000228079.021606
70000801505.483688
70000640195.603088
70000008977.267380
70000754523.905273
70000315340.976318
70000465086.034760
70000448090.298935
70000417219.804489
70000540158.250793
70000066190.637924
70000907647.359863
70000905002.315628
1.000000
70000651043.312653
70000560891.711594
70000042214.086441
70000016897.752731
70000379692.290283
70000249705.405975
70000605001.125336
70000478302.269547
70000549895.898819
70000100686.926270
70000612725.096466
70000081000.025436
70000334465.917450
70000443406.001053
1.000000
70000377639.898636
70000502919.378006
70000404158.994522
70000813087.484818
70000452983.633774
70000322742.222107
70000760041.757812
70000443363.097488
70000428352.883041
70000257219.328033
70000993107.199356
70000721949.373734
70000040561.860153
70000246042.960831
70000658631.343765
70000165827.597763
70000501495.349686
70000560366.776932
70000374257.668701
70000686582.109436
70000799128.411423
70000808801.629181
70000415936.909622
70000375274.478668
70000139574.255188
70000736682.539856
70000081422.107269
70000682938.286453
70000794559.129440
70000600695.792786
70000227009.070786
70000959821.168472
70000590155.299011
70000601341.517258
70000524118.047256
70000713600.943649
70000849891.856216
70000289170.607178
70000631632.896088
70000196199.977051
70000890782.850342
70000978632.531418
70000462386.129303
70000165209.629227
70000286138.661469
70000338344.379776
70000279979.546844
70000899718.829895
70000680840.578644
70000814500.505157
70000466183.313553
70000675262.653137
70000121332.435608
70000301326.277405
70000769010.791534
70000848787.159561
70000384813.440918
70000945705.248886
70000220627.539154
70000737798.574844
70000730561.810150
70000301821.240356
70000064855.215927
1.000000
70000827598.288239
70000288443.316742
70000176146.161743
70000054931.877380
70000603822.169647
70000752435.669220
70000168982.563019
70000905312.902390
70000212037.022827
70000141167.367615
70000064711.396240
70000033982.651733
70000733063.404587
70000562152.313675
1.000000
70000059017.813080
70000069353.491302
70000680944.387100
70000473254.246490
70000440139.488525
70000466291.240463
70000795626.141098
1.000000
70000504639.983505
70000911286.949051
1.000000
70000752467.039261
70000010785.586243
70000188123.265610
70000033941.673660
70000423418.561676
70000092113.976425
70000919709.579269
70000737619.471542
70000869416.998535
70000048428.450989
70000587591.564362
70000126021.241364
70000186910.999817
70000981127.390732
70000876825.103104
70000024543.145172
70000980552.923477
70000802202.087799
70000148468.539246
70000527578.232193
70000901862.079300
70000165605.703140
70000995397.927872
1.000000
70000152478.955688
70000159810.423630
70000146660.140335
70000154515.380966
70000474519.959412
70000448536.717285
70000672519.918594
70000154958.083252
70000359150.783661
70000812853.704117
70000621181.593903
70000851659.031113
70000960447.425476
70000228094.228165
70000661691.423950
70000311908.740906
70000806406.221924
70000433999.998611
70000583640.508591
70000487150.369308
70000608806.183685
70000481968.470688
70000708310.681122
70000169010.906357
70000693887.717545
70000842495.982590
70000393650.982742
70000123925.092117
70000976876.105484
70000944204.451508
70000290128.473068
70000143407.322174
70000541453.689575
70000406644.372498
70000054723.693680
1.000000
70000217131.692215
70000789386.176666
70000102344.938461
70000105846.692017
70000760472.656219
70000267444.973648
70000444892.582245
70000919243.047882
70000874321.442688
1.000000
70000282620.494781
70000864633.207474
70000694277.513443
70000895772.030502
70000565297.799683
70000951678.682526
70000287078.098587
70000581463.290039
70000309293.043137
70000066952.808395
70000767509.397842
70000654910.931503
70000454487.842041
70000921125.715744
70000182255.054977
70000066651.385132
70000676303.630249
70000345850.889618
70000227173.863998
70000809233.565002
70000432827.492340
70000645480.788269
70000562435.952133
70000055366.206650
70000442165.716553
70000409312.937500
70000344878.338120
70000405994.729431
70000916746.655106
70000117886.089752
70000553370.968109
70000412886.429901
70000954976.473389
70000623118.526230
70000235032.704819
70000153299.089661
70000868843.297134
70000723285.289764
1.000000
0.33
 0 0 0 0 0 0 0 0 0 0 0 0 0
