1 401
70000704907.918579
70000895502.221786
70000012410.777359
70000649029.401917
1.000000
70000210999.745834
70000133440.021362
70000901348.550644
70000426361.017212
70000605404.936401
70000179474.639557
70000452974.503143
70000191050.688019
70000330938.796448
70000327095.434097
1.000000
70000516733.508316
70000195023.824600
70000982228.741440
70000928890.919418
70000464895.447800
70000603937.932693
70000594971.867813
70000943398.978638
70000709039.431961
70000675816.197693
70000953977.368011
70000184084.592926
70000821622.611877
70000991314.621857
70000283585.245941
70000900949.470291
70000775210.869583
70000776901.455826
70000402556.160797
70000072084.699936
70000251996.744278
70000566075.040436
70000006052.680176
70000716904.683151
70000565058.704620
70000436787.946320
70000298317.450226
70000471551.757523
70000425645.936722
70000303712.585800
70000538708.080780
70000234047.044128
70000060768.612869
70000149277.401230
1.000000
70000286129.581635
70000521347.606079
70000816201.599304
70000959073.453049
70000302514.950165
70000720626.109375
1.000000
70000588283.695496
70000853227.961227
70000248434.342361
70000677894.657608
70000704145.160049
70000947886.923203
70000238314.584778
70000562311.688034
70000533324.554688
70000186543.116302
70000173423.265976
70000617214.824615
70000492949.000885
70000907752.278992
70000250302.770386
70000657931.897888
70000356943.553986
70000422242.964920
70000030748.124008
70000882604.479584
70000303386.544250
70000567041.578751
70000620549.265030
70000860248.993134
70000755708.196045
70000710850.429535
70000877066.687164
70000593194.110855
70000603949.262634
1.000000
70000157485.615540
70000911726.297684
1.000000
70000892721.529343
70000160884.121277
70000971512.600082
70000737643.863571
70000749745.942551
70000228452.301895
70000236309.393219
70000629338.686356
70000063866.112946
70000692686.105835
70000509039.670258
70000664754.891129
70000414022.337296
70000759736.945587
70000168215.140778
70000629716.025848
70000313871.803696
70000702791.600677
70000183634.805267
70000054654.901550
70000541255.804047
70000525925.491074
70000306302.817078
70000245870.297913
70000770294.643936
70000466726.370148
70000399746.096039
70000717015.518295
1.000000
70000575796.098358
70000906447.157928
70000173979.374542
70000974289.833252
70000246532.179138
70000913836.048264
70000978045.780975
70000818375.578140
70000326238.472748
70000054288.808838
70000433483.889267
70000642520.394531
70000096195.186798
70000121900.511200
70000915352.306137
70000084669.419022
70000359577.178513
70000768590.681412
70000763382.638412
70000107464.356430
70000071961.353790
70000510837.546844
70000290012.052383
1.000000
70000123304.110870
70000693846.419006
70000189166.381485
70000897687.821579
70000434545.288864
70000650013.662384
70000239831.514130
70000474910.250259
70000702946.202209
70000195083.537186
1.000000
70000216047.204483
70000689751.543411
70000283785.092010
70000106358.989471
70000457187.293472
70000585474.983856
70000182180.517990
70000185373.154129
70000426417.339752
70000740633.409576
70000021329.679367
70000436144.795624
70000778722.737518
70000986159.959976
70000174556.791702
70000354667.692795
70000394568.690536
70000811767.253342
70000488108.313232
70000197458.860016
70000215051.999817
70000132067.009689
70000456644.539978
70000179108.210541
70000382635.599396
70000133014.534409
70000397881.057739
70000848685.946304
70000041507.476196
70000537240.005539
70000291581.400040
70000913780.892975
70000916634.007645
70000405631.992554
70000669155.849121
70000127827.650360
70000185643.601303
70000076321.358261
70000565256.437958
70000644741.531372
70000405484.325623
70000137842.399445
70000804614.791351
70000347820.775055
70000156664.879425
70000589740.757355
70000522600.773102
1.000000
70000172124.699738
70000776147.765808
70000648683.944550
70000417415.934372
70000460541.806213
70000343865.906357
70000923737.617432
70000880082.928940
70000774573.538376
70000451924.258118
70000846496.637802
70000867417.189041
70000613626.218231
70000086210.736938
70000145496.600342
70000241256.234924
70000164457.399139
70000746552.187775
70000716668.201645
70000028523.673111
70000179033.073761
70000427078.180756
70000157999.965576
70000028407.622070
70000815622.115631
70000897297.469788
70000178886.896378
70000564818.740097
70000787499.107178
70000519895.715134
70000974757.507782
70000977414.000107
70000056928.686035
70000108768.864288
1.000000
70000869707.193298
70000837867.967987
70000700345.554398
70000069237.217712
70000370215.217072
70000757421.919907
70000415792.873276
70000942678.441162
70000932367.033081
1.000000
70000821285.415741
70000180486.206543
70000324041.188934
70000996020.750137
70000362424.794662
70000609979.243866
70000427769.294891
70000145541.123001
70000272816.138031
70000903723.646561
70000384914.056778
70000290822.586502
70000605011.675629
70000280337.640274
70000836294.850250
70000684132.127609
70000320850.528091
70000543254.901779
70000496943.433151
70000436168.035843
70000956651.741379
70000760141.443253
70000333671.517700
70000199654.665009
70000523566.258804
70000855404.953003
70000127179.932510
70000174163.014160
70000198852.091370
70000766269.010757
70000339975.213272
70000677597.662048
70000787849.902985
70000685709.610703
70000103224.060974
70000683233.451843
70000322334.818237
1.000000
70000200924.759735
70000505635.034851
70000372963.189972
70000543297.404160
70000376201.950775
70000829318.153122
70000677534.377670
70000473242.269669
1.000000
70000202145.199265
70000121761.243958
70000020387.810287
70000298481.467972
70000968979.135452
70000337967.565308
1.000000
70000998661.494431
70000324590.784470
70000224266.142181
70000655865.626694
70000699554.997696
70000528007.302078
70000260217.336533
70000620489.197281
70000575201.140976
70000841249.231995
70000297803.075562
70000761583.947922
70000918643.872894
70000547392.108826
70000530232.234222
1.000000
1.000000
70000553360.294144
70000756852.252823
70000853091.815964
70000260992.806122
70000758934.084671
70000764451.569916
70000347825.466751
70000913536.993179
70000892146.238266
70000228271.698380
70000019760.671967
70000291551.658737
70000045668.076401
70000834745.164261
70000826634.087677
70000092755.416229
70000260235.177689
70000755238.771515
70000245528.805191
70000707884.630768
70000421728.151382
70000333631.532410
70000744727.353561
70000636050.396439
70000719111.941238
70000120526.038483
70000357518.655090
70000460099.906296
70000857533.024857
70000612204.703888
70000477485.045715
70000860908.696655
70000598979.690475
70000676814.549881
70000902672.175934
70000309575.655655
70000272260.880615
70000008490.993317
70000862546.393051
70000450261.532181
70000455606.020355
70000587192.940567
70000103866.302383
70000227921.451889
70000846256.685989
70000152451.363342
1.000000
70000686737.557205
70000497090.615631
70000189457.575729
70000141474.424286
70000002651.218765
1.000000
70000534591.044220
70000605395.806854
70000582386.874695
70000371836.466919
70000564161.825455
70000764318.526443
70000869612.651733
70000651184.735474
70000815954.461548
70000730098.285645
70000174955.282043
70000650763.486954
70000668164.966599
70000514920.346039
70000215173.126083
70000450520.382874
70000357949.689911
1.000000
70000006809.177917
70000031875.081253
70000931157.804138
70000957126.492981
70000757755.896530
70000884820.552048
70000137079.016846
70000317528.940765
70000953941.162643
70000079695.422775
0.33
 0 0 0 0 0 0 0 0 0 0 0 0 0
