1 401
70000367903.655853
70000341507.486679
70000093644.564545
70000303579.817429
70000699494.778870
70000965038.503677
70000263403.924194
70000927997.184189
1.000000
70000897033.599396
70000471763.759903
70000147019.601532
70000572541.304062
70000548022.339035
70000960113.958176
70000940502.167236
70000155294.515198
70000569534.936050
70000302578.149048
70000995141.274033
70000943405.883362
70000893572.518387
70000395413.963531
1.000000
70000979842.482224
70000341954.890549
70000704568.617615
70000172598.657913
70000285948.485275
70000855173.523453
70000762213.691544
70000820724.533157
70000675897.242493
70000941256.168625
70000319335.926285
70000702083.681046
70000970481.284058
70000903414.929657
70000307833.175751
70000139633.908859
70000915091.558609
1.000000
70000494276.358948
70000134179.228012
70000769331.234131
70000656124.212708
70000820968.403732
70000372534.683487
70000806992.392807
70000156217.573471
70000383984.896072
70000605677.414062
70000110234.378860
70000353375.031540
70000147705.408966
70000535175.080353
1.000000
70000056712.920731
70000944753.232941
70000434604.235748
70000899154.788055
70000831597.624313
70000730212.113464
70000536987.312469
1.000000
1.000000
70000445570.055954
70000254558.865143
70000822320.791260
70000202067.670395
1.000000
70000955963.521851
70000432319.145065
70000966835.491379
70000796455.539322
70000397258.577072
70000210226.755569
1.000000
70000976283.723404
1.000000
70000669807.193863
70000802625.754501
70000361858.275620
70000321154.450882
70000829439.804642
70000532277.458405
70000897400.048523
70000890821.979889
70000238364.393478
70000176699.165878
70000371552.222137
70000794202.244507
1.000000
70000141109.093399
70000224315.663589
70000998940.366714
70000640842.347107
70000021393.090347
70000510391.276627
70000930344.178345
70000090728.034286
70000620898.762497
70000042254.513535
70000585587.680817
70000261776.153046
70000132922.822495
70000445070.276962
70000886573.452515
70000809287.423401
70000022266.941513
70000740971.438843
70000933060.055130
1.000000
70000423466.049606
70000852652.144150
70000980567.193573
70000952163.092529
70000871025.152893
70000378377.082504
70000413595.965576
70000790099.532333
70000225590.773727
70000822993.406876
70000382491.886932
70000298295.663284
70000846274.520264
70000893263.018646
1.000000
70000302127.602005
70000849439.927948
70000025307.811310
70000653022.743622
70000828678.678360
70000128285.806046
70000512552.450745
70000675171.271225
70000422353.868698
70000083593.567764
70000051282.283524
70000522805.139481
70000133463.413818
70000840459.894714
1.000000
70000048111.002762
70000050358.118530
70000717349.818405
70000295535.839035
70000294358.342453
1.000000
70000674116.703247
70000223206.213089
70000284910.802246
70000138821.181793
70000136344.326492
70000161346.478882
70000941073.665955
70000876170.528992
70000177375.192673
70000798089.813690
70000333730.708267
70000775689.179138
70000060885.472229
70000810826.255554
1.000000
70000868805.968552
70000895445.345551
1.000000
70000515339.003220
70000713113.940460
70000467773.856674
70000278991.848419
70000909798.433212
70000406827.266953
70000515646.345779
70000359808.401443
70000278835.656082
70000812256.536377
70000100409.247986
70000781328.028778
70000793295.492111
70000309954.381577
70000575887.530090
70000629663.362183
70000438241.074997
70000637431.598511
70000707694.240891
70000361040.669510
70000799633.059509
70000431882.163101
70000145629.188080
70000000393.405609
70000334869.294937
70000817984.241638
70000817507.754593
70000217351.289856
1.000000
70000966099.033951
70000603685.761871
70000358003.576569
70000315140.442047
70000135343.671585
70000670633.178711
70000955656.775497
70000201717.912872
70000042555.537308
70000029433.859558
70000803969.479416
70000140245.320358
70000475893.345551
70000742623.747940
70000908123.070831
70000992993.628525
70000983052.550873
70000855802.053864
70000929083.033005
70000418485.312958
70000384660.323425
70000080587.905823
70000629375.454437
70000385512.868073
70000433180.046356
70000674930.905930
70000425932.718643
70000327782.143478
70000552405.312531
1.000000
70000937584.680862
70000448131.066879
70000597644.952362
70000375312.590668
70000700231.837677
70000206520.798767
70000982553.753799
70000377031.708282
1.000000
70000804735.947647
1.000000
70000544475.037201
70000172818.890671
70000016187.444046
70000908420.532272
70000031888.033203
70000065126.183395
70000898807.789352
70000414846.938065
70000717890.044113
70000423484.434586
70000652882.563171
70000240241.478226
70000565255.830109
70000981974.222672
70000364319.361389
1.000000
1.000000
70000428227.300125
70000501084.468170
1.000000
70000193934.211533
70000057859.596695
70000076083.917221
70000089995.337860
70000139359.136002
70000527578.688461
70000976689.578522
70000983863.894150
70000364754.168976
1.000000
70000896491.104309
70000567364.963257
70000608092.420486
70000324225.703690
70000428240.055710
70000757794.621796
70000402885.156967
70000553116.248840
70000415172.936081
70000843584.181473
70000488831.028076
70000567442.206848
70000579755.465775
70000446574.881516
70000184711.899216
70000900486.270569
70000815542.162033
70000024047.091980
70000686001.745789
70000742231.531677
70000395269.451385
70000895556.020004
70000778285.183823
70000815110.965347
70000375492.638031
70000708745.165482
70000371202.159241
70000804822.615158
70000752720.111694
70000337133.977249
70000956811.816818
70000308444.998993
70000872090.427963
70000977004.846451
70000120935.468628
1.000000
70000732769.062164
70000956171.508331
70000496114.028595
70000580487.100494
70000992573.330185
70000859069.116348
70000279915.145370
70000414332.393082
70000651969.822296
70000555830.932877
70000146591.852570
70000448228.832245
70000783319.336227
70000164828.656342
70000122451.484787
70000719854.360519
1.000000
70000584618.761307
70000465044.567245
70000482098.239014
70000382994.300674
70000120884.976746
70000475769.982880
70000554565.173843
70000307227.037766
70000605164.374115
70000558161.838333
70000586134.880707
70000794719.902176
70000046337.004669
70000167273.372650
70000181861.172409
70000652506.661591
70000531083.995743
70000022809.874924
1.000000
70000215371.364349
70000584150.845108
70000321659.087982
70000454633.116470
70000957592.189301
70000855610.574402
70000746450.006958
70000105151.082901
70000241780.967850
70000148747.103119
70000135639.329056
70000733369.404358
70000200405.419952
70000983792.536728
70000873301.447327
70000574587.548950
70000399982.082443
70000925196.828659
70000660575.755020
70000187319.524918
70000908060.899155
70000470771.618607
70000403902.361847
70000631561.136612
70000234983.468231
70000279376.441696
70000100132.422287
70000310070.471619
70000956113.814575
70000052604.976105
70000811313.253006
70000942571.491180
70000754575.442322
70000222122.805969
70000695982.003418
70000053630.851547
70000513825.701874
70000440196.688889
70000275342.124084
70000620133.297714
70000395325.653427
70000835030.163101
70000892585.031387
70000864548.752151
70000673756.597778
70000865252.408096
1.000000
70000704943.282043
70000357385.882904
70000354777.969711
70000340593.756561
70000049648.721252
70000445087.970291
70000070141.260849
70000574754.491623
70000075143.933884
70000136694.067215
70000537292.392197
70000911220.149353
70000501256.157150
70000116315.841431
0.33
 0 0 0 0 0 0 0 0 0 0 0 0 0
