1 401
70000142687.518829
70000041921.555191
70000877686.477386
70000438908.253845
70000686563.813232
70000519709.904358
70000516344.865128
70000492527.644745
70000222659.222549
70000576865.906372
70000227959.133408
70000415557.005585
70000423310.585724
70000123007.008698
70000191155.679733
70000630708.274017
70000304654.966125
70000352651.567017
70000445918.215286
70000870502.512894
70000208463.225754
70000518032.952087
1.000000
70000146484.723541
70000011790.537170
70000195421.919235
70000303685.043716
70000730630.841248
70000404695.134186
70000810651.131439
70000511394.929138
70000406918.449112
70000229003.731049
1.000000
70000730022.423325
70000287369.110352
70000887068.969711
70000190300.462097
70000748401.612564
70000934371.202866
70000074836.513504
70000929214.988251
70000299981.583847
70000789894.009430
70000468924.003540
70000425423.047256
70000119240.248016
70000447643.294952
70000498900.520660
70000224211.517899
70000075391.886581
70000816313.234390
70000504717.388565
70000073512.788651
70000379163.471527
70000922630.024170
70000094898.947433
70000484920.899521
70000832982.457748
70000497647.185013
70000169815.883881
70000616049.231186
70000565348.981735
70000836529.868576
70000845860.877823
70000049828.775360
70000356291.303482
70000255553.153961
70000442224.837723
70000033663.229507
70000719216.296844
70000957974.379272
70000571571.855194
70000943424.354172
70000566613.684250
70000988719.782471
70000341537.817978
70000111591.406372
70000117341.149185
70000700126.166245
70000967812.299988
70000908020.983963
70000374280.858658
70000123791.506958
70000998077.396912
1.000000
70000888293.996918
70000557851.335022
70000461248.275909
70000257632.046722
70000887931.225616
1.000000
70000240892.365402
70000637052.112442
70000600730.118378
70000472091.971130
70000086699.456161
70000142515.350189
70000541220.314423
70000471185.851746
70000229383.226807
70000427750.053223
70000975554.345169
70000921786.491669
70000080397.465698
70000578100.535965
70000279870.088516
70000473254.821991
70000503329.422104
70000029287.030548
70000203079.395203
1.000000
1.000000
70000937371.833206
70000631497.481323
70000733873.291443
70000435661.005661
70000112458.324036
70000662233.771378
1.000000
70000722583.096939
70000980689.297577
70000589373.625198
70000820559.633148
70000813996.552994
70000757542.974655
70000569131.667999
70000912389.390060
70000715029.787018
70000436720.221298
70000427755.870773
70000726515.175323
1.000000
70000362449.128311
70000069556.837463
70000328776.687988
70000014120.196365
70000339788.001923
70000917598.664597
70000018448.096405
70000049836.309998
70000734048.592911
70000856483.425583
70000986271.832535
70000300779.641495
1.000000
70000478373.847336
70000748517.295761
70000604745.991577
70000121968.860413
70000240233.377243
70000188226.265656
70000955093.301102
70000281179.087387
1.000000
70000293550.383408
70000550817.690521
70000280358.108734
70000100590.550354
70000368784.226105
70000505232.554581
70000548418.376083
70000987334.436203
70000208329.027634
70000846156.976547
70000166612.746780
70000606746.412750
70000162695.000092
70000884143.042923
70000131495.690277
70000606116.701782
70000774446.955231
70000526856.188873
70000796557.814713
70000995947.779144
1.000000
70000643247.298218
1.000000
70000569130.455658
70000845155.448227
70000191684.238693
70000399509.965622
70000285517.012390
70000996581.517990
70000288966.606476
70000691759.401535
70000583602.623856
70000032383.962357
70000238141.483932
70000823394.967224
70000601591.326599
70000296832.887985
70000434583.807800
70000321035.938583
70000015082.679398
70000097985.410629
70000052770.663223
70000892515.787888
70000285367.117035
70000919712.144913
70000603727.039169
70000693950.005722
70000398060.438492
70000704447.987991
70000350662.947891
70000620882.126724
70000350596.248703
1.000000
70000283935.570374
70000026415.366943
70000615382.396255
70000973216.350174
70000900691.080963
70000640195.477951
70000030728.353256
70000613807.909760
70000216220.202637
70000220848.655182
70000754253.702347
70000537000.127747
70000799453.358780
70000061106.886581
70000746986.111969
70000801897.456940
70000456992.813065
70000356223.089020
70000762805.666183
70000371417.056183
70000346687.482773
70000651234.518753
70000834964.697830
70000476524.826324
70000370678.278824
70000532809.973999
1.000000
70000569212.668991
70000097948.793564
70000822864.017609
70000868806.156235
70000302934.107605
70000858880.596252
70000991850.405045
70000718208.740295
70000715425.449142
70000460998.372086
70000722813.323090
70000027744.433167
70000705085.625320
70000847952.988190
70000491835.600815
70000437716.605148
70000692191.321335
70000236417.001236
70000318017.324966
70000160298.028931
70000563219.377380
70000036478.060318
70000227701.695312
70000057952.524490
70000470632.955048
70000850822.388657
70000122817.174042
1.000000
70000901998.015717
70000286980.969177
70000607530.085144
70000014236.572815
70000659923.958176
70000111854.129059
70000449635.017197
70000867219.856506
70000715015.809494
70000117657.307693
70000281622.758713
70000380897.866302
1.000000
70000419986.135788
70000166244.317001
70000324902.652695
70000506770.113312
70000820236.836990
70000664323.146851
70000300214.247070
70000218847.814011
70000229803.937164
70000777376.745743
70000577563.935608
70000820891.349304
70000689852.579102
70000119857.642014
70000284602.376511
70000486373.905975
70000033034.492981
70000839233.383820
1.000000
70000413872.255280
70000863327.166763
70000492315.820923
70000820991.095840
70000377186.514099
70000752911.067459
70000691757.497162
70000164325.920486
70000678547.369202
70000220839.625076
70000312125.231857
70000647801.995041
70000221805.140274
70000442581.231827
70000007579.710968
70000053603.686600
70000485703.906982
70000765578.432327
70000788862.722565
70000732438.649231
70000508998.539627
70000853574.890274
70000827616.081268
70000043210.188522
70000334514.597626
70000893095.648483
70000087079.218719
70000452963.809692
70000886750.435440
70000194191.102951
70000749231.507309
70000224659.682999
70000813249.822327
70000808464.476349
70000369509.034546
70000314822.861923
70000719557.310654
70000381282.639481
70000745406.652145
1.000000
70000047748.419601
1.000000
70000474570.601181
70000432626.904755
70000655163.660507
70000262492.777878
70000773060.159012
70000771653.187927
70000415928.480179
70000928810.847443
70000886040.013123
70000980213.668716
70000196447.962280
70000181478.591949
70000656969.612198
70000368795.788712
70000070656.546448
70000126712.010223
70000758029.341354
70000458781.528030
70000884724.883438
70000327370.855774
70000570748.609283
70000490358.395767
70000892657.936371
70000444759.336929
70000450626.883682
70000681613.786087
70000275960.161102
70000878082.931274
70000220226.349136
70000223557.910370
70000467059.812317
70000671770.700729
70000885051.524261
70000284971.058640
70000102585.169907
1.000000
70000314850.334747
70000598470.603500
70000614544.200531
70000475464.890411
70000632938.894394
70000768337.401047
70000579621.225159
70000590263.142944
70000281365.875671
70000041658.787842
70000212655.301590
70000998617.607132
70000282576.035172
70000280378.207306
1.000000
70000471597.429779
70000306475.514023
1.000000
70000466691.736435
70000931277.568741
70000223069.508621
70000662042.680527
70000122421.966644
70000073578.551636
1.000000
70000225039.894028
70000880983.650436
0.33
 0 0 0 0 0 0 0 0 0 0 0 0 0
