1 401
70000895957.902054
70000608638.582581
70000252377.976746
70000344752.050507
70000468908.101471
70000249524.167816
70000388796.185959
70000313091.041138
70000280576.145294
70000339936.238098
70000447086.395752
70000267038.566284
1.000000
70000828853.328140
70000292919.367889
70000772053.986664
70000914667.831680
70000970339.523804
70000983231.000122
1.000000
70000179011.402374
1.000000
70000432659.876572
70000715587.965820
70000016125.110733
70000720302.964844
70000041310.208374
70000822526.172714
70000839197.150162
70000924741.716537
1.000000
70000570443.738419
70000055766.224319
70000244342.701767
70000192853.065399
70000669503.352402
70000895738.981628
70000130892.792374
70000934937.925278
70000525680.150208
70000580786.203674
70000135121.364410
70000930853.041397
70000358406.799072
70000394365.692413
70000194086.236557
70000732885.368530
70000842172.150131
70000296955.718262
70000075154.298630
70000903914.958588
1.000000
70000282633.787201
70000548033.898773
70000281637.017441
70000936606.128403
70000456802.824936
70000366285.297989
70000551275.613968
70000534807.853439
70000447283.920349
70000924207.721756
70000994794.046585
70000331421.015930
70000150520.208282
70000852158.242401
70000984418.166138
70000530151.041412
70000036715.576920
70000846043.128448
70000067408.348312
70000520782.155685
70000644965.591461
70000075524.655167
70000285151.365234
70000231846.730530
70000950426.268967
70000147394.999832
70000234030.164246
70000965178.840012
70000639597.996063
70000613899.075363
70000143536.775558
70000496721.509918
70000606762.169189
70000662815.683685
70000027052.228165
70000365789.494781
70000812188.915009
70000731367.444366
70000606757.554871
70000971798.032257
70000078416.343231
70000851651.682312
70000004914.416489
70000258180.476501
70000755785.076538
70000360501.730667
1.000000
70000621199.897278
70000728420.726593
70000844373.102524
70000782736.802521
1.000000
70000945236.710709
70000138433.059753
70000160178.365616
70000734670.894516
70000263066.647812
70000331591.442291
70000811516.716690
70000964511.551086
70000742999.967804
70000420050.135132
70000954118.738358
70000768911.901840
70000775820.088531
70000572753.881516
70000054361.543396
70000159899.740524
70000277796.500381
70000220113.170166
70000639812.463165
70000318945.239410
1.000000
70000014533.161621
70000364557.944046
70000468106.969162
70000635374.075760
70000821673.667267
70000793321.442566
70000105828.674683
70000907497.232285
70000069695.588318
70000435694.895233
70000475573.243774
70000903145.384262
70000309252.011948
70000118891.229355
70000598695.300430
70000485429.926834
70000363029.584656
70000767503.631241
70000672504.958328
70000244155.805923
70000703906.829285
70000338688.937103
70000023986.067474
70000636372.755310
1.000000
70000730867.094177
70000423096.354980
70000062514.242630
70000105393.153687
70000147301.493210
70000008962.112030
70000523267.942078
70000533833.159943
70000710842.966522
1.000000
70000660996.148834
70000956537.477203
70000000813.424667
70000676787.860596
70000795811.526855
70000614834.279922
70000029331.831558
70000058287.066330
70000802481.798004
70000252568.841431
70000787544.474274
70000085891.623367
70000183310.143738
70000590489.082474
70000274667.136017
70000764325.146408
70000078147.777359
70000773719.336655
70000265633.774246
70000731212.357147
70000683302.846405
70000599718.931595
1.000000
70000484025.709045
70000730818.338074
70000460689.694717
70000099977.190506
70000173202.237762
70000077101.847595
70000205869.743271
70000758868.100922
70000831223.181625
70000318233.748413
70000639335.611862
70000559491.229538
70000241769.492966
70000984223.064926
70000508867.650940
70000127389.511597
70000539392.983124
1.000000
70000123014.136383
70000708869.478989
70000154267.761841
70000984746.753326
70000838202.063034
70000393860.486664
70000489150.054306
70000447354.788116
70000284936.885635
70000091577.353012
70000212339.965866
70000230636.328079
70000865854.146225
70000506065.895569
70000425943.597031
70000737775.408524
70000246632.076202
70000279125.361237
70000834543.301407
70000824468.999069
70000801434.913574
70000298248.179031
70000744186.699387
70000797855.878006
70000800587.793549
70000781241.820816
70000060297.021713
70000142450.090683
70000953324.899612
70000967506.291382
70000953952.939072
70000279263.614044
70000418682.154999
70000477572.089630
70000456088.888901
70000438708.375351
70000919671.870377
70000614899.508057
70000634133.130814
70000406700.434845
70000419159.395462
70000073035.237106
70000562774.019073
70000895344.702148
70000179453.863892
70000993687.062439
70000280292.805817
70000924705.673874
70000036964.089798
70000392098.654556
70000651272.974609
70000899138.019669
70000154197.630035
70000097876.953049
70000314200.235260
70000409038.479889
70000782841.535675
70000570296.892944
70000225613.662613
70000366862.545471
70000364520.632523
70000475749.448669
70000028913.533173
1.000000
70000786343.289413
70000256078.316833
70000874065.825241
70000644846.401306
70000528335.136169
70000401402.623489
70000414864.805573
70000694395.878479
70000314352.958160
70000526557.576172
70000984081.888046
70000093043.961700
70000251159.824600
70000636687.739777
70000653783.049393
70000635743.524780
70000522803.732773
70000829592.797485
70000449785.268906
70000244105.493744
70000526417.780106
1.000000
70000697287.471039
70000495698.475266
70000673996.499084
70000185207.860321
70000151357.611496
70000696542.539780
70000763206.757828
70000423747.217834
70000903174.095963
1.000000
70000047568.954727
1.000000
70000431942.021286
70000164898.495346
70000900434.801636
70000229559.385956
70000925520.828659
1.000000
70000217426.334274
70000257144.992981
70000052720.736938
70000300179.391037
70000196263.830261
70000517969.073196
70000969595.269287
70000725876.164902
70000787935.407776
70000621280.907730
70000995378.727509
70000183032.649384
70000451339.794876
70000307174.563080
70000500222.046555
1.000000
70000182983.070648
70000551459.183060
70000417956.346588
70000333164.374069
70000611950.931931
70000794958.569016
70000237987.334885
70000792546.652283
70000652471.987976
70000552024.762527
70000513512.618927
70000754851.029190
70000868118.437653
70000549155.455551
70000765837.861542
70000701608.302948
70000982874.006165
70000648670.211945
70000547739.801788
70000311126.626770
70000763898.964081
70000392266.783035
70000518883.694931
70000550784.698547
70000484286.022186
70000187102.381531
70000133082.469955
70000578520.962677
70000292185.604050
70000713888.299881
70000008947.751160
1.000000
70000099368.585419
70000048587.650009
70000116700.481018
1.000000
70000291021.143616
70000330832.883255
70000038647.531967
70000268334.450302
70000541914.223129
1.000000
70000681234.912170
1.000000
70000950413.098267
70000421365.950089
70000130110.572052
70000310127.458633
70000608683.632095
1.000000
70000679434.894241
70000845277.319260
70000578893.416489
70000405600.950150
70000876473.665100
70000367008.692276
70000375734.743179
1.000000
70000250504.548096
70000586452.160797
70000940283.349136
70000001539.817078
70000720363.465561
70000915090.782608
70000665913.589615
70000175175.588562
70000770482.569427
70000215860.897781
70000576763.867981
70000130833.074921
70000241885.487808
70000029261.205200
70000427569.735306
70000226802.263763
70000471602.160873
70000191881.313507
70000968209.122482
1.000000
1.000000
0.33
 0 0 0 0 0 0 0 0 0 0 0 0 0
