1 401
70000174754.378387
70000317802.038269
70000725848.662033
70000646330.280075
70000039567.995499
70000745966.208191
70000837227.001328
70000765904.584091
70000936980.319077
70000210373.023163
70000978542.011444
70000875221.553162
1.000000
70000732658.735901
70000056448.950623
70000926989.706894
70000327276.253784
70000704455.182922
70000557846.841492
70000027377.502182
70000077959.848587
70000700078.757507
70000700443.689163
70000498302.592575
70000639496.360519
70000852666.755478
1.000000
70000729655.631088
70000211109.376953
70000652353.834122
1.000000
70000870869.175018
70000273508.710464
70000603994.157257
70000082661.074249
70000182967.402115
70000601061.686783
70000242816.380310
70000959763.239395
70000095482.933151
70000706727.534119
70000060139.908234
70000822891.644165
70000961198.670792
70000875795.431305
70000859069.784424
70000079456.839310
70000831366.369263
70000240366.686844
70000913720.568481
70000725937.459808
1.000000
70000656885.175674
70000387948.412384
70000230516.230637
70000397874.485840
70000384865.000504
70000165020.317490
70000995513.268021
70000811472.576050
70000739023.450882
70000211145.509964
70000900358.545456
70000311142.843231
70000248952.051605
70000902684.765656
70000072503.647400
70000948120.684113
70000933300.655502
70000546042.793945
70000372303.796280
70000338745.319672
70000862075.683090
70000484286.530014
70000114763.595322
70000623673.450073
70000191444.181656
70000067822.574585
70000602708.838120
70000255485.529419
70000589785.421494
1.000000
70000031768.742844
70000780790.916245
70000510645.575302
70000494771.437958
70000257028.511444
70000437224.901443
70000818036.175217
70000081313.788330
70000048335.111969
70000903062.543015
70000350881.845062
70000450014.962234
70000441826.791931
70000626173.886765
70000650636.527252
70000997917.561813
70000600834.210968
70000572163.060867
1.000000
1.000000
70000888591.380997
70000813408.698471
70000292413.373322
70000323967.645660
70000489094.463287
70000933555.000488
70000525790.747681
70000908617.643448
70000350809.907333
70000157106.646408
70000391530.238266
70000834203.859421
70000919298.628174
70000180944.507690
70000915640.853210
1.000000
70000412791.376144
70000512861.806366
1.000000
70000782290.026062
70000901420.804489
70000156054.028076
70000959743.518204
70000125537.404633
70000339204.293076
70000864109.206146
70000563381.467453
70000648948.127075
70000547994.041672
70000367830.227692
70000629845.872498
70000547445.846893
70000957747.756821
70000385706.369522
70000484921.333282
70000311258.341507
70000657293.277588
70000239333.492508
1.000000
1.000000
70000042908.259277
70000074721.004044
70000127473.034866
70000941918.286072
70000786907.387512
70000015378.998810
70000309023.461578
70000659418.226913
70000820342.126846
70000354794.962677
70000799169.308945
70000308045.212906
70000865721.418320
70000146141.348251
70000437909.545990
70000117362.856766
70000122647.851303
70000075031.634491
70000186852.611328
70000376522.183990
70000854216.216461
70000346446.261017
70000470138.441528
70000505596.898331
70000164784.763260
70000553164.710510
70000950984.385559
70000279212.189224
1.000000
70000038874.912140
70000677826.306976
1.000000
70000856569.430542
70000714164.697571
70000888455.237091
70000365503.184082
70000632423.010681
70000606429.387833
70000691661.084030
70000257534.959137
1.000000
70000494493.653732
1.000000
70000598794.464371
70000028692.782013
1.000000
70000384294.274872
70000378596.903336
1.000000
70000719264.195312
70000730617.762985
70000362760.477676
70000991380.000717
70000977461.139938
70000746440.333511
70000461056.553741
70000787758.962982
70000658319.077972
70000824406.009399
70000265862.111191
70000195515.912033
70000170937.913544
70000484888.813278
70000216354.638596
70000450309.191940
70000417231.037003
70000132820.286591
70000618200.742249
70000304690.380844
70000588432.975449
70000296967.964188
70000490318.959671
70000323996.702576
70000896650.429367
70000636609.440231
70000221410.581268
70000480234.379288
70000566766.676361
70000515196.228836
70000681342.821518
70000864601.984711
70000884407.739731
70000357526.047760
70000582349.887177
70000361923.938644
70000292062.317734
70000206061.187851
1.000000
70000446777.308899
70000848585.938690
70000365556.563553
70000490558.377625
70000328336.576157
70000499823.609802
70000631096.546753
70000882812.478790
70000263620.529053
1.000000
70000719392.482010
70000985614.773407
70000393391.474503
70000450188.137741
70000207528.013977
70000479131.630402
70000441919.226486
70000579067.062012
70000477994.328140
70000250936.451996
70000282523.872498
70000113594.993866
70000605826.456406
70000043788.855881
70000671839.079529
70000588574.534622
1.000000
1.000000
70000502095.911285
70000177706.014725
70000554131.656464
70000782569.931442
70000864849.131485
70000132529.045441
70000269417.581024
70000811452.113403
70000735134.201324
70000040738.295746
70000134073.612778
70000556285.680939
70000899427.830215
1.000000
70000883063.395096
70000936544.923889
70000055983.401520
70000024133.801682
70000339386.248611
70000597186.732925
70000792812.236954
70000451522.739258
70000202604.444611
70000956135.263550
70000001571.070862
70000113001.563171
70000818020.766693
70000997087.088760
70000257468.754730
70000566332.915939
70000183803.036636
70000423449.041168
1.000000
70000104245.862030
70000401832.824265
70000292602.563889
70000490732.160400
70000377045.586014
70000862789.777527
70000694077.201553
70000556016.158630
70000446882.858704
70000949276.136353
70000120167.821884
70000107072.943893
70000802125.229080
70000803129.210297
70000772710.397110
70000156301.383652
70000500873.333466
70000786479.704865
70000358639.684784
70000484783.642929
70000906545.948502
70000865972.002487
70000318811.581741
70000999090.436172
70000438653.884735
70000436458.989410
70000581433.316711
70000510150.715515
70000746131.085907
70000419079.471558
70000506259.490814
70000098970.825043
70000915213.383438
70000152798.333252
70000369487.065552
70000722143.330795
70000905155.510559
70000483873.539230
70000173620.015884
70000999525.506241
70000931762.873505
70000245817.360428
70000490253.210587
70000398241.793701
70000076377.725616
1.000000
70000195671.236160
70000363580.168762
70000666023.750336
1.000000
70000478630.538116
70000234968.730316
70000008279.578842
70000413019.403259
70000173499.785309
70000736605.361938
70000974682.525177
70000632335.555008
70000455176.233322
70000914932.355118
70000224202.934052
70000025309.689560
70000173337.426575
70000791092.254547
70000540909.980911
70000839972.951141
70000102847.145523
70000139182.894928
70000059704.590179
70000425341.999985
70000425886.325684
70000598775.554413
70000188528.128571
70000328938.183624
1.000000
70000144098.738144
70000254062.232895
70000450574.664795
70000310469.276840
70000621524.835495
70000381957.776505
70000240432.645721
70000650152.174347
70000356306.763565
70000131026.915375
70000936116.360962
70000247966.063721
70000627541.639847
70000315958.385422
70000207445.994659
70000530670.468323
70000353566.987457
70000482497.652771
70000828027.419144
1.000000
70000967771.437561
70000483145.188263
1.000000
70000513402.273407
70000762826.265854
1.000000
70000317079.435074
70000410010.993164
1.000000
70000537635.488098
70000954323.581100
70000875915.324677
70000086510.850754
70000324705.398422
0.33
 0 0 0 0 0 0 0 0 0 0 0 0 0
