1 401
70000406498.581314
70000460514.951462
70000758316.168747
70000865780.255508
70000093435.402588
70000682013.435486
70000600665.516968
70000832078.010132
70000018071.480743
70000092100.646683
70000344851.654419
70000442758.940720
70000570546.030273
70000764005.571045
70000986962.889526
70000397375.720123
70000443740.586090
70000369625.866730
1.000000
70000830726.099808
70000483455.412628
70000955566.411423
1.000000
70000384711.185471
70000110341.521912
1.000000
70000301408.253754
70000449106.097015
70000485391.342697
70000714142.392181
70000545098.886444
70000992238.712891
70000019269.870895
70000567605.529053
70000248777.784515
70000000382.341415
70000039966.738602
70000228386.828308
70000409045.998840
70000963038.788025
70000935685.495392
70000598520.764709
70000551096.651627
1.000000
70000822032.658218
70000784491.434067
70000917007.919601
70000303539.676041
70000517693.602432
70000782617.477142
70000000453.022324
70000117911.592972
70000136755.713715
70000063908.179337
70000736886.564499
70000579628.723953
70000489530.212692
70000796530.485840
70000034491.527283
70000155832.909698
70000091326.492844
70000191298.469223
70000416377.796921
70000405436.446838
70000187410.032196
70000570524.003494
70000554997.022919
70000040227.489853
70000116600.315247
70000220863.782028
70000273105.661896
70000908021.892166
70000992717.200363
70000244599.521347
70000680138.444443
70000216935.642105
70000518997.336426
70000800115.332291
70000846478.692825
70000368219.572815
70000669194.667511
1.000000
70000851230.056549
70000582940.918381
70000250939.835678
70000733362.860092
70000797675.281403
70000092232.200760
70000924968.173096
70000996126.091400
70000666083.523071
70000336137.898514
70000127307.328918
70000126305.389374
70000491301.795776
70000074805.316177
70000266875.188705
70000705912.395599
70000328127.264984
70000271992.779526
70000817580.296738
70000609901.454727
70000039430.882919
70000405779.120087
70000776991.337250
70000090545.300766
70000619119.168167
70000520421.745712
70000863697.679260
70000826048.873611
70000298363.924225
70000562790.564056
70000203717.827011
70000955819.922913
70000118178.401535
70000224076.995773
70000695190.720154
70000782659.040009
70000978859.147812
70000405067.083405
70000985828.256363
70000278236.891510
70000995687.600250
70000263828.255890
70000307590.757675
70000512803.927612
70000709576.887726
70000724448.463898
1.000000
70000387195.370361
70000401986.968307
70000887677.600601
70000352723.797424
70000923181.803009
70000988297.719604
1.000000
70000795120.108826
70000036516.390274
70000042093.451263
70000824074.610107
70000178173.878311
70000268590.928116
70000253371.524658
70000105294.273880
70000635508.840927
70000192296.025360
70000685229.599808
70000287824.167969
70000124027.746582
70000100596.175278
70000060792.420090
1.000000
70000052496.772064
1.000000
70000255874.360046
70000371014.201782
70000731812.994415
70000888220.341782
70000741387.631195
70000819612.042847
1.000000
70000683511.607147
70000015361.056320
70000444385.738800
70000550869.921783
70000152184.417725
70000495996.997543
70000283563.896042
70000959912.951630
70000421227.918518
70000306572.279312
70000790350.333481
70000445285.470154
70000578067.217651
70000638241.502594
70000196100.220856
70000495373.867599
70000259044.335938
70000620378.552856
1.000000
70000852197.547028
70000553779.557678
70000237711.612228
70000730499.989304
1.000000
70000302851.213425
70000635849.821365
70000027651.484726
1.000000
70000220349.205917
1.000000
70000365215.801361
70000099742.674194
70000300142.769623
70000996682.204788
1.000000
70000590542.103134
70000376344.269882
1.000000
70000326289.147171
70000756807.722351
70000506075.537796
70000668006.655609
70000644306.217422
70000858978.976120
70000223401.542664
70000022107.821579
70000379780.807343
70000019620.479675
70000045650.195938
70000951473.548340
70000705488.213669
70000044813.132980
70000912011.294525
70000581509.148575
70000753965.468048
70000656824.546844
70000055538.957947
70000145022.328354
70000731807.036484
70000482385.295898
70000635865.570541
70000054208.580719
70000121063.932999
70000568058.618256
70000842138.367264
70000878389.563599
70000709606.754456
70000385504.648041
70000094139.621948
70000174844.909409
70000903567.765686
70000738625.434799
70000860843.148834
70000956018.201019
70000415911.603256
70000781632.576935
70000670909.047943
70000858796.604004
70000214659.863556
70000857179.943253
70000246455.616760
70000199999.674835
70000893722.172043
1.000000
70000460012.260834
70000762681.525345
70000549498.789383
1.000000
70000162064.080612
70000195738.079803
70000991705.765427
70000788615.918030
70000476005.154495
70000184413.219940
70000316968.481781
70000124436.368622
70000933173.450531
70000483006.895538
70000075108.285797
70000073056.841431
70000568905.876587
70000207077.721313
70000088340.699020
70000036412.277374
70000249442.990402
70000383207.335800
70000108271.726181
70000164406.257874
70000132584.677887
70000462706.426224
70000777546.067520
70000333566.609955
70000956335.912567
70000696761.216187
70000295123.674942
70000360354.835449
1.000000
1.000000
70000161128.136414
70000166938.621277
70000364209.772263
70000755733.673950
70000724979.036072
70000559193.723618
70000456944.196869
70000072782.139465
70000049471.251968
70000403402.037537
70000365541.788193
70000993062.185089
70000456735.161224
70000399324.377457
70000524151.255371
70000825998.593491
70000933189.292419
70000119450.738556
70000156249.281052
70000283250.725220
70000854887.535721
70000074605.438187
70000552343.025986
70000401290.226288
70000574508.673843
70000534293.044876
70000721741.669296
70000546707.417175
70000272340.768158
1.000000
70000541441.556305
70000232777.198349
70000877100.697403
70000285078.310547
70000969756.521484
70000710223.774078
70000862474.595612
70000414743.702988
70000541642.371078
70000788873.638092
70000098878.258270
70000534317.184387
70000478684.644058
70000482182.028992
70000614903.531525
1.000000
70000157472.231812
70000845469.192795
70000721873.845612
70000036570.738525
70000581333.139282
1.000000
70000750692.576981
70000498950.963333
70000459735.186981
70000445020.466110
1.000000
70000343155.869812
70000192928.394592
1.000000
70000441834.010025
70000997592.362595
70000869804.239273
1.000000
70000420751.181168
70000727835.738342
70000173375.220352
70000702591.402893
70000151695.703125
70000641477.398087
70000568261.781189
70000530593.349808
70000377236.348160
70000479347.239807
70000222233.012115
70000171293.830933
70000237476.773834
70000962119.152847
70000396558.833984
70000297989.655502
70000259632.088104
70000576129.296585
70000396408.917908
70000269746.778427
70000754066.348999
70000163628.916321
70000791564.696396
70000359659.863510
70000736061.937958
70000917211.854218
70000801171.792130
70000006713.172928
70000685473.359116
70000556426.903549
70000439013.913132
70000840387.633850
70000277695.949387
70000477251.031311
70000968274.933990
70000254540.022324
70000390668.528107
70000971295.476532
70000309652.572113
70000195586.883514
70000695614.593811
1.000000
70000338155.890213
70000574836.787491
70000156329.143860
70000190778.939224
70000779416.133881
70000622989.078079
70000686959.350418
70000598440.410675
70000342831.092392
70000037833.832413
70000449128.682617
70000364516.738007
70000865099.939911
70000831767.338913
70000234060.533585
0.33
 0 0 0 0 0 0 0 0 0 0 0 0 0
