1 401
70000414330.126846
70000588960.827240
70000461899.107315
70000508562.566223
70000103093.267090
70000663881.155685
1.000000
70000503370.078232
70000323901.636810
70000500933.108414
70000658521.765457
70000489482.390228
70000393101.541275
70000612564.533386
70000330350.323242
70000061590.549957
70000832112.287048
70000712907.562912
70000721431.974014
1.000000
70000437991.957047
70000786241.242264
70000633306.472794
70000437019.458862
70000877803.119278
70000710137.959442
70000480034.038071
70000687608.986862
70000749657.163239
70000891017.428497
70000609298.593567
70000552983.080780
70000714952.185379
70000344542.349930
70000139470.215134
70000086391.863937
70000241730.707245
70000809795.447449
70000368227.111740
70000138718.646164
70000094385.387894
70000792090.858276
70000940571.153656
70000483395.130325
70000987043.917984
70000488624.295502
70000249426.589523
70000160354.929352
70000565777.702988
70000081893.649689
70000707539.316223
70000497396.207870
70000966263.125366
70000737299.506073
70000108993.330826
70000245855.065796
1.000000
70000451491.819504
70000694396.265823
70000418494.493546
70000912595.238876
70000549225.217102
70000282216.956543
70000063294.791275
70000666087.806458
70000196049.967361
70000323488.360550
70000888355.697632
70000695320.616104
70000404700.029129
1.000000
70000481400.479126
70000872943.346970
70000076319.248718
70000034507.783707
70000310080.891434
70000819635.432892
70000453065.984314
70000784790.844711
70000666613.747314
70000636101.051178
70000530220.567825
70000005766.778870
70000287279.537018
70000207489.485031
70000823297.002640
70000114665.519501
70000893500.883240
1.000000
70000280717.235275
70000348034.474976
70000303951.455154
1.000000
70000916978.582687
70000339350.479431
70000526581.562408
70000692418.967529
70000120547.223984
70000312375.694641
70000340806.193253
70000418792.542313
70000968723.298309
70000758701.465317
70000707569.149597
70000369530.480484
70000727367.740021
70000192268.257446
70000128620.366425
70000734323.770981
70000275537.050980
70000007306.753433
70000765164.037933
70000885186.857315
70000769385.997818
70000496866.083496
70000727330.955811
70000907373.551819
70000083871.704239
70000688679.827621
70000676559.502869
70000896401.624985
70000380446.918655
70000703030.787460
70000257286.918320
1.000000
70000934382.102341
70000357302.439484
70000286818.177277
70000255039.375397
70000401440.943054
70000079987.502350
70000688056.718323
70000423263.653152
70000465823.205246
70000509361.798416
70000936084.922455
70000548571.854874
70000099766.739853
70000141695.345840
70000252574.742966
70000813457.765015
70000359349.255508
70000106175.264114
70000195848.574432
70000729724.815613
70000186991.030731
70000828851.837448
70000593974.970230
70000737668.771591
70000995399.225510
70000708362.996765
70000773658.320541
1.000000
70000012331.956497
70000767263.165344
70000433526.441086
1.000000
70000797013.626221
70000221988.953110
70000104149.577621
70000332788.711227
70000330627.259567
70000121618.360077
70000111432.502075
70000044144.443771
70000313494.287277
70000582465.637344
70000479948.092133
70000410179.537369
70000645980.668991
70000604022.492844
70000069132.474396
70000289105.944351
1.000000
70000218618.687210
70000661719.467499
70000590435.193283
70000448177.662537
70000347340.923660
70000953943.414658
70000868795.164810
70000488776.853485
70000895418.724731
70000019921.557266
70000025354.248260
70000928703.412811
70000928093.924896
70000688260.511505
70000980766.950348
70000468376.713486
70000025229.217667
70000049497.856506
70000917392.595016
70000206055.311737
70000980916.741928
70000862631.176163
70000566687.371857
70000528718.859879
70000346318.792313
70000057596.433304
70000316172.214645
70000777072.675659
70000159530.093277
70000453171.881775
70000863438.496155
70000013227.630997
70000546538.351410
70000817361.712463
70000172936.786362
70000762508.664536
70000296834.361298
70000892823.025330
70000683363.152176
70000536471.462219
70000315517.737656
70000149096.912262
70000455293.970093
70000992791.471313
1.000000
70000130063.289597
70000961584.358368
1.000000
70000874946.475052
70000679461.382401
70000389176.713623
70000331682.532410
70000884343.567261
1.000000
70000027801.804932
70000864668.184357
70000744867.858398
70000322286.339081
70000831081.884583
70000732494.458725
70000688558.096222
70000604165.423752
70000679627.784119
70000555327.194321
70000957494.217606
70000275126.224731
70000140757.139694
70000638711.590164
70000916782.523010
70000206506.129929
70000370645.307770
70000834691.662659
70000057353.069855
70000165800.941940
70000553766.344971
70000635714.149902
70000941068.564255
70000559069.525787
70000289977.297806
70000324857.058517
70000725292.948669
70000507062.453293
70000930987.866898
70000282708.855087
70000502673.765518
70000978629.892059
70000454501.496048
70000526822.970169
70000270343.662003
70000715376.721069
70000828625.023026
70000983105.564819
70000255276.584061
70000280432.346207
70000326599.543182
70000045394.629379
70000889313.654343
70000162800.217911
70000155916.104797
70000858981.997589
70000588987.499435
70000287498.517502
70000817852.972839
1.000000
70000636895.768402
70000803459.069229
70000093349.079086
70000428360.400375
70000040605.866272
70000721874.416992
70000830229.716721
70000409588.984787
70000455660.662872
70000234271.681046
70000379122.211670
70000929750.184708
70000145365.699661
70000053624.525162
70000106839.473892
70000289912.804901
70000766313.184357
70000230973.751617
70000055213.026688
70000325563.148499
70000972728.296921
1.000000
70000959431.312408
70000707506.832474
70000493812.058914
70000389387.775085
1.000000
70000268802.055893
70000207821.651627
70000946774.535156
70000224379.432495
70000237283.549667
70000198210.942337
70000415339.425217
70000534443.467819
70000914287.094055
70000557535.833374
70000215944.173218
70000981572.490036
70000230367.809814
70000109008.117523
70000779049.677002
70000831554.940277
70000211821.363754
70000492895.273956
70000519038.895905
70000379321.277130
70000704071.928772
70000616671.590210
70000576582.161591
70000319456.120895
1.000000
70000385048.169159
70000810109.052719
70000764127.528656
1.000000
70000541721.891525
70000763665.383575
70000567186.581177
70000361333.876556
70000487770.263229
70000716338.270157
70000428759.209732
70000684409.412247
70000876281.077225
70000207879.092804
70000246592.363647
1.000000
70000649765.504807
70000797629.815552
1.000000
70000369516.898636
70000971324.105469
70000114582.990829
70000344730.510529
1.000000
70000203476.011597
70000049515.336624
70000374459.030792
70000863762.478958
70000488132.408676
70000060341.215805
1.000000
1.000000
70000271862.068527
70000077485.380310
70000862266.985214
70000308974.679626
70000819298.095612
70000928710.708221
70000459428.562057
70000303167.166351
70000993266.963730
70000258374.762070
70000544478.005264
70000707792.001770
70000377491.841263
70000878790.437256
70000593448.888458
70000222733.002609
70000723585.169525
70000859229.586868
1.000000
70000329389.451370
70000028201.929642
70000886231.036819
70000264892.629379
70000665740.677078
70000427712.343933
70000505837.368286
70000896296.452316
70000442071.954559
70000886700.779556
70000838805.945007
70000588721.186844
70000619764.455582
70000803913.055557
70000582643.583633
1.000000
70000606774.817627
70000827644.990845
1.000000
0.33
 0 0 0 0 0 0 0 0 0 0 0 0 0
