1 401
70000567533.039124
70000277706.870163
70000520276.420197
70000091015.265549
70000323837.403000
70000857247.883636
70000606674.784683
70000004263.833099
70000343736.084732
70000689589.484192
70000082125.516006
70000449436.866989
70000924182.760818
70000474891.981842
70000772203.915634
70000454912.031815
1.000000
70000866145.847809
70000256421.088150
70000568849.458435
1.000000
70000354366.467438
70000105417.863190
70000705551.001999
70000559989.717438
70000214156.916702
70000371356.034958
70000525729.928986
70000901329.448425
70000159914.569138
70000193474.921341
1.000000
70000422595.657791
70000033836.872482
70000534314.898239
70000666091.895981
70000986879.817795
70000501182.858429
70000983433.893677
70000269474.963455
70000704957.477997
70000164134.669922
70000032163.710419
70000739450.652039
70000418748.752731
70000839722.756989
70000085792.721207
70000433405.235291
70000674438.558167
70000457754.812576
70000450209.816345
70000640554.812485
70000617687.058441
70000798422.965286
1.000000
70000528921.751816
70000667598.024124
70000915047.215500
70000079286.847488
70000372198.850433
70000575864.317841
70000716355.431534
70000835459.423737
70000073995.167725
70000107703.969238
70000762352.240051
70000261504.569504
70000996293.502823
70000838113.035446
70000269195.394775
70000472412.266602
70000208563.751648
1.000000
70000079990.984558
70000777690.077255
70000933532.869598
70000332673.877731
70000798607.873535
70000016050.647339
1.000000
70000715626.394867
70000329002.382187
70000184925.261551
70000984596.453079
70000671372.207184
70000346431.181671
70000960248.973465
70000348555.789185
70000183684.469574
70000613020.909653
70000923481.236267
70000701259.293991
70000379074.568771
70000455110.154358
70000500213.360565
70000006064.135056
1.000000
70000311573.411041
70000308536.761322
70000348072.828217
70000029130.802292
70000712924.010132
70000200917.243332
1.000000
70000925684.323959
70000516898.899384
70000522222.565445
70000355554.410416
70000928740.406937
70000401115.416946
70000953301.147461
70000477455.856812
70000744348.772018
70000697608.219147
70000698796.145294
70000802981.345428
70000632681.851791
70000324932.469406
70000281711.032883
70000847354.279984
70000033433.543701
70000361596.768112
70000105066.662476
70000813166.919632
70000718628.033218
1.000000
70000883936.860397
70000271670.569946
70000827800.513840
70000150534.957291
70000141093.696091
70000564228.785767
70000780319.304138
70000623420.810867
70000414629.207565
70000163467.302856
1.000000
70000742133.281158
70000090481.044693
70000047804.547165
70000958559.804779
70000566764.661270
70000593684.175568
70000361330.121582
70000118826.925507
70000634023.997772
70000382215.703445
70000756982.061600
70000641219.402115
70000080245.823120
70000033864.009964
70000264349.086273
70000092075.682388
70000015053.854294
70000374811.987686
70000543862.521240
70000868356.112198
70000743263.221512
70000142329.320679
70000896713.726517
70000525702.088089
70000339193.638824
70000306493.371048
70000888171.738174
70000713548.505951
70000504549.642731
70000873530.807281
70000830748.486588
70000385806.533371
70000879903.708405
70000064613.462967
70000589138.286240
70000078398.360657
70000704789.879425
70000281395.556061
70000454860.336868
70000616256.461868
70000269191.433746
70000015536.615662
70000369651.123764
70000980805.890732
70000165773.742264
70000920953.761124
1.000000
70000550539.021454
70000860169.546021
70000234857.650604
70000963580.437241
70000236025.777069
70000571092.909531
70000406252.183441
70000926031.328018
70000504328.808533
70000291643.410706
70000760712.633850
70000574860.063431
70000678895.664032
70000723991.898132
70000241185.065308
70000182682.463699
70000977711.085541
70000661925.769913
70000696935.181778
70000891121.911255
70000725907.276382
70000883037.006149
1.000000
70000293605.900589
70000432005.241364
70000668656.889542
70000698215.101898
70000238167.553467
1.000000
70000784958.165665
70000090441.736160
70000950465.988022
70000508295.247849
70000689518.372269
70000244819.058701
70000997894.210541
70000193779.205902
70000257011.154770
70000982542.172546
70000401947.779282
70000962297.476074
70000290101.476395
70000943858.366058
70000612494.413086
70000688362.377518
70000249920.018585
70000229745.960129
70000982733.354141
70000086336.602814
70000227686.054520
70000366467.991928
1.000000
70000449706.313995
70000599026.649307
70000378048.763351
70000762536.541229
70000585683.585297
70000614998.874741
70000920864.564850
70000520584.788483
70000263181.878113
70000374992.124924
70000203086.305908
70000468731.238266
70000057814.275314
70000015641.314377
70000943023.261520
70000574049.828430
70000219100.626999
70000366590.228058
70000756883.288483
70000830992.240738
70000615646.142990
70000547807.820755
70000007303.394348
70000611910.651962
70000921936.943237
70000092889.380585
70000688534.180649
70000114303.980362
1.000000
70000320887.482727
70000786710.694214
70000097790.992996
70000978982.441086
70000491097.315659
70000478414.087250
70000007012.355103
70000373693.229507
70000784349.342834
70000180603.743164
70000831052.950027
70000151406.837341
1.000000
70000111395.669250
70000035003.832932
70000136462.821930
70000207552.908554
70000046335.499557
70000884562.897110
70000589602.152039
1.000000
70000755942.063309
70000093588.942734
1.000000
70000607965.960480
70000467590.562592
70000503544.345764
70000747065.187256
70000326702.908249
70000085957.484772
70000266265.413727
70000362703.221512
70000412235.241714
70000932152.241318
70000511131.420425
70000171843.429443
70000000515.883011
70000686362.637466
70000795372.449860
70000301976.594604
1.000000
70000294361.821030
70000934046.591370
70000683481.354767
70000318718.348587
70000654234.171219
70000435621.369415
70000327885.840958
70000004431.888840
70000574063.200684
70000155758.329697
70000724106.502960
70000040449.362717
70000878399.078979
70000878655.100906
70000430560.756104
70000834914.892654
70000602825.246353
1.000000
70000186680.848755
70000039435.470718
1.000000
1.000000
70000576206.305664
70000082867.048599
70000067038.089233
70000433054.322464
70000672063.127563
70000210793.357376
70000491532.723251
1.000000
70000919718.843781
70000681220.459869
70000138176.639297
70000781295.456726
70000550240.039734
70000247038.711258
70000383902.278046
70000042224.435593
70000309950.285995
70000146127.038879
70000412644.944107
70000841893.989777
70000719827.215988
70000943480.050125
70000699781.672485
70000561025.233734
70000596145.264328
70000180856.803299
70000939740.585861
70000016792.280853
70000782234.521591
70000482548.191544
70000289785.553482
1.000000
70000115619.826523
70000955897.979889
1.000000
70000409017.247391
70000994949.973953
70000776089.771652
70000992840.860718
70000571332.688339
70000140073.012115
1.000000
70000445414.120499
70000879671.779541
70000836548.823029
70000691971.626938
70000472744.956009
70000213743.482864
70000705582.099594
70000545275.748993
70000569867.874985
70000433742.991135
70000371750.453339
1.000000
70000450027.737045
70000026516.059067
70000143408.792572
70000198021.435715
70000791611.082932
70000646743.955902
70000869689.554520
70000757398.864120
70000342719.584717
70000665694.838150
70000374222.099548
70000490842.501968
1.000000
70000222918.880753
70000448837.633240
70000152987.995712
70000130119.089783
70000350567.767853
0.33
 0 0 0 0 0 0 0 0 0 0 0 0 0
