1 401
70000403031.917465
70000122420.717850
1.000000
70000409408.273773
70000048496.548096
1.000000
70000172574.284973
70000396318.546249
70000948433.858231
70000211323.807266
70000357157.404587
70000311057.495514
70000112453.441696
1.000000
70000399187.507187
70000196091.492081
70000918392.775665
70000207440.234238
70000404838.120636
70000861768.457047
70000868549.457138
70000604876.756256
70000306984.213501
70000764087.384811
1.000000
70000164197.834335
70000795891.982132
70000503438.343643
70000506742.343979
70000430596.986710
70000384222.607361
70000433678.798004
70000378948.604630
70000413356.711197
70000790645.575272
70000876911.088760
70000675065.042130
70000726502.285675
70000379135.430237
70000803235.575134
70000884059.933441
1.000000
70000429687.181564
70000922396.664871
70000968464.321838
70000673045.606262
70000005782.424576
70000986922.916443
70000062262.526489
70000358505.268387
70000653741.375290
70000064011.395859
70000226237.485825
70000733333.309311
1.000000
70000838360.140976
70000313111.357529
70000646832.448853
70000019070.232590
70000232537.694992
70000155873.796677
70000515178.415298
70000040760.890228
70000446882.249771
70000331336.468948
70000933394.073044
70000823995.457153
70000343380.561813
70000003864.190140
70000701312.874054
70000821346.004761
70000341460.598495
70000887207.331360
70000467667.074478
70000989856.100067
70000511194.755966
70000775565.113480
70000616206.378174
70000165982.578171
70000743057.787094
70000730307.525589
70000994656.714691
1.000000
70000276887.934006
70000132624.686996
70000334562.111145
70000749733.295639
70000493808.910645
70000047316.862717
70000618508.810593
70000413525.477081
70000605284.797180
70000883101.732941
70000771982.909653
70000239836.334869
70000260097.638809
70000220104.210953
70000194121.578979
70000739894.622864
70000024496.030319
70000259937.080902
70000167145.803741
70000285454.350647
70000337601.410477
70000207919.965775
70000035495.588547
70000548845.539383
70000819804.532944
70000603142.939209
70000302533.836395
70000403653.270111
70000284861.139709
70000064059.910843
70000905466.580811
70000442354.659637
70000949451.473846
1.000000
70000831421.389648
70000524244.651764
70000821372.212433
70000768532.633499
70000191627.813995
70000196179.454651
70000025973.139740
70000410319.584671
70000999224.241959
70000868200.759354
70000518760.774063
70000033903.695450
70000692422.998383
70000315308.347153
1.000000
70000467856.751160
70000694888.657761
70000828079.147064
70000461870.655502
70000111962.282715
70000770836.489685
70000893720.620636
70000125709.235687
70000015429.241730
70000912101.978470
70000829450.814316
70000947972.400299
70000168190.921082
70000904975.529770
70000644120.677017
70000722327.861725
70000848742.622589
70000802459.250259
70000979749.828720
70000107200.948975
70000405484.917572
70000248177.963577
70000871209.372482
70000572292.393906
70000791903.586761
70000377595.718903
70000199360.130615
70000618117.200226
70000289419.546051
70000635987.426895
70000970903.572083
70000847640.959473
1.000000
70000229905.161392
70000887556.443100
70000687408.607590
70000465611.133881
70000242044.250366
1.000000
70000319415.665207
70000174644.587265
70000342547.413559
70000809077.066208
70000417843.268478
70000150112.029373
70000397663.605270
70000815268.942108
70000775502.635040
70000666137.441467
70000590449.767212
70000602194.210403
70000885406.552612
70000041704.745361
70000033814.975418
70000881134.762146
70000967079.790024
70000188294.388321
70000241027.152206
70000311909.158722
70000482122.325806
70000163048.229523
70000175517.490631
70000959579.530579
70000838326.239075
70000526661.578568
70000201681.815125
70000484753.417007
70000226382.644638
70000729910.844101
70000772919.833557
70000269681.055695
70000818598.848801
70000990897.404022
70000071460.744293
70000638486.353104
70000488794.740982
70000173947.238449
70000066342.604462
1.000000
70000749211.363831
70000102562.899872
70000427178.464417
70000574219.624252
70000668041.559341
70000610150.307816
70000317221.044556
70000675997.399475
70000532250.591141
70000776470.824875
70000912449.414627
70000195251.211670
70000580339.946564
70000872016.303253
70000072564.110077
70000079385.541428
70000368798.462402
70000524769.541260
70000103164.573471
70000382152.416641
70000446148.720612
70000847137.107407
70000664020.157883
70000533128.283890
70000318537.377487
70000091450.848450
70000228487.306122
70000847020.217255
1.000000
70000627982.993805
70000507706.430511
70000739003.925232
70000023308.725128
70000480921.335312
70000750175.163300
70000927053.956131
70000260660.860336
70000488028.193420
70000646544.405792
70000509678.928497
70000906587.655350
70000843799.031143
70000776091.658981
70000302437.773300
70000759304.600952
70000546624.237076
70000162114.320770
1.000000
70000327178.088928
70000009369.777023
70000776730.891693
70000843781.256699
70000697038.285736
70000322885.946823
70000535951.873077
70000775440.895325
70000491272.698257
70000801549.687897
70000243147.234573
70000176905.421417
70000173331.243607
70000607307.113953
70000407594.432785
70000540864.019943
70000822871.110291
70000196597.814667
70000224200.839020
1.000000
70000496157.552475
70000102100.702423
70000209781.824234
1.000000
70000395514.215500
70000190359.174774
70000348703.603729
70000633957.653610
1.000000
70000285701.669647
70000382841.361954
1.000000
70000514715.752060
70000247595.407364
70000706268.480164
70000446700.271439
70000972824.523972
70000295705.718994
70000377686.742493
70000863506.896118
70000184733.886963
70000982520.788757
70000517617.549744
70000421868.263412
70000867922.631714
70000227457.969040
1.000000
70000435358.878693
70000790573.616776
1.000000
70000266314.637604
70000538250.552383
70000765905.324509
70000248100.380264
70000672035.332962
70000771899.054550
70000903699.900909
70000215530.074722
70000662812.997650
70000549557.314651
70000350122.238663
70000768266.794373
70000695553.743439
70000233688.184601
70000260502.978638
70000068711.572174
70000883726.650528
70000762078.078003
70000164951.806091
70000870978.785629
70000046563.249878
70000172424.348434
70000243057.798660
70000547293.072632
1.000000
70000295341.743423
70000194913.159790
1.000000
70000931191.102585
70000951271.410019
70000139810.033066
70000136405.716034
70000851377.598160
1.000000
70000223388.941147
70000972194.454102
70000685890.082672
70000721156.780823
70000762233.768600
70000354985.535980
70000304164.314972
1.000000
70000754402.619064
70000106313.204529
70000469557.100143
70000984931.947159
70000406141.612183
70000329981.754257
70000361468.781937
70000120790.196060
70000683809.136246
1.000000
70000584479.940964
70000504153.502258
70000101887.293823
70000555716.834961
70000086734.634491
70000883482.265335
70000202734.177826
70000849766.889114
70000850650.671768
70000105602.842117
70000455194.757004
70000091457.583633
70000471363.055313
70000472864.788864
70000837736.997269
70000174675.188568
70000556044.100601
1.000000
70000128105.609268
70000117727.893921
70000557244.634674
70000376344.106384
70000505484.769791
70000427791.445480
70000405513.402756
70000678528.059555
1.000000
70000400065.833817
70000422766.640854
70000239671.012207
70000859577.904694
70000476777.264999
70000549523.498535
70000021988.329041
70000949740.363281
70000581668.850525
1.000000
70000838192.336609
70000514352.994019
0.33
 0 0 0 0 0 0 0 0 0 0 0 0 0
