1 401
70000900331.786636
70000902629.768509
1.000000
70000469467.660492
70000585969.173080
70000636026.130798
1.000000
70000707243.929504
70000419676.960312
70000440644.828186
70000683076.781067
70000637210.129395
70000554820.718399
70000398379.915543
1.000000
70000364751.272141
70000022798.646545
70000163362.746078
70000991708.433151
70000280598.375854
1.000000
70000236308.599030
70000060484.349640
70000511078.118042
70000254243.237869
70000260940.376038
70000687129.045731
70000084985.385437
70000231419.181244
70000327831.201096
70000640431.518051
70000560280.369614
70000135271.424973
70000341165.983658
70000716909.157104
70000971187.489487
70000310860.410355
70000463430.887543
70000325725.474274
1.000000
70000099397.800659
70000698583.606430
70000691180.183868
70000174072.544037
70000465384.051834
70000697497.439178
70000142808.402313
70000909065.059174
70000503580.161835
70000957872.949158
70000113502.976196
70000153545.783249
70000424508.990204
70000749280.642960
70000947237.204544
1.000000
70000941688.753464
70000858856.476547
70000637385.648132
70000379657.775772
70000949639.657898
1.000000
70000139041.250519
70000482272.279404
70000164924.884933
70000566907.540741
70000674363.823135
70000350672.761307
70000957447.123535
70000937973.245575
70000258793.821930
70000843133.879440
70000686962.373322
70000865319.789093
70000015366.419525
70000234246.335800
70000691181.893661
70000501905.227783
70000162386.150314
70000504650.769867
70000928625.267715
70000351874.698868
70000413536.237930
70000889309.671341
70000151378.350037
70000309320.324600
70000148946.375580
70000070526.278015
70000620282.682648
70000203406.624649
70000454416.996750
70000900944.292709
70000650935.526688
70000915353.762558
70000150288.751282
70000651561.240112
70000039861.689438
70000582875.906448
70000710924.801071
70000876131.461746
70000886848.654343
70000979507.162079
70000598924.585541
70000196737.609680
70000178366.607529
70000163743.389191
70000221277.243439
70000420433.759888
70000569602.078339
70000295800.467361
70000242926.824768
70000140432.813889
70000068498.502609
70000483794.942230
70000201608.600662
70000072913.490204
70000186108.008911
70000891203.794708
1.000000
1.000000
70000672477.595001
70000020283.721558
70000466023.199509
70000233969.288055
70000694028.247406
70000760218.729462
70000959025.732727
70000622729.619461
70000583454.961273
70000764546.213150
70000721614.599197
70000764707.160568
70000477135.371704
70000214558.650589
70000125302.301147
70000415278.455246
70000530721.986633
70000560273.516373
70000304663.921906
70000971153.469315
70000138201.392410
70000420553.939789
70000461204.954269
70000958832.082748
70000031838.703369
70000334533.841873
70000768126.193680
70000048443.250809
70000630945.974686
70000380893.426910
70000697213.739044
70000928669.152695
1.000000
70000956308.157089
70000846326.086548
70000898992.532700
70000082610.069885
70000209448.498444
70000041088.951889
70000917917.240326
70000717826.751297
70000977094.456100
70000841630.524780
1.000000
70000389312.172684
70000829179.563553
70000622650.986511
70000366075.994965
70000062986.117615
70000273440.722702
70000478371.949570
70000377474.201813
70000952707.285919
70000308231.090546
70000437104.464157
70000643963.631287
70000923777.126816
1.000000
70000743783.834122
70000918198.848862
70000832271.375748
70000234223.880203
70000327294.103043
70000031845.290176
70000978948.366806
70000663196.717224
70000207500.857819
70000999340.789185
70000641842.088989
70000961729.351379
70000480248.675797
70000963037.712219
70000113567.817642
70000523406.918823
70000581813.402054
70000145061.160828
70000201208.674164
70000115128.435425
70000967297.919983
70000808885.503677
70000493663.724396
70000156546.116867
70000396099.224335
1.000000
70000946264.969604
70000840283.154297
1.000000
70000064648.877686
70000665945.117233
1.000000
70000988177.991287
70000819667.505539
70000919048.340836
70000697852.848984
70000055926.435349
70000656765.278091
70000943998.801117
70000091639.431442
70000559900.454956
1.000000
1.000000
70000709086.241837
70000293557.624695
70000995923.561966
70000591003.816299
1.000000
70000274007.595932
70000333056.150406
70000142578.862091
70000961073.225433
70000627143.110809
70000157592.343384
70000515217.162399
70000503834.708527
1.000000
70000806370.687286
70000927069.968994
70000079757.350769
70000165581.811874
70000533134.176315
70000175147.352982
70000082607.214127
70000916255.302795
70000033163.316467
70000084195.128799
70000799507.509109
70000958370.301071
70000468073.476593
70000477776.459625
70000181708.571564
70000244592.280792
70000933575.237732
70000912885.713730
70000096419.677444
70000876595.721970
1.000000
70000260282.077820
70000818395.275955
70000520430.642105
70000523841.680634
70000482367.283829
70000563555.072250
70000548970.183228
70000857077.038025
70000097310.963562
70000668205.277008
70000896985.145554
70000434087.961639
70000578182.591034
70000884002.809769
70000416539.894653
70000326516.096085
70000514379.043945
70000012871.534866
70000796444.513336
70000702960.819702
70000702752.474991
70000700070.779114
70000946635.322647
70000122925.393082
70000007262.594330
70000119022.589401
70000992233.405884
70000683311.846283
70000901497.104553
70000040362.497116
70000225692.781738
70000987978.636810
70000127159.886856
70000900945.371918
70000294124.449280
70000897373.865311
70000454954.330963
70000365221.227966
1.000000
70000952397.649200
70000832896.978317
70000237675.933716
70000430627.221848
70000739006.687958
70000814082.269638
70000173576.469971
70000885191.704956
70000907567.202194
70000469825.135086
70000637542.006470
70000133313.840744
70000644224.475830
70000661850.938492
70000562369.342361
70000305582.706741
70000232822.069931
70000397841.306992
1.000000
70000212493.094772
70000173782.577606
70000916520.486069
70000947696.359116
70000035992.532639
70000843196.725922
70000624419.321671
70000377419.650772
70000124117.109833
70000691439.387848
70000273239.906189
70000349622.534943
70000232715.565140
70000191149.232849
70000550836.574860
70000176204.367981
70000455824.114471
70000759575.339813
70000698701.026627
70000043460.247208
70000190673.332626
70000250703.773926
70000431178.253845
70000361811.806351
1.000000
70000513179.625381
70000422886.454422
70000752868.908371
70000880616.377655
70000985419.818497
70000220739.808350
70000130334.252350
70000753479.348755
70000236710.603973
70000152904.554123
70000311332.058701
70000477449.311630
70000271484.961838
70000488837.376373
70000341952.229034
70000474942.261688
1.000000
70000145060.428574
70000239555.464645
70000686651.371033
70000630354.218292
70000560605.008499
70000426125.490173
70000471303.471390
70000742249.945602
70000466728.896744
1.000000
70000143561.613159
70000154006.149109
70000375148.734741
70000778197.602509
70000757773.953201
70000751084.768036
70000642698.726334
70000069896.968887
70000539059.375854
70000006256.727417
70000138343.531265
70000576989.220963
70000422567.218704
70000939438.575516
70000547927.287827
70000513972.884949
70000818688.567352
70000514605.259766
70000309875.354080
70000685256.822220
70000105499.355026
70000378520.575409
70000235003.916931
70000435379.046295
70000338285.358780
70000040251.021606
70000196136.260559
70000804155.168686
1.000000
70000609371.214478
70000490195.821564
70000209351.134720
70000609062.321625
70000122010.878418
0.33
 0 0 0 0 0 0 0 0 0 0 0 0 0
