1 401
70000331755.236847
70000399450.313644
70000206786.472122
70000688285.715591
70000633985.102951
70000704011.147064
70000399258.242661
70000442561.396957
70000159372.473160
70000270014.669617
70000864443.026672
70000572601.449295
70000643800.464279
70000292780.185791
70000916902.632782
70000463486.004379
70000950153.901382
70000133218.625412
70000852171.900177
70000514982.212967
70000367222.997238
70000662513.539291
70000857497.901321
70000921449.200272
70000539576.348328
70000774101.344727
70000828608.883759
70000698647.423889
70000677804.743652
1.000000
70000857041.625259
70000089505.639725
70000410781.482697
70000433648.491501
70000833224.577759
70000284763.401062
70000145180.004395
70000181886.087082
70000607427.745941
70000245778.165009
70000341803.831329
70000591753.593307
70000306000.277328
70000386344.845612
70000924669.719879
70000433795.752060
70000811062.876099
70000940166.057800
70000133359.205933
70000581897.000687
70000678553.130798
70000809158.971222
70000160895.110153
70000088586.511459
70000443642.137207
70000984209.988663
70000220381.546860
70000992722.314087
70000204129.201920
70000579637.592728
70000345637.067963
70000553881.843735
70000771556.645248
70000480360.659973
1.000000
70000809296.085907
70000266466.396164
70000629766.877121
70000993308.618332
70000711163.549255
70000820070.780457
70000249123.402420
70000380602.310638
70000909151.699234
70000012433.320023
70000353166.710678
70000356859.049057
70000477916.568558
70000721157.247864
70000257260.669647
70000757809.400558
70000269404.514221
70000380221.411850
70000817355.779327
70000283920.606735
70000073884.820831
70000753012.361801
70000813664.623520
1.000000
70000720075.261276
1.000000
1.000000
70000394310.066162
70000809922.606598
70000582633.633774
70000056923.443344
70000244589.877533
70000565125.784439
70000250770.356598
70000226469.944778
70000246267.707458
70000387903.365601
70000358588.908234
70000808333.771286
70000152282.343124
70000002064.182220
70000072480.361176
70000697235.249161
70000608340.807404
70000251319.672104
70000726206.207962
70000796150.185242
70000184184.575897
70000168347.983307
70000221235.776932
70000730201.978928
70000100395.747620
70000452956.220047
70000497022.547668
70000659219.040451
70000279920.731918
70000349341.589706
70000077534.304398
70000019339.344467
70000843107.005508
70000433447.459259
70000318420.501511
1.000000
70000091238.387451
70000079242.043442
70000464682.694092
70000964970.733521
70000788597.925461
70000736595.565933
70000250237.034241
70000212126.738861
70000346922.306122
70000563159.901276
70000684061.039124
70000109852.768951
70000453275.106537
70000940008.342590
70000849793.160080
70000125363.301315
70000927513.635117
70000026773.905411
70000221941.121155
70000609512.967010
70000313910.556122
70000670143.801315
70000913219.892410
70000458352.291306
70000502508.377594
70000556539.318161
70000934437.733337
70000093626.112137
70000084365.512512
70000897929.914444
70000544076.033051
70000484316.468658
70000208968.923416
70000975838.964584
70000362806.108017
70000031752.969955
70000988615.408829
70000687495.848236
70000314956.474564
70000629149.569763
1.000000
70000712471.802780
70000759922.777832
70000130067.860138
70000114198.745560
70000874784.466782
70000261012.530014
70000304540.951492
70000741496.914322
70000990973.084702
70000817905.624588
70000491492.272873
70000304323.471588
70000764024.134262
70000882395.476303
70000022434.954071
70000998309.198822
70000237903.070053
70000870569.202026
1.000000
70000068802.371017
70000196179.127991
70000700916.884613
70000551235.179001
70000351856.392853
70000113089.903214
70000270231.517319
70000303257.846649
70000054340.585327
70000250695.516357
70000070456.529190
70000178937.793320
1.000000
70000343244.273529
70000555885.228470
70000304811.887222
70000707920.678070
70000556927.426361
70000182883.518417
70000713888.287109
70000263476.507233
70000205936.290558
70000345197.670959
70000944548.470444
70000959237.014282
70000822326.279312
70000631364.786011
70000071636.870972
70000548299.243073
70000366170.020477
70000616881.041885
70000932024.368362
70000577550.340347
70000507129.570450
70000649305.290771
70000388227.404587
70000332046.357941
1.000000
1.000000
70000583481.237274
1.000000
70000969552.698059
70000403817.501801
70000708968.565659
70000372760.524887
70000934902.611069
70000459198.308868
70000020616.345673
70000608109.932678
1.000000
70000566214.916626
70000624349.026367
70000628711.069260
70000411444.154221
70000893956.095413
70000028713.769180
70000843831.627747
70000141542.609818
70000787679.675934
70000459746.222076
70000141396.492599
70000285903.126083
70000828655.586578
70000002423.774979
70000270941.566895
70000580370.381226
70000751473.521515
70000805757.060593
1.000000
70000992473.914032
70000303950.669876
1.000000
70000579988.438461
70000661981.606430
70000202607.056885
70000757694.164536
70000000949.354431
70000755736.731430
70000000290.536346
70000946429.349152
70000987395.954971
70000656586.463470
70000701752.740387
70000248581.447098
70000621729.129959
70000273563.555252
70000300531.017609
1.000000
70000809906.372421
70000118064.574417
70000702899.738068
70000699186.418945
70000140645.435760
70000957144.202271
70000609485.129456
70000995562.586060
70000899937.686142
70000076270.380966
70000555820.980637
70000438219.732086
1.000000
70000688245.053528
70000986651.259354
70000884666.256073
70000456251.213943
70000576539.469971
70000404631.352859
70000142671.424789
70000427241.393311
70000849610.804764
70000135186.741653
70000801048.060532
70000823877.945724
70000033595.608002
70000464466.685760
70000574368.092697
70000155485.930573
70000830329.106430
70000903762.872681
70000070166.173691
70000719141.591812
70000047600.142471
70000579282.931351
70000080705.668793
70000258290.666122
70000190604.225052
70000058442.791016
1.000000
1.000000
70000041209.816025
70000626769.662888
70000956316.715714
70000187552.301117
70000478040.598541
70000927627.359482
70000310024.381592
70000207970.146683
70000469330.181580
70000597883.991791
70000135304.020767
70000347091.970047
70000823322.084793
70000278441.860870
70000860125.116257
1.000000
70000409017.223831
70000644313.732147
70000854218.549393
70000770205.872803
70000580512.522720
70000107320.312347
70000831377.334229
70000912018.180664
70000567588.039810
70000901283.995544
70000467244.738983
70000614977.144028
70000249921.032211
70000622391.764603
70000920923.305481
70000896879.003418
70000887840.473557
70000338407.600021
70000366333.164719
70000126440.951813
70000876901.638153
70000157454.959335
70000278217.594971
70000006267.501999
1.000000
70000798762.516891
70000226435.008682
70000772426.441360
70000585295.018295
1.000000
70000940926.397797
70000756019.991898
70000836951.289719
70000470009.983261
1.000000
70000487111.613922
70000759185.396667
70000907206.135757
1.000000
70000800282.443527
70000077528.432648
70000380068.505890
70000938034.157806
70000744892.302628
70000959062.870621
70000356113.499634
70000791117.450912
1.000000
1.000000
70000065340.124130
70000462144.380707
70000581195.561127
70000169724.711075
70000891729.059784
70000178173.016571
70000638636.679840
70000358087.568161
70000378027.852264
70000607968.261002
70000068287.425690
70000782113.784119
70000389451.314667
70000124166.558167
70000164269.127075
70000290826.272995
70000380572.673538
70000578418.758026
0.33
 0 0 0 0 0 0 0 0 0 0 0 0 0
