1 401
70000848868.061432
70000910802.224228
70000889588.836517
70000223751.082245
70000104590.205109
70000551366.142059
70000396202.146301
70000923819.894470
70000949986.501450
70000214593.216583
70000591583.920990
70000099410.503845
70000519092.237106
70000817645.063477
70000763083.089035
70000197940.097015
70000676909.390930
70000624883.411057
70000429867.094376
70000695769.049042
70000491042.273178
70000732700.906937
70000615835.807266
70000217931.938141
70000444588.184830
70000307619.106491
70000341385.239517
70000191276.317886
70000201388.791504
70000001494.445984
70000091280.966141
70000573289.664856
70000976304.628738
70000210747.554810
70000028553.184311
70000826035.894882
70000416278.941818
70000549779.187424
70000027426.839813
70000460016.903198
70000639928.788895
70000934504.348816
70000252716.838669
70000455411.882874
70000972992.446335
70000445094.843155
70000143974.459320
70000505577.466507
70000203488.929245
70000626686.304962
70000944271.003174
70000353663.945297
70000535502.927231
70000984133.319016
70000954949.597336
70000695050.500412
70000818529.681244
70000956945.119568
70000763605.099167
70000548313.886536
70000409706.198593
70000153475.598129
70000144106.061234
70000597397.341080
70000456760.126740
70000666620.546539
70000075071.492447
70000722352.218521
70000551621.959259
70000308153.274551
70000943601.260803
1.000000
70000812973.055130
70000649396.565475
70000662791.141098
70000336354.970352
1.000000
70000501123.697235
70000504554.038788
70000847351.263168
70000962053.357117
70000672230.827499
70000159239.185440
70000885341.002304
70000019924.306854
70000497164.879013
70000131401.688385
70000397795.517227
70000853207.774200
70000504546.717377
70000723274.653687
70000931549.932693
70000421338.892944
70000682135.160126
70000643421.555344
70000307578.997162
70000390239.516342
70000527284.215714
1.000000
70000939911.352661
1.000000
70000028756.757584
70000627030.134247
70000399261.262253
70000835847.656799
70000644443.776688
1.000000
70000152808.163193
70000593413.569305
70000598138.655151
70000235972.263748
70000744110.213760
70000089568.039566
70000710454.629868
70000482944.718750
70000350759.284470
70000214934.004242
70000304770.793060
70000665798.181061
70000273790.702866
70000009376.750320
70000128826.576965
70000893349.531921
70000811582.225266
70000513135.486435
70000812519.816162
70000461428.555939
70000829071.157501
70000326913.055603
70000025917.199768
70000467608.054840
70000901947.281982
70000010407.280548
70000743673.275726
70000457974.575195
70000475021.644333
70000823111.641647
70000442205.311371
70000942260.283646
70000955567.567139
70000084161.893738
70000599087.317993
70000033807.647629
70000410286.508743
70000559212.242493
1.000000
70000961840.541962
1.000000
70000638723.362885
70000966972.110550
70000397214.764282
70000615890.079010
70000516851.491150
70000064526.418076
70000295064.098724
70000711918.791046
70000409893.890884
70000027804.738022
70000918114.882904
70000132612.827545
70000336460.311234
70000743445.834061
70000338596.000305
1.000000
70000129199.652390
70000672868.980255
70000133484.309509
70000305345.100983
70000637571.730331
70000161633.153229
70000500862.285278
70000443079.475510
70000953100.814789
70000085182.469849
70000221444.224838
70000477630.570511
70000087836.725357
70000822815.449066
70000240639.971069
70000557645.498001
70000306583.486008
70000339800.291016
70000356376.749435
70000513293.561081
70000471578.358261
70000621848.829193
70000340436.958389
70000825773.920273
70000618467.956802
70000101508.656952
70000084900.800934
70000930079.939713
70000482897.918976
70000829776.651886
70000696797.868637
70000685707.045975
70000628192.597565
70000314006.474579
70000081305.053619
70000070466.003784
1.000000
70000991752.387970
70000620130.655716
70000715891.006348
70000936520.527954
70000839001.024612
70000013488.418091
70000315617.855759
70000873231.458694
70000233197.237076
70000127627.815948
70000596945.999664
70000213380.786270
70000902945.343918
70000205471.814453
70000303654.844040
70000926793.842392
70000450562.460632
70000768018.149170
70000912547.483810
70000965993.893646
70000398346.950760
70000760443.376465
70000087235.511292
70000490412.021103
70000725368.944336
70000248194.614807
70000868171.939621
70000680895.503540
1.000000
70000544162.478104
70000501425.480133
70000735410.139893
70000089259.946655
70000988901.278931
70000074419.012817
70000957883.202072
70000268278.887817
70000122329.978790
70000577659.776779
70000162999.235611
70000700680.966156
70000486440.873611
70000716646.709793
70000924880.437866
70000454574.033203
70000449954.545197
70000354323.280594
70000962085.440948
70000023334.041077
70000840456.458221
70000610206.509048
70000479211.971252
70000528981.825790
1.000000
70000409731.269287
70000036099.754486
70000106210.456161
70000797453.183395
70000971925.905945
70000150412.716980
70000947645.309570
70000398734.389389
70000975878.103088
70000280245.546280
70000525690.464005
70000614033.351700
70000249068.120193
70000746097.873871
1.000000
70000491620.201477
70000073423.696518
70000671291.698990
70000975226.876373
70000306840.279266
70000162034.332932
70000277408.504318
70000202654.265549
70000090449.355743
70000658017.925079
70000571699.457642
1.000000
70000087931.249054
70000491857.849380
70000102641.461304
70000732716.145798
70000049734.019165
70000851404.710876
70000001604.148880
70000892750.573273
70000812028.992233
1.000000
70000757553.882690
70000832078.186218
70000610433.272812
1.000000
70000760867.887909
70000809759.895248
70000834620.699600
70000574802.124710
1.000000
70000619803.276962
70000448358.164413
70000708574.539871
70000084267.628189
70000237902.416183
70000169965.625870
70000998869.672775
70000119357.128708
70000114654.906906
70000645673.549042
70000696383.208588
1.000000
70000234254.588593
70000967877.773041
70000738499.224335
70000231953.131821
70000489066.908295
70000202320.370865
70000889385.779724
70000570152.915878
70000446530.083679
70000495939.879776
70000416108.628860
70000321703.082428
70000651648.669983
70000411280.862076
70000698460.287064
70000896400.224686
70000372645.347305
70000526858.224594
70000011404.110031
70000577834.285065
70000822482.244736
70000564139.193542
70000343668.858627
70000523703.503372
70000834347.805191
70000030362.463257
70000661203.150818
70000629242.926834
70000682384.481903
70000925191.531097
70000103262.844208
70000588365.552826
70000113743.009918
70000441186.471512
70000389890.169891
70000943674.753784
70000186672.684464
70000075818.878189
70000121373.615646
70000707174.709396
70000142076.101685
70000684317.848160
70000953004.217026
70000005675.860245
70000515104.780670
70000548830.432312
70000461231.450836
70000651857.421906
1.000000
70000277853.151642
70000446670.556915
70000251400.819000
70000625092.959473
70000644024.257889
70000251707.886887
70000051541.791397
70000430406.373886
70000283746.107468
70000137313.157547
70000290854.005875
70000350244.672028
70000598064.466370
70000164516.199646
70000157125.464508
70000433937.790680
70000253702.127243
70000032995.254837
1.000000
70000749329.866333
70000010933.374237
70000771698.702576
70000607532.770294
70000463604.060486
70000180790.173340
70000246916.233383
70000822629.422546
70000842843.539032
70000846815.275848
70000159257.290390
1.000000
70000588699.575226
70000661779.463318
70000430893.515366
70000272026.320679
70000807141.112686
70000888272.032227
70000999517.782516
0.33
 0 0 0 0 0 0 0 0 0 0 0 0 0
