1 401
70000992466.146027
70000808179.624557
1.000000
70000862277.900864
70000017273.652603
70000564602.283432
70000656617.749390
70000713831.787323
70000173115.161240
70000162777.522430
70000215856.065491
70000508591.743362
70000779380.498611
70000369253.381470
70000501940.059128
70000419009.403900
70000431663.653214
70000344393.112305
70000835719.667511
1.000000
70000109445.772568
70000695864.822418
70000014055.498138
70000565210.786057
70000607482.268692
70000629496.387009
70000499560.310745
70000107712.277466
1.000000
70000479918.601135
70000544014.189911
70000242470.012436
70000630354.364883
70000570285.834991
70000132986.443375
70000203324.412170
70000545285.256393
70000533119.563339
70000805881.799362
70000542390.231155
70000019393.894455
70000188812.426254
70000394716.642258
70000104011.906738
70000831506.369629
1.000000
70000507392.289520
70000575127.369720
70000281177.714218
70000277733.362915
70000826983.082993
70000355557.968079
70000858566.535568
70000351942.230057
70000548545.816238
70000244592.818497
70000774475.493973
70000318573.350037
70000100668.771744
70000453522.717957
70000677423.041962
70000655111.925354
70000095587.904160
70000664604.696747
70000939295.941818
70000276419.867706
70000803814.749268
70000097338.147415
70000697462.828278
70000323301.486160
70000206050.897964
70000904457.280457
70000078575.094299
70000798642.738220
70000139609.852478
70000730787.356079
70000244388.363693
70000773873.784332
1.000000
70000070393.342163
70000925098.274063
70000281423.644455
70000211792.139404
70000903001.475235
70000174780.846405
70000769289.401260
70000059321.448578
70000492351.369507
70000833584.048752
70000253894.252716
1.000000
70000480486.927765
70000301227.334366
70000654411.820816
1.000000
70000209933.191086
70000866650.860474
70000076202.350967
70000171655.422302
70000676767.954895
70000267565.702026
70000725584.158737
70000552461.574417
70000441649.228683
1.000000
70000837352.805099
70000777929.533295
70000040959.503128
70000421377.949707
70000637313.082108
70000650218.629486
70000653157.829895
70000425426.515076
70000757231.582397
70000706116.802399
70000003767.980957
70000900051.110260
70000285325.400284
70000680338.178787
70000968730.872528
70000624682.614258
70000106225.284897
70000205232.993881
70000218917.045151
1.000000
70000963290.946350
70000329906.204697
70000064609.876495
70000503494.675171
70000995538.083939
70000861112.579575
70000749512.205688
70000980085.964172
70000932935.376999
70000887209.571899
70000526946.561600
70000574853.021606
70000497172.760773
70000890559.969864
70000552683.006653
70000926081.547668
70000889142.000412
1.000000
70000879622.442383
70000081757.317200
70000386210.142441
70000276579.021164
70000851639.775818
1.000000
70000990853.727966
70000870900.978302
1.000000
70000075333.813904
70000434847.076813
70000848448.641449
1.000000
70000178614.525330
70000982359.117722
70000698437.254395
70000389386.693787
70000859633.441467
70000795987.853058
70000419456.518555
70000163172.550339
70000421280.340347
70000420042.942764
1.000000
70000976846.609329
70000796050.460922
70000126393.471344
70000237493.293671
70000947856.283722
70000643062.100021
70000505450.820694
70000950009.393845
70000270866.476990
70000747322.320648
70000308567.236115
70000170735.602844
70000603507.521378
70000216197.696930
70000981331.549973
70000224816.771698
1.000000
70000047428.328171
70000625427.100327
70000649852.636139
70000933309.839340
1.000000
70000369221.718750
70000945296.539566
70000761203.318604
70000413595.767929
70000904030.532623
70000792665.022232
70000024481.007614
70000562131.450668
70000733550.960327
70000411080.042480
70000342159.237167
70000933403.791260
70000049562.730545
70000537163.676910
70000108994.528351
70000082573.055099
70000888143.108337
70000158562.348831
70000179186.921219
70000314498.511139
70000438692.867050
70000360952.993042
1.000000
70000825947.834808
70000694052.432831
70000939336.975235
70000806490.104980
70000166570.233688
70000274271.025116
70000224515.736649
70000490398.530228
70000402591.789932
70000782310.001999
70000704806.957474
70000319593.195267
1.000000
70000918861.574478
70000544352.895691
70000922214.926300
70000277754.070892
1.000000
70000606025.494232
70000556288.451675
70000322689.315216
70000842731.563889
70000900822.758148
70000161038.377014
70000177313.159744
70000899967.072571
70000587321.911499
70000432552.634811
70000211888.771851
70000485884.841553
70000924834.608688
70000084168.088318
70000089528.033127
70000738051.444672
70000707516.340530
70000812846.102280
70000948687.441895
70000907681.280075
70000176992.961060
70000378618.712219
70000294157.547836
70000586195.357849
1.000000
70000405489.283188
70000188226.107880
70000770127.533997
70000602312.811813
70000622531.805420
70000795420.445938
70000351176.598923
70000595169.610672
70000820263.531738
70000560379.332550
70000542223.654297
70000677565.510880
70000477861.385056
70000749213.173264
70000387006.693848
70000941398.473785
70000838935.229080
70000202008.672119
70000074667.140564
70000140175.348221
70000376285.968552
70000405610.521667
70000343033.763641
70000890952.563629
70000329292.641754
70000147406.957932
70000513682.200195
70000391737.143524
1.000000
70000895253.807693
70000803211.404663
70000377501.558456
70000611098.433395
70000258742.504730
70000139554.271515
70000737586.610428
70000965180.597916
70000164151.106125
70000055631.519852
70000647924.886826
70000569152.852661
70000259875.005142
70000583487.779175
70000614503.084290
70000570064.584000
70000305095.055984
70000326371.926086
70000364969.059189
1.000000
70000724156.746185
70000099413.468674
70000546600.280792
70000704063.700195
70000696411.238495
70000752364.312210
70000397002.318390
70000946850.203934
70000791986.940857
70000496784.441696
70000071999.772842
70000828364.197296
70000304214.740067
70000884043.749710
70000428844.286453
70000673312.566544
70000139754.502609
70000749322.950531
70000167120.215668
70000128937.227188
70000473285.071732
70000944915.081329
70000024871.773376
70000555533.869278
70000629715.983841
70000720969.771500
70000073240.752853
70000695135.817307
70000331777.136597
70000779695.713623
1.000000
70000716839.381241
70000259099.260468
70000238761.928345
70000138318.965118
70000512173.871796
70000448737.808975
70000182565.802292
70000987965.659164
70000015534.597183
70000146219.565811
70000404722.863983
70000817393.549927
70000711117.261734
70000662941.620087
70000875317.852264
70000281355.361893
70000642375.684814
70000460820.637833
70000154341.929932
1.000000
70000446931.408585
70000776228.235245
70000151238.652771
70000014334.517426
70000629859.077087
70000108773.336533
70000378743.015305
70000799154.240097
70000833198.690994
70000360835.884628
70000248856.532181
1.000000
70000398821.422668
70000153913.581894
70000778315.920700
70000331617.683517
70000077814.274170
70000537370.996048
70000269130.726791
70000297643.639359
70000697920.552078
70000420989.011948
70000241975.020477
70000427699.253006
1.000000
70000810380.219711
70000207508.915054
70000564253.917084
70000708652.612442
70000364181.802963
70000858830.170990
70000542217.229889
70000248594.522812
1.000000
70000891357.970459
70000380154.951752
70000816130.288437
70000284150.721451
70000237474.372742
70000219489.992554
70000521039.819794
70000960033.887833
70000651944.974091
70000869334.996582
70000582027.414047
0.33
 0 0 0 0 0 0 0 0 0 0 0 0 0
