1 401
70000507380.291946
70000453705.965302
70000330514.406799
70000484586.382736
70000824884.587967
70000901313.737045
70000019870.776215
70000207597.655762
1.000000
70000341146.145126
70000468572.323730
70000856562.223206
70000501328.848663
70000321453.730576
70000847271.491257
70000923487.524857
70000479908.518021
70000258473.624908
70000157037.160202
70000871677.404617
70000271145.514389
70000912233.979187
1.000000
70000017596.338959
70000608499.902725
70000772161.880112
70000799832.962112
70000230867.410965
70000275777.285568
70000209058.365540
70000065795.795288
70000729710.687424
70000461332.282669
70000836580.858322
70000465475.780167
70000973238.327301
70000085817.190933
70000240255.567307
70000784729.788116
70000664190.663986
70000088782.637573
70000906196.531235
70000510622.529739
70000210280.763931
70000719271.633636
70000850547.199921
70000209736.293304
70000650309.657410
70000357894.018051
70000664931.432587
70000614207.679184
70000619917.923813
70000824573.012039
70000517115.331528
70000392137.450287
70000208494.308365
1.000000
70000353500.506073
70000216374.938507
70000346379.644211
70000265341.663315
70000456823.452087
70000188981.328812
70000648061.721191
70000955418.497665
70000532971.541245
70000516796.288177
70000021545.508926
1.000000
70000300858.673035
70000421725.412064
70000619644.502029
70000200538.596054
1.000000
70000006548.456726
70000576758.716736
70000836794.795517
70000582780.206482
70000655942.916519
70000493809.887802
1.000000
70000690228.121918
70000225876.384720
70000376296.301468
70000168226.370041
70000312629.590042
70000310037.724747
70000803167.485901
70000222138.615570
70000212360.483521
70000011191.779724
70000852265.797455
70000499343.790833
70000196466.085281
70000520687.228745
70000740232.944748
70000365999.261612
70000954476.684174
70000295433.364594
70000138911.548096
70000890326.510956
70000945547.857574
70000687587.815384
70000449239.247681
70000943597.872192
70000870295.275558
70000775821.158524
70000748298.905380
70000822495.149246
70000908116.579712
1.000000
70000072784.723160
70000720644.938461
70000281684.796829
70000414153.071640
70000652355.108795
70000888635.226425
70000515486.661682
70000762516.825668
70000608405.689453
70000493171.027237
70000760721.779114
70000335094.722443
70000625344.862900
70000893399.224899
70000110060.999207
70000227973.574554
70000965089.610291
70000981293.404800
70000915166.796036
70000829282.914001
70000372374.076157
70000026179.050156
1.000000
70000863453.322693
70000389455.136353
70000684292.511353
70000594214.376648
70000732367.925354
70000700975.485718
1.000000
70000330043.546692
70000928537.387787
70000469634.921951
70000980814.213455
70000479736.753143
70000813586.343216
1.000000
70000065624.711853
70000975143.512650
70000069785.557373
70000664039.973755
70000533976.056656
70000768803.044525
70000782430.300690
70000085169.105423
70000913596.977982
70000821790.591721
70000536290.897934
1.000000
70000716735.901169
70000405297.968567
1.000000
70000144857.908386
70000838399.190048
70000455139.902634
70000867618.624756
70000492089.210419
70000552419.251892
70000250028.573853
70000407710.599228
70000202165.173050
70000497814.715118
70000449449.139938
70000956241.734848
70000310110.554153
70000350063.329788
70000622308.365402
1.000000
70000198832.853271
70000398072.788818
70000346642.368469
70000830036.134079
70000918742.276321
70000167844.820908
70000351510.673447
70000674011.445694
70000114071.562653
70000852724.212799
70000820581.689529
70000625084.737625
70000170112.368271
70000825954.401352
70000940387.975845
70000589728.952026
70000027828.515121
70000951089.293457
70000829970.243607
70000311119.855606
70000215750.295593
70000770833.582870
70000544504.118454
70000681196.555405
70000978409.158997
70000758179.620636
70000611003.060150
70000633843.287079
70000536617.021912
70000147893.907288
70000111872.866470
1.000000
70000618268.303223
70000938208.726913
70000317300.535660
70000427003.769089
70000273151.395050
70000761895.301514
70000154568.426331
70000897394.163422
70000304860.502121
70000936439.941696
70000040355.241898
70000225602.415039
70000859704.893555
70000654642.481888
70000091334.558090
70000769250.243515
70000156308.338821
70000494885.509430
70000831022.445892
70000863211.222046
70000759687.619797
70000838450.429031
70000125526.636246
70000129455.061249
70000182671.661331
70000887043.995224
70000327154.566071
70000794540.061249
70000030911.982910
70000598474.514801
70000144957.169739
70000730295.352631
1.000000
70000391757.212875
70000643668.070084
1.000000
70000029496.909561
70000833180.027130
70000477725.467728
70000188110.173187
70000208137.150269
70000582136.724319
70000548113.627380
70000044447.394409
70000692092.514038
70000049973.193604
70000902749.405304
70000780734.803162
70000876163.786041
70000945569.598480
70000849460.769379
70000954626.591721
70000384034.417084
70000348283.288879
70000949155.002762
70000280772.687851
70000161785.911346
70000970434.811646
70000972062.787811
70000244664.334839
1.000000
70000956180.640106
70000372977.261566
70000783296.530899
70000765372.782227
70000438455.033447
70000218023.352158
70000150765.354156
70000343617.098587
70000914211.917618
70000610308.598328
70000298581.479721
70000516264.141037
70000696706.497070
1.000000
70000296293.428238
70000249341.796295
70000138129.323792
70000673981.755722
70000079486.528519
70000292322.502884
70000314470.720505
70000964322.928711
70000544220.941864
70000454765.984375
70000875718.372513
70000454600.470505
1.000000
70000063878.175583
70000709952.864304
70000452584.219940
70000795603.004333
70000252496.289032
70000679295.113541
70000706595.459244
70000053959.998444
70000165659.243286
70000861973.562759
70000139026.317596
70000076236.545776
70000103865.869629
70000972305.560104
70000392196.238159
70000350337.976257
70000955666.446960
70000647463.835938
70000245596.307877
70000481537.774307
70000962339.392456
70000832739.370209
70000580062.555084
70000229099.758453
70000506617.479218
70000184928.520065
70000544711.231812
70000058267.922150
70000714785.930817
70000588096.975525
70000508017.421539
70000300694.013672
70000027181.125870
70000654784.778870
1.000000
70000621949.438538
70000912763.464844
70000841403.753799
70000810246.738693
70000174945.146439
70000000955.327545
70000376208.442184
70000157666.655579
1.000000
70000375933.685776
70000287864.954041
70000595607.802109
70000896256.600464
70000238764.111725
70000672021.965027
70000758538.417679
70000597792.910400
70000673941.791199
70000453083.759644
70000097566.807434
70000159262.196289
70000322694.704575
70000741132.261780
70000695665.833557
70000643530.909698
70000270411.659622
70000977984.120071
70000716728.218430
70000694087.200119
70000011875.597412
70000212879.607925
70000370073.050400
70000177436.524719
70000012822.562607
70000873830.561203
1.000000
70000710502.608734
70000807699.464279
70000366647.564087
70000562832.907532
70000220169.676254
70000177002.155121
70000411074.243286
70000728560.032898
70000852060.352219
70000777753.592026
70000133628.202469
70000035317.624207
70000463237.710083
70000296780.659637
70000275810.569885
1.000000
70000388469.132980
70000031391.712341
70000146199.472122
70000282823.000610
70000505684.760544
1.000000
70000798104.206924
70000702841.481567
70000663109.251740
70000089271.674774
70000262132.821304
70000014010.093857
70000236199.689667
70000692390.448944
0.33
 0 0 0 0 0 0 0 0 0 0 0 0 0
