1 401
70000996895.022797
70000061785.424866
70000213852.847488
70000314630.793625
1.000000
70000889287.034882
70000942619.510727
70000383875.986740
70000984022.813583
70000308667.389404
70000444323.809189
70000070061.311844
70000499133.174881
70000871757.676025
70000716563.614960
70000213804.797958
70000088936.051544
70000907489.128784
70000326573.273468
70000058324.345978
70000604708.952820
70000218190.688263
70000855902.323547
70000440863.541428
70000705452.441208
70000250951.983109
70000217837.874207
70000596698.615982
70000840817.186508
70000358946.391907
70000098434.145340
70000991653.861008
70000522204.525711
70000585216.004364
70000986664.894836
1.000000
70000908780.041306
70000803172.226578
70000161905.659882
70000613200.085571
70000723466.301361
70000243765.147903
70000561939.084091
70000960655.964752
70000644469.006607
70000857677.231354
70000910997.404877
70000076954.634567
70000600088.498993
70000181275.208511
70000216106.316299
70000100027.589294
70000496056.002502
70000811129.507248
70000581318.672699
70000031397.796494
70000971639.148056
70000249445.165588
70000774032.970123
70000854290.263367
70000059432.235458
70000320476.632584
70000520526.690964
70000759224.360794
70000698203.395340
70000102770.997757
70000055262.245209
70000225520.477676
70000323901.827042
70000068533.663589
70000858079.590973
70000322758.983261
70000765570.012222
70000523480.600983
70000408002.953720
70000709456.763824
70000786983.611771
70000942881.650986
70000668990.935822
70000275332.503677
70000377019.101105
70000149225.066559
70000832623.734009
70000542961.507767
70000112946.281906
70000719702.245377
70000199604.101654
1.000000
70000402626.027191
70000957950.385605
70000163630.403885
70000209676.038498
1.000000
70000177063.810913
70000201349.040359
1.000000
1.000000
70000354748.880127
70000622913.946106
70000645116.512695
70000758373.690582
70000805465.638474
70000950915.388138
70000937249.039551
70000082540.248871
70000602684.664276
70000240645.476776
70000910292.151611
70000993973.620895
70000991120.129684
70000848376.889450
70000640785.989777
70000457307.596130
70000659624.567825
70000570486.011398
70000349868.493454
70000003225.510574
70000017514.879776
70000273225.114059
70000587599.485580
70000231107.216034
70000714301.616592
70000879662.961914
70000279199.495316
70000409790.222382
70000009488.886719
70000606545.824905
70000664121.951157
70000741852.487442
70000630578.482956
70000079796.371933
70000605233.425232
70000043913.093811
70000358514.804672
70000657697.051239
70000611579.385178
70000905562.547867
70000164761.981934
70000295104.106354
70000964604.435379
70000212650.276016
70000982438.937134
70000362584.470596
70000298695.180618
1.000000
70000843953.200897
70000174055.006241
1.000000
70000697526.356567
70000976693.229538
70000795638.651978
70000136101.068695
70000556516.957520
70000742249.578735
70000294372.782867
70000555766.437012
1.000000
70000681395.264999
70000261511.156342
70000249506.490906
70000133650.244858
70000575131.457077
70000036431.126480
70000936577.314957
70000423557.233276
70000639176.071320
70000246864.230942
70000174899.617722
70000903293.210403
70000250976.937119
1.000000
70000894114.639175
70000825224.642960
1.000000
70000056293.348770
70000128786.551010
70000434678.207108
70000923037.760483
70000500186.967377
70000776189.427826
70000134950.759171
70000649259.895905
70000885246.621704
70000289247.440765
70000635675.810776
70000835062.570618
70000691598.502762
70000479048.988297
70000020202.798355
70000636356.346344
1.000000
70000120145.700150
70000417526.993240
70000199297.370346
1.000000
70000010382.729477
70000939729.528381
70000624420.604797
70000401130.839096
70000491768.348938
70000582661.493103
70000831025.708389
70000233082.844666
70000984167.427063
70000335740.252441
70000697963.859268
70000350351.379120
70000568167.606247
70000830997.427063
70000797477.505646
70000429134.054474
70000911513.107025
70000306218.413696
70000462546.632309
70000570941.656006
70000186440.777802
70000646110.517624
70000276377.919617
70000955379.266388
70000563050.390442
1.000000
70000759003.567352
70000588672.107391
70000015788.986038
70000228294.092957
1.000000
70000315253.563751
70000463207.684570
70000959808.638992
1.000000
70000741037.321899
70000812682.897568
70000451507.896423
70000525840.958603
1.000000
70000824059.079880
70000659654.824982
70000788430.811340
70000238629.240524
70000869360.348236
70000300185.612045
70000863920.664215
70000995361.012268
1.000000
70000989841.068771
70000894850.500488
70000135854.407318
70000857079.660950
70000368970.719666
70000246026.339249
70000758511.712830
70000810440.216217
70000959391.012787
1.000000
70000191611.981613
70000648804.478973
70000672343.073532
70000152142.643845
70000982677.781693
70000494078.888672
70000070508.606415
70000820442.007431
70000941918.822144
70000510511.542007
70000042736.507782
70000530285.001099
70000070407.720093
70000447428.548752
70000979663.115204
70000682558.847534
70000300341.941422
70000923030.605362
70000523486.553467
70000439040.529282
70000752580.866730
70000924647.876953
70000031837.689133
70000197370.485687
70000930398.448593
1.000000
70000288206.156235
70000990127.219803
70000009233.487946
70000006145.654236
70000912939.204208
70000517118.332031
70000302884.435593
70000552881.269882
70000265543.495667
70000104185.528671
70000760500.043243
70000298091.891693
70000256907.994156
70000005450.269058
70000773797.960403
70000024840.808151
70000354870.562057
70000213313.255249
70000225134.737564
70000333096.819962
70000972422.637726
70000123171.967438
70000465971.790222
70000590479.771072
70000238567.339798
70000442534.458206
70000387680.512329
70000260247.091034
70000836936.206543
70000634751.750122
70000458681.368454
70000405615.837952
70000784435.566116
1.000000
70000223982.162140
70000859031.152679
70000942679.255249
1.000000
70000285926.005005
70000142474.058548
70000498003.311752
70000873180.344727
1.000000
70000445461.763550
70000675166.968887
70000312739.172302
1.000000
70000240948.089050
70000773382.429535
70000961464.333862
70000245309.149384
70000542761.909485
70000330547.457397
70000091993.800385
70000104203.740646
70000086127.507599
70000329295.763336
70000823419.922073
70000000827.288971
70000105259.781189
70000656971.371277
70000261882.744492
70000469624.101181
70000698185.408005
70000543068.323746
70000770611.182632
70000908137.272705
70000140479.590408
70000345984.446945
70000787125.822754
70000508950.701035
70000409814.989746
70000911148.792755
70000570339.128632
70000896788.533630
70000620049.670319
1.000000
70000068442.221954
70000407792.100281
70000521969.117096
70000599802.179276
70000783880.783722
1.000000
70000185818.506683
70000742179.734879
70000203978.547516
70000247870.179764
70000999684.595123
70000565949.756302
70000221958.501389
70000221797.079178
70000588366.871429
70000199963.684311
70000551967.371185
70000236522.146332
70000123131.733032
70000763834.574387
1.000000
70000217622.413223
70000984359.151230
1.000000
70000766914.765732
70000375703.682297
70000363286.173676
70000413324.284225
70000608121.599716
70000439459.400055
70000212714.902298
70000533523.765030
70000988831.792694
70000835705.931091
70000644883.631332
70000263757.326782
70000384102.831299
70000488865.928940
70000973228.143631
70000399750.113785
70000578843.538696
70000478438.011383
70000136582.406982
0.33
 0 0 0 0 0 0 0 0 0 0 0 0 0
