1 401
70000905530.182510
70000574647.300644
70000242044.997726
70000259295.171310
70000760716.559464
70000502256.338684
70000682287.739975
70000861704.045670
70000956226.872421
70000739921.152115
1.000000
70000378529.553848
70000727339.123291
70000101471.137497
70000535298.467392
70000139456.075623
70000878921.907394
70000942615.496689
70000161647.507339
1.000000
70000075384.326675
70000367608.907028
70000684382.563553
70000359393.645264
1.000000
70000920417.514404
1.000000
70000689663.410446
70000641361.612564
70000617491.757034
70000117180.526718
70000359292.695831
70000979085.147202
70000713126.272934
70000670943.670807
70000188991.128021
70000665378.378510
1.000000
70000514578.611969
1.000000
70000419716.210556
70000020752.562302
70000996698.246536
70000561434.475143
70000008319.099930
70000470423.705612
70000373258.238297
70000068543.865250
70000907828.812836
70000659556.805664
70000487634.599609
70000614172.253464
70000430996.586685
70000168857.760376
70000440017.879684
70000975086.580719
70000354257.846802
70000517593.732559
70000518692.241547
70000574593.730820
70000558313.630096
70000602214.048080
70000260671.977173
1.000000
70000950824.342484
70000941293.467117
70000084287.779922
70000820414.616821
70000253108.192337
70000049715.409195
70000326587.704605
70000148981.930893
70000109666.249374
1.000000
70000255435.189072
70000684099.879211
70000332780.688736
70000534034.651291
70000856093.287308
70000325330.186447
70000908462.249268
70000234852.752762
70000936558.055222
70000226487.758392
70000031333.654480
1.000000
70000497610.225525
70000077040.728867
70000738990.670761
70000011173.591156
70000259237.931992
70000525147.133942
70000288915.772446
1.000000
70000748550.322845
70000604326.153625
70000004472.349686
1.000000
70000532554.943665
70000990534.133392
70000276648.885223
70000567652.271561
70000990647.778610
70000581898.356689
70000191511.361252
70000962745.807358
70000507813.948776
70000850351.976776
70000424530.978851
70000171304.046112
70000563407.909531
70000584566.299438
70000348881.175125
70000556551.262970
70000911836.608307
70000066746.899307
70000420016.625549
70000612285.752716
70000169652.808121
70000901347.000839
70000358565.028976
70000804396.154816
70000880045.936905
70000066606.331879
70000692553.346588
70000554124.436218
70000979862.768799
70000838416.481781
70000778728.737869
70000413394.839066
70000082047.092819
70000030008.284744
70000402575.061157
70000804141.837326
70000864536.761719
70000484289.844055
70000163086.621948
70000251123.515518
70000439557.128815
70000977333.981918
70000993744.900040
70000399649.327820
70000866136.654373
70000746694.809418
70000680092.029434
70000954829.922867
70000340112.215271
1.000000
70000132559.048096
70000745058.338898
70000378836.839661
70000195238.175415
1.000000
70000529906.389923
70000754278.308563
70000071790.669800
70000274000.054504
70000741418.310760
70000656620.782379
70000485909.001831
70000643848.169037
70000004688.877991
70000893316.139908
70000010981.123505
70000149168.440552
70000640492.925278
70000289214.209930
70000663310.708221
70000665247.992157
70000634935.934448
70000909897.359909
70000610103.213135
70000048614.803558
70000161313.650284
70000256376.694595
70000448972.670761
70000899684.343002
70000903419.713608
70000375506.608154
70000567963.640182
70000347161.803162
70000018303.830826
70000565431.293549
70000522991.313828
70000407660.777298
70000609622.192703
70000703396.035965
70000355726.969620
70000865962.851624
70000322670.100830
70000196509.871658
70000913846.927170
70000383245.941895
70000241770.454498
70000684405.777710
70000861114.278580
70000104164.216949
70000952404.260696
1.000000
70000243342.197098
70000404480.893677
70000302608.477844
70000110612.890442
70000587829.466843
1.000000
70000772288.681015
70000864474.388733
70000971982.807022
70000370543.266357
70000598637.882278
70000936938.002548
70000012384.222717
70000666487.986389
70000364191.468903
70000412045.695007
70000387617.795441
70000255734.812439
70000501457.097992
70000563027.055679
70000218530.795715
70000039746.760757
1.000000
70000301584.064209
70000695986.134338
70000020400.168869
70000020594.361710
70000794477.544205
70000987273.456741
70000185853.019562
70000749197.782501
70000634312.666916
1.000000
70000617636.320984
70000137450.394180
70000945481.535034
70000980406.485764
70000202284.285156
70000755084.945480
70000137774.655579
70000099957.448517
70000454861.736618
70000687951.328400
70000643995.136520
70000373089.152328
70000478841.455246
70000350136.252411
70000473072.975861
70000110629.973785
70000548071.095810
70000974771.146561
70000366235.696976
70000815248.242142
70000818980.949966
1.000000
70000768529.771378
70000070773.686874
70000986895.602097
70000621407.708847
70000227927.050293
70000203945.626877
70000689638.919266
70000636593.752762
70000269616.608887
70000154178.317871
70000937075.738541
70000812501.094711
70000935663.793091
70000270670.210526
70000884771.320084
70000984473.977753
70000156118.955582
70000388267.258362
70000691097.906479
70000775993.246811
70000061701.865128
1.000000
70000413378.618820
70000986313.648972
70000431197.964691
70000809288.456650
70000057585.131454
70000955457.626236
70000014610.814285
70000247093.312576
70000723368.518494
70000985712.950424
70000505725.742676
70000621306.997482
70000817071.136276
70000984156.890091
70000079347.427261
1.000000
1.000000
70000011050.163132
70000463554.765320
70000892224.156342
70000234206.345734
70000243089.587570
70000923029.630447
70000989642.473160
70000668137.775635
70000265165.159058
70000548335.669342
70000197185.558594
70000703458.702118
70000174279.704147
70000204280.010803
70000415640.407059
1.000000
1.000000
70000856868.707993
70000154685.480301
70000167565.194138
70000620776.221741
70000184311.883514
1.000000
70000059970.443527
70000024471.017227
70000824790.117035
70000255452.888687
70000602556.842682
70000698184.520416
70000147584.692917
70000707430.051666
70000654104.331192
70000130964.260468
70000687507.272720
70000142111.234024
70000124491.132965
70000684838.992706
70000954983.928391
70000912114.978516
70000683761.723907
70000476537.858353
70000635831.496857
70000940279.464310
70000646293.745590
70000537547.724869
70000428187.010880
1.000000
70000513838.078690
70000201829.971954
70000899779.878387
1.000000
70000124640.753586
1.000000
70000215849.919220
70000012564.215652
70000634679.223877
70000448698.906769
70000574728.693222
1.000000
70000535897.140335
70000139635.285294
70000882469.360657
70000677083.878418
70000015441.534836
70000603937.085602
70000516747.018127
70000257661.644791
70000826041.057800
70000747709.644180
70000192033.642181
70000184516.614410
70000359390.160538
70000531233.256332
70000539529.368942
70000036652.807220
70000795660.009796
70000161284.802475
70000880366.765823
70000633361.940536
70000577806.346436
70000196482.353821
70000496923.582565
70000599400.629272
70000376914.901688
70000324931.693451
70000285573.739990
1.000000
70000634695.605072
70000539259.958771
70000147680.832581
70000526798.000351
70000307858.918320
70000134789.964676
70000344222.063156
70000569725.803299
70000573683.678192
70000473001.631378
70000688266.808838
70000527645.316772
70000524127.726974
70000965816.941711
70000278803.864914
70000480123.189972
70000020507.936630
70000977689.884964
70000081402.662674
70000860736.683960
0.33
 0 0 0 0 0 0 0 0 0 0 0 0 0
