1 401
1.000000
70000116211.108109
70000395941.855576
70000330123.302826
70000723543.848740
70000360448.692108
70000708466.785919
70000269683.901093
70000627487.472824
70000845016.009720
70000098686.142548
70000549538.852921
70000111914.808441
70000268022.413376
70000397537.999771
70000729883.666763
70000573004.054932
70000462497.828491
70000815992.089706
70000368022.460907
70000633034.824677
70000469910.962402
70000717983.275833
70000538716.178009
70000643255.416122
70000722371.499863
70000334723.491531
70000227871.204453
70000623115.574493
70000311192.521133
1.000000
70000642616.086639
70000421748.884171
70000981548.754333
70000007947.127228
70000135296.921692
70000075290.125397
70000386683.431396
70000765747.513016
70000577096.096497
70000960874.167191
70000684337.037521
70000427691.252838
70000611081.946609
70000833815.581909
70000470679.630844
70000702947.236862
70000557715.884293
70000710850.377869
70000846978.754364
70000265502.252228
70000471320.048126
70000114540.813858
70000693117.411423
70000285766.366348
70000317710.881058
70000923342.507706
70000872374.550690
70000059141.489914
70000239395.262817
1.000000
70000389755.928787
70000360383.203766
70000408977.815659
70000282584.154953
70000929738.893875
70000958225.066544
70000365784.178131
70000830747.203995
70000570962.410355
70000789214.706390
70000389462.370026
70000112789.418594
70000061725.536636
70000194705.147827
70000601294.317261
70000920338.065826
70000358858.832123
70000108868.371231
70000694655.992142
70000926531.693481
70000724573.213669
70000365680.820206
70000964741.285172
70000333564.081802
70000272670.987671
70000036484.580963
70000056503.329529
70000775581.110703
70000921883.148041
70000285055.341537
70000741844.941330
70000291001.665665
70000494469.410416
70000793539.053833
70000850870.898849
70000315317.716278
70000438562.560730
70000909805.210846
70000667681.392853
70000287937.217957
70000156400.253448
70000881554.592316
70000961038.693649
70000266915.200516
1.000000
70000253739.583038
70000492783.790283
70000533640.855392
70000592740.108719
70000231423.560165
70000228511.056061
1.000000
70000173170.519073
70000634824.972122
70000622308.998947
70000398025.017685
1.000000
70000161091.635803
70000531923.914093
70000524859.223404
70000308864.286789
70000019943.327530
70000213027.145584
70000084296.443634
70000109305.628738
70000448648.156281
70000580167.795685
70000599748.209152
70000639888.405548
70000433134.730759
70000175309.452118
70000838719.231415
1.000000
70000104818.888397
70000760769.639587
70000733014.031952
70000867783.077652
70000850834.131744
70000372041.788239
70000542691.263611
70000958480.973190
1.000000
70000527883.678680
70000352426.146042
70000857586.479599
70000671719.085556
70000819759.779358
1.000000
70000176492.458969
70000345605.682831
70000287166.762344
70000256030.881744
70000194920.830948
70000677387.141449
70000719620.061249
70000322593.759552
1.000000
70000477847.578384
70000138882.012390
70000845741.019730
70000657958.689133
70000161157.697296
70000316023.917511
70000046150.710754
70000734311.606873
70000339315.702682
70000927105.040482
70000568299.408905
70000397175.234818
70000977277.470688
70000185529.344238
70000125670.668747
70000932938.377716
70000443971.307358
70000293648.490128
70000595030.999710
70000490341.398865
70000630193.321457
70000849350.813782
70000552577.072510
70000610856.262695
70000904185.313049
70000617573.380936
70000875315.952606
70000636434.255325
70000468574.678864
70000337495.873032
70000259911.492264
70000085833.701035
70000162562.028778
1.000000
70000601107.779510
70000516852.442917
1.000000
70000878342.519272
70000048484.126999
70000219563.090744
70000982853.531921
70000558032.980667
70000043103.008270
70000232604.890656
70000182666.223236
70000456692.151871
70000537135.782410
70000518115.424606
70000439198.614426
70000599757.776337
70000392426.895065
70000923818.725876
70000831841.622070
70000122694.481049
70000595573.356918
70000293788.089096
70000622716.906006
70000992943.889313
70000082705.628387
70000663338.939255
70000329091.913574
70000446610.081161
70000615550.929916
70000364908.291306
70000944944.328751
70000784790.333725
70000374204.722885
70000711296.366623
70000798501.605164
70000263823.906067
1.000000
70000379590.043671
70000719294.499878
70000569823.717178
70000158756.262436
70000999879.976013
70000589578.842377
70000746799.004486
70000970876.825302
70000258635.184036
70000108772.688522
70000057915.333878
70000649097.151154
70000622962.490967
70000531337.266830
70000947540.890518
70000277973.070969
70000674532.747925
70000199848.823608
70000929075.203690
70000288059.656784
70000729555.927322
70000315920.268768
70000307897.493378
70000363617.204453
70000455822.551804
70000830277.300690
70000564509.661209
70000175376.134369
70000867378.239639
70000281579.628418
70000225655.768677
70000949957.955704
1.000000
70000196053.794083
70000430442.226379
70000984053.991959
70000476763.975311
70000908090.988144
70000544992.813431
70000525173.752716
1.000000
1.000000
70000500443.844055
70000408291.989899
70000409366.492996
70000936793.052444
70000220324.847321
70000553720.233337
70000545793.490219
1.000000
70000010232.152222
70000632607.309067
70000523636.867371
70000978553.595520
1.000000
70000150091.645325
70000849825.041183
70000358457.658768
70000592932.147919
70000275897.102402
70000776686.624878
1.000000
70000200082.267487
70000256674.083099
70000998178.644165
70000639297.921890
70000549248.096603
70000083809.845062
70000928821.339767
70000584380.957687
1.000000
1.000000
70000021969.350372
70000026456.958328
70000616242.606766
70000147351.282516
70000425048.791565
70000456605.441666
70000099073.217621
1.000000
70000141327.868683
70000860675.946121
70000307150.537933
70000742082.103119
70000344721.077744
70000269898.385284
70000232405.127472
70000116392.923782
70000985231.200851
70000433466.547562
70000610174.112457
70000183757.428452
70000352594.544907
70000818106.133636
70000000309.398178
70000232729.377945
70000538354.108398
70000278909.177246
70000577733.810745
70000715056.253876
70000602856.289597
70000579704.366318
70000015629.461792
1.000000
70000738163.770050
70000336317.243637
70000733269.704803
70000251645.399551
70000348956.472748
70000822387.235535
70000550747.589188
70000212014.898193
70000152851.308838
70000772542.754944
70000305218.825500
70000209949.415771
70000802276.125214
1.000000
70000984856.477249
70000337277.204285
70000277396.393097
70000356891.435394
70000835616.042221
70000376327.249588
1.000000
70000513486.595627
70000066096.837097
70000987053.169113
70000068590.700470
1.000000
70000093702.867844
70000037168.672943
70000471401.358551
70000087306.031311
70000658596.808868
70000838557.408325
70000744131.766876
70000866029.609207
70000683376.468826
70000544034.620438
70000396585.082764
70000402011.262283
70000981275.796371
1.000000
70000849272.221741
1.000000
1.000000
70000349815.475204
70000245929.644272
70000823805.294937
70000045858.741455
70000573442.163559
70000886693.565735
70000892923.199234
70000479906.757217
70000497437.333344
70000087074.471039
70000720009.235764
70000433127.373825
70000720036.656219
70000336622.922836
70000458695.446533
70000860852.415619
70000951111.656891
70000629888.066757
70000832547.432632
70000599202.758591
70000656739.728424
70000719257.348907
70000269828.028442
70000238694.770966
0.33
 0 0 0 0 0 0 0 0 0 0 0 0 0
