1 401
70000842103.373444
70000222878.201309
70000753946.104980
70000689482.443146
70000135330.199463
70000760483.372131
70000929839.579468
70000737697.138901
70000388190.343948
70000772929.731262
70000690568.614929
70000257476.389832
70000194052.526871
70000237863.767746
70000711151.106598
70000856453.461517
70000398339.823700
70000880592.076279
70000454084.940979
70000667713.546906
1.000000
70000294414.403931
70000900446.984863
70000667866.690628
1.000000
70000925008.199966
70000458865.492279
70000552557.827362
70000228561.279434
70000436025.534958
70000397468.018661
1.000000
70000294525.856964
70000583189.037888
70000869190.182983
70000700545.778427
70000414150.174072
70000085674.518585
70000532032.141647
70000871905.557144
70000828423.593567
70000805984.961182
70000846474.436676
70000569671.286697
70000895810.181793
70000366962.260178
70000711282.624771
70000255503.589523
70000085992.808975
70000297266.687485
70000068948.708969
70000686734.501556
70000121333.855301
70000235742.137314
70000722025.384277
70000059262.104233
70000010216.111206
70000531651.399384
70000824784.586884
70000750627.058197
70000763082.342026
70000752152.605255
70000234721.702408
1.000000
70000020962.523727
70000594980.729691
70000158395.358231
70000962076.965286
70000635520.476791
70000501562.178314
70000608244.077988
70000862986.061462
1.000000
70000814913.119949
70000062272.648911
70000025270.901917
1.000000
70000773076.236816
70000779425.816299
70000196663.665573
70000467116.282379
70000412916.246826
70000262233.194016
70000300705.094223
70000294583.841187
70000421870.284836
70000416673.430725
70000053010.966019
70000854341.270782
70000183690.689529
70000929195.603073
70000307749.896866
70000272562.569458
70000349871.275620
70000487294.761047
70000892575.710175
70000654217.510254
70000955515.200485
70000617709.031830
70000090264.845734
70000212605.972107
70000574130.913284
70000332275.489624
70000207138.968628
70000107535.505402
70000140633.315414
70000686087.558990
70000735651.850510
70000314160.431122
70000836895.901230
70000858466.664902
70000975911.161774
70000905317.336548
70000218937.407516
70000666892.952103
70000889868.234039
70000983498.716080
70000237155.442184
70000521951.116089
70000860687.200363
70000481856.208694
70000409121.703690
1.000000
1.000000
70000574701.351990
70000367436.657211
70000503754.307877
70000999281.380081
70000011297.052765
70000009266.316711
70000856859.761185
70000376262.811203
70000761687.554184
70000954832.140152
70000195893.649323
70000930602.828262
70000395023.056625
70000593145.920700
70000536584.834091
1.000000
70000410683.670639
70000041458.749924
70000541545.796173
1.000000
70000047712.671906
1.000000
70000677468.966202
70000776978.042160
70000080454.181290
70000418474.362320
70000283780.109283
70000946538.786499
70000805353.455627
70000347435.691360
70000084225.071823
70000273675.917633
70000021482.886230
70000647923.979370
70000917852.886932
70000965740.184067
70000350901.460159
70000308342.057022
70000232521.362701
70000836938.515015
70000783770.297150
70000747468.898849
70000603520.105606
70000675564.806335
70000904904.763657
70000234687.270935
70000377550.761505
70000043559.460953
70000377326.970581
70000521186.231827
70000225579.134033
70000104827.382339
70000813609.345306
70000819847.274841
70000576217.500854
70000683706.721832
70000342642.715240
70000266539.521515
70000155211.512253
70000328678.626450
70000229730.488495
70000748419.240707
70000628134.612640
70000488248.334229
70000094240.235260
70000597457.788910
70000453169.779663
70000745391.276810
70000593020.113953
70000501369.912964
1.000000
70000496120.598389
70000718103.226486
70000689049.302856
70000020064.818207
70000755204.737198
70000842918.430771
70000428735.522476
70000941335.593506
70000002701.851395
70000270970.288467
70000257481.061966
70000567550.909073
70000236172.735977
70000976081.460480
70000725275.861145
70000280098.658401
70000854686.479568
70000222529.605179
70000322181.893906
70000704967.008804
70000227246.592728
70000401500.274628
70000734505.052719
70000244719.843262
70000791224.579819
70000672940.062500
70000091812.058105
70000184924.322296
70000773573.058502
70000907348.174576
70000553503.895401
70000389566.519119
1.000000
70000934950.780167
70000957625.112961
70000670324.125610
70000910038.662186
70000366256.002182
70000598497.585052
70000443997.637573
70000181979.613342
70000783020.117081
70000004203.330292
70000108778.518158
70000588604.240646
70000820045.477356
70000231470.205475
70000413523.091583
70000463128.548981
70000251348.933716
1.000000
70000591740.023804
70000930272.372452
1.000000
70000996459.374725
70000224258.336182
70000331929.329895
70000370342.857925
70000875580.419861
70000971884.927795
70000216964.452454
70000682878.071259
70000729597.746902
70000510139.444275
70000109777.760925
70000026417.502106
70000146607.935654
70000260515.405075
70000061648.594925
70000810724.832275
70000354935.753616
70000446756.086090
70000893438.154526
70000414812.458801
70000021101.732742
70000936073.059647
70000667375.594406
70000836140.141434
70000209344.247711
70000228214.052643
70000646426.864624
70000270192.984207
70000212657.346542
70000408754.859726
70000950322.423950
70000772520.774200
70000658409.616608
70000459042.718491
70000973844.239746
1.000000
70000883126.501770
70000733736.695374
1.000000
70000214112.827179
70000860568.422806
70000935265.419601
70000684972.567444
70000164115.131805
1.000000
70000398591.022614
70000518341.108200
70000161451.143204
70000263308.512863
70000911352.293152
70000178816.046295
70000794903.028854
1.000000
70000429935.520233
70000010881.858948
70000654135.961777
70000586981.160187
70000663198.234543
70000711060.249313
70000676884.694275
70000972045.928452
70000987582.641861
70000942581.295074
70000556603.654282
70000873558.844498
70000220644.623962
70000868243.298752
70000629926.677811
70000999268.366104
70000923903.395767
70000804429.265991
1.000000
70000791529.181229
70000822377.504669
70000050376.014267
70000816715.575531
70000287865.983643
70000808942.246658
70000406560.308746
70000964984.328247
70000880359.040573
70000668459.875443
70000564044.637985
70000130439.819153
70000953319.008301
70000487073.558121
70000346197.720856
70000172679.827866
70000490235.112259
70000045734.164093
70000531392.826096
70000028545.918869
70000477554.418869
70000500478.991531
70000451539.298370
70000979478.288620
70000217990.600067
70000932454.626175
70000845227.537613
1.000000
70000758874.251221
70000434052.708908
70000357887.368073
70000072232.308929
70000867430.327316
70000497081.937271
70000754007.687088
70000817294.957535
70000324776.158493
70000394364.403015
70000002880.179077
70000230610.782578
70000198439.397186
1.000000
70000045874.378006
70000477945.792511
70000422252.604233
70000897360.408203
70000570186.492722
70000325596.406158
1.000000
1.000000
70000888642.850143
70000292295.732758
70000020716.507874
70000096049.091446
70000297161.596359
70000387328.828354
70000966857.326996
70000321883.018173
70000349655.556946
70000617346.769287
70000741607.631668
70000238503.803879
70000425611.002914
70000138477.327850
70000457014.774628
70000508062.518890
70000588705.734222
70000533422.021301
70000851654.366730
70000636464.738815
70000123643.358002
1.000000
1.000000
70000001965.507584
70000784648.698959
70000369170.234161
70000954492.212280
70000655523.171356
70000746933.782898
0.33
 0 0 0 0 0 0 0 0 0 0 0 0 0
