1 401
70000237296.964325
70000571185.225449
70000443052.662338
70000756748.329224
70000471676.084915
70000025360.594315
1.000000
70000188825.732635
70000104383.976593
70000768021.467346
70000010249.041885
70000835560.445557
70000680722.214828
70000042185.406525
70000434907.065765
1.000000
70000628672.628052
70000652173.587280
70000458183.732727
70000445930.650253
70000257649.843750
70000778548.209641
70000844720.626282
70000037951.502151
70000631905.227112
70000975100.671051
70000272132.414001
70000315388.129150
70000872194.544678
70000960527.590149
70000917173.369583
70000864134.153107
70000099675.972733
70000614581.609741
1.000000
70000458122.218445
70000196436.323090
70000836037.560806
70000799388.987869
70000404323.505295
70000012575.976288
70000317430.806793
70000088958.248856
70000087790.496521
70000119578.116623
70000423566.446411
70000532886.507843
70000185780.070419
70000907160.200668
70000542422.350082
70000332024.621506
70000595023.867935
70000406199.284470
70000872346.978790
70000991552.815491
70000851093.766815
70000435193.175781
70000220247.326981
70000631574.700699
70000953584.382248
70000510394.014771
70000820503.789215
70000761514.986618
70000382338.193268
70000630515.051666
70000479206.637360
70000216079.728806
70000954829.251312
70000747765.182648
70000771831.892227
70000945173.593002
70000175409.863785
70000423190.767410
70000676653.915558
70000588132.045532
1.000000
70000326225.678284
70000944922.522949
70000354702.907593
70000043605.747238
1.000000
70000784513.365036
70000691453.463165
70000132640.191544
70000024041.275940
70000219669.702820
1.000000
70000831553.954834
70000463249.669846
70000058266.475006
70000439392.971100
70000474116.409149
70000822361.948135
70000823587.204559
70000966148.330246
70000231695.327011
70000571158.206787
70000971787.993759
70000445629.020691
70000286927.897278
1.000000
70000263666.552277
70000384819.086838
70000858281.698990
70000270854.035522
70000296281.580246
70000068420.371658
70000281845.187515
70000226870.790329
70000626304.414978
70000239365.039078
70000792520.719543
70000100134.935043
70000446146.980881
70000016021.268890
70000944690.863953
70000869543.615738
70000950426.744827
70000330340.220169
1.000000
70000377156.072830
70000340329.401993
1.000000
70000066372.711761
70000591759.863708
70000820737.237183
70000923420.240601
70000036240.947128
1.000000
70000565271.108307
1.000000
70000751820.351547
70000127419.627945
70000089700.009857
70000668676.593597
70000602478.036255
70000909246.693115
70000757860.106827
70000600425.787079
70000053887.083191
70000246414.679153
70000291517.595551
70000703592.039703
1.000000
70000991640.951584
70000902661.384338
70000127507.295761
70000414849.197357
70000712076.604782
70000088261.793777
70000012967.593185
70000438021.896713
70000062323.156174
70000972119.038574
70000731148.340927
70000252706.439178
70000652972.373383
70000631339.376877
70000650508.488937
70000159287.544785
70000547620.967819
70000299977.278748
70000406957.398834
70000653499.434021
70000132065.087967
70000030021.580109
70000936589.842407
70000283268.239960
70000186507.664902
70000920288.047852
70000669905.262833
70000858939.105118
70000786027.583084
70000460856.893295
70000979768.333359
70000546498.092865
70000286789.910858
70000829251.227692
70000666260.458481
70000979255.790726
1.000000
70000720270.176666
70000559958.008301
70000915986.345367
70000611074.432617
70000268031.520691
70000978657.175583
70000376928.945236
70000060082.006577
70000636070.282944
70000327200.932739
70000551364.436890
70000175645.711487
70000741539.070114
70000764556.650421
70000466097.167786
70000474155.332886
70000051553.732880
70000926989.665817
70000010885.953964
70000473009.853455
70000798331.579376
70000791967.550980
70000613903.297379
70000630392.675278
70000055310.149994
70000826505.625809
70000702928.570953
70000091640.711639
70000725478.852844
70000557645.013062
70000098074.564926
70000296601.725098
70000709628.013977
70000341483.498444
70000983952.465668
70000875476.530319
70000551303.115097
70000846783.134323
70000667639.931900
70000438125.020081
70000061922.685516
1.000000
70000750786.579391
70000213444.568329
70000698213.612900
70000417414.823700
70000485500.037018
70000029471.437363
70000704638.192276
70000579731.348892
70000110942.456253
70000842112.034607
70000611976.427658
70000517386.272919
70000677522.699402
70000787648.103394
70000333001.778061
70000825604.954849
70000906284.662888
70000884666.066101
70000449270.466064
70000532713.409927
70000946723.858231
70000851869.500793
70000970517.784927
70000897253.431625
70000469164.216660
70000915620.273407
70000711209.592453
70000780096.221252
70000837357.189972
70000622086.852707
70000174094.564423
70000295750.141388
70000902875.508636
70000301453.927856
70000647127.079849
70000081751.235458
70000244461.468048
70000885576.723816
70000777513.178726
70000203138.646408
70000989115.601624
70000297831.744919
1.000000
70000024206.577591
70000901449.172073
70000844794.639465
70000522611.670013
70000493166.329941
70000080513.003220
70000044498.376389
70000100318.825897
70000301913.554840
70000256863.029892
70000056548.432571
70000569941.923996
70000549814.751114
1.000000
70000841296.605927
70000066016.252884
70000927459.163422
70000750724.711258
70000898247.759796
70000731384.101166
70000850440.058929
70000923268.655731
70000204799.583542
70000664520.519958
70000610831.776566
70000385821.288361
70000839945.376816
1.000000
70000648809.854446
70000227940.144577
70000879356.733429
70000539955.573517
70000947161.731079
70000273398.716583
70000570951.214706
70000718965.956329
1.000000
70000396022.233521
70000899236.554199
70000851370.802200
1.000000
70000837083.011414
70000861970.368912
70000510755.236359
70000557101.531799
70000663170.376953
70000437388.531021
70000912285.562759
70000382265.318161
70000921336.018188
70000615223.312851
70000570687.696899
70000585821.188156
70000458330.145248
70000372996.956039
70000281689.489182
70000813049.849365
70000038567.759689
70000086550.847778
70000104743.524857
70000400900.492233
70000264360.872299
70000391528.033066
70000584853.777252
70000243886.644241
70000798972.095016
1.000000
70000436281.912888
1.000000
70000495026.641861
70000999275.204712
70000544489.394257
70000387866.283386
70000631581.864212
70000119963.765884
70000452899.090057
70000093670.006424
70000879431.704620
70000840714.321609
70000077671.045685
70000985052.096344
70000006585.059540
70000605692.197098
1.000000
70000872957.854019
70000890340.838394
70000908523.880341
70000793105.155716
70000277148.960281
70000580425.124741
70000090806.077225
70000126754.025513
70000533952.782196
70000587374.469208
70000048952.327316
70000811139.309158
70000968309.290680
70000007068.851532
70000990845.561966
70000922723.681183
70000422885.894913
70000780560.199280
70000354753.136734
70000106346.302750
70000374234.183304
70000928360.453491
70000245208.578888
70000832795.647308
70000086587.162659
70000837078.204010
70000937738.166428
70000955954.145279
70000692987.402481
70000421790.033554
70000729158.745880
1.000000
70000798839.286301
70000410734.286057
70000066535.563705
70000333439.745728
70000211548.651321
70000885714.551926
70000044381.006653
1.000000
70000040045.906754
70000560021.429810
70000517434.021515
70000396002.028580
1.000000
70000537645.529312
70000884106.988388
70000951519.282288
70000920413.159439
70000598785.216644
0.33
 0 0 0 0 0 0 0 0 0 0 0 0 0
