1 401
70000336661.109573
70000996713.859344
70000484386.247604
70000266127.231583
70000936435.430664
70000752607.040726
70000233888.252686
70000469182.262833
70000882862.875839
70000380896.689117
70000384834.941162
70000314675.993820
70000130440.517838
70000904947.660278
70000498106.260025
70000074124.337738
70000925650.218445
70000621953.663513
70000216753.314041
1.000000
70000877296.481659
70000050293.832657
70000477415.505264
70000680080.419586
70000189231.012024
70000907141.789368
70000472170.579544
70000359101.787155
70000703369.608521
70000091369.988678
70000292279.299179
70000245148.772293
70000894995.891571
70000621551.721085
70000563559.930954
70000278011.248337
70000018102.855804
70000024673.638123
70000409263.651306
70000505498.032440
70000751726.653854
70000025888.098999
70000472673.414429
70000442036.516693
70000883444.145157
70000088155.477661
70000378426.988464
70000243976.012299
70000460726.858856
70000802405.669235
70000266002.971725
70000252430.345306
70000203349.554626
70000108004.838577
70000242157.079819
70000774523.030182
70000296134.118805
70000302883.236145
70000737997.641541
70000000161.357101
70000464385.451874
70000660362.114807
70000100499.631180
1.000000
70000574835.271240
70000955545.613113
70000437433.289139
70000060288.738602
70000080825.499023
70000883553.834869
70000709100.494141
1.000000
70000164577.216522
70000584547.727249
70000119332.016953
70000028656.632111
1.000000
70000650823.488770
70000991041.337036
70000974577.560989
70000843331.639603
70000597717.243698
70000379735.595703
70000213515.305405
70000386588.842575
1.000000
70000641810.526459
70000123237.713684
70000120674.851837
70000652116.672974
70000206496.057785
70000914196.874771
70000716285.031067
70000206744.698486
70000925148.742844
70000298783.492157
70000180515.417023
70000415939.324646
70000022581.370651
70000184763.043228
70000254760.372498
70000317624.711624
70000451922.937866
70000585411.478714
70000839144.731918
70000623100.944794
70000149521.888718
70000287679.925171
70000100719.103973
70000233462.846970
70000499590.572281
70000489179.413284
70000951229.324860
70000894119.825409
70000633997.463669
70000333031.493423
70000656128.441635
70000371697.481369
70000673665.182098
1.000000
70000620665.643265
70000330556.009537
70000899264.604965
70000608575.274277
70000308878.033478
70000943286.048203
70000317997.083633
70000996028.214951
70000198114.120514
1.000000
70000092727.690399
70000049430.180161
70000723535.936417
70000541805.909988
70000138107.427948
70000215708.226074
70000847092.505341
70000626109.691315
70000392708.237274
70000869181.433548
70000184697.139313
70000721667.168304
70000932809.368637
70000176171.492645
70000529928.599106
70000815209.215729
70000842527.311249
70000267560.951523
70000475261.169907
1.000000
70000527539.760895
1.000000
70000248376.008118
70000317878.297775
70000593537.937012
70000702937.769760
70000173760.576019
70000277582.490143
70000160950.392883
70000496637.156799
70000941354.201080
70000499820.593735
70000599143.310242
70000205824.871964
70000592102.907394
70000092060.264343
70000062312.292892
70000201719.840683
70000288721.650284
70000454929.476929
70000289047.250977
70000758225.994553
70000631131.790176
70000900199.907211
70000710823.221603
70000495307.762772
70000291537.797134
70000200890.513672
70000074672.481522
70000048034.015991
70000124190.686295
70000328278.804504
70000461069.865921
70000061704.118546
70000964831.468872
70000215217.345718
70000077363.184311
70000155948.219345
70000595470.257629
70000758943.538132
70000775623.728882
70000027749.973663
70000313437.874664
70000795787.470291
70000051021.378922
70000599275.338043
70000799477.730118
1.000000
70000115476.644272
70000021258.534088
70000542601.607880
70000857558.540131
70000242222.338501
70000004138.943787
70000815799.622070
70000134730.923019
70000465411.466949
1.000000
70000270401.382080
70000205192.208038
70000861419.163055
70000133903.047775
70000880409.075043
70000560229.908844
70000728860.530548
70000675274.495514
70000011796.313110
70000836383.799973
70000530921.526077
70000550797.841644
1.000000
70000213501.453384
70000715537.693115
70000966420.123245
70000965878.913071
70000557781.183853
70000525398.305817
1.000000
70000228587.678558
70000737483.762543
70000968608.745499
70000047698.913391
70000424294.313293
70000125995.473907
70000171367.909424
70000002864.205200
70000310168.874313
70000605902.754791
70000380318.040176
70000321111.936035
70000618207.077393
70000383392.090576
70000724211.089828
70000432063.641449
70000144580.820633
70000084366.515991
70000907419.485962
70000723357.162216
1.000000
70000297578.520050
70000693058.498749
70000500009.520355
70000045496.262543
70000861874.136688
70000828496.246124
70000854096.377502
70000372267.440079
70000820894.167603
70000520851.596054
70000306720.838531
1.000000
70000045774.633270
70000560650.619553
70000753043.191315
70000599980.025726
70000376841.097092
70000544169.275482
70000802825.780182
70000685576.577271
70000274872.310150
70000118652.423065
70000075296.050659
70000140811.900085
70000960290.255249
70000040629.590027
70000956658.595993
70000344075.271210
70000828468.732971
70000030174.172394
70000475167.078674
70000169404.239105
70000028834.736694
70000437681.306320
70000640346.246994
70000106318.844437
70000604336.680023
70000797727.199722
70000568185.672485
70000695507.607285
70000926791.126740
70000801878.139832
70000264268.920670
70000609865.047211
1.000000
70000274943.304077
70000941249.286072
70000381371.197098
70000244933.395493
70000545554.444366
70000302753.883484
70000484059.144455
70000399092.301132
70000502477.960815
70000162263.463821
70000661662.790665
70000247587.411438
70000714967.452576
70000117078.451889
70000916954.520294
70000807240.041183
70000685714.209610
70000017662.740433
70000302307.423645
70000547116.102310
70000556321.861267
70000844508.643433
70000639615.948135
70000634416.833237
70000481207.745392
70000895365.211609
70000586951.735931
70000193460.865143
70000844975.391418
70000885301.867661
70000482860.629593
70000514977.566589
70000272460.163284
70000498411.839005
70000964320.604797
70000107040.015198
70000113112.404083
70000065047.883163
70000963487.390152
70000281734.949646
70000138859.392715
70000641942.850571
70000165676.849792
70000312607.924103
70000365454.470154
70000214658.473114
70000405700.120087
70000143128.773865
70000191905.712692
70000966891.893494
70000775029.643356
70000604002.407059
70000700537.713760
70000179412.438599
70000849608.402847
70000733841.778519
70000941134.001556
70000999677.042664
1.000000
70000822866.698242
70000433783.952072
70000320112.564240
70000117188.683273
70000054616.930481
70000073919.052872
70000035158.459885
70000130845.795837
70000096746.827545
70000538211.491287
70000110181.421524
70000827414.512360
70000439479.020386
70000110538.908264
70000784915.010544
70000571260.065414
1.000000
1.000000
70000680842.082031
70000288336.833740
70000670826.547684
70000940084.089737
1.000000
70000257360.626236
70000370871.921341
70000553633.098801
70000281226.818573
70000478107.772186
70000286386.026581
70000527143.925446
1.000000
70000353579.513443
70000335485.208923
70000475549.349991
70000775518.796692
70000426565.533966
70000082526.649841
70000910322.249893
70000156998.976578
70000954009.933228
70000402756.163757
70000606359.220993
70000220399.392395
70000018241.471512
70000807470.839462
70000891391.084732
70000147210.928711
0.33
 0 0 0 0 0 0 0 0 0 0 0 0 0
