1 401
70000283763.857498
70000792570.604095
70000154999.074326
70000272811.435959
70000204836.869400
70000062983.678284
70000667478.825302
70000397436.867020
70000081492.149628
70000467072.893005
70000733446.997879
70000039727.468948
70000327003.527588
70000192212.927124
70000770903.813995
70000751289.680695
70000195433.679459
70000101693.562424
1.000000
70000413323.962463
70000975896.208298
70000503420.446350
70000543074.579681
70000108469.246857
70000783772.307663
70000674589.236053
1.000000
70000215319.664932
70000435522.948914
70000007468.934586
70000551589.520752
70000575485.493652
70000712951.926529
70000964358.121109
70000256011.124313
70000348393.101425
70000775097.065201
70000727543.534927
70000087328.978256
70000193655.614792
70000657335.823105
70000534094.657410
70000393809.379761
70000947635.555191
1.000000
70000504212.005569
70000492930.598907
70000655876.619568
70000932190.069687
70000161105.388306
70000979670.760132
70000711253.323395
70000510462.219955
70000063482.405304
70000129606.517517
70000486685.788834
70000094609.954376
70000265875.937057
70000855914.553787
1.000000
70000787433.348923
70000705210.360535
70000275641.349854
70000977795.528702
70000154385.623352
70000788226.333939
70000573997.724335
70000975685.856369
70000994836.055984
70000838796.203339
1.000000
70000203936.928680
1.000000
70000350272.998077
70000913482.367783
70000553363.070068
70000867043.666107
70000966906.659943
70000061022.030380
70000793463.362823
70000817067.806564
70000660534.893661
1.000000
70000060950.371811
70000813163.613464
1.000000
70000524337.582916
70000317212.234772
70000883123.291809
70000851127.813934
70000935588.081573
70000214357.351929
70000524057.263489
70000550818.330566
70000862777.881958
70000756708.197098
70000344397.284607
70000927069.450729
70000980626.682648
70000738979.442825
70000216422.280258
70000994673.000397
70000596062.767807
70000579636.831543
1.000000
70000272196.326096
70000746943.960754
70000712090.581741
70000547036.006958
70000601017.797073
70000073809.015930
70000608388.560196
70000720680.534424
70000773515.801926
70000147211.252594
70000260008.450958
70000260188.638321
70000678075.529968
70000450418.911911
70000851689.707138
70000023985.679169
1.000000
70000036788.080688
70000429810.497528
70000494315.210861
70000752638.314468
1.000000
70000015498.444443
70000760644.246231
70000855513.825668
70000084639.216125
70000051460.944031
70000143193.803757
70000246546.211288
70000524215.512680
70000623656.274292
70000218666.844193
70000110824.159988
70000961681.095978
70000383661.053802
70000036188.465942
70000391949.486404
70000505628.436432
70000029710.286743
70000063940.547165
70000379702.164673
70000907734.814133
70000147931.369202
70000071548.891418
70000118039.098999
70000684118.189301
70000092383.379929
70000656832.068665
70000440866.793030
70000950333.821686
70000562422.053345
70000191432.597031
1.000000
70000903002.332916
70000237615.829941
70000770011.170471
70000896830.603485
70000043161.104706
70000482015.967789
70000829697.845474
70000888817.779388
70000353133.903671
70000437901.640137
70000640519.983643
70000361140.544846
70000815309.992950
70000143900.967972
1.000000
70000633020.435852
1.000000
70000090823.057831
70000034494.493271
70000609004.407425
70000757009.219437
70000617620.937073
70000072879.063461
70000634924.639999
70000669961.311508
70000854062.272049
70000638264.856339
70000753409.909927
1.000000
70000195656.826416
1.000000
70000728821.844879
70000782865.761917
70000739650.239456
1.000000
70000909456.536072
70000283575.362686
70000273293.487427
70000566414.444183
70000655767.127716
70000996108.711029
70000974579.447403
70000118196.438217
70000204473.913803
70000614463.214813
70000995857.509354
70000942194.453430
70000236532.862778
70000370613.634415
70000676658.420013
70000209474.449280
70000018956.764816
70000320790.316742
70000872715.875366
70000141481.612549
70000223426.274155
70000290514.947235
70000913179.819733
70000196159.064941
70000851238.869720
70000202852.468460
70000263386.059280
70000044644.231827
70000616729.003479
70000917884.341980
70000654649.988708
70000801000.780380
70000812023.951843
70000157920.304581
70000115520.481018
70000160216.966888
70000634071.644501
70000565986.484619
70000868680.674942
70000637525.223022
70000329725.614807
70000025693.932861
70000674297.155716
70000596356.216980
70000105420.704254
70000950533.223312
70000750978.946686
70000869237.239304
70000522832.036911
70000987493.896973
1.000000
70000656842.101456
70000360002.804810
70000380630.638000
70000074515.335190
70000885521.165939
70000814585.379547
70000501679.829788
70000008083.435455
70000634650.085709
1.000000
70000650326.866684
70000794287.623474
70000471954.139206
70000965895.792847
70000244900.331421
70000996372.009277
70000664604.672302
70000627785.464554
70000439951.352478
70000670451.405457
70000520719.951584
70000696397.916153
70000046669.899567
70000699295.711212
70000447285.696274
70000077365.170731
70000849190.377060
70000309547.345139
70000691840.594040
70000459916.075439
70000423486.371918
70000432841.729630
70000587609.800934
70000727123.297073
70000645155.047729
70000371697.282135
70000162876.818298
70000603064.036163
70000249405.738937
70000906150.098038
70000444304.908783
70000296249.457077
70000705515.226288
70000272557.940063
70000756937.485138
70000326808.798050
70000668153.035278
70000315454.676361
70000357800.272415
70000974215.633057
70000265021.790527
70000551946.985443
70000360426.816757
70000992953.686722
1.000000
70000057097.542557
70000729881.700928
70000498090.641617
70000680562.005905
70000785728.307434
70000697057.164078
70000800709.475067
70000887135.290268
70000017106.703918
70000304791.676590
70000125583.183655
70000960917.086838
70000376620.466675
70000322400.287033
1.000000
70000352857.956436
70000052624.564865
70000993104.089920
70000038381.572647
70000097495.246521
70000842934.455917
70000257818.412354
70000243603.337112
70000472717.776062
70000796123.869675
70000019377.750137
70000840724.930740
70000040448.378250
1.000000
70000471780.306915
70000840956.123840
70000564115.979813
70000218041.808258
70000925879.954544
70000501913.386902
70000989733.836884
70000600043.123627
70000960134.444260
70000165379.867004
70000553434.479660
70000068963.650696
70000015800.719193
70000764570.988739
70000896292.242294
70000293737.240128
70000713835.664505
70000570625.945251
70000300641.239197
70000930623.976486
70000824770.838364
70000154888.470673
70000024716.763397
70000430022.293060
70000124759.262634
70000349134.202774
70000361498.982483
70000839687.978470
70000038659.649826
70000595041.271606
70000418676.923233
70000119726.381531
70000409556.105820
70000402098.479813
70000984521.527527
70000330336.595184
70000378142.844696
1.000000
70000738613.351364
70000080858.657471
70000003138.229858
70000006685.814697
70000803799.850845
70000533283.127640
70000422417.065750
70000938230.324036
70000511627.097687
70000077912.603897
70000373488.157852
70000889270.352097
70000641048.887238
70000476555.262497
70000767702.980606
70000322118.607193
70000930994.785461
70000365307.915466
70000758017.946030
70000048427.219208
1.000000
70000732994.324905
70000928221.904221
70000805190.825043
70000048062.458084
70000777654.262283
70000792417.377487
70000473576.703949
70000317979.801834
70000403816.469437
70000259851.233917
70000433446.366608
70000828100.083221
70000057963.722855
0.33
 0 0 0 0 0 0 0 0 0 0 0 0 0
