1 401
70000554440.311157
70000496477.649292
70000299884.612213
70000219703.239716
70000717402.398682
70000076351.413803
70000437683.781342
70000543945.765778
70000864163.210770
70000250674.509491
70000424305.185745
70000906840.842941
70000396132.297745
70000592758.065292
70000114639.679672
70000428437.012177
70000572442.954819
70000194335.179642
70000840980.385254
70000349859.161438
70000965601.476593
70000191453.068619
70000816655.626602
70000965135.440369
70000927784.557083
70000344384.108643
70000215122.795349
70000909478.534668
70000580612.455368
70000309192.504028
70000976023.812149
70000207937.353439
70000229502.732040
70000834057.520859
70000876216.912292
70000802675.421951
70000307317.125397
70000779437.840256
70000648295.972000
70000850268.244583
70000155816.472122
70000819606.492493
1.000000
70000061063.786041
70000104519.812408
70000276687.976166
70000791545.672531
70000256298.158875
70000089086.159576
70000752762.241272
70000564379.158676
70000041447.926071
70000054054.587524
1.000000
70000020780.762772
70000902263.044418
70000824999.826263
70000118478.078354
70000909950.523773
70000230092.381348
70000013997.635025
70000753832.991852
70000158496.441528
70000373531.655869
70000619480.061157
70000591145.090607
70000386676.934906
70000974926.959549
70000277245.859787
1.000000
70000307492.625443
70000419604.319412
1.000000
70000396286.887161
70000376574.068207
70000040099.373642
70000272576.810303
70000450206.904236
70000601277.916870
70000833479.696472
70000663800.646698
70000594225.110519
1.000000
70000328560.870483
70000620352.933578
70000754772.440750
70000164646.227386
70000908931.066788
70000032488.967041
70000769413.056107
70000059119.570236
70000749472.254211
70000510896.288605
70000168767.266769
70000879371.082001
70000808122.990784
70000938945.099335
1.000000
70000707701.018127
70000114761.921051
70000159806.301208
70000204990.395935
70000409899.076630
70000196544.778229
70000679163.935135
70000511483.640762
70000695276.973145
1.000000
70000478237.280792
70000208547.733627
70000790311.496674
70000858552.865860
70000520737.629913
70000316105.803894
70000293087.871246
70000417757.109879
70000049078.390549
70000533224.395706
70000740411.333115
70000867781.330765
70000056252.671387
70000291579.611877
70000249081.598862
70000711053.523956
70000660202.819366
70000857329.201172
70000353176.166916
70000927785.320358
70000523989.134628
70000205532.023438
70000981865.888794
1.000000
70000452074.709900
70000660475.660034
70000069681.917328
70000484011.718262
70000815760.897171
70000684341.708221
70000313178.161774
1.000000
70000124476.789124
70000842253.889893
70000910311.685089
70000430003.599930
70000572928.511658
70000634289.273529
70000600978.139343
1.000000
70000495267.743240
70000587868.407990
70000705200.691986
70000665955.008682
70000007331.654709
70000112745.820023
70000246488.102966
70000288367.122086
70000822859.180710
70000161088.978500
70000376422.712006
70000813875.960022
70000922972.513504
70000961435.181808
70000776370.813965
70000770113.314804
70000504646.585892
70000797257.352554
70000652210.758484
70000922018.736847
70000069467.988358
70000902597.600723
70000733387.223358
70000197266.200424
70000018213.726807
70000361649.016174
70000508533.939423
70000979747.857956
70000144326.217102
70000303542.439606
70000961690.589447
70000440647.817032
70000970184.936646
70000238893.546021
70000564369.343262
70000505043.018753
70000616935.256134
70000837395.212189
70000749223.910080
70000044202.723801
70000717978.659668
70000910654.626175
70000720210.859787
70000225981.696548
70000010212.654007
70000520165.946976
70000827808.774155
70000440084.696625
70000915566.253174
70000181263.416550
70000540581.990021
70000911693.169189
70000668076.479401
70000398896.534927
70000547350.128708
70000840389.076462
70000690798.272781
70000079073.062134
70000208254.448883
70000914703.516571
70000023079.491486
70000401574.065933
70000844039.886703
70000602167.188004
70000053923.696915
70000437809.985336
70000296533.624985
70000267190.032455
70000028105.717499
70000563618.868347
70000596601.290375
70000881174.790482
70000745151.488037
70000486296.763458
70000374324.753922
70000659585.458405
70000735093.433243
70000607472.471802
70000892977.102676
70000320827.375656
70000897107.518494
70000003018.421432
70000402357.487671
70000959685.603470
70000009889.995590
70000869785.949554
70000791951.578949
70000677681.255737
70000746805.345703
70000065502.481384
1.000000
70000483252.213348
70000324688.758469
70000379808.992767
1.000000
70000707343.919403
70000505537.823868
70000677228.552124
70000729974.263367
70000743394.489044
70000363536.962402
70000169584.918427
70000686113.051041
70000785004.791824
70000815870.705368
70000070871.414093
70000162996.920517
70000761752.805923
70000752171.100006
70000219959.066650
70000443563.140732
70000054506.525635
70000220549.943863
70000753893.413345
70000611283.128601
70000496983.097549
70000906226.845032
70000534713.620056
70000209587.156219
70000924026.708084
70000114363.632446
1.000000
70000461429.021469
70000321888.512421
70000212126.474564
70000883630.439041
70000997193.735977
70000062889.071014
70000187261.058319
70000247937.260529
70000152310.741730
70000120597.975876
70000537197.173706
70000963837.915985
70000260600.681686
70000445513.348618
70000437339.225494
70000204811.615463
70000443936.788605
70000633328.743820
70000849198.398117
70000378203.576752
70000532125.648361
70000783596.014999
70000320202.388397
70000314429.462570
70000231876.375793
70000476393.810394
70000474651.774597
70000832685.143524
70000619892.059723
70000137218.889877
70000043997.574234
70000516230.854431
1.000000
1.000000
70000595731.327484
70000965766.658264
1.000000
70000093467.183853
70000578970.364410
70000955180.226669
70000646514.459503
70000018950.327972
70000477780.440811
70000753735.910553
70000212127.620667
70000761989.816574
70000903399.780975
70000601685.703964
70000172608.212524
70000728210.127304
1.000000
70000039107.100952
70000061951.050430
70000500130.756470
70000639471.865997
70000513305.456116
70000882804.526978
70000358849.190155
1.000000
70000679064.833542
70000359460.477234
70000833714.713974
70000817165.655197
70000358655.652115
70000283571.237930
70000951988.744354
70000029512.065781
1.000000
70000609149.411026
70000185812.007126
70000285049.861832
70000184329.919250
70000046601.536301
70000013854.015045
70000478265.704865
70000112600.305618
70000422974.768265
70000868111.963867
1.000000
70000948447.850601
70000852148.696472
70000635501.816437
70000569823.389206
70000294127.676086
70000551487.921066
70000575690.994766
70000314679.410690
70000800371.927414
70000668761.771957
70000601806.725906
70000136626.688889
70000111437.103790
70000248428.389175
70000720871.884323
70000393156.249542
70000020898.778946
70000110903.723236
70000915209.734253
1.000000
70000470504.774612
1.000000
70000675560.836929
70000932853.811264
70000765484.459869
70000538025.694580
1.000000
70000488179.992020
70000830079.372726
1.000000
70000381702.447418
70000448173.938263
70000764456.999573
70000115709.557846
70000692630.973343
70000117901.386932
1.000000
70000761073.932037
70000500713.380997
70000557769.341492
70000087382.031937
70000781074.895584
70000308483.285263
1.000000
70000237317.531708
70000415526.589905
70000058572.917328
1.000000
70000022401.711563
70000091956.843719
70000402399.848129
0.33
 0 0 0 0 0 0 0 0 0 0 0 0 0
