1 401
70000128574.736420
70000109211.147659
70000300164.264496
70000231798.944885
70000114880.435471
70000321567.400177
70000676499.881287
70000822384.615189
70000800130.803864
70000343416.842529
70000746047.618179
70000288413.517654
70000012445.785553
70000923646.109268
70000533790.196548
70000077296.274551
70000143814.225006
1.000000
70000280611.710297
70000192875.947342
70000620031.496399
1.000000
70000162343.007248
70000272738.031128
70000969868.647034
70000905821.148376
70000653371.604919
70000850467.337799
70000966858.182510
70000445267.783524
70000548189.775711
70000827066.612305
70000853664.960800
70000329155.267990
70000729405.791824
70000058242.316895
70000046688.046265
70000434322.928848
70000069084.447998
70000842078.414703
70000769935.325623
70000458246.417725
70000495396.753845
70000510294.575577
70000273322.860611
70000495564.946472
70000613186.752518
70000574953.087448
70000876522.812195
70000941212.892532
70000091845.194183
70000864950.712433
70000297067.083969
70000382748.871338
70000863473.166199
70000495112.057114
70000297685.282867
1.000000
70000814903.629898
70000469011.482056
70000250417.836365
1.000000
70000019711.475830
70000574698.114655
70000198799.092575
70000005996.482834
70000950653.129761
70000674677.695450
1.000000
70000890805.509644
70000156916.830246
70000901604.717514
70000223642.161911
70000544509.265900
70000192453.713486
70000235706.129135
70000410176.014175
70000767618.745621
70000665080.081909
70000778838.467209
70000840827.402679
70000533652.667953
70000022022.837387
70000462345.448303
70000825264.994995
70000153207.908569
70000288765.599884
70000299730.401855
70000241072.646576
70000974922.158722
70000510816.085815
70000571694.562790
70000418345.934113
70000318877.239899
70000209846.972549
70000742017.556747
70000244763.947784
70000682923.382721
70000247126.684937
70000387747.405365
70000695503.784760
70000506248.373077
70000564304.309967
70000135292.445251
70000568035.871353
70000122495.959625
70000947113.854416
70000637988.322433
70000796759.672958
70000597258.955673
70000788104.248764
70000734288.393280
70000012421.405487
70000131799.056610
70000197937.443832
70000124287.578934
1.000000
70000494045.023254
70000291035.210403
70000378099.693237
70000562371.616745
70000408635.471619
70000775509.348083
70000324006.754059
70000350628.774094
70000209592.621887
70000789880.155670
1.000000
70000093434.414124
70000177133.453888
70000401599.753433
70000711819.212860
70000825584.782410
70000086292.892853
70000560882.878571
70000246630.740433
70000414760.812149
70000974955.656693
70000382488.761719
70000999909.330475
70000362779.404022
70000705124.119644
70000617026.882523
70000276496.390030
70000859060.644943
70000411518.800385
70000468628.810471
70000782751.593796
70000446213.959686
70000492955.528625
70000640116.613586
70000311718.104767
70000938896.743546
70000589359.072327
70000850063.080643
70000707194.897415
70000381044.258926
70000421713.513016
70000740724.456314
70000194354.116211
70000258475.838821
70000403896.944336
70000759022.451706
70000113489.935028
70000378879.769791
70000396715.526413
70000757057.060760
70000848819.386017
70000005958.840347
70000995633.636871
70000293902.826385
1.000000
70000789309.527115
70000797238.735275
70000669372.288010
70000337078.882050
70000499615.276825
70000883048.088211
1.000000
70000849377.748230
70000297677.436462
70000173705.713303
70000189471.022110
70000514479.346786
70000836458.824997
70000267252.099014
70000003109.850159
70000013734.201614
70000899711.819244
70000746979.885178
70000025912.004486
70000110101.807159
70000594748.014191
70000385184.487030
70000651208.472534
70000596098.248535
70000398695.826843
70000653639.645554
70000244657.392715
70000969485.867035
70000797454.772308
70000426126.211975
70000907885.740829
70000770687.397507
70000207111.786987
70000267195.325150
70000891302.771500
70000772347.267838
70000060364.518051
70000866726.219208
70000263895.595215
70000650236.602371
70000040119.457443
70000369868.608261
70000017904.034348
70000562714.934967
70000210850.200882
70000374299.351532
70000935079.309891
70000359903.690826
70000014685.207458
70000117892.120667
70000191659.641846
70000302130.904770
70000485780.617554
70000508939.873978
70000438901.996414
70000578451.740265
70000798400.979843
70000250239.726700
70000509533.691528
70000004951.475937
70000370564.884674
70000147736.073563
70000843225.160690
70000757158.644699
70000624679.865265
70000927940.803406
70000343248.200104
70000744089.828400
70000831553.009857
70000168767.752533
70000063927.319641
70000542539.511246
70000849812.035828
70000373506.007889
70000157254.178055
70000180767.258713
70000064350.513016
70000161916.693054
70000212288.821289
70000703623.538757
1.000000
70000687109.744751
70000480503.490967
70000615928.538330
70000120799.641907
70000877225.117584
1.000000
70000744709.988541
70000193889.432495
70000440490.422913
1.000000
70000965626.897980
70000285630.403473
70000574855.206009
70000285896.111252
70000992970.285187
70000197388.907440
70000558044.085403
70000942228.509750
70000874643.948563
70000989990.260849
70000513788.927383
70000020754.603424
70000702057.698013
70000339421.478088
70000405089.448288
70000974334.425552
1.000000
70000747503.271439
70000766588.752945
1.000000
70000319210.569550
70000020088.932770
1.000000
70000922683.650986
70000080455.148117
70000524704.858170
70000222151.425415
70000678503.527664
70000310687.953293
70000270770.030289
70000507249.336441
70000496346.316757
70000883463.501785
70000670352.208832
1.000000
1.000000
70000609513.376434
70000401036.125595
70000411850.870941
70000200100.800797
70000151186.615753
70000193907.196457
70000882052.878830
70000860041.140076
70000306281.122772
70000515531.309494
70000337286.494614
70000682394.191406
70000761219.802643
70000204814.200912
70000074570.997116
70000296796.200104
70000831911.620041
70000937231.358688
70000222970.339142
70000077635.060410
70000314701.002060
70000418326.215103
70000121528.987991
70000927816.109848
70000098569.139038
70000170134.873108
70000441148.748184
70000034035.249817
70000232369.835236
70000147970.764160
70000612239.782578
70000667666.736053
1.000000
70000073157.803070
70000112902.719666
70000838883.617218
70000482275.687378
70000694316.105209
70000554586.774063
70000971838.132690
1.000000
70000376916.590744
70000876537.911896
70000829610.283798
70000683002.516937
70000907917.173584
70000040830.417679
70000513179.228592
70000394141.974121
70000140102.020157
70000394105.317413
70000093909.308289
1.000000
70000418246.018417
70000694533.949188
70000903564.337402
70000512450.700485
1.000000
70000082724.553253
70000554147.189209
70000061827.441513
70000344838.244125
70000767618.989548
70000138162.214035
70000455324.293198
1.000000
70000344181.971390
70000281300.172684
70000771512.638519
1.000000
70000348357.697983
70000332334.619354
70000531481.246292
1.000000
70000619877.733078
70000746985.357407
70000005854.420029
70000662750.524033
1.000000
70000499701.174240
70000272667.513519
70000274102.816223
70000033292.413666
70000148988.025696
70000858569.145737
70000077319.156021
70000302457.755295
70000495674.567642
70000484722.270538
70000261470.833832
70000313340.812698
70000151071.014999
70000202535.800964
70000918833.734253
70000524906.350159
70000153253.241257
70000210335.325943
70000549611.383759
70000611646.101730
70000439891.852310
70000974068.548492
0.33
 0 0 0 0 0 0 0 0 0 0 0 0 0
