1 401
70000594430.428711
70000873029.507401
70000140887.442764
70000085594.258972
70000205517.027603
70000027407.581558
1.000000
70000955875.187057
70000516508.344254
70000436006.582764
70000378867.091644
70000858302.369781
70000202356.331100
1.000000
70000523512.617188
70000923942.274612
70000644711.771591
70000036277.689148
70000717292.053543
70000095262.417694
1.000000
70000029832.234283
70000570119.270248
70000603471.559204
70000666234.408279
1.000000
70000970768.758362
70000519562.176163
70000014522.445007
70000240397.276611
70000546383.641769
70000992611.805420
70000805526.428757
70000241638.055222
70000623237.298767
70000827627.899017
70000775468.051758
70000827679.049042
70000666285.097778
70000395942.884445
70000266861.752075
70000894048.473892
70000821245.390900
70000981251.972931
70000769934.051727
70000863192.161774
70000263303.819641
70000710506.297729
70000403222.885483
70000726307.100845
70000556634.213715
70000171001.627548
70000857389.564362
70000819269.921906
70000513206.893539
70000873125.685257
70000808270.312012
70000016505.463669
70000425336.414612
1.000000
70000220520.704620
70000107422.124466
70000173373.291428
70000385988.418716
70000717683.548782
70000420817.784622
1.000000
70000859677.045715
70000257006.591217
70000989815.412491
70000920024.066849
70000759128.162216
70000121066.972122
70000107061.615433
1.000000
1.000000
70000720600.545074
70000201855.913712
70000769124.333237
70000241509.217072
70000267854.403671
70000659307.205551
70000149476.360611
70000181071.486206
70000415949.821777
70000536412.684631
70000440322.676727
70000435238.820541
1.000000
70000306935.897064
70000837622.956482
70000956241.581635
70000065793.531647
70000949518.266525
70000701949.625839
70000124124.825546
70000961632.291870
70000200923.421112
70000879398.219604
70000300564.458954
70000998036.704803
70000500177.076523
70000855034.698746
1.000000
70000043597.281815
70000086097.950546
70000712968.180084
1.000000
70000245085.565598
70000482108.107040
70000852175.627060
70000995555.999741
70000448288.507874
70000368479.510086
70000978872.130753
70000142096.862976
70000617915.721588
70000741257.038132
70000105835.819412
70000230169.361969
70000034935.057419
70000425492.229919
70000652999.380447
70000943815.103699
70000442767.235733
70000832268.372192
70000088578.210266
70000617207.624908
70000891220.024796
70000683954.408340
70000411490.489746
70000257240.850601
70000152949.545609
70000217270.090408
70000556361.193375
70000155089.433029
70000842067.585312
70000027026.623840
70000561999.099533
70000083494.228378
1.000000
70000547433.663086
70000491917.644653
70000680350.780136
1.000000
70000483382.704651
70000157757.929932
1.000000
70000805748.083176
70000752060.297577
70000334388.242203
70000804988.439743
70000488992.571365
70000333992.835495
70000760914.219971
70000714060.014862
70000040911.402222
70000395243.214813
70000895810.981537
70000500551.892044
70000384410.668777
70000427715.242447
70000636038.476593
70000475554.024704
70000931528.359528
70000075609.665482
70000438580.536179
70000985090.777679
70000488709.601578
70000077114.407166
70000816476.689331
70000916997.915115
70000195353.731110
70000333773.277420
70000023901.889542
70000666282.944992
70000811950.190063
70000129437.005386
70000306221.458984
70000134059.392212
70000804812.667755
70000487095.929291
70000541155.498383
70000456852.127899
70000450822.164337
70000351493.921585
70000791363.247452
70000465830.652420
70000346382.727325
70000485697.082336
70000299097.977905
70000272309.564911
70000939652.695999
70000620544.996506
70000781556.051636
70000591775.973938
70000528603.472382
70000354021.829987
70000783539.137848
70000908490.393295
70000658692.643021
70000263595.766403
70000866067.980515
70000095913.288773
70000786373.563019
70000350129.964462
70000362577.201797
70000033859.586792
70000701758.476807
70000133505.891357
70000964971.092941
70000140299.809479
70000856943.124191
70000948508.647751
70000856664.373962
70000385522.687790
70000271538.248199
1.000000
70000896374.023941
70000329932.540192
70000898803.125061
70000967518.885162
70000500065.368744
70000965640.097839
70000951629.816986
70000317287.488998
70000778587.897644
70000197530.179230
70000812378.040237
70000774134.867233
70000346159.630920
70000493131.628311
70000854521.845566
1.000000
70000052869.921799
70000355942.705933
70000722525.390411
70000161736.015778
70000007080.101318
70000684359.449463
70000430945.317200
70000996436.645752
70000239304.224976
70000151529.009766
70000830065.491302
70000214414.698837
70000939852.426575
70000060754.195679
70000102555.217316
70000500844.838074
70000845244.683105
70000727650.635162
70000800169.802048
70000161555.781158
70000841304.944168
70000820691.137177
1.000000
70000081398.384430
70000516476.720047
70000375984.043243
70000023031.794022
70000218695.942825
70000236818.321426
70000116433.158356
70000040063.446167
70000750239.459549
70000823743.945099
70000180912.112061
70000136457.788696
70000894987.239075
70000311044.371704
70000198390.219330
70000858934.134338
1.000000
70000811595.348541
1.000000
70000384650.084320
70000181808.204620
70000738406.495361
70000049948.500885
70000051406.648651
70000865275.597900
70000180074.714844
70000857434.393890
70000524230.561462
70000593953.786240
70000126740.430313
70000285164.581421
70000145291.676437
70000982772.364853
70000925482.496490
1.000000
70000511806.031158
70000459115.390594
70000848486.220367
70000377754.814041
70000305772.045914
70000800803.240005
70000607939.903534
70000641439.391129
70000184907.096176
70000478468.004654
70000886423.277802
70000109494.407669
70000719450.427780
70000164429.272171
70000109834.417130
70000710690.391541
70000897185.565674
70000102096.288605
70000904085.420410
70000290446.722839
70000912331.114441
70000777659.202301
70000021563.646347
70000101595.377411
70000194951.967957
70000561531.620514
70000329609.216843
70000856855.421677
70000909451.733154
70000149844.062134
70000915390.063950
70000304666.609665
70000386991.134308
70000592266.440079
70000109393.124832
70000011779.015335
70000254324.121750
70000479266.943253
70000045633.018555
1.000000
70000147905.707932
70000293529.557632
70000918054.335678
70000333354.682022
70000823884.803574
70000582551.983719
70000864976.224777
70000253786.358490
1.000000
1.000000
70000982817.186234
70000255983.091766
70000855189.546783
70000179486.590302
70000798342.581512
70000733030.744186
70000131480.765442
70000014638.812103
70000841312.675064
1.000000
70000458290.403519
70000715039.096970
70000819955.463013
70000478652.536011
70000926969.075027
70000186279.170090
70000213189.271378
70000114549.894562
70000322152.951324
70000010852.778427
70000197399.274170
70000776274.669373
70000761364.707077
70000265744.319824
70000416319.405472
70000496326.135452
70000264720.076416
70000664783.857056
70000269439.533920
70000733895.142456
70000271210.011551
70000737200.443146
70000205871.437302
70000910491.714722
70000609066.164948
70000719462.836517
70000466190.300720
1.000000
70000519587.417999
70000718466.933594
70000271123.998718
70000040679.693390
1.000000
70000070640.464142
70000843784.385437
70000870239.494476
70000723842.421997
70000734383.906754
70000105883.536743
70000829367.653503
70000809772.705460
70000124878.280624
70000060353.386703
70000167997.942673
70000289716.353912
70000504227.028732
70000555367.859802
70000758713.295074
0.33
 0 0 0 0 0 0 0 0 0 0 0 0 0
