1 401
70000518821.502380
70000572140.624603
1.000000
1.000000
70000862331.404633
70000868737.206528
70000005556.795502
70000336164.624191
70000798943.701645
70000191949.510681
70000571607.232162
70000371923.937820
70000904299.326508
70000784892.753342
1.000000
70000245553.175369
70000517622.336685
70000219337.225159
70000590680.452484
70000383929.244141
70000729599.864075
1.000000
70000985424.385071
70000729312.881958
1.000000
1.000000
70000843496.259613
70000641931.495010
70000075276.598022
70000606013.881775
70000042538.359055
70000309346.307571
1.000000
70000567103.878540
70000153860.796219
1.000000
70000877323.787552
70000754337.491562
70000105870.102005
70000208463.049500
70000269542.071442
70000854828.111160
70000788617.581024
70000993196.671631
70000028863.979172
70000973586.483215
70000253056.173218
70000531460.114258
70000902541.552826
70000180756.968124
70000063032.482056
70000243332.822723
70000523259.316727
1.000000
1.000000
70000702163.301788
70000299448.517731
70000920032.629974
1.000000
70000658737.538437
70000609101.216019
70000908805.965668
1.000000
70000834025.592926
70000888480.620865
70000079866.723816
70000369157.579422
70000304241.377365
70000953541.625549
70000305734.851181
70000302369.900848
70000266330.307175
70000424286.796509
70000848811.952286
70000755198.949799
70000572301.894424
70000695331.285858
70000750638.966858
70000194893.148178
70000487039.177338
70000259359.550964
70000029511.464706
70000889095.262863
70000543765.699524
70000345052.503128
70000107179.476624
70000502768.106079
70000602762.416611
70000632987.612167
70000770226.660172
1.000000
70000694812.367081
70000087934.018265
70000448915.233994
70000073698.502823
70000809181.065735
70000748711.071594
70000474723.928085
70000648266.406387
70000162001.534393
70000426542.901871
70000411757.817337
70000789972.598923
1.000000
70000802809.914703
70000875129.722992
70000085010.154480
70000125692.360352
70000386820.392883
70000972105.414230
70000877159.561768
70000266543.442535
70000963708.335602
70000778572.672318
70000325337.839172
70000085244.549026
70000336035.649261
70000563550.317612
70000604616.564911
70000350953.858078
70000538964.097656
70000010950.130600
70000422912.193024
70000650709.134674
70000344478.564438
70000190588.021713
70000298414.939789
70000743641.141388
70000892317.379486
70000242263.852203
70000619697.324005
70000643162.878021
70000522446.682770
70000385046.135193
70000446810.475723
70000771499.516403
70000977603.173340
70000098625.738892
70000317377.589584
70000246569.697968
70000686337.126465
70000970099.004929
70000999441.027374
70000317626.510315
70000934435.711685
70000050656.194092
70000009748.372864
70000050247.484665
70000184736.776901
70000285632.321228
70000039314.105225
70000150959.680069
70000610752.656403
70000766346.837692
70000909731.512878
70000417375.903397
70000878978.144562
70000663312.624115
70000402617.838150
70000495777.822952
70000411775.159973
70000763299.557846
70000380314.305206
70000583885.710403
70000044276.182190
70000205369.319244
70000806601.062302
70000104679.383987
70000202445.002899
70000961543.972870
70000903026.961044
70000990609.456879
70000858359.292404
70000342671.602661
70000926603.240479
70000613239.300644
70000882688.800461
70000258545.806625
1.000000
70000573531.042908
70000723783.507996
70000802910.878036
70000619862.293137
70000618577.274307
1.000000
70000319841.344315
70000227455.438766
70000370925.367432
70000464348.418045
70000201316.707352
70000086772.946732
70000277258.900436
70000284806.370087
1.000000
70000654583.223831
70000361681.093948
1.000000
70000101272.314407
70000668578.343536
70000748714.004074
70000475931.454208
70000380838.810867
70000875386.113495
70000832236.286102
70000992937.117493
70000083496.757751
70000200371.906754
70000613369.350616
70000154262.004837
70000509769.783066
70000110003.289978
70000159672.604782
70000031394.515106
70000065391.183868
70000095051.620636
70000170050.211929
70000830266.144409
70000014249.584549
70000011155.411377
70000255109.273895
70000965646.316116
70000780842.714417
70000467946.611053
70000500631.763992
70000426318.798264
70000150130.252014
70000535776.623398
70000689577.947006
70000726770.286743
70000787392.235123
70000443180.620026
70000559899.486206
70000310035.380051
70000244140.366867
70000060280.962830
70000688487.947296
70000044622.652908
70000983391.071289
70000599797.333588
70000865263.129944
70000242399.576294
70000201151.548645
70000446277.276642
70000273920.707306
70000688912.051590
70000222898.269485
70000569701.912247
70000940806.039963
70000068205.917816
70000606287.810928
70000753667.097153
70000081698.340454
70000574958.613480
70000715412.455170
70000313153.494080
70000100754.700165
70000512225.744263
70000746508.871872
70000144467.021683
70000284467.690002
70000339570.856461
1.000000
70000925570.023285
70000571776.786728
70000111528.843613
70000469328.782349
70000461292.814789
70000403702.409164
70000276837.121674
70000277031.539413
70000277633.234146
70000515531.637268
70000921724.263153
70000112028.292358
70000329454.935699
70000635849.654175
70000936196.783661
70000373009.295349
70000442361.847412
70000877973.855835
70000724484.181854
70000668076.538086
70000272430.007584
70000462109.819336
70000602260.871063
70000469278.077164
70000275836.686249
70000785399.023270
70000643989.344055
70000040619.537033
70000365528.174545
70000805629.686813
70000138229.208008
70000918566.063583
70000238845.086975
70000636168.228165
70000091600.089722
70000849749.632233
70000578463.230392
70000283769.520615
70000392029.280304
70000757855.331314
1.000000
1.000000
70000116718.583359
70000113838.566818
70000828060.348160
70000649421.995026
70000665274.832825
70000075019.316299
70000260969.010620
70000151705.166229
70000012192.081223
70000553239.425156
70000474932.390930
70000352915.405365
70000800699.562469
70000538277.716446
70000459344.091095
70000081420.778214
70000339033.974121
70000563150.535889
70000444708.062057
70000810952.650620
70000816755.345428
70000174675.782288
70000908166.257538
70000387230.633545
70000917838.485275
70000416188.332764
70000112185.787491
1.000000
70000984577.351746
70000383996.779953
70000737075.630997
70000259785.360428
70000866646.692215
1.000000
70000747651.562958
70000031425.448654
70000302749.509750
70000661568.155884
70000664095.357208
70000959679.959106
70000786097.040543
70000442662.005753
70000439279.511780
70000770466.367203
70000826476.571365
1.000000
70000852682.195496
70000089941.002975
70000786962.125610
70000932373.844345
70000624293.746124
70000328187.864517
70000790165.800339
70000978297.443420
70000020576.672470
70000323942.464752
70000874596.084747
1.000000
70000668363.123703
70000849290.101288
70000607947.488876
70000382687.494263
70000693368.978043
70000772663.338760
70000619460.485229
70000481656.694748
70000379577.842590
70000431314.060623
70000598563.793594
70000215233.191422
70000634729.007538
70000677133.840073
70000787388.347488
70000654678.576050
70000519573.331650
70000835926.507019
70000845513.968613
70000659973.252762
70000008321.778229
70000147440.569717
70000992265.635330
70000438123.796768
70000005580.702026
70000239190.783493
70000432513.143234
1.000000
70000446228.784225
70000255102.815689
1.000000
70000899363.037369
1.000000
70000935437.555542
70000028174.759155
70000370319.371384
70000407018.338181
1.000000
0.33
 0 0 0 0 0 0 0 0 0 0 0 0 0
