1 401
70000807334.607773
70000676516.400085
70000198059.294205
70000200977.719788
70000348250.310120
70000471986.865295
70000377966.773727
70000650383.827423
70000899186.966980
70000243915.541656
1.000000
70000910373.618408
70000487738.264481
70000926150.100922
70000602156.980515
70000544813.817047
70000903317.565506
70000923088.845352
70000457741.048508
70000958922.133911
70000256076.293167
70000487110.425781
70000046617.459808
70000804226.211304
70000385030.148499
70000928096.419083
70000910464.620560
70000455442.508102
70000009912.940308
70000971461.571442
1.000000
70000157930.466537
70000646039.486572
70000581252.462799
70000247443.486435
70000470939.161560
70000168871.151978
70000938651.828857
70000034949.798401
70000645775.447052
70000438731.386307
70000027328.856430
70000210519.628967
70000972739.633011
70000044763.820053
70000252048.963531
70000819532.167206
1.000000
70000267976.034180
70000286053.447540
70000851461.277176
70000749775.856491
70000473826.666107
70000332097.871811
70000593631.302536
70000834189.690216
70000576801.626343
70000016626.541519
70000130621.335037
70000782616.196365
70000340387.119492
70000118765.247452
70000593823.893402
70000078215.870987
70000739877.935211
70000218932.188995
1.000000
70000062306.607666
70000968528.740036
70000391828.031921
70000035008.323700
70000574079.059433
1.000000
70000970099.099457
70000274862.755890
70000523250.864853
70000961920.616135
70000967523.635544
70000084189.060120
70000768978.904221
70000710219.032227
70000980323.598450
70000370540.182968
70000146212.948135
70000768363.971939
70000450969.547226
1.000000
70000608159.422958
70000221742.871658
70000273950.340881
70000461084.316360
70000489166.536514
70000626037.590775
70000742741.108353
70000364934.513718
70000987065.625412
70000792955.286285
70000524396.585480
70000277468.363388
70000485037.356537
70000915288.395264
70000525272.715332
70000304670.653427
1.000000
1.000000
70000109042.636963
70000956594.963898
1.000000
1.000000
70000340560.749054
70000834103.215347
70000436694.533401
70000544630.741852
70000462606.355881
70000465206.276428
70000714843.788513
70000315359.772766
70000170814.995621
70000546975.301117
70000337340.527664
70000469825.255234
70000691291.884445
70000165773.566635
70000084162.918884
70000876262.578079
70000573062.309982
70000293604.841278
70000343900.241791
70000362647.849670
70000156075.276474
70000410246.339523
70000903980.132477
70000355107.300888
70000232709.960373
70000147965.079071
70000629558.317688
1.000000
70000595979.240265
70000662850.080200
70000236320.626587
70000850173.511459
70000710772.115540
70000187167.202103
70000925757.433731
70000702784.529099
70000765653.133255
70000693515.648865
70000661599.110321
70000021602.006866
70000638617.918594
70000812398.028290
70000411549.784592
70000045573.219742
70000768905.311676
70000287915.162079
70000263127.278641
70000382226.694504
70000666010.646301
70000544021.730911
70000512379.319275
70000145348.002975
70000928825.914841
70000630813.679871
70000072726.846771
70000249263.165619
70000692039.578232
70000332574.414627
70000476114.373169
70000674314.352448
70000027212.218567
70000775918.879074
70000616560.181412
70000562649.307159
70000851581.976669
70000725970.379929
1.000000
70000992870.070068
70000645306.665359
70000539975.598969
70000421900.854126
70000628757.918045
70000769692.059937
70000489856.799622
70000153625.629120
70000271561.020111
70000602149.566483
70000370488.050934
70000479337.875549
70000772455.544281
70000054047.692123
70000014617.147034
70000583107.029007
70000932880.642197
70000640020.321960
70000342900.070435
70000289229.823669
70000804040.880783
70000494845.144867
70000808809.829956
70000153304.160599
70000633241.970032
1.000000
70000434414.460739
70000385890.553009
70000160629.743210
70000897596.881973
70000174799.892654
70000222628.617020
70000246925.618301
70000712899.808273
70000416404.150024
70000214205.126404
70000201131.884842
70000324708.077438
70000982033.908691
70000768085.701370
70000476195.843384
70000846449.718979
1.000000
70000923616.367096
70000778634.130066
70000721530.262650
70000689968.652222
70000408013.373749
70000323531.798172
70000650880.331741
70000765115.141144
70000779718.557526
70000360388.649506
70000575433.214417
1.000000
70000017607.582352
70000059452.998199
70000037923.633377
70000674090.279068
70000949360.466873
70000316091.515717
70000978142.136810
70000421826.019562
70000923576.893143
70000513630.645874
70000127167.084641
70000168326.520691
70000509491.699997
70000120680.875351
70000637711.649765
70000085016.123779
1.000000
70000584738.077835
70000835313.638077
70000425703.706848
70000090328.802231
70000930277.991882
70000345563.978088
70000581131.492752
70000317812.482681
70000925183.454773
1.000000
70000885708.084930
70000213446.253555
70000014195.993607
70000815340.211670
70000654048.233170
70000450979.338730
70000639173.761292
70000711228.164200
70000486402.928192
70000791720.046738
70000518645.034180
70000253249.636414
70000129337.157822
70000898760.201614
70000327820.215057
70000547676.423599
70000968214.359085
70000522783.902100
70000921095.956711
1.000000
70000676534.946335
70000714605.349548
70000635645.581024
70000000409.557724
70000174917.839539
70000648238.649338
70000682797.435577
70000874457.214035
70000528565.919556
70000249583.782684
70000403548.360580
70000508615.580536
70000735932.048904
70000419667.309662
70000623879.215576
70000209678.545593
70000682140.399689
70000008810.587952
70000393336.282150
70000460641.554977
70000017932.400940
70000167061.548035
70000162427.170288
70000652258.353760
70000086950.789810
70000286303.517441
70000959670.766144
70000508674.116211
70000926278.117508
70000541098.850754
70000016491.250366
70000030957.121216
70000154971.916916
70000756860.099167
70000130662.816772
70000862551.792435
70000387436.419617
70000463916.272049
70000147405.147308
70000921501.068909
70000383894.116486
70000732473.897568
70000842207.498947
70000680309.975311
70000285160.439743
70000323908.995651
70000533713.162811
70000062113.264145
70000904750.752594
70000743665.547546
70000133796.642212
70000735616.869431
70000307528.287552
70000971940.064880
70000655929.256195
70000142902.906342
70000805303.488861
70000609615.475037
70000192332.169342
70000191729.810989
70000075957.276215
70000700096.170853
70000202636.523727
70000712927.705795
70000027325.183716
70000837653.557816
70000180345.272110
1.000000
70000035440.055176
70000967087.055176
70000851389.763931
70000888140.659103
70000980258.901596
70000473949.981323
70000621723.806747
70000677718.244049
70000415366.080521
70000220022.224655
1.000000
70000583345.417328
70000688233.685181
1.000000
1.000000
70000976340.766953
1.000000
70000298475.187546
70000716592.376633
70000348001.529404
70000510519.447662
70000726964.316940
70000588040.457703
70000485333.490860
70000307223.921890
70000012886.011734
70000436653.017914
70000906885.004456
70000110745.633301
70000548802.725906
70000810691.568207
70000444943.071945
70000331245.924316
70000593061.739594
70000308869.970383
70000690437.314850
70000677191.936249
70000805347.210861
70000703586.227234
70000602260.660614
70000668139.328918
70000166096.439621
1.000000
70000927570.453476
70000348042.581589
70000389787.831451
70000490051.351303
1.000000
70000655269.249344
70000987437.344543
70000047556.705185
70000262663.990128
70000667025.384750
70000179662.399124
0.33
 0 0 0 0 0 0 0 0 0 0 0 0 0
