1 401
70000895246.549057
1.000000
70000130391.539551
70000072270.915558
70000667042.327316
70000123540.929535
70000451232.996353
70000671171.704529
70000637619.350296
70000881926.924774
70000801189.566162
70000605148.715668
1.000000
70000915958.849075
70000931693.368057
70000647743.906509
70000043346.791138
1.000000
70000127449.658386
70000216243.207809
70000103374.882141
70000120958.396393
70000685674.765167
70000058962.574615
70000843512.493408
70000460601.571182
70000023820.836197
70000918996.596497
1.000000
70000708992.344116
70000952244.449493
70000604068.267517
70000677552.711731
70000717815.251190
70000836265.376266
70000845967.494034
70000829019.622192
70000001550.112732
70000329367.236206
70000137911.395721
70000716928.172089
70000863218.063889
70000337183.741196
70000028962.192078
70000961052.369400
70000787467.315506
70000639804.031082
70000795432.479355
70000335460.210876
70000239279.283142
70000100631.359268
70000006679.416458
70000575075.438904
1.000000
70000950743.082031
1.000000
70000967362.238419
70000802960.267319
70000670880.263550
70000150041.163391
70000070814.706650
70000504388.599533
70000363395.847855
70000940449.645905
1.000000
70000428727.904663
70000532454.948364
1.000000
70000280846.649246
70000820121.487610
70000339040.726166
70000063437.663467
70000089226.783432
70000309152.137924
70000114359.880371
1.000000
70000394326.701340
70000122598.906174
70000441134.110565
70000464320.706955
70000186314.858490
70000060895.692230
70000354577.492828
70000303234.104095
70000941527.653122
70000885079.990463
70000467274.492401
70000207061.372711
70000258117.821198
70000253907.695648
70000949296.732452
70000901139.801559
70000664829.612091
70000286914.976410
70000271675.880524
70000291657.848984
70000761152.502762
70000569737.103912
1.000000
70000223458.169952
70000030152.347076
1.000000
70000045072.575363
70000759598.761429
70000490869.692993
70000522328.903610
70000506420.846634
70000574161.364777
70000126890.353256
70000303811.098480
70000838780.089600
70000933107.958954
70000569474.279205
1.000000
70000166860.824402
70000194211.871750
70000080487.872238
70000741594.745010
70000779086.895233
70000524772.542892
70000466193.623154
70000702042.592987
70000798736.405975
70000033690.674103
70000525909.912720
70000956537.510651
70000182498.434494
70000113948.738449
70000314326.177521
70000137997.471039
70000752255.149567
70000211238.589539
70000180144.437012
70000916789.574890
70000583389.289795
70000874605.535355
70000774534.757614
70000401228.555847
70000430197.471130
70000898358.272415
70000292594.281845
70000395330.802231
70000396724.874924
70000688194.625519
70000991828.227127
70000567272.826385
70000127988.160583
70000550958.461182
70000402934.567551
70000173847.928665
70000703389.389526
70000386108.741638
70000497212.579117
70000530540.646393
70000143231.126877
70000937131.150208
70000088059.440720
70000646873.836792
70000114612.854370
70000447489.232193
70000997432.121246
70000266846.501358
70000469125.633331
70000399145.093063
70000792914.068970
70000481615.788361
70000655106.257126
70000139862.648315
70000992949.694214
70000696653.938019
70000215536.107758
1.000000
70000800012.705124
70000175730.187988
70000373812.877365
70000496599.952225
70000780899.142242
70000682557.313263
70000340939.221329
70000858674.114639
70000115103.935303
70000590301.970779
70000548203.160172
70000030406.419891
70000891412.341782
70000363301.129517
70000013107.147324
70000953307.040192
70000054540.674667
1.000000
70000012528.055527
70000506401.714645
70000648472.863937
70000630260.758331
70000783447.237610
70000845631.672134
70000425611.380402
70000750241.637375
70000499183.118271
1.000000
70000662384.755234
70000027375.002808
70000705206.542831
70000900469.094391
70000006910.734344
70000060553.035202
70000342123.244492
70000353390.432953
70000940922.171753
70000950374.106628
70000109673.320129
70000086849.159546
70000440403.304123
70000511780.382355
70000567108.592712
70000271243.660492
70000794570.027512
70000702571.212952
70000513969.621002
70000544454.371796
70000752683.205490
70000101219.516647
70000709972.762558
70000338757.324249
70000802838.139587
70000069914.178055
70000259204.434311
70000479442.228058
70000305541.823288
70000968780.090683
70000356501.672195
70000197381.245712
70000279538.033325
1.000000
1.000000
70000743051.197571
70000560901.155045
70000697629.575867
70000265218.185715
70000173594.993973
70000169125.806732
70000164861.648361
70000580300.647522
70000786281.060837
70000702449.455475
70000772347.723953
70000594368.744415
70000346967.564331
1.000000
70000593177.862122
70000136936.015335
70000834423.634628
1.000000
70000073616.639938
70000012031.816437
1.000000
70000106909.086273
70000005962.199799
70000130414.495682
70000537645.549789
70000787570.223511
70000782127.164185
70000613328.964783
70000064715.553055
70000089777.397980
70000951175.357452
70000286626.007339
70000285046.738739
70000688909.629517
70000080932.957474
70000393763.806015
70000780824.922150
70000767416.275543
70000546540.806061
70000295604.068695
70000113233.222488
70000549497.891403
70000940292.022690
70000972696.127243
70000303975.948227
70000671505.481339
70000273804.537811
70000484631.779495
70000491591.675598
70000331940.397552
70000845028.646393
70000554983.865936
70000998711.009644
70000113634.333282
70000870116.206741
70000714231.455276
70000287290.442291
70000728717.643433
70000496740.254562
70000917906.070908
70000575399.462631
70000787795.000397
70000842330.909714
70000818770.047501
70000973087.961685
70000040428.996170
70000730736.761581
70000637447.081665
70000669234.299805
70000690468.757812
70000250899.706009
70000900677.082657
70000837976.099701
70000155299.026810
70000641890.088699
1.000000
70000435271.288315
70000075306.016327
70000938803.038940
70000720067.910324
70000751724.836395
70000038214.076874
70000334360.345825
70000556938.373016
70000762408.970963
70000176064.411499
70000704635.385925
70000097805.353699
70000573909.295456
70000929568.772461
70000450414.912796
70000568783.886978
1.000000
70000374460.864365
70000181522.183731
70000365835.020874
70000061616.331635
70000187771.702530
70000948960.486542
70000136588.343140
70000323859.883850
70000033295.962601
70000647457.872253
70000738696.359024
70000472684.168610
70000873667.450363
70000694312.701019
70000940444.568985
70000235301.123749
70000032173.761688
70000518854.986206
70000775311.511429
70000599871.033325
70000008379.209839
70000183087.567688
70000523320.460281
70000980529.008713
70000740156.710693
1.000000
70000135289.563736
70000425590.435333
70000064126.547958
70000470695.805695
70000636997.858231
70000154919.826950
70000517111.548325
70000220573.589966
70000341494.702316
70000649593.134689
70000831375.027344
70000647654.007996
70000210511.271179
1.000000
70000108871.133667
70000162230.982208
70000352241.625519
70000093617.477798
70000063352.422836
70000313857.194931
70000943264.887527
70000867591.339752
70000248001.423096
70000911105.182861
70000953938.940079
70000150253.771820
70000796014.787582
70000149858.636978
70000213469.122101
70000902931.273560
70000194539.339081
70000512688.114807
70000864355.788239
70000704794.725784
70000426639.558960
70000094703.390411
70000987652.406082
70000084515.398926
70000887026.424622
70000430711.536530
70000979750.861313
70000158311.527008
70000318226.200912
70000389315.116104
70000069266.616379
70000218962.498322
0.33
 0 0 0 0 0 0 0 0 0 0 0 0 0
