1 401
70000662053.955399
70000933579.003342
70000920846.283493
70000443606.984558
70000812736.980850
70000729404.726425
70000472128.925354
70000091277.621613
70000357672.885422
70000876392.802429
70000423012.514984
70000377873.141434
70000191906.075027
70000139326.271072
70000349215.720261
70000127059.526077
70000824555.971176
70000604728.323441
70000802422.333786
70000083662.239883
70000160193.287704
70000151533.679871
70000442567.111954
70000415971.885406
70000430692.920486
70000383950.999191
70000062788.782028
70000263292.746124
70000367439.330048
70000847132.464859
70000667803.464172
70000046343.908890
70000985302.964813
70000096716.577850
70000933282.891296
70000147602.079178
70000468456.708527
70000581389.771881
70000183527.070496
70000887394.420380
1.000000
70000315436.388626
70000884430.427399
70000746061.843414
70000707931.231689
70000795787.942520
70000352629.463943
70000749324.923859
70000226709.731140
70000939823.169220
70000003969.892532
70000820713.483215
70000709571.529388
70000173620.359512
70000917233.327133
70000828731.243195
70000192909.656494
70000991719.920746
70000518343.681076
70000728213.648178
70000088708.107773
70000249436.851181
1.000000
70000416498.515701
70000734944.329468
70000155307.373779
70000498339.729263
70000432578.374741
70000596537.766281
70000156563.521393
70000836302.557297
70000147048.613815
70000082631.028488
70000730365.103256
70000580043.051178
70000417672.985168
1.000000
70000237086.076813
70000137977.564423
70000761459.357483
70000924950.949753
70000441676.174408
70000214230.390060
70000359772.093964
70000886349.288239
1.000000
70000055852.118561
70000834182.490952
1.000000
70000334116.734528
70000415650.350113
70000936763.636963
70000036871.252258
70000737095.291962
70000783586.692337
70000468288.436600
70000877768.745544
70000968817.032745
70000025720.932083
70000261895.785065
70000175173.311172
70000604749.999008
70000089145.852295
70000815779.331924
70000510854.988541
70000639494.842148
70000631929.763794
70000045602.647873
70000055968.660767
70000821866.212555
70000308314.120697
70000036003.908142
70000903547.571625
70000648661.724426
70000656422.874680
70000093972.721039
70000176346.514923
70000030674.047684
70000697208.656906
70000124082.887253
70000028113.146484
70000681632.053543
70000139252.836655
70000051624.070862
1.000000
70000892522.424530
70000077218.869171
70000826539.650803
70000126876.962875
70000734267.494934
1.000000
70000975368.795059
70000848811.276077
70000688749.239151
70000381673.498856
70000178517.947464
70000984236.376404
70000818122.316605
70000967455.803040
70000635461.991852
1.000000
70000537035.525009
70000547747.986160
1.000000
70000679042.738968
70000725188.536697
70000532536.462738
70000633375.215271
70000631922.708771
70000738868.117477
70000182416.496414
70000665113.995987
70000171882.017670
70000710373.912155
70000205845.540421
70000634719.768387
1.000000
70000457178.938080
70000995985.606613
70000372033.495773
70000638891.910263
70000660572.718887
70000047665.963623
70000376750.224792
70000776514.786469
70000817045.695755
70000527105.059296
70000718455.194962
70000126655.536118
70000283815.091507
70000741951.837769
70000541369.727493
70000752740.164337
70000329317.387360
70000141281.984329
70000167349.285629
70000673910.537140
70000508883.901474
70000663438.484528
70000342116.022354
70000366673.789688
70000139876.852295
70000514612.178955
70000098681.617584
1.000000
70000306664.004135
70000419827.987503
70000515413.691223
1.000000
70000509145.000183
70000758149.618988
70000014904.080582
70000942492.012817
70000572091.846390
70000271810.331467
70000431732.899719
70000700246.917847
70000301387.539764
70000017403.464737
70000472602.668472
70000601457.674316
70000899894.925156
70000157772.242981
1.000000
70000409916.733093
70000371569.469208
70000134656.164658
70000162018.002747
1.000000
70000425802.126358
70000179118.240402
70000636617.811829
70000117232.821579
70000512918.437302
70000020932.583206
70000053663.740814
70000106269.916382
70000574723.522049
70000269737.293915
70000409528.136368
70000409413.397644
70000426875.029144
70000706812.444778
70000260346.428833
70000424770.881485
70000268163.968857
70000025363.161926
70000339253.232773
70000149002.713547
70000010069.404053
70000565697.050598
70000842376.023270
70000295859.568726
70000153696.325256
70000562400.010727
70000477140.354263
70000751227.315582
70000264424.045929
70000984182.849838
1.000000
70000724210.941650
70000479601.201233
70000327201.390976
70000698957.982101
70000400144.173553
70000723346.980469
70000694745.307877
70000317941.693069
70000091915.886948
70000624248.304184
70000111894.176392
70000343989.278000
70000851018.921585
70000894598.566879
70000393920.216400
70000219405.538040
1.000000
70000706509.061569
70000585058.071259
70000020731.577042
70000445109.089767
70000226915.773987
70000747524.705643
70000135142.618149
70000631775.683411
70000618867.580963
70000597143.285934
70000846827.471695
70000147476.033463
1.000000
70000289511.516922
70000286274.920288
70000624966.561462
70000851708.895981
70000455714.345505
70000427463.895248
70000550017.643951
70000645701.741989
70000874380.741562
70000194913.283493
70000553615.038254
70000357823.708847
70000327111.719971
70000372002.831497
70000499258.203262
70000962962.144333
70000389025.606155
70000465725.724777
70000881349.677582
70000452302.608505
70000928465.464111
70000736877.000778
70000396024.040756
70000048161.590836
70000311149.150757
70000527725.308746
70000240476.242813
70000510916.557419
70000183065.304565
70000100016.409088
70000575543.590042
70000117211.274475
70000655529.776596
70000075381.077347
70000586941.431671
70000516885.403839
1.000000
70000500806.110733
70000803809.639450
70000359345.643875
70000459898.077652
70000831741.652084
70000447086.889038
70000660755.134323
70000745795.977264
70000475970.156189
70000240251.550461
70000013276.103668
70000482430.100983
70000135247.635727
70000282677.538727
70000783398.825317
70000569982.622589
1.000000
70000944495.745590
70000330627.380447
70000990429.284546
70000987929.860519
70000622803.107819
70000950688.176529
70000108222.567230
70000202089.811371
70000412365.543350
70000412070.160324
70000104584.004227
70000935956.802368
70000460548.073639
70000553900.268951
70000563800.758026
70000688028.682220
70000974971.097733
70000519706.686371
70000316763.939468
70000499736.372162
70000385657.672119
70000055535.099960
70000786929.283234
70000138381.528702
1.000000
70000538388.062912
70000394312.962616
70000370059.940628
70000829615.550278
70000267859.308426
70000203506.668823
70000784597.487610
70000828495.991013
70000024301.159958
70000530636.339783
70000315395.282166
70000538362.221634
70000161831.443359
70000269414.425400
70000326735.492004
1.000000
70000082928.406113
70000385114.845352
70000128417.506805
70000943238.152618
70000144617.285110
70000196311.925690
70000980550.389374
70000955509.242111
70000881189.195541
70000379318.955460
70000058946.126236
70000211898.526199
70000434763.224854
70000804361.437256
70000316400.415863
1.000000
70000550069.926453
70000166665.063461
70000848079.741516
70000030693.960968
70000882834.798904
70000316967.404816
70000094634.457031
70000493964.917328
70000806747.254944
70000218016.808502
70000249469.337448
1.000000
70000709560.528900
70000606582.539627
70000048650.729065
70000502276.828171
70000538520.940857
70000527249.381668
70000547839.549271
0.33
 0 0 0 0 0 0 0 0 0 0 0 0 0
