1 401
70000916413.830338
70000621525.453110
70000037554.027313
70000943368.885559
70000739069.074188
70000662920.523453
70000485036.161774
70000806691.519653
70000892493.087326
70000299820.877777
70000785437.370590
70000731829.852951
70000635779.227692
70000139738.932800
70000464722.011505
70000355363.402466
70000622418.978699
70000801016.331375
70000163008.690048
70000414630.695679
70000907054.821442
70000488369.500504
70000917212.697296
1.000000
70000518970.331482
70000121349.751389
70000459954.927444
70000498911.380875
70000669528.968735
70000355287.098419
70000907715.810028
70000196777.146439
1.000000
70000978705.093109
70000833515.288803
70000785042.473373
70000626616.579453
70000678914.737656
70000286341.992935
70000620966.306488
70000908741.122604
70000425767.969238
70000009904.121353
70000883653.717316
70000908284.256149
70000040609.388580
70000755890.741776
70000324731.312439
70000075226.268051
70000595151.656281
70000675139.750290
70000928059.428986
70000678204.190247
70000004290.442245
70000437004.641663
70000105298.498535
70000366389.006104
70000105466.188599
70000055205.802994
70000446469.538483
70000555100.093918
70000697142.003906
70000752092.224411
70000473956.765976
70000279421.409363
70000023242.810059
70000140144.892059
70000103203.406097
70000379242.164291
70000189671.227585
70000688159.536530
70000556902.597809
70000665706.432678
70000091235.530060
70000333278.196960
70000405566.078156
70000087048.535736
70000140020.461334
70000457479.276199
70000115799.362320
70000187066.848038
70000549661.751633
70000286655.819107
70000615803.102844
70000042394.882523
70000153154.670914
70000961282.573090
70000120515.476807
70000928618.485992
70000770866.355453
1.000000
70000947344.618011
70000732668.701111
70000112698.557495
70000784239.861649
70000367430.970291
70000786351.025208
70000623373.914795
70000271980.248749
70000469473.836121
70000216868.172531
70000210912.802872
70000226480.392548
70000668549.210205
70000889983.154556
70000480594.481262
70000161446.312134
70000930018.283203
70000461983.010864
1.000000
70000410525.839752
70000739269.291306
70000722441.421234
70000467594.172745
70000774040.345383
70000341380.910446
70000245357.937027
70000800971.997070
70000322514.680862
1.000000
70000055727.324783
1.000000
70000118228.401154
70000239366.995209
70000206189.383301
70000008921.115723
1.000000
1.000000
70000966279.712372
70000889359.750519
70000981822.874710
70000602538.945816
70000231375.021851
70000601106.879868
1.000000
70000087838.837143
70000750535.642181
70000695780.098770
1.000000
70000051889.904510
70000293919.916214
70000388685.883514
70000836900.011322
70000496221.354462
70000126003.074265
70000747241.801788
70000680392.506989
70000457290.087036
70000381624.869156
70000931591.510544
70000733544.411270
70000978198.156723
70000968395.176346
70000826562.461182
70000333138.668640
70000577578.958618
70000304330.072144
70000421180.781494
70000164288.977142
70000217263.725922
70000348779.276337
70000334820.437042
70000459260.630493
70000452033.341766
70000299029.706787
70000892953.046677
70000705797.056641
70000857434.883560
70000328171.582565
70000732934.010651
70000065023.569687
70000193262.832214
70000242785.541321
70000490677.745148
70000194334.929779
70000180467.044250
70000453196.780243
70000565231.059540
1.000000
70000058246.840958
70000019312.190201
70000175628.215805
70000654282.181961
70000955799.068207
70000574758.010910
70000217936.410202
1.000000
70000382717.546829
70000739177.892853
70000372080.042221
70000926964.350052
70000403209.068787
70000418605.847168
70000716455.563522
70000607129.143341
1.000000
70000516362.732224
70000727325.740143
70000538447.420197
70000114054.676437
70000520394.112457
70000364511.196930
70000929900.805618
70000831440.473114
70000268845.677490
70000486934.408600
70000759848.559067
70000291813.862106
70000708463.984726
70000583731.004654
70000603029.067627
70000849094.055511
70000966350.371841
1.000000
70000146569.259506
70000471295.627411
70000779331.305069
70000693835.320801
70000903594.650986
70000135425.668915
70000795579.182297
70000319139.307205
1.000000
1.000000
1.000000
70000284260.842453
70000490980.520889
70000958218.838669
70000664678.089554
70000148567.748856
70000894600.256393
70000870590.635971
70000012573.939789
70000232460.313416
70000512340.905136
70000233377.973145
70000212504.832703
70000154329.773834
70000434979.218826
70000324819.529953
70000427494.977356
70000806485.890961
70000898678.941223
70000258027.118774
70000911533.858673
70000967908.856232
70000816821.103424
70000543922.350281
70000367522.159698
70000704066.080612
70000387604.201294
70000202769.737228
70000581471.479843
70000437722.349808
70000278544.039246
70000771119.078033
70000265081.845261
70000173576.322540
70000832746.332321
70000265769.262512
70000114577.544693
70000874970.600784
70000650336.342529
70000630431.020309
70000348806.921722
70000867368.466202
70000376476.110992
70000823501.500549
70000978153.449036
70000576749.815216
70000077410.110214
70000732363.516068
70000155907.233902
70000408788.710037
70000884032.468750
70000571837.883347
70000564392.335358
1.000000
70000690308.247910
70000703155.761322
70000369075.360870
70000404743.202850
70000116883.103806
70000028098.139084
70000164275.383072
70000389538.769333
70000753524.568039
1.000000
70000012482.368866
70000008532.552032
70000454814.474014
70000523701.902481
70000957124.664978
70000027648.131348
70000256777.296738
70000310862.438187
70000037917.742432
70000564555.179321
70000394747.894897
70000058573.299744
70000621473.237381
70000226556.796143
70000199370.741638
70000856558.132889
70000102711.821671
70000252172.101791
70000681372.687073
70000167316.537247
70000175835.509125
70000451177.721970
70000011693.812195
70000674455.668884
70000134249.857971
70000663611.857361
70000502251.742981
70000730346.897308
70000768555.615677
70000930101.722321
70000276744.144455
70000345009.710754
70000861544.116028
1.000000
70000807798.133865
70000309272.104492
70000044485.880692
70000991767.645737
70000797417.171478
70000366498.650345
70000631279.232941
70000058450.655838
70000578849.315918
70000190700.916779
70000021227.261444
70000935737.998001
70000438177.591690
70000531556.603775
70000261666.113525
70000562357.097977
70000471179.548691
70000473841.609467
70000822493.071289
70000294648.535751
70000693864.768021
70000908329.856827
70000113117.508896
70000225610.758698
70000214744.002487
70000770620.417877
70000288208.842819
70000561386.345581
70000127907.975082
70000832105.307129
70000787659.166412
70000588309.832275
70000918631.162552
70000041114.728348
1.000000
70000320235.203506
70000190554.789597
70000231454.279465
70000346979.072586
70000541823.863907
70000800367.454300
70000041892.096466
70000300762.014282
70000295456.775299
70000135874.309555
1.000000
70000316839.460403
70000283151.618271
70000811210.553894
70000248248.900558
1.000000
70000465413.903763
70000119902.683899
70000480109.157761
70000526170.847015
70000038970.985245
70000649335.599930
70000147991.790726
70000376669.986374
70000824966.124969
70000560686.996262
70000643260.011932
70000630308.478455
1.000000
70000015261.232590
70000132358.397385
70000711903.517365
70000435858.387604
70000727552.225098
70000513850.233124
70000504910.937927
70000717055.962204
70000274655.587311
70000033435.733932
70000479192.595718
70000466930.903549
70000894115.501694
70000400373.391281
0.33
 0 0 0 0 0 0 0 0 0 0 0 0 0
