1 401
70000645874.472382
70000090515.612595
70000609984.683228
70000815448.269455
70000628513.744370
70000413680.346832
70000028938.966263
70000754776.204773
70000653395.200119
70000362384.933777
1.000000
70000039043.312988
70000977413.806366
70000655542.162827
70000356858.987473
70000124916.603348
70000340120.180191
70000281778.132019
70000622093.466537
70000869870.143341
1.000000
70000544459.871277
70000221484.490570
70000898332.743652
70000839913.867599
70000021102.416977
70000877243.777832
70000625280.282455
70000855979.475830
70000391487.861618
1.000000
1.000000
70000624375.335678
70000765778.095810
70000659334.906143
70000309033.598083
1.000000
70000176520.819550
70000900807.068405
70000571828.540588
70000807033.342667
70000187930.088745
1.000000
70000325625.562546
70000104868.181488
70000809058.248566
70000231204.098984
70000642461.670425
70000741458.771912
70000372638.714584
70000177735.703003
1.000000
70000724882.566635
70000428434.584320
70000162248.624939
1.000000
70000955501.277283
70000125642.940781
70000515421.508545
70000879705.302979
70000225453.407410
1.000000
70000949922.973343
70000269268.927460
70000908584.538223
70000584258.826416
70000336836.187546
70000735125.661270
70000101935.067932
70000836746.723877
70000934122.111298
70000218419.295181
70000650944.088318
70000837990.526520
70000577867.716324
70000503261.952927
70000510493.985260
70000729674.122864
1.000000
1.000000
70000010926.963776
70000296909.179489
70000462010.717697
70000864351.182343
70000008230.756256
70000744611.488419
70000787892.916199
70000669504.782242
70000937425.812515
70000223287.746918
70000712965.870239
70000987967.813019
70000426707.213715
70000040475.364304
70000447411.079697
70000414901.565781
70000272807.432144
70000963684.616821
70000486084.351059
70000685612.461639
70000039573.343323
70000220529.283203
70000494655.323792
70000110067.321930
70000395753.839264
70000794263.931793
70000560863.185562
70000677876.547058
70000235748.476913
70000139351.197678
70000490632.999481
70000036086.238403
70000205492.221588
70000978111.684433
70000435125.801102
70000909038.355850
70000252607.790680
70000731289.688812
70000459849.496353
70000149730.544647
70000978060.155151
70000313355.816040
70000373484.360031
70000511339.300583
70000697931.585312
1.000000
70000629736.765182
70000361815.922699
70000869184.833878
70000578264.156067
70000231953.221558
1.000000
70000619905.064957
70000991587.942886
70000497314.283646
70000534937.807541
70000626056.061356
70000599705.728775
70000061532.200378
70000695134.636261
70000088411.570541
1.000000
70000777511.622787
70000769253.580231
70000521482.858170
70000482765.297638
70000861708.850113
70000948440.304352
1.000000
70000185527.104019
70000377729.471283
70000186328.874802
70000394838.438629
70000803155.538223
70000642127.823456
70000425474.275406
70000019400.381439
70000748678.887726
70000807967.122101
70000561129.189346
70000336149.866074
70000911147.168762
70000978943.465790
70000083123.254227
70000949958.121750
70000233447.051895
1.000000
70000850522.656708
70000907976.344955
70000316469.396301
70000842739.708359
70000836301.964905
70000477072.256622
70000963363.822525
70000493916.012375
70000952157.657745
70000751825.870255
70000177469.691681
70000480165.128677
70000522974.749954
70000622976.381516
70000090931.462189
1.000000
70000466057.837143
70000319944.936310
70000259133.260452
70000997974.976578
70000403470.380844
70000083783.304810
70000113730.792496
70000745176.326004
1.000000
70000635975.358353
70000995991.872253
70000046960.100464
1.000000
70000401835.127945
70000681748.183945
70000303016.821518
70000789182.697281
70000760238.349503
70000880276.883911
70000835917.605728
70000621419.478210
70000396755.778931
70000018046.131439
70000588292.241898
70000938089.885147
70000529716.857574
70000106986.057343
70000627224.355011
70000754301.360153
70000836000.537659
70000056447.158661
70000424417.054337
70000456421.871490
70000902313.934906
70000778732.991562
70000997232.573792
70000125290.510895
70000013709.388382
70000716142.579117
70000012226.320160
70000838397.232956
70000826415.924927
70000903668.135788
70000137700.508759
70000697715.373520
70000598524.041473
70000886591.278336
70000102318.455444
70000956496.091278
70000336911.148819
70000102217.404175
70000803349.950089
70000634323.484451
70000981812.150528
70000374935.337784
70000010135.373886
70000033420.241989
70000010032.976471
70000796596.861618
70000530235.313141
70000004978.516525
70000960289.501877
70000972532.366241
70000148579.580002
70000118861.296524
70000716506.745026
70000446200.484390
1.000000
70000663744.881241
70000843583.340836
70000978774.327606
70000794239.816025
70000919803.934418
70000666267.984497
70000078151.279373
70000718183.492706
70000081251.007355
70000611312.323135
70000260632.402832
70000505480.029129
70000684676.460129
70000374022.686737
70000732758.974670
70000676935.656082
70000748967.737793
70000754449.035400
70000816117.183563
70000940496.033112
70000886047.857025
70000875522.113770
1.000000
70000866017.461288
70000503458.246399
70000282885.165390
70000383414.413513
70000626670.625504
70000444712.007996
70000057907.177780
70000054900.408371
70000861796.100815
70000317736.185577
70000227795.085785
70000180803.699387
70000486611.420197
70000352650.022293
70000163515.895432
70000473382.275558
70000606243.395798
70000167642.034485
70000519718.451660
70000532369.582123
70000511487.478516
70000925894.544312
70000997433.896057
70000782510.284760
70000564284.629440
70000419463.963333
70000745692.821381
70000973254.086121
70000506388.594635
70000683233.766876
70000620363.155487
70000540368.904327
70000622002.639847
70000788908.144852
70000885054.251556
1.000000
1.000000
70000995293.636749
70000219476.528381
70000186308.789001
70000518606.561157
70000244876.918839
70000681333.353546
70000667975.130447
70000399240.765472
70000748385.278915
70000290063.675888
70000770880.484940
70000165460.664398
70000013789.560623
70000483752.453522
70000925900.587708
70000891428.260422
70000074005.882935
70000610140.606583
1.000000
70000353542.240921
70000875145.513855
70000445014.983093
70000484719.158646
1.000000
70000047384.861313
70000334928.437759
70000247239.409729
70000299986.201111
70000096214.823975
70000908538.547592
70000988160.257339
70000697849.836929
70000588795.954605
70000878898.429276
70000012462.846405
70000505748.782303
1.000000
70000841306.639618
70000837549.610062
70000104611.665680
70000538641.595993
70000674943.377670
1.000000
70000489910.544250
70000619336.547195
70000525483.348801
70000000040.008820
70000527943.111969
70000340031.077911
70000040768.575256
70000001866.321823
70000629506.784180
70000972777.414963
70000477963.416672
70000011265.084213
1.000000
70000999383.559357
70000335482.810364
70000225986.384903
70000658015.070923
70000798958.425461
70000596579.409454
70000413225.551147
70000852213.988846
70000468624.504288
70000984475.698669
70000989527.612473
70000211846.303391
70000854545.841080
70000393647.987549
70000670276.017792
70000123663.682343
70000741606.108658
70000340301.613785
70000172685.204529
70000749523.999725
70000401449.924683
70000043799.616333
70000489790.391388
70000042773.425446
70000212457.016968
70000445698.649338
70000750808.683838
1.000000
70000113808.352051
70000166612.588654
70000869945.256180
70000858091.689575
70000951989.988144
0.33
 0 0 0 0 0 0 0 0 0 0 0 0 0
