1 401
70000400899.899216
70000542392.995987
70000950847.896515
70000739379.771149
70000387849.615845
70000273945.800888
70000971247.261948
70000680603.466339
70000018579.624649
70000755967.293411
70000613676.883911
70000606718.230972
70000883851.398514
70000910247.106995
1.000000
70000230579.566208
70000043841.513458
70000767144.407791
70000116397.522736
70000704654.382950
70000270848.487961
70000822315.397263
70000076280.134842
70000758577.594330
70000126803.916046
70000507045.442490
70000584981.040848
70000904262.546677
70000333322.103226
70000589551.687973
70000527941.134766
70000377182.845352
70000585210.786285
70000385297.368591
70000115256.535583
70000090704.887497
70000388812.124939
70000524757.149567
70000365396.006348
70000360437.252930
70000883456.773376
70000841404.451950
70000014577.910950
70000059250.517502
70000870333.246674
70000159648.497421
70000940884.623016
70000626646.996231
1.000000
70000097574.749435
70000860255.737656
70000913699.048477
70000454803.312653
70000835449.154922
70000078917.459885
1.000000
70000479758.608475
1.000000
70000460561.372070
70000475353.727753
1.000000
70000977810.126694
70000314571.361359
70000626508.032837
70000840627.538330
70000411222.513443
70000973797.206787
70000998141.816788
70000655050.078476
70000451895.650177
70000628518.884323
70000975925.920120
70000930251.862762
70000609955.747498
70000998834.623703
70000640687.995697
70000627345.812881
70000817805.463364
70000880049.957169
70000749544.563873
1.000000
70000436866.578491
70000665270.938507
70000606024.875946
70000137725.515320
70000705035.332809
70000726076.650558
70000262892.821259
70000651314.200867
1.000000
70000951713.147873
70000932883.017395
70000355865.034531
70000545283.412277
70000960078.003204
70000830859.184860
70000110540.806625
1.000000
70000130823.235428
70000522762.372421
70000505438.971893
70000837057.030304
70000421256.927200
70000174585.766785
70000056037.379974
70000859805.849426
70000724687.365494
70000925654.566757
70000627226.348846
70000915390.613998
70000522928.003616
70000298121.516266
70000568104.345428
70000517143.675491
70000516979.841141
70000259675.539185
70000121235.732864
70000003258.441238
70000908445.071060
70000599841.195786
1.000000
70000085175.149857
70000252257.953979
70000392193.612045
70000035783.547485
70000317556.256241
70000208904.533768
70000803210.013016
70000470770.334412
70000319567.039490
70000616201.617203
70000796150.328476
1.000000
70000529468.031509
70000080377.711853
70000354220.007980
70000791688.350174
70000767535.852997
70000765504.154251
70000530848.416840
70000965950.177658
70000774213.404770
70000158643.323502
70000530492.215134
70000804413.374512
70000567849.041641
70000842779.594604
70000077269.349655
70000095977.463669
70000642720.992722
70000662653.252869
70000987724.482498
70000365082.088058
70000729816.501358
70000933389.403549
70000475548.989151
70000617318.817825
70000601499.966705
70000981659.400497
70000984886.360077
70000586839.504929
70000922534.973846
70000791297.947800
70000250674.867569
70000565268.408768
70000647217.790817
1.000000
70000021401.020767
70000396555.051575
70000577529.865097
70000846429.949371
70000939886.973358
70000079667.194153
70000367484.930847
70000697784.394531
70000778053.949310
70000475937.342728
70000882411.398010
70000290347.002731
70000589906.323853
70000507113.039276
70000698746.884933
70000216242.905563
70000271829.503693
70000631306.744507
70000920919.399155
1.000000
70000497060.011307
70000797649.243835
1.000000
70000878684.561829
70000182430.023224
70000869574.667068
70000620580.919891
70000279898.820679
70000967814.990906
70000102615.836624
70000353244.001907
70000505149.466644
70000992924.092865
70000444085.200119
70000310226.541199
70000295737.656662
70000866329.095856
70000821236.920303
70000489406.734985
70000245500.655640
70000657794.381409
70000481586.444458
70000793064.243088
70000551555.047745
70000567277.791946
70000742617.464172
70000106021.345947
70000756934.953842
70000016060.690414
70000505801.361923
70000244974.301575
1.000000
70000964705.077789
70000384023.470154
70000032753.759247
70000114045.286179
70000841010.426407
70000589226.737885
70000837612.477478
70000658504.455872
70000254717.112869
1.000000
70000186253.162308
70000347092.902191
1.000000
70000597618.356781
70000707273.560974
70000281451.797028
1.000000
70000032167.189133
70000721242.617813
70000185606.350616
70000557115.934265
70000238790.496216
70000696136.368988
70000765430.502457
70000183569.363617
70000981146.704971
70000421595.774185
70000425301.833527
1.000000
70000870863.422852
70000678044.817749
70000912953.201111
70000114227.943695
70000199025.270569
70000506501.792145
70000731220.636139
70000809894.154434
70000231791.979828
70000996725.063171
70000489099.337006
70000551274.388153
70000470688.808640
70000976290.232803
70000417154.988770
70000609161.091782
70000249141.857193
70000100664.690018
70000171177.319901
70000116591.939194
70000945763.456024
70000408362.524002
1.000000
70000946655.549637
70000832933.463837
70000946446.139221
1.000000
70000862682.784775
70000712766.382828
70000245924.981964
70000594212.622375
70000636234.043015
70000731669.257599
70000431530.376785
70000508616.293030
70000183432.282608
70000489910.052063
70000203755.296951
70000114563.105515
70000427753.741669
70000073597.432541
70000218359.862854
70000044564.343994
70000710116.007050
70000354188.096985
70000670379.335144
70000870152.176163
70000164274.870499
70000189006.272293
70000562237.707443
70000507642.635300
70000847624.765762
70000444271.199158
70000333037.692764
70000832499.911850
70000965481.395691
70000334834.598633
70000047099.862198
70000311185.354996
70000070147.335449
70000835327.325745
70000717902.923752
70000243557.052109
70000524503.690231
70000499028.813568
70000049084.462479
70000995306.737579
70000166587.936234
1.000000
70000253825.195587
70000016118.552643
70000983788.432266
70000796310.710922
70000379734.102646
70000736401.600647
70000832512.942825
70000718395.532654
70000080089.563873
70000739967.421982
70000244967.820129
70000503481.212677
70000019437.279877
70000997824.520187
70000928765.528275
70000336046.955017
70000192824.642944
70000917835.725464
1.000000
70000071128.650925
70000397634.476959
70000018405.475204
70000902235.976425
70000631824.455750
70000534589.156265
70000645132.639221
70000242494.175446
70000735305.278229
70000698950.511627
70000300182.387619
70000606796.275421
70000176096.342300
70000671907.885132
70000558550.835938
70000218312.398087
70000223313.352707
70000850722.529984
1.000000
70000899818.946869
70000337992.856018
70000244344.524017
70000254358.777817
70000230025.647736
70000359755.730972
70000580872.013275
70000042070.817505
70000306637.695724
70000009158.447479
70000825235.198517
70000771428.184921
70000830063.019974
70000503507.918961
70000251637.921616
70000505819.461365
1.000000
70000771515.573212
70000535454.120026
70000151879.120926
70000040602.763184
70000135380.570312
70000571185.009689
70000155720.725433
70000214034.102554
70000814148.195297
70000693993.817291
70000388700.131790
70000136260.397110
70000911764.549118
70000213301.778427
70000228329.547455
70000297496.392792
70000932983.854340
70000342995.439102
70000926547.604996
70000387361.399796
70000612689.243454
70000933419.912582
70000054425.826874
70000907283.776123
70000200413.458069
70000064639.921066
70000634676.156921
70000070289.306870
0.33
 0 0 0 0 0 0 0 0 0 0 0 0 0
