1 401
70000457187.028168
70000236093.039597
70000105152.632935
70000095544.084457
70000644716.978928
70000523247.438705
70000926848.016708
70000735997.359009
70000844072.270340
70000024367.893829
70000137973.647476
70000422547.280090
70000396240.540054
70000033460.780228
70000392955.007843
70000217953.358368
70000109582.852982
70000295218.336624
70000683551.524460
1.000000
70000610367.182831
70000149883.692413
70000503038.589523
70000935015.992462
1.000000
70000299797.355453
70000573608.024414
70000968808.793442
70000463695.303467
70000156513.943726
70000807361.570358
70000148255.724762
70000946870.082626
70000118139.114960
70000446464.964661
70000063736.480408
70000862322.782745
70000618216.434402
70000369152.152420
70000809805.398010
70000046628.981812
70000848578.974869
70000318298.054657
70000966097.344254
70000331322.500412
1.000000
70000274295.115707
70000996882.526138
70000502942.930923
70000651501.919296
70000625586.938171
70000390791.893463
70000826823.529434
70000240221.998077
70000547222.116379
70000984263.926834
70000032220.595383
70000575778.186508
1.000000
70000020963.411545
70000857073.544418
70000423647.726074
70000316513.367813
70000121299.401855
70000326590.170883
70000745310.816040
1.000000
70000643508.036942
70000439590.106491
70000301099.416580
70000975112.707199
70000585079.892746
70000570650.686630
70000757511.703949
70000969424.687164
70000898790.145996
70000985276.828934
70000017494.414856
70000813659.289032
70000984224.076630
70000927712.067032
70000868816.410263
70000651181.483414
70000757771.629349
70000027598.059387
70000940354.896225
70000966145.093216
70000913162.933624
70000297166.951782
70000855942.060760
70000199952.285370
70000681348.257538
70000063195.441269
70000894372.910492
70000385114.937500
70000086555.038010
70000048082.364212
70000008385.756790
70000439013.973587
70000280312.576553
70000056916.249207
70000105167.978317
70000430176.185684
70000028280.356384
70000550820.092957
70000084984.255035
70000639641.316467
70000852718.799301
70000991871.536667
70000312299.915314
70000295060.144730
70000560251.479462
70000801125.368484
70000388416.187866
70000464889.475494
70000234671.416046
70000409573.410782
70000748210.583008
70000422262.432281
70000724609.704895
70000665790.351151
70000970325.668030
70000490568.099106
70000973664.501343
1.000000
70000766736.757431
70000281339.480408
70000328618.123566
70000957766.965347
70000438300.409454
70000834750.895370
70000405999.249664
70000615497.478882
70000533393.207596
70000236544.997421
70000639487.130493
1.000000
70000619533.412262
70000771137.882477
70000752341.072388
70000170513.024811
70000612012.348587
70000967962.560883
70000879881.292801
70000882569.455566
70000994883.869324
70000604920.596268
70000715984.647461
70000075054.764999
70000195942.710342
70000010096.633743
70000275491.831848
70000900579.322830
70000371580.841888
70000061560.973190
1.000000
70000084880.813675
70000565738.278503
70000835943.632553
70000508657.521378
70000720307.606110
70000935991.539062
70000347000.131973
70000920649.233795
70000588015.726990
70000407534.990814
70000826735.633759
70000852477.813553
70000249303.963104
70000155897.048645
70000426744.113434
70000586929.559433
1.000000
70000236009.643738
70000446588.146805
70000343690.414276
70000390602.948502
70000344163.581619
70000457310.917679
70000915249.440521
70000239936.193939
70000973433.015076
70000598518.327225
70000943924.464645
70000497245.911942
70000189016.800034
70000419106.767212
70000195506.328430
70000022893.689682
70000716446.273026
70000001927.554169
70000265526.173019
70000749670.335098
70000212889.882996
70000499221.294373
70000333778.279984
70000606110.245712
70000811057.420746
70000043702.201248
70000953423.957748
70000992935.693130
70000705405.764740
70000337526.544525
70000497610.425415
1.000000
70000944072.209549
70000229213.333481
70000871803.139053
70000704623.388062
70000088143.659882
70000562329.134537
70000390862.770599
70000403034.825012
70000816488.931259
70000109819.199997
70000197942.419067
70000686782.536942
70000634235.324005
70000406462.622116
70000396973.414627
70000610005.777496
70000297011.826447
70000656340.229630
70000987045.061035
70000551477.945114
70000089542.035446
70000606552.139313
70000386951.987137
1.000000
70000580056.378036
70000115855.247406
70000055241.584274
70000066670.771957
70000206747.006210
70000045521.184311
70000129337.769897
70000137524.468124
70000422689.171295
70000708600.525742
1.000000
70000171663.131866
70000439838.801865
70000683746.118393
70000198206.779556
70000445679.287720
70000624503.056641
70000047081.188324
70000107133.876617
70000431152.147339
70000914610.936172
70000549396.749954
70000832711.140747
70000503464.716156
70000412141.745560
70000951264.036789
70000770606.732162
70000118877.786621
70000694016.097809
70000085394.522247
70000151653.278107
70000015414.915604
1.000000
70000772087.463379
70000956223.881332
70000900526.802704
1.000000
70000420560.755005
1.000000
70000594170.464111
1.000000
70000906683.243729
70000233257.594421
70000403451.874283
70000763870.302383
70000208647.475800
70000601740.848511
70000838750.298157
70000436340.314331
70000816450.823807
70000260872.336151
70000345668.470657
70000346408.006393
70000590259.669220
70000763200.492157
70000958611.532990
70000289995.873413
70000168554.244522
70000531173.992722
70000960790.056381
70000367723.612137
70000978004.234497
70000506428.569702
70000189016.149597
70000133152.403229
70000087580.582077
70000393149.133102
70000741977.434677
70000453944.719009
70000060801.998032
70000989225.302780
70000262199.110779
70000105890.972733
70000437095.786697
70000722835.184998
70000112201.541153
70000071068.852753
70000206474.802216
70000879191.870575
70000185995.099747
70000961600.365662
70000168164.915833
70000986795.778320
70000448782.463623
70000969297.102219
70000477850.864853
70000091444.269348
70000832664.673096
1.000000
70000698052.824875
70000000573.031708
70000211895.328720
1.000000
1.000000
70000212893.110794
70000560582.327972
70000456627.056702
70000064440.076172
70000133476.971985
70000375921.129593
1.000000
70000536244.674866
70000801574.905228
1.000000
70000486238.164215
70000455037.204727
70000255333.288879
70000537269.060654
70000525321.450974
70000131109.778030
70000315477.221008
70000044443.410889
70000417018.832489
70000495426.425293
70000172208.856201
70000295874.066254
70000501517.465775
70000930215.038300
70000801831.212799
70000818004.243408
70000795669.306183
70000097065.097061
70000489310.660126
1.000000
70000606309.726013
70000252872.670792
70000542702.430344
70000121528.062637
70000455204.472885
70000255495.790833
70000533461.047211
70000654754.657425
70000148187.411575
70000019244.228683
70000661160.456894
70000427058.307022
1.000000
70000760854.939407
70000993060.810760
70000272205.897598
70000720677.228485
70000964172.818420
70000478791.726486
70000731211.824295
70000315876.970230
1.000000
70000259276.223755
70000485985.581604
70000307497.362991
70000241432.410110
70000689782.763184
70000187705.453918
70000128418.079285
70000738885.752182
70000702401.189560
70000064640.972458
70000660310.090012
70000555715.409821
70000048247.152176
70000308593.434250
70000726237.080719
70000468374.942688
70000226111.533981
70000242269.856918
70000289398.534851
70000813164.600754
70000483975.203415
70000225319.537582
70000069401.013870
70000743484.521774
70000785974.063965
0.33
 0 0 0 0 0 0 0 0 0 0 0 0 0
