1 401
70000022659.880615
70000963989.160553
70000654501.415482
70000593234.358704
70000441443.153625
70000146451.953308
1.000000
70000919652.260345
70000085058.568298
70000567055.930679
70000293188.356140
70000421336.018341
70000075021.798630
1.000000
70000059269.668198
70000143474.788803
70000653735.411987
70000671390.768677
1.000000
1.000000
70000768353.174789
70000710285.335495
70000052882.251678
70000546337.048691
70000637200.312393
70000207978.315720
70000550914.990021
70000113350.160675
70000713570.696625
70000093620.118637
70000053103.132782
70000079803.577744
70000708382.985275
70000600160.382080
70000922846.335770
70000524552.889252
70000757833.027145
70000458382.541122
70000150149.289047
70000697527.848679
70000380245.280228
1.000000
70000025103.956100
70000227492.447571
70000524993.971420
70000627094.499954
70000112485.167252
70000110035.879471
70000053914.635818
70000786430.686325
70000278595.243042
70000099939.761185
70000355605.417618
70000724470.201782
70000803817.228226
70000022278.821899
70000230539.725906
70000227128.219421
70000541865.920624
70000948857.460083
70000974236.714539
70000177190.074646
70000273403.336929
70000273528.886078
70000436879.235184
70000083357.037811
70000842393.001083
70000159342.235580
70000096876.721588
70000391158.056793
70000872788.095245
70000615418.331894
70000417165.879730
70000055033.591721
70000844010.490433
70000763115.264755
70000281761.066269
70000221675.292145
70000456462.856247
70000298804.580780
70000074625.518112
70000364392.826630
70000794009.970276
70000638695.405365
1.000000
70000691910.960220
70000084387.142731
70000920212.680344
70000415945.220703
70000674579.754028
1.000000
70000777440.078949
70000227965.418121
70000200649.654572
70000613546.486633
70000218968.731216
70000947302.555969
70000044246.133347
70000854135.498062
70000587959.206345
70000085256.332550
70000870054.872559
1.000000
70000620581.063492
70000644892.881241
70000550424.675461
70000319601.895645
70000368193.487198
70000462455.633316
70000156629.631378
70000353589.484924
70000865995.839951
1.000000
70000436604.824493
70000242789.826797
70000647378.506836
70000027938.252808
70000827217.391281
70000467371.237183
70000419824.851349
70000287962.134521
70000325804.021042
70000921332.873795
70000975546.990875
70000866513.021896
70000713522.208771
70000993607.315460
70000566567.535950
70000230212.763535
70000265466.753220
1.000000
70000135402.635086
70000494322.137024
70000024378.559296
70000595353.207870
70000608681.846008
70000157764.696808
70000556236.690918
70000044478.314056
70000690637.515991
70000172198.844391
70000702556.635025
1.000000
70000674529.236435
70000437919.967331
70000800070.633728
70000931870.430222
70000541766.237228
70000530839.744476
70000046121.675812
70000752737.599640
70000249378.756027
70000742511.674500
70000378054.192474
70000323981.710800
70000821026.450867
70000015330.534698
70000908448.334564
70000009959.685486
70000477269.125198
1.000000
70000093986.202499
70000162158.373627
70000945754.067841
70000170363.445450
70000690083.929108
70000378487.427841
70000851065.116608
70000226542.343277
70000006152.383804
70000320572.199768
70000915538.955215
70000676229.830643
70000426576.444809
70000404154.388550
70000403676.303864
70000925502.284866
70000976955.304321
1.000000
70000109494.291214
70000864491.268051
70000010257.703506
70000741901.288803
70000347432.360123
70000241134.892197
70000220790.754196
70000885362.843597
70000033013.945404
70000429444.798187
70000620580.747910
70000497037.587479
70000838353.292130
70000206484.028320
70000290920.210922
70000069840.084396
70000131883.181580
70000214481.451797
70000969970.548798
70000468554.546249
70000581719.217377
70000624782.180267
70000869892.033691
70000760901.593063
70000640432.824295
70000873987.972702
70000354584.012436
70000056409.102997
70000168318.129547
70000116239.823959
70000542048.578674
70000151512.188599
70000702149.138306
1.000000
70000031286.578766
70000486664.293213
70000341198.546860
70000309400.181366
70000319575.976410
1.000000
1.000000
1.000000
70000049678.168671
70000549340.211838
70000755216.698868
70000263205.940506
70000117208.460678
70000504513.817169
70000446124.160477
70000484353.269165
70000188020.646759
70000324135.112274
70000252498.427841
70000357636.700150
70000499704.141922
70000114505.792465
70000707343.637451
70000701431.219452
1.000000
70000152466.535049
70000738163.917252
70000131078.544479
70000939645.133789
70000094787.888687
70000438853.751114
70000200742.862793
70000343955.787643
70000921371.004593
1.000000
70000182648.515259
70000569950.644104
70000953509.872223
70000611585.182373
70000371445.619827
70000046410.599854
70000885475.654938
70000875570.558014
70000673787.479263
70000783617.633957
70000138364.879135
70000732392.571960
70000109904.257782
70000373564.222000
70000925084.742462
70000552582.540146
70000715611.315796
70000187871.428406
70000261255.590637
70000967777.734909
70000141938.383743
70000454634.469727
70000543129.527695
70000907963.424698
70000354411.354111
70000635191.316422
70000135856.677444
70000839675.252426
70000068584.723953
70000648744.594589
70000790903.979645
70000003765.735062
70000780206.827011
70000420492.983063
70000358837.788315
70000224260.540756
70000742158.724487
70000368811.859634
70000029072.150269
70000802016.811737
70000910664.819382
70000506332.877518
70000087190.198807
70000658411.049133
70000879307.168549
70000939642.237946
70000412321.630371
70000036138.505615
70000017244.850906
70000267534.159332
70000120519.119049
70000793953.418091
70000372714.724945
70000861265.297501
70000521601.388443
70000824982.292709
70000555469.356003
70000627837.473618
70000878633.027786
70000791076.377441
70000918931.666824
70000749380.103729
70000390113.458298
70000329624.904129
70000722411.944107
70000340712.641678
1.000000
70000722089.183990
70000769703.176559
70000614874.499466
70000086062.251160
70000065235.282349
70000182910.881180
1.000000
70000167685.858398
70000547718.714050
70000661091.249130
70000508101.920349
70000046930.759415
70000300380.652664
70000637067.386230
70000073496.026764
1.000000
70000597797.236450
70000169592.954285
70000460932.537231
70000728733.635941
70000421536.360764
70000160337.285416
70000153212.308640
70000408173.583481
70000054948.662720
70000508697.488037
70000935644.058929
70000007830.733139
70000967111.803162
70000955371.538147
70000789524.508713
70000900211.697052
70000329598.639221
70000196532.315125
70000513883.924728
70000728635.585480
70000173207.981598
70000079664.073105
70000631751.589523
70000139363.647354
70000426723.101013
70000565220.732254
70000913127.864838
70000951892.060593
1.000000
70000821812.999725
70000506632.014694
70000910361.204300
70000836631.402451
70000140569.099625
70000026295.529572
70000212393.757217
70000463737.828247
70000876114.355133
70000568272.621933
70000606114.087723
70000514990.311417
70000478740.314209
70000123930.704208
70000913980.009460
70000563643.145844
70000767723.100143
70000343849.608459
70000271832.882416
70000031398.053925
1.000000
70000330793.534393
1.000000
70000356768.324020
70000892823.639404
70000035041.480865
70000652941.141571
70000506628.045227
70000397786.736908
70000426843.867203
70000620344.367203
1.000000
70000735943.275543
70000584074.316116
70000510794.787109
70000069743.955322
70000306010.979584
70000046140.522415
70000797717.780624
70000022491.713638
0.33
 0 0 0 0 0 0 0 0 0 0 0 0 0
