1 401
70000166416.610580
70000251761.369110
70000594252.146561
70000027671.476852
70000311742.215637
70000959904.589859
70000617659.677139
70000644445.844788
70000892026.093124
70000771573.966080
70000000826.805344
70000608220.562195
70000734422.048279
70000922871.247635
70000261778.788757
70000373534.478256
70000070175.280609
70000531155.981140
70000777423.137833
70000084616.108063
70000662770.888702
70000792853.912781
70000563740.337769
70000700034.167740
70000718996.925842
70000025304.491531
70000781481.812180
70000849007.939606
70000721568.646835
70000732250.634933
70000133849.035950
70000119269.892365
70000177002.985504
70000386721.744003
70000291124.261337
70000419345.753983
70000079287.833084
70000255802.143539
70000067233.023926
70000697474.550018
70000776024.120712
70000798136.819199
70000165907.711929
70000608250.080154
70000492291.729462
70000174228.820633
70000862495.515289
70000282941.818146
70000680261.471069
70000309498.255585
70000472318.584854
70000834939.471573
70000790400.145630
70000224037.563461
70000258408.909180
1.000000
70000524927.259003
70000570439.975677
70000014381.214630
70000567141.225861
70000236867.817444
70000380137.264053
70000352829.281143
70000602450.007477
70000894461.701950
70000464264.555771
70000186898.115738
70000957523.169373
70000283947.702881
70000992934.597794
70000364413.683472
70000892023.553818
70000380021.012741
70000668988.845688
70000163900.303482
70000813551.652420
70000359030.236511
70000541186.848785
70000416534.014435
70000369957.997833
70000363043.765686
70000042296.413956
70000228487.104736
70000003263.032761
70000535066.729401
70000681411.822250
70000200970.793228
70000309894.860245
70000140825.832016
70000302328.566849
70000960861.957825
70000362366.878464
70000651561.222580
70000259955.334305
70000367557.329803
70000612360.799286
70000494725.128159
70000753531.258286
70000345361.365524
70000077533.976059
70000976328.738052
1.000000
70000595395.496368
70000878366.648956
70000497697.253494
70000083980.181213
1.000000
70000870964.613922
1.000000
70000035218.014786
70000970274.742416
70000274203.826279
70000105469.723190
70000794759.639786
70000114369.680893
1.000000
70000841737.454849
70000675866.356003
70000760987.315414
70000253491.883087
70000831981.032913
70000569608.698029
70000182108.087601
1.000000
70000342986.984497
70000259946.765915
1.000000
70000882179.100250
70000907419.563416
70000613880.663177
70000051524.677139
70000065572.457169
70000435318.296219
70000812025.845169
70000605594.682007
1.000000
70000693798.114853
70000505384.662857
70000652166.191666
70000356546.516479
70000205367.804657
70000081029.719681
70000298340.548599
70000825166.590698
70000852247.923355
70000731143.155151
70000705245.816055
70000181912.616074
70000349178.667603
70000074782.124084
70000323673.826233
70000003384.035568
70000692420.147751
70000561706.509003
70000813590.947006
70000435116.791595
70000566672.762848
70000151955.488220
70000138677.387955
70000555715.423141
70000883968.290131
70000527722.375610
1.000000
70000166966.939560
70000173192.483963
70000730711.915054
70000792585.730408
70000685688.778824
70000763619.025192
70000245373.527390
70000814332.606339
70000696446.503723
70000913005.036972
1.000000
70000575508.219894
70000724667.775192
70000564623.705231
70000145014.699783
70000414579.241989
70000689001.057999
70000986726.914597
70000215803.938202
70000066587.530411
70000105453.213821
70000663605.807266
70000955747.499847
1.000000
70000719054.256851
70000843611.644516
70000943056.281815
70000243650.502686
70000522273.464218
70000545504.119629
70000908335.048920
70000811024.859512
70000819443.282135
70000878235.528259
70000431565.133362
70000452199.700699
70000981464.192902
70000141674.371460
70000460905.957458
70000490319.829559
70000823441.207062
70000814172.996201
70000535763.504227
70000117182.442734
70000584764.046234
70000611401.842606
70000355024.191925
70000472117.090714
70000621628.093719
70000273494.278442
1.000000
70000686455.451233
70000387592.509003
70000428627.739807
70000261555.513672
70000835483.186157
70000731311.153549
70000653105.928329
70000602359.323135
70000232189.324356
1.000000
70000807528.317963
70000129146.380859
1.000000
70000709833.963608
70000439316.318039
70000820249.433014
70000878844.876358
70000856400.147659
70000719724.873566
70000922072.935928
70000987245.997025
70000870326.361237
70000366990.768219
70000185473.031219
70000742506.491150
70000623790.249100
70000964621.111618
70000351565.874710
70000131813.190781
70000123328.835114
70000330458.059830
70000150964.804688
70000524585.589615
70000139145.072113
70000600946.794296
70000791963.644241
70000228339.446609
70000884412.128769
70000661798.423950
70000695284.016235
70000151806.545029
70000585853.389847
70000134062.226685
70000064476.753571
70000292455.126846
70000596043.263840
70000458023.996445
70000114849.684052
70000549901.595383
70000566798.743484
70000986694.327179
70000768153.699844
70000348617.904572
70000650478.995346
70000347323.604980
1.000000
70000984781.029984
70000711845.668762
70000084306.253082
1.000000
70000018149.411514
70000645459.429901
70000876632.581375
70000952441.354584
70000631354.649246
70000886983.554962
70000524909.315826
1.000000
70000487773.595871
70000138665.801422
70000781134.784409
70000422304.090439
70000023380.865707
70000914773.407410
70000690230.986984
70000283558.260162
70000872031.029526
70000899228.837219
70000799903.756241
70000707017.943115
70000462646.700424
70000478685.470169
70000413536.426559
70000465115.293655
70000653124.282730
70000114200.895004
70000098675.222458
70000982974.166061
70000591441.980377
70000968839.110123
70000605635.995102
70000061970.301132
70000497478.301437
1.000000
70000459171.068405
70000234800.249664
70000140576.176804
70000238257.918121
70000343026.221039
1.000000
70000067482.837524
70000317824.081802
70000356134.204636
70000164150.826462
70000102964.214264
70000686679.795120
70000532518.380112
70000965682.720566
70000939307.750046
70000647662.807968
70000441063.004028
70000926183.260696
70000544191.416916
1.000000
70000630698.248703
70000394166.281860
70000141549.914581
1.000000
70000112711.111847
70000318600.800125
70000692803.742249
70000532165.279922
70000345062.890106
70000502987.602280
70000600904.195877
70000302581.502609
70000836517.608948
1.000000
70000432489.367966
70000317498.870941
70000142232.665833
70000052355.200989
70000511611.051239
70000267128.463150
70000034123.132645
70000043951.401047
70000829125.287140
70000252006.220215
70000632261.609909
70000298990.369308
70000366300.718475
70000288469.040115
70000302135.784851
70000537781.723175
70000703415.388046
70000952526.441986
70000915914.600311
70000441921.573135
1.000000
70000596418.828842
70000355898.873505
70000683532.482773
70000308904.270660
70000436286.844376
70000212563.687714
70000303512.762772
1.000000
70000458389.397247
70000706190.327957
70000353605.592529
1.000000
70000101537.741837
70000487086.587799
1.000000
70000025947.494751
70000848883.482315
70000286164.231720
70000134477.774673
70000953807.549973
70000881697.662064
70000237471.295746
70000871324.773392
70000826541.595657
70000892515.860626
70000796982.017151
70000503973.087387
70000507480.637756
70000835539.604309
70000413306.530609
70000919683.409149
70000083581.301437
70000172819.116608
70000649401.349655
70000017151.274048
70000083412.588852
70000356257.565811
0.33
 0 0 0 0 0 0 0 0 0 0 0 0 0
