1 401
70000681711.559143
70000496145.551697
70000189805.910309
70000505590.846191
70000787881.340927
70000616266.004883
70000793502.572937
70000772781.877197
70000242038.532867
70000849513.122833
70000445599.363907
1.000000
70000873596.805969
70000007465.158112
70000208679.150803
70000970349.216080
70000743315.971954
70000556548.920212
70000307186.986267
1.000000
70000022763.501419
70000140470.544388
1.000000
70000510758.576767
70000288274.368668
70000733685.994690
70000443941.312317
70000121390.578156
70000338055.557938
70000854545.726959
1.000000
70000738931.377884
70000725385.513840
70000274864.257538
70000006631.532928
70000336110.375336
70000434715.358627
1.000000
70000564505.408234
70000748322.717163
70000714129.422867
70000267510.141190
70000908989.136581
70000505420.681534
70000336950.992233
70000603126.301208
70000670591.969833
70000368475.543182
70000936067.458618
70000999279.449631
70000297460.049271
70000866193.660812
70000295154.673645
70000844598.343552
70000748136.870346
70000537853.069077
70000502279.022186
70000181386.949463
70000468184.781067
70000411868.181274
70000409600.684631
70000159461.247894
70000303162.847977
70000338240.083298
70000358251.584473
70000025040.134232
70000366181.053665
70000885637.695129
70000874781.761093
70000150569.569427
70000762475.256134
70000591780.201462
70000481002.877121
70000572031.761124
70000084288.536942
70000572285.582901
70000729133.746536
70000074900.473007
70000894529.143280
70000570161.575516
70000309744.811432
70000964109.651672
70000242872.921158
70000661407.162933
70000532980.922531
70000904049.361252
70000509077.163101
70000099041.405731
70000952832.881195
70000195204.726685
1.000000
70000901596.380722
70000361862.272980
70000902886.515381
70000444614.812668
70000250328.536697
70000932075.460342
70000450320.789810
70000968173.784897
70000662055.329849
70000527846.342133
70000778198.995880
70000036467.164337
70000219350.817230
70000658458.109665
70000091315.235703
70000594999.761108
70000333334.547058
70000612163.190063
70000860825.753159
70000677542.584824
70000618998.612289
70000111152.431152
1.000000
70000629151.332809
70000086005.769821
70000628563.453430
70000287142.792999
70000501119.444839
1.000000
70000903808.375778
70000134017.278748
70000275391.909576
70000791840.215103
70000226521.091827
70000806883.150848
70000782805.716934
70000459588.035080
70000161014.523163
70000054721.303055
70000900202.781921
70000959678.416824
70000880082.056473
70000921314.057343
1.000000
70000270274.906723
70000308977.170853
70000090331.173828
70000022980.201447
70000544309.721405
70000528394.503525
70000117013.098206
70000726557.155396
70000351431.397400
70000376866.686630
70000696919.258575
70000709476.709793
70000587089.806900
70000662892.209778
70000841425.473892
70000603165.859955
70000273337.404831
70000389210.164993
70000317719.674179
70000309498.480957
70000833858.728638
70000030250.675964
70000436341.155548
70000512409.352219
70000014335.928802
70000597890.035965
1.000000
70000297038.420700
70000744466.959503
70000010551.814270
70000216917.301315
70000356499.829132
70000836906.591690
70000579200.513321
70000505652.335205
70000185357.421539
70000010222.094513
70000673043.596130
70000049729.942047
70000400195.728180
70000008251.526215
1.000000
70000067114.973404
70000016127.397415
70000324112.345047
70000045214.715820
70000859555.869171
70000669424.771393
70000362969.526962
70000881677.716309
70000481442.018524
70000807668.245667
70000827339.121750
70000759118.873169
70000155927.728821
70000573850.212402
70000661474.781189
70000173654.392761
70000577194.799805
70000698364.553284
70000098703.466324
70000999497.830521
70000513886.524460
70000551394.512466
70000054861.962372
70000212350.252548
70000106328.547272
70000095787.680527
70000256244.007248
70000013844.305420
70000791251.836121
70000483985.012695
70000254661.966827
70000055650.828796
70000886356.679077
70000029166.424942
70000192091.866684
70000598031.303162
70000429009.749878
70000542469.599808
70000175261.781235
70000103884.253647
1.000000
70000172103.876892
70000138134.015762
70000529700.248795
70000304138.064774
70000535520.374588
70000121576.094376
70000624151.633179
70000470757.785004
70000697383.092041
70000597471.311340
70000353828.756058
70000327120.952866
70000368288.842468
70000710460.693619
70000669971.266479
70000477250.436798
70000751352.820084
70000834202.707245
70000021083.959061
70000231278.048996
70000878771.911774
70000421892.014648
70000177019.651535
70000361657.176025
70000121286.983322
70000138437.504700
70000452888.455032
1.000000
1.000000
70000369791.679367
70000301347.160400
70000642221.567719
70000572415.569321
70000713529.707123
70000673717.901993
1.000000
70000040382.942581
70000769888.093826
70000189320.889786
70000759813.240280
70000397307.735382
70000770696.649734
70000173515.588898
70000070072.569595
70000526199.007675
70000614859.231232
70000968556.472366
70000071794.031860
70000801372.789154
70000119829.235626
70000516167.254242
70000901929.298828
70000612743.211182
70000398068.467453
70000890174.376663
70000917391.989883
70000821564.357483
70000436211.973602
70000466651.434494
70000111915.298630
70000963982.861496
1.000000
70000494851.458618
70000958363.075562
70000852062.171204
70000473209.487473
70000354511.549927
1.000000
70000524417.672867
70000150553.271179
70000798384.508850
70000080395.672760
70000392005.930161
70000299301.391724
70000718436.661621
70000158672.593552
70000032813.845490
70000219518.914566
70000022779.087555
70000442417.425079
70000039469.194534
70000334822.998947
70000589086.658310
70000341020.142776
70000013354.299515
70000754030.675385
70000220683.199768
70000405902.561691
70000785216.239883
70000536034.807617
70000757466.345627
70000546025.954742
70000447993.906693
70000113357.517258
70000282128.190933
70000711002.071869
70000980819.444748
70000969101.785263
70000398528.795609
70000918059.056152
1.000000
1.000000
70000605177.203751
1.000000
70000705654.419052
70000500581.387939
70000223559.361343
1.000000
70000627606.902817
70000436003.038422
70000953164.682037
70000809811.157532
70000310548.550095
70000499347.519165
70000929970.087784
70000380644.649704
70000596369.997589
70000146413.511063
70000694651.155853
70000072421.937836
70000498229.345917
70000177467.810944
70000957303.229584
70000319281.930557
70000212254.844437
70000348396.412888
70000802239.462051
70000827463.721436
70000362970.255112
70000710196.464966
70000031201.150864
70000223694.034103
70000092476.281754
70000519177.519958
70000706820.044067
70000588047.843658
70000923197.379181
70000081933.028870
70000452365.698425
70000390584.436386
70000761049.320770
70000499238.064026
70000609454.134079
70000763969.298065
70000946922.870300
70000759580.585754
70000661645.045776
70000760649.665207
70000857849.826691
70000567096.284683
70000184042.182358
70000422496.062775
70000877185.416977
70000481968.955048
70000987544.861725
70000112529.434708
70000554416.341339
70000732891.105682
70000837168.036316
70000954841.372406
70000681910.870071
70000651283.222366
70000032934.415634
70000253611.297897
70000847793.228088
1.000000
70000647754.962662
70000078251.863037
70000991429.613541
70000677908.339523
70000404977.851440
70000506111.612747
1.000000
70000630354.205673
70000410124.699860
70000510466.181732
1.000000
70000673295.765244
70000770789.661148
70000986297.568375
70000797960.170883
70000475065.303558
0.33
 0 0 0 0 0 0 0 0 0 0 0 0 0
