1 401
70000656791.485168
70000654808.610596
70000752054.076706
70000531361.666367
70000376094.573471
70000348918.231155
70000625679.085648
70000934145.929764
70000390949.235870
70000440360.583954
70000645750.937393
70000890363.515564
70000072297.644836
70000225890.215805
70000850073.349472
70000914101.913239
70000726511.693451
1.000000
70000776305.340881
70000147721.539307
70000489202.559479
70000004009.313049
70000559656.290436
70000040979.789948
70000591843.828705
70000595061.056229
70000495899.644592
70000540852.424744
70000276155.731918
70000642487.324799
70000762067.916260
70000428043.110001
70000448740.310501
70000260347.062302
70000526232.359619
70000365870.258194
70000354163.550293
70000555550.630707
70000167728.106522
70000983404.306747
70000700806.760544
70000508360.296875
70000275006.317688
70000467250.264694
70000704331.316803
1.000000
70000030084.919662
70000578820.578278
70000024300.930832
70000150889.967499
70000380801.179245
70000906383.186646
70000925981.631317
70000366147.158661
70000079531.942047
70000498073.532928
70000838941.710144
70000348307.272583
70000474246.994598
70000348960.376236
70000346761.018799
70000608349.633911
1.000000
70000727231.785812
70000078016.865906
70000335294.935806
70000306906.087112
70000985094.463440
70000751348.250351
70000046873.031418
70000559881.293228
70000674282.704971
70000303367.800781
70000774182.947449
70000112362.655106
70000345283.963348
70000182677.056030
70000003880.911133
70000204051.417450
70000917450.450958
70000225649.790771
70000663599.409836
70000235311.619232
70000752489.641861
70000387009.761154
70000428754.475067
70000074383.157684
70000785416.334442
1.000000
70000407621.937729
70000561864.803741
70000311535.290726
70000684759.752487
70000479336.129471
70000565259.048721
70000822932.647903
70000343446.657730
70000757303.972534
1.000000
70000009022.294357
70000679749.019028
70000705593.996078
70000800017.106293
70000037086.543640
70000190147.166855
70000135771.727020
70000379909.101990
70000648788.242615
70000666897.294647
70000772340.667480
70000528847.274368
70000382753.047104
70000893199.330017
70000046825.224167
70000240342.149445
70000480545.238937
70000201169.388718
70000085794.211517
70000640335.618362
70000873603.277084
1.000000
70000181269.922546
70000613903.889740
70000827507.865952
70000705980.935272
70000115116.470993
70000164019.138443
70000264225.121964
70000261677.803284
70000344935.749329
70000038783.940063
70000201370.844635
70000090769.296082
70000646492.212418
70000383478.454681
70000735603.729904
1.000000
70000245539.580566
70000921586.580460
70000652914.750702
70000573590.241089
70000089787.329712
70000075082.470657
70000500384.403656
70000802174.653961
70000996675.158600
70000882783.574341
70000461723.515656
1.000000
70000994181.787567
70000043806.027695
70000691544.606140
70000297547.321014
70000868292.968979
70000332255.377533
70000583567.365585
70000807288.838470
70000733073.522232
70000654596.408325
70000382304.744888
70000730874.845993
70000660357.698883
70000678114.787811
70000758095.146683
1.000000
70000610451.066818
70000339894.536057
70000041446.514175
70000172582.295547
70000452741.167267
70000121584.282532
70000689924.385162
70000222219.344849
70000630243.043594
70000919371.278030
70000616419.179871
70000006821.412064
70000605982.631973
70000080480.864380
70000003579.371735
70000217867.565521
70000941850.623962
70000526888.709961
70000523109.299088
70000595092.008682
70000855078.826309
70000761362.305740
70000864660.038025
70000168022.933975
1.000000
70000077730.964600
70000980521.051331
70000384553.482803
70000579951.640533
70000145839.808548
70000019419.593857
70000104839.922928
70000534858.559448
70000689586.056259
70000721101.704559
70000909264.955139
70000471920.486099
70000751921.642441
70000416669.450760
70000857869.911438
70000526795.521667
70000953536.573212
70000906289.961243
70000707753.904221
70000802452.397186
70000405415.233841
70000171711.477371
70000415860.950150
70000343543.653961
70000940747.175278
70000041880.509735
70000213005.006607
70000255944.729050
70000562389.339493
70000554101.897629
70000325803.797501
70000987662.174408
70000358888.046082
70000178682.357407
70000247228.138916
70000300298.951355
70000376783.188065
70000145828.673828
70000192500.823944
70000512926.943054
70000308346.717651
70000132579.729691
70000365646.487671
70000313869.478958
70000698084.098618
70000778001.150375
70000378705.497925
70000908237.032181
70000662898.684921
70000483781.662277
70000011299.870499
70000409697.845642
70000406400.728699
70000345199.611618
70000636974.091415
70000267815.556427
70000385536.059708
70000798203.342026
70000649812.144806
70000963964.177628
70000150319.482910
1.000000
70000174691.110352
70000520374.787827
70000086333.245407
70000740960.872437
70000489468.556458
70000051395.802856
70000657342.916275
70000054690.892181
70000920412.624847
1.000000
1.000000
70000757116.344940
70000220982.075241
70000297334.402542
70000993023.257385
1.000000
1.000000
70000802939.000854
70000569496.836151
70000667240.367371
70000706843.681793
70000964409.424606
70000135039.558334
1.000000
70000306817.162094
70000296364.190872
70000172597.598175
1.000000
70000571064.185013
70000057547.447235
70000799772.511993
70000052540.712936
70000213565.504242
70000949553.150162
70000049032.845871
70000513746.782532
70000267873.382080
70000091002.010635
70000706086.776993
70000437546.257950
70000982188.040268
70000010654.094315
70000545135.404846
70000442443.045380
70000537084.663055
70000897856.851364
70000179254.499878
70000825602.744553
70000588837.158600
70000129446.684723
70000072765.037262
70000389941.082504
70000453291.598907
70000756564.466141
70000012538.615280
70000922899.359268
1.000000
70000326654.101913
70000018023.070969
70000386493.240494
70000342921.774490
70000542995.589142
70000377300.894241
70000365125.433182
70000010178.104156
70000034123.490784
70000229542.874207
70000835553.801926
70000731536.834396
70000379023.349564
70000041292.924789
70000825915.438156
70000844682.558731
70000436591.911240
70000484031.089447
70000399892.946701
70000791057.787369
70000342022.976089
70000148413.312912
70000936874.303253
70000450655.376175
70000639610.699951
70000477945.673676
70000797425.729019
70000875151.731857
70000384638.677139
70000509461.431458
70000812376.567673
70000610382.917328
70000708853.985138
70000751007.205948
70000061343.625931
70000812911.523087
70000578287.978958
70000899322.962997
70000806908.025482
70000788365.478790
70000974400.154678
1.000000
70000006103.871445
70000724480.335358
70000097440.837692
70000126965.482162
70000730991.794846
70000792321.673386
70000193482.406067
70000914163.750473
70000066733.081421
70000831565.282562
70000200770.240005
70000705897.522568
70000422156.495895
70000630119.064667
70000201174.626434
70000603425.320892
70000701635.666229
70000619160.001038
70000778662.776596
70000754137.760681
70000242371.978851
70000083265.225174
70000427019.974045
70000600483.688385
70000742053.994278
70000915823.005341
70000069148.482880
70000475163.726227
1.000000
70000928191.913162
70000254252.163284
70000881074.253174
70000689225.884171
70000337189.439987
70000381032.847214
70000960461.173416
70000558392.522964
70000338925.861115
70000836610.662384
1.000000
70000957358.184830
70000289719.618027
70000840957.242615
70000820101.615005
1.000000
70000028879.756821
70000410706.333939
70000424457.576126
70000392392.389084
0.33
 0 0 0 0 0 0 0 0 0 0 0 0 0
