1 401
70000112514.162735
70000310591.503662
70000975122.440231
70000288430.663101
70000235718.118759
70000320034.836868
70000304539.181030
70000290532.600677
70000325205.595749
70000401754.977966
70000524332.072006
70000421697.617920
1.000000
70000380460.388275
70000365079.716217
70000156808.306076
70000133429.757980
70000262324.020599
70000234490.808075
70000345429.918671
70000195135.444809
70000531296.657928
70000017569.115051
1.000000
70000676518.863251
70000196357.995987
70000317066.518951
70000717267.997391
70000950848.107117
70000797271.965912
70000572061.964661
70000346977.688080
70000631288.054321
70000704747.315552
70000477816.879044
70000885951.496414
70000415074.912643
70000674703.755997
70000455465.374527
70000115656.360916
70000908270.887924
70000297128.550598
70000780042.782639
70000520027.782364
70000774593.350479
70000169144.673965
70000122730.291092
1.000000
70000251638.606644
70000020189.453720
70000970850.740173
70000925586.566483
1.000000
70000008806.086060
70000046804.749649
70000625957.710571
70000123560.476410
70000144784.426483
70000416674.474152
70000699882.759537
70000731916.195572
70000416237.071823
70000119561.421570
70000885195.760925
70000201680.767242
70000135556.853638
70000219003.188461
70000785085.190384
70000705630.605392
70000331816.662811
70000045105.550430
70000142473.457672
70000010175.723907
70000943036.337036
70000505218.213806
70000262802.675598
70000670887.971207
1.000000
70000924255.742416
70000752891.217361
70000603732.148743
70000571040.294052
70000469315.695419
70000513402.495575
70000900332.210052
70000257018.781342
70000473352.708527
70000385325.673447
1.000000
1.000000
70000694668.418671
70000415739.936783
70000016736.517929
70000255453.307281
70000117275.685135
70000348960.554321
70000087503.379669
70000161207.034210
70000257308.885269
70000365502.645065
70000423675.315628
70000024661.052994
70000129122.529404
1.000000
70000353141.720093
70000999151.587082
70000166899.930313
70000529415.919159
70000826128.965408
70000135682.943970
70000832300.613266
70000199843.042847
70000177065.159897
70000896353.829865
70000438497.100372
70000720103.826035
70000272186.363937
70000453731.868851
70000561010.068741
70000251089.517502
70000305112.325195
70000621972.032776
70000109446.229523
70000051221.672836
70000623582.000214
70000397460.118103
70000638812.774460
1.000000
70000505591.773621
70000988871.708847
70000292325.340378
70000491609.675858
70000445799.127426
70000397409.093262
70000910500.809753
70000711086.477524
70000238228.572128
70000702379.803055
70000771983.307022
70000162641.966995
70000461683.243988
70000029597.374481
70000064630.938934
70000393992.495758
70000354606.289093
70000353659.192123
70000557448.453033
70000916922.067413
70000330874.591843
70000154443.761108
1.000000
70000616780.320923
70000506454.733002
70000316495.408218
70000956589.576309
70000059753.686905
70000708279.218307
70000569775.395554
1.000000
70000383579.708649
70000270167.062668
70000064492.251740
1.000000
70000705466.215790
70000953649.377060
70000770224.668076
70000636755.699387
70000606446.930862
70000108433.617310
70000096027.104187
70000381296.512421
70000060762.884720
70000565533.818100
1.000000
70000092113.598770
70000893313.496002
70000493037.542984
70000964414.346817
70000418467.959549
70000966826.150360
70000953510.870010
70000637096.218155
70000816863.753250
70000206613.001984
70000038276.309738
70000589541.631882
70000022427.627090
70000451046.435272
70000573956.401352
70000075338.227112
70000268375.644882
70000352943.798660
70000160863.539795
70000289499.385818
70000097680.463531
70000280641.636230
70000591549.285339
70000301852.059235
70000239548.073288
1.000000
70000452265.261169
70000400715.226791
70000817192.906540
70000856628.350235
70000764577.139969
70000467284.881363
1.000000
70000417005.159622
70000336874.297806
70000138819.396545
70000317497.690353
70000853267.423706
70000415516.787964
70000744897.834137
70000090458.783325
70000685034.144043
70000234122.754730
70000070015.879013
70000934467.791672
70000537942.555679
70000130900.952606
70000015585.285614
70000608202.837143
70000264886.491714
70000882888.714249
70000378151.631912
1.000000
70000299055.629044
70000551302.492920
70000207708.831192
70000149761.602188
70000964070.850143
70000151529.889740
70000334768.751572
70000189884.158371
70000010424.195435
70000975494.759094
70000751762.976151
70000606142.227768
70000992761.504654
70000552281.455414
70000691157.153610
70000592971.419098
70000539431.202759
70000868338.738693
70000772592.249588
70000585259.921112
70000315499.094040
70000946752.661819
70000352613.126617
70000716121.204285
70000323573.129044
70000137821.878235
70000504905.229645
70000787150.528595
70000869524.874786
70000624427.572037
1.000000
70000436337.969498
70000817027.884628
70000537470.257141
70000682649.959869
70000254438.003174
70000313497.948685
70000662011.689972
70000579222.790955
70000975353.721695
70000231920.293732
70000979814.394730
70000098421.861130
70000968237.007996
1.000000
70000805662.301620
70000474403.162888
70000288440.959778
70000674678.035126
70000804301.479904
70000429754.594666
1.000000
70000709323.376999
70000601863.735809
70000551445.893234
70000370740.360397
70000398619.137405
70000733562.427979
70000898673.844513
70000976670.031845
70000691802.719635
1.000000
70000170967.944901
70000354406.948898
70000854443.468460
70000739983.357605
70000519847.962509
70000185946.783524
70000960761.724060
70000258820.296844
70000384586.656967
70000627353.638382
70000558477.776108
70000727564.824341
70000873554.669296
70000929274.666672
70000072568.276718
70000297968.638641
70000480462.423218
70000724903.982117
70000786650.107834
70000280184.292221
70000821226.897476
70000995859.654907
70000102780.126221
70000318332.652069
70000657083.945038
70000057138.749664
70000709028.542084
1.000000
1.000000
70000725883.659164
70000199038.539612
70000638223.488983
70000699062.732330
70000045335.966995
70000997345.021606
70000099011.062546
70000423112.563736
70000190064.215683
70000967991.615173
70000510537.127045
70000773136.763611
70000339375.718704
70000995608.385635
70000140590.141571
70000565596.948090
70000530468.223694
70000826037.525269
70000660977.563232
70000279420.195114
70000010882.287735
70000806572.041595
70000671377.932739
70000162134.944427
70000208970.902267
70000844679.447159
1.000000
70000091552.562668
70000459401.599365
70000074611.063995
70000483573.596603
70000202183.592117
70000505142.019272
70000718928.373260
70000736092.114822
70000289395.207886
70000221640.958557
70000461069.303253
70000950604.781555
70000205508.802139
70000238403.518616
70000594842.764954
70000750062.379333
70000708180.462082
70000815467.772232
70000066317.177368
70000336091.252991
70000314849.398148
70000059511.057816
70000756969.754990
70000942169.214264
70000692208.304901
70000632183.499283
70000717696.805466
70000090259.659256
70000801641.024292
70000001759.678146
70000497090.282578
70000012657.298264
70000873192.407455
70000601282.657944
70000039653.896408
70000428566.284515
70000324232.446503
70000421518.410049
70000613153.382843
70000322413.603180
70000781540.206558
70000505613.872665
70000449618.076248
70000837566.799194
70000131329.035934
70000097771.350052
70000986280.641617
70000273771.091400
70000489486.301270
70000213015.117111
70000381428.675964
70000049966.652405
70000942052.069519
70000097231.382202
70000994469.586929
0.33
 0 0 0 0 0 0 0 0 0 0 0 0 0
