1 401
70000418182.100647
70000940802.164978
70000855937.475449
1.000000
70000421158.118317
70000429837.389771
70000086640.175293
70000840779.274460
1.000000
70000846521.312744
70000247834.227295
70000425103.995956
70000503106.371002
70000311012.992874
70000775484.189438
70000899963.297501
70000046301.783127
70000047747.014191
70000117898.457748
1.000000
70000330903.143829
70000078059.956146
70000241102.715179
70000146692.857071
70000574329.391037
70000611420.003677
70000806934.576691
70000042771.058517
70000468702.514603
70000957142.428787
70000383867.054642
70000645375.604813
1.000000
70000432206.694748
70000516245.539978
70000174649.350739
70000306162.045944
70000264401.412613
70000831279.028336
1.000000
70000760669.194534
70000956847.234894
70000591480.671799
70000738725.002075
70000020807.720352
70000680193.049820
70000397749.458435
70000334414.990799
70000811844.099686
70000903281.477859
70000728974.674591
70000026938.253159
70000879201.218719
70000011840.947006
70000475870.554321
70000986224.667969
70000812980.869690
70000748762.811951
70000704902.716232
70000658893.827011
70000985967.521957
70000891568.368500
70000675387.299133
70000402585.277283
70000321702.880859
70000402354.282837
70000180351.760864
70000637688.058945
70000053413.508209
70000957075.884201
70000199993.597000
70000552628.661957
70000500817.009979
1.000000
70000921629.399078
70000458677.255203
70000604286.188171
70000834979.839188
1.000000
70000537967.225052
70000715966.860580
70000231462.632767
70000286167.019653
70000379450.431549
70000976146.646500
70000972872.925552
70000126084.951096
70000853213.441467
70000430380.873734
70000254672.377090
70000171268.637985
70000245964.105179
1.000000
70000095874.698700
70000331497.780655
70000508323.976151
70000312643.175293
70000562607.361755
70000735050.602661
70000044821.327133
70000341404.938889
70000551535.815826
1.000000
70000622365.202118
70000763447.922760
70000450860.703766
70000183323.440567
70000471654.823166
70000408547.200653
70000404115.728714
70000133011.833969
70000846725.214050
70000520454.405228
70000768348.348160
70000377896.743591
70000596407.054779
70000903236.548233
70000524725.313522
70000205959.775299
70000463141.778091
70000436089.302094
70000585281.218063
70000296395.158646
70000167839.813477
70000249637.813782
70000102571.343262
70000370029.417572
70000765609.249237
70000632591.973923
70000452228.302460
70000303227.904449
70000528657.542938
70000968050.109467
70000134209.501572
70000669439.577545
70000263377.735794
70000302659.051666
70000690244.715607
70000350857.068253
70000222177.266815
70000571528.303619
70000837247.054092
70000897963.474884
70000395320.878754
70000699181.427383
70000625897.298569
70000212155.294998
1.000000
70000487954.032837
70000726596.676651
70000868847.728592
70000596318.339661
70000312108.996918
70000965521.286880
70000377579.486954
70000163111.392700
70000955298.623688
70000132830.831284
70000066056.371658
70000842690.043488
70000025021.325546
70000020452.107956
70000641530.065720
70000985148.390305
70000284031.210388
70000928796.376190
70000435668.279770
1.000000
70000774165.997543
70000947301.220352
70000772258.896729
70000796695.256805
70000505830.333527
70000630238.940582
70000979397.941910
70000592066.973053
70000448205.475296
70000525529.214478
70000327527.644485
70000098039.820023
70000458861.752045
70000163727.039261
70000967586.901520
70000345304.508316
70000561092.202118
70000815979.300171
70000646164.524994
70000134495.604507
70000669553.663467
70000466178.666809
70000922975.866882
70000591848.719025
70000445146.089417
70000704195.205246
70000894568.423462
70000329019.881561
70000448707.750549
70000444239.644577
70000894235.746292
70000271592.671387
70000598674.494278
70000887969.965500
70000601193.592117
70000635150.192108
70000712612.411697
70000045448.671509
70000276947.832352
70000598558.406281
70000093905.562454
70000650115.821899
70000513597.498810
70000156914.893219
70000053074.293167
70000616552.829880
1.000000
70000526991.662094
70000625985.962952
70000625769.945923
70000420300.794357
70000303570.670105
70000435479.435562
70000047557.180740
70000545710.933167
1.000000
70000594884.964005
70000355329.727005
70000064263.054016
70000446529.568405
70000733122.187256
70000740282.278778
70000989541.493378
1.000000
70000301159.012680
70000255670.489410
70000683280.201874
70000669885.078751
70000182749.310501
70000284437.810013
70000360978.078232
70000870188.407700
70000048135.347580
70000618274.421448
70000661017.461639
70000889585.947128
70000617019.923706
70000629371.604645
70000459312.382812
70000694479.030731
70000475078.529297
70000151270.883438
70000902088.460678
70000485268.504379
70000050764.062271
70000579223.326569
70000176317.850525
70000989963.298462
70000385040.596466
70000984151.899048
70000640400.073807
70000110415.756622
1.000000
70000793202.321442
70000190271.749329
70000670899.028076
70000552382.594391
70000621078.269196
70000926053.528503
70000846912.339111
70000399316.609756
70000530470.340073
70000205487.468536
1.000000
1.000000
70000480072.868515
70000665804.799713
70000425709.753189
70000804688.901382
70000526873.716019
70000528398.495346
70000251943.012451
70000274603.988327
70000465169.389832
70000184914.000320
70000124481.186188
70000868869.545563
70000410944.740051
70000672157.668030
70000275911.746902
70000133480.380188
70000882944.499954
70000152026.799072
70000061704.449036
70000220238.332687
70000600362.565826
70000893425.836716
70000391911.274887
70000194977.805695
70000240985.699783
70000632274.348816
70000695343.609543
1.000000
70000762194.536133
70000231962.414749
70000472501.638962
70000701507.150803
70000667598.262100
70000937852.023972
70000621267.493820
70000094806.234695
70000233365.551529
70000276139.072418
70000422445.139038
70000636038.019165
70000457239.032257
70000906637.687271
70000007305.554611
70000929194.728989
70000178271.734573
70000097097.563797
70000416725.310623
70000095474.821442
70000941160.292236
70000775935.686630
70000422007.402954
70000429042.946182
70000968622.286682
70000643223.567383
70000949731.884476
70000898540.751465
70000046875.157318
70000959840.251785
70000265263.087402
70000315209.266434
70000113492.606583
70000331358.926056
70000664587.810593
70000161740.485199
70000286640.467834
70000685850.937164
1.000000
70000283981.674805
70000787708.055359
70000426552.834717
70000371163.145248
70000496414.826920
70000215949.857254
70000431623.370270
70000005028.029877
70000005846.822876
70000995752.537872
70000802240.890182
70000062364.908081
70000414008.053558
70000900734.659836
70000202937.707306
1.000000
70000131232.250092
70000047885.845322
70000900569.097885
70000644948.323853
70000504196.043350
70000544955.110443
70000266618.268433
70000777520.385635
70000872742.439484
70000973768.740784
70000172848.128342
1.000000
70000899137.868484
70000515912.042023
70000045092.651352
70000844829.191971
1.000000
70000513396.185379
70000892077.402664
70000230308.361755
70000637169.169067
70000603639.320358
70000707708.397217
70000357104.271439
70000777828.544327
70000285803.452576
70000366328.073639
70000819199.199875
70000597845.091324
70000764628.737701
70000238750.651505
70000743894.529465
70000253796.978806
70000144054.550903
70000540241.539658
70000843241.930649
70000337738.385178
70000552942.971008
70000336352.149246
70000083800.050797
70000764768.317062
70000540074.572647
70000595242.587936
70000652255.318420
0.33
 0 0 0 0 0 0 0 0 0 0 0 0 0
