1 401
70000962039.812714
70000203740.653595
70000689094.736664
70000550100.529007
70000507689.696396
1.000000
70000098282.088150
70000104534.577118
70000274306.500870
70000212971.058197
70000177000.547058
70000931844.919388
70000222772.032486
70000178419.397629
70000522805.117096
70000186075.002823
70000639908.162491
70000992031.001694
70000832868.886917
70000385305.153961
70000675869.901230
70000120314.557373
70000432230.003952
70000204002.519882
70000262323.323502
70000572626.070786
70000270505.818237
70000062392.637222
1.000000
70000943075.267319
70000439762.176804
70000859580.218369
70000678011.381012
70000596734.604706
70000064653.518661
70000421397.522202
70000889831.348404
70000074869.433456
70000812976.420639
70000581646.576279
70000711885.185852
70000893779.657791
70000922434.375000
70000757713.239929
70000866991.291656
70000465668.448441
70000219451.058853
70000279895.471313
70000088600.365891
70000589724.083359
70000991226.069168
70000587888.889908
70000696126.951416
70000929055.555206
70000180137.514008
70000593974.331970
70000519893.984497
1.000000
70000444892.721802
70000167795.215576
70000518840.733459
70000429732.896591
70000599747.363037
70000371985.336594
70000906654.691971
70000809130.071304
70000234831.319702
70000631826.739853
70000855982.930527
70000397080.635574
70000205852.253311
70000812261.038757
70000215251.388672
70000564010.494629
70000005871.983475
70000734074.776962
70000468830.051163
1.000000
70000687343.609665
70000069181.423950
70000008534.953339
70000194620.772812
70000696648.611557
70000344283.594162
70000166536.568710
70000893077.108749
70000350717.585800
70000076199.140228
70000324505.542664
70000013685.557602
1.000000
70000531524.407547
1.000000
70000038483.149216
70000278709.085464
70000055881.028259
70000314663.713760
70000520226.799011
70000130597.537048
70000272347.912476
70000554428.464951
70000605226.118835
70000373433.430252
70000443286.361618
70000071147.597519
70000279611.724487
70000902122.830322
70000155532.280121
70000504624.201996
1.000000
70000825534.885620
70000388453.960693
70000683562.952942
70000093063.983093
1.000000
70000474860.798584
70000788226.302307
70000684553.787537
70000716843.253265
70000355856.269241
70000212104.250153
70000047136.777588
70000767266.313385
1.000000
70000307091.042038
70000428526.672089
70000004353.354919
70000511628.368408
70000255515.163513
70000426585.358871
70000726532.166153
70000850202.560928
70000568920.216370
70000620704.854004
70000868993.989243
1.000000
70000035224.888016
70000225300.818512
70000684112.340378
70000140132.916580
70000648547.606415
70000329611.147034
70000813201.363083
70000895204.008255
70000983047.392670
70000507320.448257
70000870267.184265
70000072411.654022
70000934343.258606
70000365255.748795
1.000000
1.000000
70000648901.595398
70000448641.667511
70000793884.717117
70000815287.466095
70000159445.506119
70000890437.865646
70000970368.784637
70000005089.728668
70000379286.340027
70000130035.645279
1.000000
70000306105.911041
70000577652.543900
70000881349.553970
70000700608.731201
70000337342.066986
70000985026.297775
70000818287.335190
70000430965.601700
70000992836.654297
70000835473.633347
70000837281.253983
70000384736.418182
70000990033.533737
70000959102.832932
70000599725.235352
70000564702.559128
70000193296.316299
70000474333.636505
70000769562.138809
70000913789.634888
70000866103.207993
70000237885.718475
70000100164.029663
70000451607.786163
70000703759.389664
70000078740.035004
70000104263.873886
70000859149.991791
70000128065.139328
70000424242.437744
70000925204.861237
70000305990.200775
70000571927.285172
70000704202.666000
70000219362.371429
70000296001.449005
70000967769.658859
70000630152.634674
70000669594.971695
70000876712.881561
70000136046.650116
70000865927.275818
70000008277.655273
70000877304.135986
70000307314.137970
70000120133.783936
70000934279.959488
70000377269.894409
70000849043.759644
70000049621.589584
70000980816.316879
70000727259.715042
70000503217.201706
70000678080.871246
70000116833.203339
70000929200.888702
70000351898.735168
70000613703.621094
70000237338.545029
70000212848.946899
70000452837.251022
70000230678.038361
70000502229.720627
70000376268.373093
70000968315.928024
70000003663.202026
1.000000
70000220318.959869
70000482763.935623
70000480304.233170
70000711049.702515
70000124246.892258
70000850593.055588
70000627411.319092
70000909493.869186
70000672449.765869
70000888293.418594
70000395316.439331
70000103823.162125
70000209717.546783
70000426255.243164
70000958981.294250
1.000000
70000425821.253372
70000987274.498245
70000462704.338287
1.000000
1.000000
70000828234.915054
70000662272.852875
70000151994.019241
70000715623.556503
70000186421.173874
70000864024.381714
1.000000
70000186179.838943
70000716371.404617
70000066504.110092
70000457989.621750
70000342705.762756
70000473991.589386
70000092061.534164
70000007286.671432
70000606864.629410
70000433110.421310
70000419432.927322
70000496798.478683
70000131843.056412
70000817496.225449
1.000000
70000476034.758316
70000241721.622147
70000260744.647858
70000090473.622192
70000545231.372177
70000883571.028717
70000356857.772110
70000403322.427078
70000789948.084564
70000655007.389252
70000518022.529373
70000617123.949646
70000462856.994965
70000786490.039276
70000763031.808304
70000490021.966904
70000876264.304993
70000683746.467041
70000799219.447311
70000573389.378983
70000071555.850189
70000377861.972977
70000402686.580597
70000144158.168869
70000225293.713547
70000602971.880936
70000602232.458435
70000778662.869125
70000682097.118744
1.000000
70000642564.016968
70000053470.582520
70000906857.062454
70000359828.861847
1.000000
70000561605.825089
70000169591.736084
70000592433.897217
70000441061.168091
70000110639.207291
70000332821.613174
70000362211.722046
1.000000
70000445869.066467
70000312143.987976
70000238977.171326
70000372390.171738
70000585858.321747
70000167442.509140
70000105403.047638
70000758951.452576
70000545765.613220
70000630855.394791
70000241812.545929
70000661614.185120
70000969469.433899
70000064076.823318
70000240595.824478
1.000000
1.000000
70000822041.017395
70000923715.107605
70000068015.611374
70000259848.524155
70000035654.524063
70000745199.621902
70000122952.491776
1.000000
70000811298.422165
70000804547.059937
70000288058.399551
70000240012.589630
70000835235.727859
70000021455.882706
1.000000
70000489727.727478
70000609612.515686
70000990664.804657
70000703519.549133
70000382770.733444
70000359949.870544
70000033984.995544
70000117748.956207
70000113132.509155
70000182299.634079
70000048662.004898
70000354299.571182
70000128811.613724
70000924996.865189
70000930168.130905
70000328491.425156
70000188918.369949
1.000000
70000795529.811722
70000125765.388519
70000687863.792923
70000360488.746628
70000766415.305908
70000921537.998932
70000413465.703796
1.000000
70000597796.298874
70000882759.160538
70000522769.695877
70000811636.558121
70000442228.840576
70000762358.438156
70000686511.618912
70000418772.791763
70000944033.085968
70000951879.139343
70000658994.493301
70000482882.861053
70000768978.559128
70000625837.181229
70000739402.253220
70000979787.526382
70000108244.792938
70000714807.189911
70000057995.705002
70000071819.064880
70000526277.249619
70000237673.430344
70000364849.901947
70000721033.937851
70000445338.985901
70000911514.133972
0.33
 0 0 0 0 0 0 0 0 0 0 0 0 0
