1 401
70000291531.386215
70000121054.303909
70000798802.921967
70000330700.397446
70000064057.626389
70000594564.995972
70000664335.891708
70000465743.537933
70000384923.846024
70000139620.684052
70000618563.134949
70000311459.025986
70000723019.447037
70000596819.210648
70000404168.449127
70000892190.337936
70000596634.620895
70000941548.561096
70000959965.928375
70000277423.298584
70000792852.292267
70000793319.448792
70000756299.261993
70000203817.489868
70000613009.371490
70000446263.288208
70000159439.861435
70000165076.603607
70000586814.677826
70000903280.994583
70000154731.593933
70000477423.211746
70000811350.809830
70000818030.617493
70000161051.387024
70000997898.552933
1.000000
70000135483.108444
70000538202.683640
70000376690.146240
70000130147.005219
70000874363.020844
70000728123.602005
70000889364.367188
70000188543.054520
70000734255.627548
70000023934.663376
70000130060.179565
70000470301.541092
70000246215.240051
70000590682.223877
70000403677.639496
70000859631.913010
70000835145.660553
70000002825.630035
70000317067.499634
70000547829.653351
70000487787.181091
70000107254.889847
70000167569.160690
70000586214.699585
70000520357.488464
70000196594.812439
1.000000
70000346856.239426
70000783888.865250
70000733925.706650
1.000000
70000388073.714600
70000818585.384888
70000677255.418991
70000600982.280533
70000395500.249649
70000252665.313309
70000157332.163742
70000709402.590469
70000848741.454636
70000089955.301651
70000807897.734222
70000173389.573685
70000278395.321442
70000383007.313309
70000328546.457687
70000550347.032532
70000074103.706238
70000240259.249680
70000528775.363327
70000965705.103958
70000052017.709183
70000429109.905197
70000603716.237595
70000063551.496643
70000736272.451080
70000439751.944824
70000086982.392426
70000549733.758057
1.000000
70000290546.493240
70000330180.941376
70000857030.504852
70000622975.443710
70000628207.033752
70000753460.302277
70000015423.532333
70000540008.933090
70000240344.705704
70000280175.409119
70000583739.340469
70000462919.226181
1.000000
70000427700.651947
70000284577.270691
70000679609.497437
70000212708.619797
70000269526.024109
70000234941.851776
70000308902.966751
70000532187.770889
70000678075.569809
1.000000
70000733068.099899
70000571799.150574
70000085990.785065
70000116544.903992
70000647432.041122
70000901619.683548
70000234553.959152
70000224062.417160
1.000000
70000850902.085983
70000398184.085648
70000143872.402832
70000933642.717285
70000649513.927277
70000379914.202545
70000791224.967804
70000543596.290955
70000848223.433868
70000066140.006424
70000119875.676529
70000641701.316269
70000366908.295349
70000998632.203384
70000488868.813538
70000902307.484528
70000296216.380798
70000074905.089432
70000726019.240280
70000670427.590759
70000370724.683289
70000685030.213898
70000145382.824768
70000495298.052872
70000530628.335358
70000415198.130371
70000484190.282379
70000864960.454605
70000547369.892258
70000884138.222488
70000257173.350983
70000142646.676971
70000579231.970749
70000827417.810577
70000776528.288803
70000895239.618378
70000505087.241089
70000281591.195099
1.000000
70000456083.912415
70000750386.361664
70000383305.738022
70000598547.653107
70000243342.457336
70000884422.018433
70000648258.083801
70000341330.614548
70000222085.294067
70000960314.904770
70000008731.501190
70000051761.662781
70000320948.069214
70000100343.054855
70000663310.890259
70000510805.562378
70000460208.071960
70000860423.991180
70000376353.187454
70000576360.636948
70000841839.849213
70000130111.999786
70000371582.532211
70000119718.848450
70000730833.813675
70000446800.539520
70000081630.404297
70000018081.713257
70000154812.454529
70000571867.989410
70000347921.213593
70000043849.464310
70000933686.409927
70000499306.577988
70000450718.239059
70000829915.482437
70000543855.633972
70000961617.543350
70000390778.860718
70000059081.579742
70000974952.621384
70000541444.118393
70000255523.602539
70000047314.973007
70000364556.543503
70000326244.866257
70000560271.697906
70000042164.850601
1.000000
70000467593.517578
1.000000
70000094400.974274
70000456879.196075
70000749505.821960
70000490188.014114
70000986083.952637
70000520762.558151
70000036363.630188
70000565798.267319
70000458736.097336
70000876392.724991
1.000000
70000627105.300385
70000057045.725754
70000659127.060944
70000192406.918060
70000124008.539566
70000445776.505722
70000292050.720047
70000803107.956772
70000157628.989822
70000533268.980759
70000373483.770752
70000100982.314957
70000152198.273453
70000722444.009689
1.000000
70000749413.891357
70000582335.252777
70000181348.196594
70000725438.478607
70000288318.877167
70000586554.700500
70000092087.105011
70000163605.486069
70000229268.892471
70000649685.300110
70000545741.720016
70000534675.454956
1.000000
70000199153.750595
70000598043.182266
70000363345.468658
70000418505.035553
70000792730.803680
70000158793.090942
70000924786.392960
70000979055.083298
70000284194.841492
70000697637.786865
70000547053.841522
70000638848.612976
70000103741.375885
70000912806.528824
70000722370.305771
70000603893.342468
70000761513.311142
70000201533.691818
70000910172.865005
1.000000
70000983618.610367
70000872419.641373
70000147188.976639
70000028393.469223
70000099251.807159
70000541005.180756
70000423604.844406
70000406631.600327
70000962686.793854
70000109748.271042
1.000000
70000260930.737228
70000444994.736145
70000828134.805801
70000334240.749969
70000514488.927612
70000702525.623169
70000354869.692520
70000542857.415405
70000080984.888489
70000221720.660278
70000760193.220337
70000711614.116730
70000326944.339920
70000159055.029419
70000447539.424118
70000852692.187683
70000990080.543427
70000837640.873764
70000440920.788315
70000130563.264557
70000216447.347610
70000488529.876587
70000827200.046936
70000078627.176666
70000393755.020599
70000279935.377441
70000364245.852371
1.000000
1.000000
70000696140.641846
70000030303.235947
70000876319.974625
70000637130.493210
70000102934.606995
70000367047.163864
70000611614.289001
70000080436.990189
70000027359.458694
70000317238.777527
70000632769.780914
70000845066.275269
70000873367.470078
70000613762.047806
70000126668.417709
70000258913.481567
70000480351.707718
70000893151.034851
70000354554.847183
1.000000
70000991882.547958
1.000000
70000629722.497528
70000406424.140717
70000067402.379166
70000856273.805664
70000015235.050720
70000944389.650681
70000460660.496460
70000115016.636932
70000972852.839935
1.000000
70000070863.785294
70000203327.119202
70000174059.307098
70000645462.326706
70000520706.736267
70000625059.006424
70000404602.240707
70000952114.547012
1.000000
70000474462.560165
70000230548.976791
70000155213.070709
1.000000
70000856564.906967
70000357751.407288
70000416081.658508
70000790656.311783
70000316273.247620
70000211381.995346
70000294236.460541
70000975849.433533
1.000000
70000796269.520706
70000121793.929886
70000328422.272156
70000700328.899094
70000072745.518677
70000127377.980972
70000123928.896439
70000623096.199341
70000600380.823334
70000021882.549774
70000683448.844315
70000873454.882965
70000181932.712631
70000062821.889771
1.000000
70000201576.218689
70000714843.667328
70000764227.568161
70000081761.839203
70000034975.632141
70000571693.600067
70000523122.970444
70000057089.374191
70000472656.615326
70000620446.064392
70000345397.299789
70000470574.627670
70000407118.996384
0.33
 0 0 0 0 0 0 0 0 0 0 0 0 0
