1 401
70000601972.755219
70000021551.703827
70000422473.548508
70000141366.654861
70000550820.943024
70000017296.157104
70000748389.390869
70000315530.399521
70000470530.907501
70000902918.022598
70000123803.260025
70000287356.398148
70000824383.992615
70000357997.140869
70000541605.546265
70000936263.392349
70000125883.042023
70000769570.622955
70000510439.170090
70000770765.212051
70000981263.007782
70000317951.262634
70000075482.134644
70000039267.604965
70000311192.814163
70000743878.653000
70000158653.734451
70000615589.411621
70000851767.696915
70000215660.406540
70000915348.304306
70000064557.600662
70000555771.062119
70000229433.229904
70000637076.333710
70000208775.156601
70000917080.915192
70000608588.184143
70000853551.717453
70000697812.480103
70000183297.686584
70000977178.926041
70000596363.097076
70000026681.291656
70000624204.580719
70000361602.405884
70000149233.328201
70000092882.078583
70000111924.821182
70000281217.178406
70000423610.044357
1.000000
70000790844.714417
70000077543.218018
70000371834.480972
70000347900.075226
70000837373.564148
70000439026.220703
70000886136.197006
70000490670.941345
1.000000
70000035335.474152
70000027651.176193
70000626978.160461
70000990950.617691
70000534891.273453
70000097299.801758
70000468976.124695
70000734616.736298
70000264693.661667
70000313307.081177
70000932370.188171
70000389406.142731
70000390109.866852
70000985977.370468
70000090092.454376
70000338123.126694
70000434941.396988
70000344864.088928
70000675834.814499
70000985675.229065
70000304551.774704
70000448586.666550
70000302951.068970
70000596858.730774
70000097470.694763
70000871262.012497
70000603912.626541
70000660983.979340
70000452487.435715
70000740530.774551
70000158792.476776
70000384436.782730
70000583800.855988
70000728612.994232
70000846233.257355
70000763059.883636
70000540586.280731
70000745898.447174
70000778128.115540
70000318986.369720
70000267213.401337
70000859445.602722
70000826218.095657
70000766144.300293
70000126702.643448
70000536864.263977
70000323403.175278
70000107116.103592
70000004585.903214
70000635986.856186
70000738383.773376
70000809830.424850
70000739427.301483
70000507929.471695
1.000000
70000636382.733398
70000503057.332748
70000054013.703934
70000331870.936661
70000358044.630524
70000418941.439224
70000405338.785843
70000912188.321213
70000126961.811539
70000092167.583344
70000573224.916290
70000801928.635422
70000135504.961716
70000150914.907593
70000560638.349075
70000048193.429611
70000575388.894623
70000890491.814728
70000017015.072083
70000401537.530838
70000180104.652603
70000396181.313721
70000023571.406189
70000419363.159714
70000332673.807922
70000638841.260727
70000659652.983002
70000817275.627121
70000258972.909027
70000485480.736954
70000095845.046448
70000097725.860718
70000197319.328094
70000676849.882828
70000556486.392441
1.000000
70000269313.206635
70000052008.346054
70000929880.045654
70000082458.131866
70000468244.364670
70000545184.572449
70000740199.909103
70000753099.925476
70000293169.694366
70000857437.266800
70000923364.306259
70000199714.175552
70000058719.557312
70000877543.109787
70000775780.182648
70000055566.408997
70000195200.243927
70000516949.165039
70000703297.061096
70000349855.967972
70000862569.799957
70000759425.271210
70000729048.843903
70000197648.590622
70000699834.156219
70000758318.685272
70000179704.711075
70000047862.481735
70000685067.027176
70000616129.516159
70000912790.486038
70000411365.827499
70000991613.262390
70000742709.762207
70000615873.847382
70000498844.592102
70000431461.585098
70000937267.333328
70000917282.938293
70000808561.052200
70000712442.122940
70000645346.758377
70000597523.833099
70000255505.890213
1.000000
70000116109.235489
70000483451.625870
70000486770.860870
70000979102.713058
70000840001.254822
70000433268.869537
70000277981.655350
70000124417.826599
70000417882.526398
70000047938.091095
70000975579.594299
70000834471.512024
70000667224.920807
1.000000
70000239671.878723
70000867155.271881
70000327148.732727
70000540769.443985
70000523710.244202
70000926787.632324
70000044911.407700
1.000000
70000742174.840652
70000585137.153732
70000391932.327194
70000261823.114273
70000537909.735474
70000415294.321243
70000190046.803101
70000863197.567215
70000324755.270844
70000270171.719666
1.000000
70000451886.031723
70000296108.416428
70000530879.007065
70000155347.475418
70000760070.319351
70000654293.126236
70000357382.199112
70000320419.376419
70000813056.797379
1.000000
70000617991.271744
70000570378.279037
70000317231.975555
70000806914.385727
1.000000
70000492845.353714
70000797130.960114
70000563072.906616
1.000000
70000848185.593353
70000362182.310043
70000605652.524673
70000738783.501724
70000498867.446289
70000358562.377060
70000038377.695312
70000811716.071091
70000056002.892151
70000325768.713837
70000876013.763184
70000508328.970825
70000497059.681290
70000024837.084503
70000900163.306412
70000588518.672989
70000012315.488785
70000499214.090851
70000378423.349213
70000973239.817261
70000783422.486404
70000108646.449936
70000636679.647781
70000946910.032181
70000819588.618668
70000008980.308487
70000972762.468552
70000472225.033890
70000759647.114365
70000634317.864304
1.000000
70000072661.073090
70000018725.981125
70000507193.375137
70000294014.598068
70000587212.283646
70000545842.754089
70000742361.135681
70000579925.276276
70000155516.297775
70000214967.035522
70000525447.992523
70000621049.332825
70000763587.594833
70000723706.887115
70000713525.067078
70000525579.599625
1.000000
70000160844.624313
70000546352.246994
70000971841.136246
1.000000
70000613215.855621
70000113546.145782
70000779293.797302
70000792965.113846
70000119367.182037
70000612396.358780
70000543624.531677
70000340524.044357
70000753185.293930
70000615351.192719
70000237345.776855
70000545229.535614
70000074761.665451
70000513972.461273
70000019145.575897
70000593281.555161
70000315755.632477
70000822832.263168
70000096001.276886
70000438310.374542
70000246227.356781
1.000000
1.000000
70000963545.744751
70000200788.067078
70000265263.133286
70000135586.825455
70000878668.957077
70000629836.352402
70000526724.273361
1.000000
70000612037.411179
70000582801.824203
70000682287.186005
70000439092.293930
70000917080.607666
70000308899.339279
70000893397.803589
70000653970.782425
70000585100.200699
1.000000
70000975165.918381
70000364546.023422
70000980861.938309
70000495218.839142
70000318235.874771
70000649471.132156
70000266680.794754
70000465155.685059
70000872574.074677
70000831608.900940
70000965751.528275
70000856508.560364
1.000000
70000821713.688202
1.000000
70000968649.111145
70000558375.070145
70000556779.669586
70000396025.870728
70000002200.562088
70000056218.725464
70000206901.454971
70000800234.309204
70000912728.661713
70000843290.437714
1.000000
70000446595.514679
70000401789.507523
70000021342.804108
70000354302.425735
1.000000
70000730919.808441
70000466669.269470
70000532418.740417
70000556205.969467
1.000000
70000125852.697647
70000181516.840561
70000206366.587463
70000432764.443619
70000942134.118378
70000763070.014709
70000291013.544327
70000069029.458878
70000712488.976456
70000369829.751785
70000602849.109375
70000840940.947906
70000080923.411194
70000864266.158371
70000680554.695084
70000896198.520447
70000506965.538879
70000326824.567505
70000339239.518234
70000866771.110626
70000906484.228073
70000318016.568130
0.33
 0 0 0 0 0 0 0 0 0 0 0 0 0
