1 401
70000481315.532471
70000630704.420380
70000816522.011185
70000619845.901627
70000250905.092545
70000544246.165527
70000673134.193192
1.000000
70000152187.057571
70000087421.443024
70000274721.634140
70000579569.618027
70000606499.819977
70000499576.243484
70000020782.291107
70000739937.429535
70000468685.398346
70000916392.746140
70000429353.289536
70000926225.465714
70000705859.820648
70000294588.893616
70000949291.385513
70000256774.728455
70000845120.758514
70000256817.380890
70000048270.931778
70000108184.979813
70000510334.520615
70000668088.038391
70000608573.149338
70000908412.394989
70000352760.118591
70000324513.120178
70000119069.871841
70000145217.214432
70000249248.501938
70000560835.707352
1.000000
70000098346.444122
70000612469.295776
70000976924.902344
70000190489.278076
70000976671.109512
70000009388.521103
70000633464.435303
70000761037.674271
70000901829.654999
70000712973.967712
70000979223.177521
70000427577.307388
70000578224.449966
70000745805.280121
70000670742.036423
70000350902.239197
70000077929.266525
70000212620.983124
70000526900.409851
70000055033.624115
1.000000
70000355477.748459
70000774520.288834
1.000000
1.000000
70000649815.238083
70000693850.867645
70000249152.087204
70000873348.726303
70000090621.288757
70000987370.242310
70000314750.843521
70000055788.302917
70000314031.399994
70000099740.886642
70000122796.054428
70000870339.091797
70000806327.532593
70000780222.348770
70000228674.080536
70000357304.855743
70000988218.238632
70000892188.693787
70000841053.636902
70000333501.107605
70000347035.164124
70000108091.346970
70000604426.867813
70000475208.334229
70000688935.969360
70000951162.511032
70000153064.926712
70000991407.124634
70000405679.019226
70000755469.447144
70000384681.397110
1.000000
70000385273.677719
70000305268.919739
70000859236.182617
70000527883.249344
70000674283.953430
70000391898.211670
70000792592.667755
1.000000
70000775798.517517
1.000000
70000851007.571564
70000856123.756561
70000042806.890335
70000459782.241501
70000784057.595810
70000767043.938293
70000596534.281448
70000467618.334763
70000350325.304092
70000617101.324173
70000608093.792648
70000146529.909271
70000657012.221420
70000005835.412949
70000630086.498169
70000762912.714279
70000492911.726501
70000859332.288834
70000036731.309158
70000182546.432877
70000019199.690567
70000881509.980194
70000412830.287979
70000520782.710449
70000368899.829941
70000421205.443115
70000492740.699203
70000535312.125519
70000357815.260544
70000646869.642487
70000438978.435257
70000322297.098251
70000853187.418869
70000390904.400482
70000008557.250824
70000499896.603302
70000033451.454224
70000877901.099503
70000521425.540192
70000402181.224731
70000833759.221802
1.000000
70000380821.179291
1.000000
70000696121.013000
70000281159.865433
70000360367.714233
70000772246.947891
70000418087.156525
70000000839.664307
70000668843.870163
1.000000
70000291055.002411
70000239861.493057
70000152565.866852
70000174150.891556
70000991217.176041
70000319753.128662
1.000000
70000870792.586670
70000295115.295822
70000419718.438049
70000692842.355560
70000519065.838455
70000807883.781647
70000172426.358749
70000362240.607376
70000789455.584610
70000108192.943710
70000449834.627914
70000473607.678253
70000344358.615402
70000869036.895660
70000984225.518600
70000104332.757477
70000625378.317444
70000716142.092453
70000969175.831146
70000928775.044907
70000220283.063187
70000866914.302444
70000448115.768372
70000873541.864655
70000853837.674652
70000831276.717941
70000520140.921036
1.000000
70000315875.740677
70000195623.796997
70000044268.185928
1.000000
70000640312.270691
70000732010.984680
70000687699.995636
70000728993.698517
70000219349.710815
70000177418.978622
70000125317.794022
70000912057.390045
70000586329.933731
70000502903.016342
70000352637.446899
70000023108.093384
70000144436.985992
70000569531.752121
70000718212.316666
70000051362.740234
70000168417.341110
70000476055.379730
70000849069.797119
70000085809.605667
70000723270.766342
1.000000
70000490188.110748
70000345651.863266
70000929307.504456
70000132383.215378
70000232383.723785
70000219170.298660
70000677043.388443
70000609758.531418
70000293289.333267
1.000000
70000632634.650620
70000509478.148666
70000308716.142929
1.000000
70000332077.326584
70000788242.092728
70000162846.201096
70000555197.274292
70000894351.724167
70000749360.443573
70000573960.030212
70000291258.423508
70000167449.024170
70000751919.855713
70000653706.389542
70000225181.837631
70000800623.397781
70000328774.784805
70000715397.512695
70000099292.968063
70000144505.016830
70000672908.968857
70000734325.476028
70000241691.968307
70000459466.537628
70000620712.334503
70000960309.714142
70000779872.371109
70000093339.658630
70000650666.784683
70000280952.744507
70000905784.811569
70000142182.973297
70000408265.097610
70000626309.177765
70000122984.865906
70000181654.999390
70000250522.512756
70000143607.957748
70000913866.837662
70000696146.841644
70000784561.949982
70000582172.449234
70000439220.203140
70000853618.224228
70000652005.869522
70000043669.490372
70000130243.313171
70000073962.999771
70000898413.120468
70000679917.193771
70000634619.715012
70000818632.943512
70000723949.214600
70000516268.325424
70000430349.607101
70000646779.654785
70000756774.684540
1.000000
70000068620.233673
1.000000
1.000000
70000461865.520081
70000446659.942032
70000962523.866119
70000688656.087433
70000783723.755173
1.000000
70000779152.182938
70000171346.482544
70000532727.525070
70000228239.096756
70000769943.377945
70000852969.048279
70000632949.712036
70000797378.200394
70000032337.086655
70000693428.573624
70000714393.099625
70000878599.524780
70000368430.613312
70000454826.662323
70000805493.621750
70000210522.423218
70000130621.635681
70000932069.676605
1.000000
70000979219.498016
70000769028.233185
70000005294.297440
70000913083.122177
1.000000
70000063703.948944
70000031870.384094
70000074872.917740
70000235888.482956
70000096084.120041
70000993891.851959
70000728888.951218
70000661387.965942
70000637922.402634
70000145170.720444
70000589931.798965
70000992542.773026
70000687972.841507
70000915344.118896
70000358759.582336
70000192716.282364
70000648518.310287
70000443391.435593
70000949230.414841
70000562373.675873
70000423238.087814
70000532825.126999
70000319141.860229
70000557685.591248
70000689455.712006
70000671336.311081
70000025706.438095
70000531466.718613
70000710458.373901
70000527742.921600
1.000000
70000252750.840836
70000400411.541641
70000103283.448456
70000073875.582260
70000490183.370743
70000824481.819427
70000613392.590500
70000638743.282394
70000322171.180710
70000986228.248154
70000484827.023270
70000713366.196915
70000506399.228683
70000878626.339706
70000969385.025955
70000575917.413147
70000012347.310669
70000369414.174118
70000868824.513290
70000836316.127686
70000150770.184189
70000277642.064240
70000326745.176712
70000494529.924728
70000351040.004272
70000943521.304214
70000515810.233490
70000227452.140610
70000065857.566483
70000098696.400436
70000382103.623260
70000286267.226181
70000322023.254913
70000656689.863052
70000797506.606049
70000100461.780457
70000644468.412048
70000101360.976608
70000846554.450439
70000473892.082809
70000797065.578705
70000272379.778931
70000695952.054642
70000504961.925888
1.000000
70000550007.821548
70000295126.705399
70000827486.732666
0.33
 0 0 0 0 0 0 0 0 0 0 0 0 0
