1 401
70000406279.574982
70000819775.904633
70000547079.534988
70000876650.793472
70000315473.990036
70000464940.454147
70000597067.109970
70000759685.926407
70000750181.538971
1.000000
70000379980.954346
70000353998.867142
70000709513.524307
1.000000
70000392586.163620
70000543089.680054
70000150695.743195
70000721750.728210
1.000000
70000075237.793411
70000000820.972427
70000890841.080536
70000017236.907211
70000156389.525360
70000308609.815002
70000888860.670853
70000671352.480087
70000938889.865356
70000918065.240860
70000293898.559479
1.000000
70000062595.545059
1.000000
70000381612.477509
70000657266.173111
70000026545.558243
70000415858.527695
70000964231.436630
70000445970.218796
70000206601.568329
70000887153.010971
70000347856.759293
1.000000
70000617061.615540
70000799331.843826
70000289229.019241
70000046258.559204
70000962383.874344
70000285829.985031
70000324182.697906
70000009619.391159
70000361959.436203
70000272893.544464
70000973727.432846
70000283350.030563
70000930395.786453
70000663662.859055
1.000000
70000145978.955963
70000339173.381149
1.000000
70000448625.397766
1.000000
70000545933.071121
70000902809.921371
70000964544.344101
70000090032.732437
70000308305.888779
70000922950.541641
70000778528.173843
1.000000
70000458865.923401
1.000000
70000946340.341599
70000002782.703735
70000056222.738083
70000182105.123596
70000472015.873962
70000158153.886429
70000635865.777954
70000539618.728302
70000844290.682495
70000376063.846420
70000009935.708832
70000684347.613113
70000957792.606339
70000516762.169876
70000603550.950699
70000512587.118469
70000546667.592361
70000801155.138443
70000712310.924515
70000552901.173248
70000203022.224030
70000155249.263855
70000229276.998444
70000499678.397186
1.000000
70000016467.802429
70000821298.954056
70000503442.701126
70000855185.308472
70000709762.088669
70000585387.141556
70000227914.389664
70000758870.043442
70000755767.314606
70000638174.497162
70000874774.967224
70000824701.436249
70000435572.902588
70000940032.123184
1.000000
70000922488.736465
70000974415.623383
70000970356.951767
70000423988.691910
70000030139.086502
70000005006.889954
70000481383.491470
70000706237.217102
70000751942.269638
70000888998.016022
70000296102.511490
70000053587.670944
70000440458.699936
70000994896.647720
70000592564.043777
70000341084.738022
70000964059.184479
70000402120.799911
70000431402.787933
70000621067.659058
70000993872.298538
1.000000
70000391569.179901
1.000000
70000717642.865982
70000039690.307419
70000531732.326035
70000898191.931961
70000283148.872513
70000522126.682693
70000056737.920807
70000492357.619385
70000521315.282318
70000145232.629471
70000764291.159439
70000105398.199188
70000049439.620621
70000273887.069885
70000040344.302261
70000815371.228378
70000281613.556152
1.000000
70000301696.084015
70000747074.564575
70000623316.053970
70000052261.283615
70000850112.680267
70000726527.619873
70000677156.346405
70000808592.517548
70000914177.374390
70000540608.241028
70000790068.562927
70000096782.923004
70000093672.865601
70000467272.144318
70000473987.637955
70000576963.632217
70000193762.357193
70000029395.634720
70000564497.142838
70000905953.059067
70000852491.887405
70000856309.115967
70000757556.892761
70000331662.449173
70000520358.744904
70000734966.756592
70000802531.434952
70000036447.619827
70000204321.127777
70000161038.946274
70000064161.293060
70000733778.829102
70000322637.813797
70000600680.219147
70000501649.615799
70000813188.538574
70000665372.733444
70000745383.444458
70000593880.670654
70000108422.751984
1.000000
70000564706.953827
70000553265.727432
70000274864.724121
70000366280.047729
70000757122.508087
70000103579.934616
70000567472.262695
70000252386.340790
70000992856.925537
70000727914.929398
70000987003.547241
70000585004.778076
70000713446.669724
70000254275.501892
70000653775.171112
70000268106.015594
70000001615.209579
70000623174.172302
70000033429.350403
70000493738.314301
70000690817.386169
70000573215.302490
1.000000
70000299138.070129
70000302222.133102
70000120936.988235
70000778576.325699
70000585221.490295
70000539474.788376
1.000000
70000886723.502411
70000190315.171127
70000845611.586533
70000147163.710480
70000280414.238647
70000072325.928955
70000736231.279312
70000841683.165405
70000678008.064728
70000300018.863373
70000787559.746582
70000456688.791153
70000497805.588699
70000033574.837219
70000568511.637695
70000332847.511459
70000190647.789795
70000279024.853027
70000843569.607513
70000814377.795639
70000506253.317047
70000948884.198242
70000341562.587570
70000673841.712524
70000734345.755951
70000793915.875656
70000246804.991028
70000694849.274811
70000361987.829575
70000313670.938934
70000999885.397659
70000412678.018433
70000467829.451828
70000034270.576691
70000026180.183945
70000657409.815765
70000397792.412979
70000237587.477356
70000145326.689468
70000223667.171188
70000300886.578705
70000383807.060974
70000869618.311935
70000771713.744080
70000223734.274673
70000705053.970917
1.000000
1.000000
70000274416.793411
70000842297.856644
70000750086.337601
70000076424.014008
1.000000
70000251231.593689
70000929051.934448
70000047838.172974
70000317937.638474
70000391601.813431
70000763090.049561
70000725297.295334
70000693781.753998
70000067368.007080
70000133831.704178
70000792512.124710
70000862611.314133
70000825762.854385
70000634554.326263
70000403044.242859
70000150530.159378
70000654703.367340
70000239622.098846
70000331838.770477
70000036825.991394
70000617829.833786
70000377917.196686
70000281903.668427
70000557895.096848
70000587286.089111
70000455653.175522
70000032529.961288
70000283541.567078
70000712534.431213
70000458388.301834
70000410928.125519
70000467544.354126
70000125255.697052
70000108593.237701
70000116944.553101
70000356080.554703
70000770949.042465
70000342663.756470
70000583068.256866
70000752292.786652
1.000000
70000231675.149353
70000943189.747025
70000618444.165955
70000047687.918884
70000195546.757767
70000751287.158905
70000437042.780563
70000356786.413589
70000338118.812454
70000753085.705612
70000263215.819855
70000854198.592392
70000389715.038406
1.000000
70000822636.102219
70000974143.513733
70000529604.620850
70000902941.575089
70000776743.677414
70000485510.450302
70000500416.419418
70000773701.396805
70000797184.710571
70000901017.553375
70000401463.172409
1.000000
70000006077.957687
70000230758.597214
70000960596.130524
70000282756.111084
70000300848.090546
70000725056.380356
70000593114.906189
70000635785.215744
70000618905.279861
70000431428.705124
70000963360.111313
70000603682.966019
70000958291.077332
70000282659.580658
70000711866.391373
70000902302.353775
70000379742.180878
70000083888.977478
70000702627.237823
70000939427.398331
70000208396.623093
70000158227.085434
70000364004.032349
70000944427.205475
70000761664.923050
70000834497.773315
70000144673.415222
70000094481.437332
70000510911.404022
70000402026.008942
70000403588.561813
70000086795.455734
70000308184.709320
70000242284.159744
70000339927.966187
70000788777.702820
70000643129.515656
70000926956.027924
70000052981.701767
70000524349.485901
70000645912.199783
70000201825.083435
70000243987.694672
70000106716.527939
70000145019.860840
70000926672.462982
70000776482.560486
70000367401.609604
70000335251.501709
70000804701.755615
70000742007.518448
70000080600.747299
1.000000
70000530950.677734
0.33
 0 0 0 0 0 0 0 0 0 0 0 0 0
