1 401
70000570767.456650
70000086542.210526
70000295737.983826
70000635831.181641
70000215665.556808
70000003698.217529
70000619388.304520
70000610449.592316
1.000000
70000331391.385345
70000568974.048767
70000850939.847137
70000373440.418213
70000469299.017578
70000279516.272766
70000035313.873810
70000355764.242279
70000850691.894318
70000444786.816269
70000679945.620285
70000916930.800949
70000353482.170166
70000933298.802216
70000851656.069397
70000593570.507492
70000966616.733398
70000593365.412796
70000460572.684830
70000601194.943237
70000974068.837067
70000510235.722336
70000210400.048737
70000003416.539917
70000179154.680222
1.000000
70000459870.799179
70000351594.825775
70000556460.258347
70000730970.940521
70000627776.475540
70000320542.524902
70000999320.953934
70000228203.129669
70000101047.923843
70000490999.208679
70000208744.012085
70000440770.725174
70000071638.033432
1.000000
70000056494.735077
70000824644.947372
70000932316.430634
70000078671.472870
70000722627.343887
70000067410.686249
70000358245.299850
70000595081.730240
70000597097.381393
70000767595.291214
70000033775.842407
70000012239.420609
70000646453.706680
70000403280.300308
70000601109.335312
70000456449.134399
70000561747.933975
70000355564.166214
70000209049.691147
70000437076.761902
70000234890.574310
70000349699.993561
70000435778.519089
70000661269.384705
70000987209.438965
70000510626.483368
70000770258.032852
70000868839.111847
70000522107.485962
70000625045.478256
70000292242.829498
70000282726.724030
1.000000
70000040155.829163
70000966762.621323
70000735354.380386
70000479691.232620
70000760191.416901
1.000000
70000438373.498840
70000188483.229584
70000227046.902771
70000676276.473984
1.000000
70000588749.034805
70000669824.806885
70000566744.342255
70000141110.003418
70000504805.540817
70000121613.578262
70000667347.649414
70000211033.247894
70000428088.378723
1.000000
70000698020.322952
70000211624.253464
70000395468.328323
70000327411.364227
70000249070.817749
70000916736.014832
70000914396.356934
70000396938.213135
70000633197.793701
70000938500.370193
70000805630.652832
70000665546.795395
70000761088.497177
70000647354.575577
70000212020.182800
70000987679.901138
70000632173.889557
70000397819.048508
70000407195.523758
70000695856.164948
70000901516.394287
70000221208.593536
70000621660.365402
1.000000
1.000000
70000267051.579117
70000500585.582062
70000844251.781677
70000409439.983627
70000204712.759064
70000952879.398727
70000698201.638229
70000911090.795761
70000156252.464584
70000674246.654617
70000582603.264389
70000732580.779526
70000043008.933640
70000390320.592911
70000276359.039474
70000196545.782227
70000187801.763000
70000808947.800095
70000810836.152283
1.000000
70000826824.950058
70000124689.313675
70000415448.418640
70000475132.162445
70000936425.761368
70000362056.791138
70000397439.710800
70000799452.615326
70000147898.074402
1.000000
70000623673.859695
70000848602.340195
70000330126.767899
70000661820.478119
70000696769.207443
70000700118.513199
70000247019.200806
70000017373.749481
70000516480.740005
70000663336.872269
70000903231.405060
70000737328.961990
70000687179.194061
1.000000
70000513404.423874
70000363319.522339
70000141857.933365
70000252925.446381
70000339272.012527
70000251857.930328
70000989018.688629
70000881609.094666
1.000000
70000897673.990204
70000215000.433105
70000545830.909454
70000872868.296051
70000828574.705429
1.000000
70000875676.091324
70000984866.196960
70000731750.729736
70000432690.546600
70000772330.713486
70000853909.399567
70000354787.131943
70000648135.883942
70000240845.525513
70000401481.333466
70000447488.328125
70000539644.766754
70000333333.684235
70000404105.765945
70000469640.135101
70000953206.349747
70000024347.971619
70000957637.921341
1.000000
70000276308.230591
70000452525.996048
70000127707.018188
70000439215.053574
70000311099.953598
70000789182.073853
70000507861.644043
1.000000
70000927796.220047
70000361885.259659
70000475459.941833
70000314587.589279
70000905848.229752
70000384586.685989
70000912729.980576
70000604880.159332
70000165327.759796
70000458545.075180
70000854649.538818
70000043577.037918
70000895372.357285
70000105136.260406
70000898417.401108
70000295877.073700
70000815665.477020
70000795541.081528
70000561516.998749
70000878746.088440
70000574747.861694
70000419709.828751
70000243480.001038
70000934576.436188
70000181167.828323
70000618820.698853
1.000000
70000116022.705399
70000498049.345413
70000396895.696503
70000225559.062057
70000825021.876572
70000892836.465912
1.000000
70000485431.380524
70000893507.870453
70000410062.372467
1.000000
70000657992.332428
70000894241.301498
70000693590.349777
70000373512.446136
70000295213.142349
70000611014.646378
70000562371.517258
70000753285.051376
70000492981.907028
70000046285.199921
70000910774.342361
70000120937.916794
70000665123.681213
70000937224.945404
70000867559.207230
70000300047.270111
70000913589.342270
70000849367.965347
70000857716.146683
70000818806.291428
70000720795.529877
70000888608.939651
70000652543.574677
1.000000
70000279962.436829
1.000000
70000687968.438232
70000611387.470932
70000728937.690201
70000517944.719437
70000873045.285019
70000256815.318024
70000466551.510254
70000790610.984268
70000546457.181534
70000993837.330734
70000573573.980377
70000959111.542862
70000318232.620789
70000327134.275589
1.000000
70000166539.743179
70000881195.027191
70000467576.215134
70000061221.803711
70000160745.369049
70000320448.074295
70000223465.012482
70000181894.825912
70000954109.922791
70000741137.855865
70000257699.628799
70000867688.289108
70000127884.949142
70000002525.366211
70000486053.508102
70000722886.886856
70000324337.594421
70000504240.692184
70000082432.962341
70000543499.332291
70000727559.246170
70000276455.422394
70000271846.270615
70000837770.132172
70000719940.557205
1.000000
70000771434.844376
70000210737.444199
70000312657.325226
70000782260.428726
70000465409.959457
70000594418.860703
70000449427.644928
70000430031.836441
70000515333.717712
70000223722.465714
70000830402.034622
70000813345.306000
70000768383.717819
70000965779.254608
70000392395.998917
70000208231.897324
70000584376.390030
70000306421.314758
70000814788.568176
70000882081.781296
70000709594.445740
70000192143.675949
70000878533.731781
70000237605.669739
70000981425.005188
70000694510.800842
70000612508.676254
70000723442.386658
70000801007.733810
70000431645.563156
1.000000
70000501872.102646
70000177608.901978
70000209961.305954
70000001585.066849
70000400611.767471
70000271458.939331
70000488872.173264
70000951392.629852
70000623472.775009
70000167389.960999
70000477069.849762
70000257725.066162
70000328074.442261
70000487390.632629
70000685389.341217
70000425156.542023
1.000000
70000991742.248825
70000968688.550049
70000869117.581787
70000898388.227844
70000901045.456528
1.000000
70000432187.406387
70000633896.888123
70000402763.433960
70000640545.508072
70000174368.840927
70000628291.337250
70000084092.758179
70000451481.009903
70000858069.456100
70000438906.895462
70000389595.363922
70000409556.269058
70000175118.447418
70000812755.731857
70000034441.163757
70000626543.840317
70000735792.302475
70000702819.622040
1.000000
70000292468.813858
70000331929.340439
1.000000
1.000000
70000783875.740494
70000125612.816605
70000255567.871765
70000004636.679703
0.33
 0 0 0 0 0 0 0 0 0 0 0 0 0
